a^2^1^1_1_(sigma,mu)
2.28420890676438626146e-9	(1,1)
2.052033217440419578743e-8	(1,2)
5.679277992680153998326e-8	(1,3)
1.1070414363478049582134e-7	(1,4)
1.8166375911260398842491e-7	(1,5)
2.6889417795671731917569e-7	(1,6)
3.7143968543131747454514e-7	(1,7)
4.8817677147730125565682e-7	(1,8)
6.1782644012232157339243e-7	(1,9)
7.5896822242774429802944e-7	(1,10)
9.1005573944392946716348e-7	(1,11)
1.06943364466295693733421e-6	(1,12)
1.23535576034374801602914e-6	(1,13)
1.40600420900410587078466e-6	(1,14)
1.5795093304708321031267e-6	(1,15)
1.75397016627224575939082e-6	(1,16)
1.92747528694144252984751e-6	(1,17)
2.09812373404159731310029e-6	(1,18)
2.26404584746770004931686e-6	(1,19)
2.42342374983609457729638e-6	(1,20)
2.57451126353028851315232e-6	(1,21)
2.71565304218754864504783e-6	(1,22)
2.845302707017677204091e-6	(1,23)
2.96203978924876913006212e-6	(1,24)
3.06458529307520642002246e-6	(1,25)
3.1518157085973281157547e-6	(1,26)
3.22277532122451820481834e-6	(1,27)
3.27668668267780837699245e-6	(1,28)
3.31295912887000230494803e-6	(1,29)
3.33119525134011246390756e-6	(1,30)
2.054848383782503526666e-8	(2,1)
1.8459857711146218853829e-7	(2,2)
5.1090139635581834392699e-7	(2,3)
9.9588189879711032029573e-7	(2,4)
1.63422653417844076272002e-6	(2,5)
2.41894145990555071568544e-6	(2,6)
3.34142916571658893327499e-6	(2,7)
4.39158266857094799450296e-6	(2,8)
5.55789624595268565364846e-6	(2,9)
6.82759149456409605586361e-6	(2,10)
8.18675733343181748168234e-6	(2,11)
9.62050241760579022645057e-6	(2,12)
0.00001111311829258126133564899	(2,13)
0.00001264825150181421501367329	(2,14)
0.00001420908276152973926202848	(2,15)
0.00001577851123952480623989347	(2,16)
0.00001733934191869815280539229	(2,17)
0.0000188744739922191949627319	(2,18)
0.00002036708822594901689901918	(2,19)
0.00002180083123507383117921848	(2,20)
0.00002315999465577840436154255	(2,21)
0.00002442968724879793505784383	(2,22)
0.00002559599804922111869603255	(2,23)
0.00002664614877511664540426678	(2,24)
0.00002756863382533501704516951	(2,25)
0.00002835334633289781940036607	(2,26)
0.00002899168889322866000162927	(2,27)
0.00002947666775442302961287579	(2,28)
0.00002980296943795447938740564	(2,29)
0.00002996701895068539435200168	(2,30)
5.702628325558602369452e-8	(3,1)
5.1229914707502738654963e-7	(3,2)
1.41785680671362626082607e-6	(3,3)
2.76377776580235469790953e-6	(3,4)
4.53531578175006132173339e-6	(3,5)
6.71306140254392350030423e-6	(3,6)
9.27315459228882212552205e-6	(3,7)
0.00001218754612042206261325423	(3,8)
0.00001542430485534885781360056	(3,9)
0.00001894796759984367989538604	(3,10)
0.000022719927638504951822506	(3,11)
0.00002669885774204245488939532	(3,12)
0.00003084116299401441020173909	(3,13)
0.00003510145847713416409282283	(3,14)
0.00003943306658221434373878197	(3,15)
0.00004378852848638922739191784	(3,16)
0.00004812012419098152516971504	(3,17)
0.00005238039541508938485694242	(3,18)
0.00005652266560976622089656694	(3,19)
0.00006050155138990450748014232	(3,20)
0.0000642734597762151192674796	(3,21)
0.00006779706579686986361805449	(3,22)
0.00007103376521557552424608268	(3,23)
0.00007394809742751158729057497	(3,24)
0.00007650813389348413704110286	(3,25)
0.00007868582786202712843592215	(3,26)
0.0000804573215546902136786411	(3,27)
0.00008180320745659340909302629	(3,28)
0.00008270874085730574288438623	(3,29)
0.00008316400132068416862476318	(3,30)
1.1160795702718280710178e-7	(4,1)
1.00263699249564065979853e-6	(4,2)
2.77493273867430455491257e-6	(4,3)
5.40907742416655232741705e-6	(4,4)
8.87621042762231491640769e-6	(4,5)
0.00001313834428530724134408794	(4,6)
0.00001814878067661356597766979	(4,7)
0.00002385262186360764982668343	(4,8)
0.00003018737201544880688253763	(4,9)
0.00003708362186026058209898923	(4,10)
0.00004446580918689048427819068	(4,11)
0.00005225304687770966228214223	(4,12)
0.00006036000940140150145742698	(4,13)
0.00006869786804104769664047203	(4,14)
0.00007717526458625426942778101	(4,15)
0.0000856993127858842874396108	(4,16)
0.0000941766165460843086480077	(4,17)
0.00010251429367101846433880003	(4,18)
0.00011062099388363256913647172	(4,19)
0.00011840789993161395778420424	(4,20)
0.00012578970077839804906856594	(4,21)
0.00013268552619770035954784685	(4,22)
0.00013901983252801686583795946	(4,23)
0.00014472322989467759643163744	(4,24)
0.00014973324186384235934743179	(4,25)
0.00015399498924664363454767793	(4,26)
0.00015746179061296001447734657	(4,27)
0.00016009567299282387360000992	(4,28)
0.00016186778722854854622016414	(4,29)
0.00016275872348134095617134439	(4,30)
1.8408814008139751798569e-7	(5,1)
1.65376720109150322367563e-6	(5,2)
4.57702310364312153106172e-6	(5,3)
8.92182747064436938700863e-6	(5,4)
0.00001464057601317408207462085	(5,5)
0.0000216706092193045667988204	(5,6)
0.00002993489791218157230455629	(5,7)
0.0000393428863169959694375623	(5,8)
0.00004979148355325988079514855	(5,9)
0.00006116619282717045905678063	(5,10)
0.00007334236605801631230744128	(5,11)
0.00008618657025243603399013234	(5,12)
0.00009955805066092448566956306	(5,13)
0.00011331027463185832374208467	(5,14)
0.00012729253913778128773586011	(5,15)
0.00014135162420299592116044382	(5,16)
0.00015533347392405757667088421	(5,17)
0.00016908488645544325681085172	(5,18)
0.00018245519423730814873005352	(5,19)
0.00019529791587231186210348165	(5,20)
0.00020747236141100109845462461	(5,21)
0.0002188451733728803985785327	(5,22)
0.0002292917866018781120198752	(5,23)
0.00023869779101588279765506593	(5,24)
0.0002469601824432524711518745	(5,25)
0.00025398848802577324507151365	(5,26)
0.00025970575408760435367654125	(5,27)
0.00026404938590325897083824265	(5,28)
0.00026697183042508287385985916	(5,29)
0.0002684410947334251291788491	(5,30)
2.7407016239836280034155e-7	(6,1)
2.46212625776866927193526e-6	(6,2)
6.81426529332159340362959e-6	(6,3)
0.00001328280244093921801625831	(6,4)
0.00002179686146679305501428635	(6,5)
0.00003226314839978721247047963	(6,6)
0.00004456697055455500306768727	(6,7)
0.00005857349023898508708294633	(6,8)
0.00007412919991314263235493726	(6,9)
0.00009106360308949142523971216	(6,10)
0.00010919108290465744614371536	(6,11)
0.0001283129380862946600224393	(6,12)
0.0001482195640238309202870337	(6,13)
0.00016869275486925012384357285	(6,14)
0.00018950810108297890340575639	(6,15)
0.00021043745563645395110491356	(6,16)
0.00023125144121742909327604483	(6,17)
0.00025172197027913812769430957	(6,18)
0.00027162474964325285474482855	(6,19)
0.00029074174161195920736040616	(6,20)
0.00030886355415855018082988717	(6,21)
0.00032579173373067206028776785	(6,22)
0.00034134093548878396868032017	(6,23)
0.00035534094738040133045199615	(6,24)
0.00036763854627933262026747977	(6,25)
0.00037809916645705921054788184	(6,26)
0.00038660836285945069487969964	(6,27)
0.00039307305399735173983703107	(6,28)
0.00039742253168966653374867503	(6,29)
0.00039960922739336129877337989	(6,30)
3.8078876966767690891521e-7	(7,1)
3.42083944326385886591801e-6	(7,2)
9.46763241487186394445957e-6	(7,3)
0.00001845491274543300689686023	(7,4)
0.00003028419903857429463250387	(7,5)
0.00004482585479348328723082014	(7,6)
0.00006192050041069881207237669	(7,7)
0.00008138075169731211182705025	(7,8)
0.00010299326716259672596635767	(7,9)
0.00012652108287696767859328369	(7,10)
0.00015170621023558452183255044	(7,11)
0.000178272468686633793859618	(7,12)
0.00020592852242854877522260274	(7,13)
0.0002343710873321053029835629	(7,14)
0.00026328827198548486951405832	(7,15)
0.00029236301487086686129621857	(7,16)
0.00032127657832644168844717192	(7,17)
0.00034971205917770653585781972	(7,18)
0.00037735787576530723335109136	(7,19)
0.00040391119155874929832150602	(7,20)
0.00042908123660702017319393239	(7,21)
0.0004525924896966563037859355	(7,22)
0.00047418768620348823966847264	(7,23)
0.00049363061915974189435232348	(7,24)
0.0005107087039278976242060784	(7,25)
0.00052523527998868479793947625	(7,26)
0.00053705162662862092573232007	(7,27)
0.00054602867267795876885343016	(7,28)
0.00055206838384227304441449873	(7,29)
0.00055510481454679150702692014	(7,30)
5.0285099167389034057957e-7	(8,1)
4.51739290816994014978027e-6	(8,2)
0.00001250249042267815564152322	(8,3)
0.00002437064569048976668488465	(8,4)
0.00003999179474227721052811188	(8,5)
0.00005919471506143407116100036	(8,6)
0.00008176888252965248093730252	(8,7)
0.00010746676040430364924545707	(8,8)
0.00013600649830753101210889981	(8,9)
0.00016707501440646539632166484	(8,10)
0.0002003314291233926725940059	(8,11)
0.00023541081394685057802516364	(8,12)
0.00027192821436147238303000133	(8,13)
0.0003094829017367634331667477	(8,14)
0.00034766280537980680627392575	(8,15)
0.00038604907302310903669309704	(8,16)
0.00042422070592352073758581093	(8,17)
0.00046175921359426323283007574	(8,18)
0.00049825323303858456917025982	(8,19)
0.00053330305820982077178850925	(8,20)
0.00056652502724692940563421027	(8,21)
0.00059755571773721971202458099	(8,22)
0.00062605590370880171253352037	(8,23)
0.00065171423209437377250807542	(8,24)
0.00067425058085930128691121442	(8,25)
0.00069341906567277270276891547	(8,26)
0.00070901066675604375305234221	(8,27)
0.00072085545222661164184015779	(8,28)
0.00072882437876706179476576278	(8,29)
0.00073283065471927829906428389	(8,30)
6.3792644352264326233818e-7	(9,1)
5.73085147467456763637601e-6	(9,2)
0.00001586089800762511013512227	(9,3)
0.00003091705590961860733611371	(9,4)
0.0000507342978240663316915184	(9,5)
0.00007509535187769952559723581	(9,6)
0.00010373304359835677644674316	(9,7)
0.00013633318749098973423373187	(9,8)
0.00017253800279872590771220825	(9,9)
0.00021195002160703745972997718	(9,10)
0.00025413645075074414057008676	(9,11)
0.00029863394215029068592679012	(9,12)
0.00034495371949263623367146385	(9,13)
0.0003925870028823700434451447	(9,14)
0.00044101066753583610097912819	(9,15)
0.00048969306807852903108260287	(9,16)
0.00053809995679689135078114893	(9,17)
0.00058570042248743297757887484	(9,18)
0.0006319727764512943581941806	(9,19)
0.00067641031371667360189499574	(9,20)
0.00071852688065110946100626523	(9,21)
0.00075786218457374665712551613	(9,22)
0.00079398678654013269364472786	(9,23)
0.00082650672483940164680832819	(9,24)
0.00085506772357863569763834316	(9,25)
0.00087935894769604672952983184	(9,26)
0.00089911627253784861115046802	(9,27)
0.00091412504250307330804613832	(9,28)
0.00092422229903056090190127035	(9,29)
0.00092929846328387939122982683	(9,30)
7.8244898660921074581489e-7	(10,1)
7.02917849076935428531627e-6	(10,2)
0.00001945418895870631801140635	(10,3)
0.0000379213065860787121653451	(10,4)
0.0000622280747431506422570469	(10,5)
0.00009210790696792969178709167	(10,6)
0.00012723293670232382568211916	(10,7)
0.00016721754380326790830009339	(10,8)
0.00021162253063378797634033557	(10,9)
0.00025995991226889679605624087	(10,10)
0.00031169827621772489808900015	(10,11)
0.00036626865738949130625081414	(10,12)
0.00042307086425917819492941625	(10,13)
0.00048148018284326752516624151	(10,14)
0.00054085437673528717308757972	(10,15)
0.00060054089461580101856564992	(10,16)
0.00065988419181196556323530046	(10,17)
0.00071823306999064095400814831	(10,18)
0.00077494793912554221980765206	(10,19)
0.00082940790850717953694972869	(10,20)
0.00088101761860875626056996846	(10,21)
0.00092921373275932643467815301	(10,22)
0.00097347101634713214385686528	(10,23)
0.00101330794112523437671228064	(10,24)
0.00104829176251744882017740842	(10,25)
0.0010780430280335179766014179	(10,26)
0.00110223948446809133538669526	(10,27)
0.00112061936005478372360015405	(10,28)
0.00113298400489153985537564676	(10,29)
0.00113919987862511645967104076	(10,30)
9.3141185365338006854369e-7	(11,1)
8.36739532660383066544334e-6	(11,2)
0.00002315787838299840726552285	(11,3)
0.00004514074071437327214032643	(11,4)
0.0000740749177215079776551909	(11,5)
0.0001096429309858355652054563	(11,6)
0.0001514542459710049889936149	(11,7)
0.0001990494392903168561421931	(11,8)
0.00025190514932730832679087793	(11,9)
0.00030943977345497245051811096	(11,10)
0.00037101986282921296580154813	(11,11)
0.00043596715224693516063630442	(11,12)
0.00050356614857885855661633399	(11,13)
0.00057307218767614336280300982	(11,14)
0.00064371985733638409736234573	(11,15)
0.00071473167380029283856070971	(11,16)
0.00078532689212091517202159271	(11,17)
0.00085473032719094260360325268	(11,18)
0.0009221810625599234799070401	(11,19)
0.00098694092845543835231375713	(11,20)
0.00104830263837125258428557302	(11,21)
0.00110559748465229401587677184	(11,22)
0.00115820250691396077272930917	(11,23)
0.00120554706194964894516718352	(11,24)
0.00124711873900569209085590355	(11,25)
0.00128246857896178094573124755	(11,26)
0.00131121556918425751820933924	(11,27)
0.00133305039694350631532791076	(11,28)
0.00134773845287175894957486307	(11,29)
0.00135512208182514377348518821	(11,30)
1.07833981154237414032174e-6	(12,1)
9.68733130278605338466394e-6	(12,2)
0.00002681097069424204360462799	(12,3)
0.00005226153278740597228474249	(12,4)
0.00008575983444723306034588313	(12,5)
0.00012693811823431230614111889	(12,6)
0.00017534389070109116158751385	(12,7)
0.00023044470357669914861409813	(12,8)
0.00029163385624704506104576234	(12,9)
0.00035823698474139710478125707	(12,10)
0.00042951948624225040082154475	(12,11)
0.00050469470971718935905387299	(12,12)
0.00058293282373947017772228919	(12,13)
0.0006633702532630641309729597	(12,14)
0.00074511955949981694273963908	(12,15)
0.00082727962252608478881841907	(12,16)
0.00090894597605673555409385387	(12,17)
0.00098922113888724825894348897	(12,18)
0.0010672247883300628005771092	(12,19)
0.00114210362760027718309137505	(12,20)
0.00121304081110027861983254313	(12,21)
0.00127926480803589040579421683	(12,22)
0.00134005760453657708755931661	(12,23)
0.00139476216598243367041344198	(12,24)
0.00144278910299965150442366527	(12,25)
0.00148362250506421589262286306	(12,26)
0.0015168249235301918495382884	(12,27)
0.00154204150015793580471927068	(12,28)
0.00155900324723044902267930466	(12,29)
0.00156752949091728486221013662	(12,30)
1.21549948202596435671808e-6	(13,1)
0.00001091951312558330241556339	(13,2)
0.00003022118899486626624283178	(13,3)
0.00005890888297222624138617496	(13,4)
0.00009666777929970041049186264	(13,5)
0.00014308307950046807832908945	(13,6)
0.00019764426331327285895021524	(13,7)
0.0002597504199715042201278537	(13,8)
0.00032871663720053089938325105	(13,9)
0.00040378141910776294381573458	(13,10)
0.00048411508322003574125775626	(13,11)
0.00056882906239817150472015698	(13,12)
0.00065698601085056282323557492	(13,13)
0.00074761058695639567671646674	(13,14)
0.00083970076124162620701929582	(13,15)
0.0009322394777237973565026126	(13,16)
0.00102420648278250764005561145	(13,17)
0.00111459012908206369428188201	(13,18)
0.00120239896361616221883290763	(13,19)
0.00128667291870294804874274975	(13,20)
0.00136649394205942485431992637	(13,21)
0.00144099592560349842028118359	(13,22)
0.00150937382052794830601549084	(13,23)
0.00157089185628612903836154559	(13,24)
0.00162489081112461544339137903	(13,25)
0.00167079430949008337779130588	(13,26)
0.00170811414512124409819916577	(13,27)
0.00173645464647010021641851554	(13,28)
0.00175551611241836915214374505	(13,29)
0.00176509735084160262348865042	(13,30)
1.33436289149467534602923e-6	(14,1)
0.00001198732922101009584479121	(14,2)
0.00003317650054181976913048057	(14,3)
0.00006466948398692756855885423	(14,4)
0.00010612052376810918825184389	(14,5)
0.00015707392409756150670799949	(14,6)
0.00021696864380367379651930663	(14,7)
0.00028514407551621921556964055	(14,8)
0.00036084701040830548912593705	(14,9)
0.0004432397700197844420777931	(14,10)
0.0005314094603356137419569598	(14,11)
0.00062437827158343575876781635	(14,12)
0.00072111471239934442391640237	(14,13)
0.00082054563185703560610110068	(14,14)
0.00092156885037528602743561368	(14,15)
0.00102306619365863249215860879	(14,16)
0.00112391670515308474807097125	(14,17)
0.00122300980391752459488483941	(14,18)
0.0013192581573495379317171229	(14,19)
0.00141161005189047127979085541	(14,20)
0.001499061068686442106928595	(14,21)
0.00158066490330539284391581329	(14,22)
0.00165554320639342448430430363	(14,23)
0.00172289436253460687710069998	(14,24)
0.00178200116435038529765104695	(14,25)
0.00183223737499452994594181712	(14,26)
0.00187307320206723093361827346	(14,27)
0.00190407972765389754192038083	(14,28)
0.00192493235157421840881833472	(14,29)
0.00193541330777614935181962323	(14,30)
1.42627828104722548940511e-6	(15,1)
0.00001281305600275555691778691	(15,2)
0.00003546179533111235410448193	(15,3)
0.00006912403255695751023378339	(15,4)
0.00011343000906986501659382646	(15,5)
0.00016789223621394753557499	(15,6)
0.00023191030635763866390462457	(15,7)
0.00030477698169354051164743455	(15,8)
0.00038568557975454165025154259	(15,9)
0.0004737386518017904859233974	(15,10)
0.00056795791797611468563076101	(15,11)
0.0006672953834101333658088845	(15,12)
0.00077064551535328431399880722	(15,13)
0.00087685831644960617871161879	(15,14)
0.00098475308765053471474606068	(15,15)
0.00109313263978276703470620567	(15,16)
0.00120079768895442655717034191	(15,17)
0.00130656116030520956484806959	(15,18)
0.00140926212843279354278136863	(15,19)
0.001507779141152734127786402	(15,20)
0.00160104270470661268891533769	(15,21)
0.00168804675054097944075684787	(15,22)
0.00176785895281415565049659846	(15,23)
0.00183962981775444502114390758	(15,24)
0.00190260051664243157826389304	(15,25)
0.00195610947953148196623320945	(15,26)
0.00199959780348879485127466127	(15,27)
0.00203261355467787386772468479	(15,28)
0.00205481505664728018590474901	(15,29)
0.00206597325754102546373450356	(15,30)
1.48324344494579816442384e-6	(16,1)
0.00001332480520733182645588201	(16,2)
0.0000368781138056690397106556	(16,3)
0.00007188470944694651327383421	(16,4)
0.0001179598508421938972716784	(16,5)
0.00017459611416564220855570522	(16,6)
0.00024116828088552751584051313	(16,7)
0.00031693956775652551945500568	(16,8)
0.00040106923944588999089606522	(16,9)
0.00049262161818029051396544597	(16,10)
0.0005905764664983947094549045	(16,11)
0.00069384067118021865961534146	(16,12)
0.00080126110246265153390079071	(16,13)
0.00091163846742075370467192842	(16,14)
0.00102374192502282900323122904	(16,15)
0.00113632418788272100674480481	(16,16)
0.00124813680650781363140859769	(16,17)
0.00135794531908920832891230031	(16,18)
0.00146454395527570150423781222	(16,19)
0.00156676960584551745200370786	(16,20)
0.00166351480992318744540523845	(16,21)
0.00175373956402116592729483044	(16,22)
0.00183648181817952942622926486	(16,23)
0.00191086658861017817975568427	(16,24)
0.00197611367815943410153526327	(16,25)
0.00203154405060479994642257704	(16,26)
0.00207658494815777312549623714	(16,27)
0.00211077387059573754929680195	(16,28)
0.00213376154761934221733352153	(16,29)
0.00214531403320868671558115873	(16,30)
1.49864157952199592539115e-6	(17,1)
0.00001346313443652362119484618	(17,2)
0.00003726094238788884747580111	(17,3)
0.00007263084208372675140534436	(17,4)
0.0001191838601647214826588046	(17,5)
0.00017640678956732633009295678	(17,6)
0.00024366700022799466764649443	(17,7)
0.00032021862081098798984352587	(17,8)
0.00040521015537953753130935045	(17,9)
0.00049769356997285612323331853	(17,10)
0.00059663484005898983377007011	(17,11)
0.00070092589380186956141919767	(17,12)
0.00080939782255857454196477811	(17,13)
0.00092083516469512160640208622	(17,14)
0.00103399100792462450139392307	(17,15)
0.00114760260506734995146564507	(17,16)
0.00126040716373666507914454536	(17,17)
0.00137115745586073036338867726	(17,18)
0.00147863690014194525926385643	(17,19)
0.00158167379936400886683444553	(17,20)
0.00167915446256545334595575514	(17,21)
0.00177003500531700082695411608	(17,22)
0.00185335169407933061176088086	(17,23)
0.00192822977651309686750246112	(17,24)
0.00199389081219862882074529483	(17,25)
0.00204965858157433968760166846	(17,26)
0.00209496370017532370894463598	(17,27)
0.00212934709706683775584270399	(17,28)
0.00215246252901989474640130938	(17,29)
0.00216407829549087929929466356	(17,30)
1.46780338431367932522412e-6	(18,1)
0.0000131860968239463770462998	(18,2)
0.00003649418903997559161067332	(18,3)
0.00007113614617146994120338095	(18,4)
0.00011673074493624712390254332	(18,5)
0.00017277478847149172278826961	(18,6)
0.00023864768159937593785621313	(18,7)
0.00031361736493580110783896644	(18,8)
0.00039684769509351129542717801	(18,9)
0.00048740732708644596668115304	(18,10)
0.00058428010626865632414650522	(18,11)
0.00068637691416676843956965411	(18,12)
0.00079254884064851895450343312	(18,13)
0.00090160148062253989435905439	(18,14)
0.00101231008417677007624210614	(18,15)
0.00112343523190291390602145647	(18,16)
0.00123373866833583175080646226	(18,17)
0.001341998910467355929806247	(18,18)
0.00144702625741498169539075915	(18,19)
0.00154767686122617330076456985	(18,20)
0.00164286557464755138793316541	(18,21)
0.001731577364475852379998056	(18,22)
0.00181287716224238424041797116	(18,23)
0.00188591811004527130316666693	(18,24)
0.00194994824089133592325686801	(18,25)
0.00200431570322263717338254304	(18,26)
0.00204847269298975830562204714	(18,27)
0.0020819782900412342724742267	(18,28)
0.00210450040701123289439159474	(18,29)
0.00211581704853600366523624211	(18,30)
1.38830266919980109513836e-6	(19,1)
0.00001247189663575783919192363	(19,2)
0.00003451753291608348682388631	(19,3)
0.00006728305160420836938420731	(19,4)
0.00011040761657642773814702947	(19,5)
0.00016341472008693544160629454	(19,6)
0.00022571637005867353536823043	(19,7)
0.00029661857921159224016716424	(19,8)
0.0003753282639634202061042354	(19,9)
0.00046096162871294013581759098	(19,10)
0.00055255405909553242238045479	(19,11)
0.0006490714798322821508385487	(19,12)
0.00074942305468813369879279892	(19,13)
0.00085247502516208468405580681	(19,14)
0.00095706540898785136548049933	(19,15)
0.00106201921733403419494308734	(19,16)
0.00116616380768501024615777996	(19,17)
0.00126834397274215682124878203	(19,18)
0.00136743637671440942205369304	(19,19)
0.00146236298857907260695863627	(19,20)
0.00155210322396643981845393721	(19,21)
0.00163570458752058003196506048	(19,22)
0.00171229169847448915560085819	(19,23)
0.00178107367548669694966365562	(19,24)
0.00184134994434619071836245092	(19,25)
0.00189251460671045105119957761	(19,26)
0.00193405956390762389965486345	(19,27)
0.00196557662328853268354436403	(19,28)
0.00198675882407122889364527224	(19,29)
0.00199740120557690102380768199	(19,30)
1.25995992837453405028353e-6	(20,1)
0.00001131892137433799053754285	(20,2)
0.00003132651315127125044292984	(20,3)
0.00006106287514791169728624229	(20,4)
0.0001002002719195765312006137	(20,5)
0.0001483056898933915729857613	(20,6)
0.00020484449961192443851978521	(20,7)
0.0002691853159431727425043457	(20,8)
0.00034060617932951992169200887	(20,9)
0.00041830214897864921095567508	(20,10)
0.00050139434583695186497922718	(20,11)
0.00058894041312382173929639388	(20,12)
0.00067994628125436447553144222	(20,13)
0.00077337903992100488127376105	(20,14)
0.00086818064158683940709052766	(20,15)
0.00096328209618495975690913258	(20,16)
0.00105761777376966137218315617	(20,17)
0.00115013941546813957289983598	(20,18)
0.00123982946577319106183623918	(20,19)
0.00132571338030826578386006553	(20,20)
0.00140687062896102939982301575	(20,21)
0.00148244419845501300480971303	(20,22)
0.00155164849301024070370347874	(20,23)
0.00161377562797503613873162356	(20,24)
0.00166820020067253228441810664	(20,25)
0.00171438269778531420752644214	(20,26)
0.00175187175374208085352833151	(20,27)
0.00178030550623774240177640782	(20,28)
0.00179941230190635932521219255	(20,29)
0.00180901098807397808337819528	(20,30)
1.08459432756852138361191e-6	(21,1)
9.7435137384410270969223e-6	(21,2)
0.00002696636242992351564183247	(21,3)
0.00005256380023685441462158694	(21,4)
0.00008625346750197743622749835	(21,5)
0.00012766210003309692479499621	(21,6)
0.00017632855318178394331998194	(21,7)
0.00023170787265973761284171397	(21,8)
0.00029317654154131410551576672	(21,9)
0.00036003900255889738742338641	(21,10)
0.00043153550360939838158122224	(21,11)
0.00050685124616120328126809469	(21,12)
0.00058512673703675397501489821	(21,13)
0.00066546916161635452292241883	(21,14)
0.00074696451953134815936382283	(21,15)
0.00082869020094020131301256653	(21,16)
0.00090972763986518545005458445	(21,17)
0.00098917466599635362636786888	(21,18)
0.00106615719015106162723180497	(21,19)
0.00113983990032328358420311039	(21,20)
0.00120943571101316207751158438	(21,21)
0.0012742137918229492828998954	(21,22)
0.00133350609402008870057570581	(21,23)
0.0013867123871589818939239408	(21,24)
0.00143330390357397071129345518	(21,25)
0.00147282575951762942710783641	(21,26)
0.00150489837268748526946303464	(21,27)
0.00152921812378569877178581653	(21,28)
0.00154555751369549786946636029	(21,29)
0.00155376504892657922231680047	(21,30)
8.656081654967331523331e-7	(22,1)
7.77623860665647310076955e-6	(22,2)
0.00002152167535613346762174856	(22,3)
0.00004195073786985138554105416	(22,4)
0.00006883787151039090089767055	(22,5)
0.00010188473212582221229653313	(22,6)
0.00014072248969613425856063477	(22,7)
0.00018491498081871905333079122	(22,8)
0.00023396283358006006261646009	(22,9)
0.00028730866186553365751565516	(22,10)
0.00034434338052319025391251138	(22,11)
0.00040441363144270860702139635	(22,12)
0.00046683023906711358693188355	(22,13)
0.00053087753927772794814357916	(22,14)
0.00059582335600167378502059607	(22,15)
0.00066092934320607126234152476	(22,16)
0.00072546137295240220035306664	(22,17)
0.0007886996376114596235286108	(22,18)
0.00084994814817127595626524503	(22,19)
0.00090854334977681982657734342	(22,20)
0.00096386163633136136759144225	(22,21)
0.00101532562198324778571143627	(22,22)
0.00106240911100792420645605554	(22,23)
0.00110464079093364788182554068	(22,24)
0.00114160674924329780519865298	(22,25)
0.00117295197541782021836019028	(22,26)
0.00119838105308805976372063866	(22,27)
0.00121765826926901412751161123	(22,28)
0.00123060736865895635835216441	(22,29)
0.00123711116209325154899528667	(22,30)
6.0750064010803919956187e-7	(23,1)
5.45751492688329332019917e-6	(23,2)
0.00001510431912919157799852598	(23,3)
0.00002944176137698397053610869	(23,4)
0.00004831139381704682262898723	(23,5)
0.0000715035095391576486716579	(23,6)
0.00009875867951762876230322779	(23,7)
0.000129769895247803946426151	(23,8)
0.00016418541862850491470358062	(23,9)
0.00020161242037581079672480346	(23,10)
0.00024162145267501759541115514	(23,11)
0.00028375175356276102128606316	(23,12)
0.00032751732408589362966977493	(23,13)
0.00037241366036568901885379005	(23,14)
0.00041792496779308870132298596	(23,15)
0.00046353164010752883169588354	(23,16)
0.00050871775754151021354957166	(23,17)
0.00055297834929188436992080099	(23,18)
0.00059582617777082414911766105	(23,19)
0.00063679783436014923786464812	(23,20)
0.00067545898537602498480265385	(23,21)
0.00071140866746417305746282108	(23,22)
0.00074428259744651419276086406	(23,23)
0.00077375552627982620328625986	(23,24)
0.00079954272440393807380561393	(23,25)
0.00082140073168763125121403105	(23,26)
0.00083912753631636867880413207	(23,27)
0.00085256236184743598072477904	(23,28)
0.00086158524034629502421823132	(23,29)
0.00086611653332194780045836183	(23,30)
3.1539440747181232595351e-7	(24,1)
2.83336252905734044018143e-6	(24,2)
7.84166228102398552312948e-6	(24,3)
0.00001528516115046433314563992	(24,4)
0.0000250815332804209122640607	(24,5)
0.00003712176514990267272610677	(24,6)
0.00005127091894243887792317288	(24,7)
0.00006736921495069074055072945	(24,8)
0.00008523349236021479495719923	(24,9)
0.00010465909649126505015429059	(24,10)
0.00012542222046764993659660723	(24,11)
0.00014728270182845328428407488	(24,12)
0.00016998724234124883104364006	(24,13)
0.00019327298557918741025584569	(24,14)
0.00021687135550828502992719078	(24,15)
0.00024051203417690301155587213	(24,16)
0.0002639269408124079020509058	(24,17)
0.00028685407035345113945667888	(24,18)
0.0003090410574232262096194742	(24,19)
0.00033024835120555643518126407	(24,20)
0.00035025191546103909667584263	(24,21)
0.00036884540281641392451142154	(24,22)
0.00038584178973483254251044526	(24,23)
0.00040107449447956334276951206	(24,24)
0.00041439803164384588234865842	(24,25)
0.00042568828097659899657563571	(24,26)
0.00043484246381371404350548223	(24,27)
0.00044177892693497117832212777	(24,28)
0.00044643683145729646561896493	(24,29)
0.00044877583442350086331381261	(24,30)
-5.36903826784605823165e-9	(25,1)
-4.823280466586462764884e-8	(25,2)
-1.3348549188071625688369e-7	(25,3)
-2.6016535058795255214973e-7	(25,4)
-4.2680220514350760535973e-7	(25,5)
-6.313913422796739944279e-7	(25,6)
-8.7136938216079074522825e-7	(25,7)
-1.14359960585072188144781e-6	(25,8)
-1.44437420880008530731289e-6	(25,9)
-1.76944002395882113062894e-6	(25,10)
-2.11405249458089320396879e-6	(25,11)
-2.47306024444422736274249e-6	(25,12)
-2.84101972449631769853046e-6	(25,13)
-3.21233638132879020731051e-6	(25,14)
-3.58142588007261529591639e-6	(25,15)
-3.94288639954836750158422e-6	(25,16)
-4.29167114999697578360868e-6	(25,17)
-4.62324924755132098033427e-6	(25,18)
-4.93374305841500472829997e-6	(25,19)
-5.22003116841675891302502e-6	(25,20)
-5.47980822196901934172658e-6	(25,21)
-5.71159589444113722423281e-6	(25,22)
-5.91470300199925740893167e-6	(25,23)
-6.08913691231588022535019e-6	(25,24)
-6.23547262874550083298556e-6	(25,25)
-6.35468977398169391628521e-6	(25,26)
-6.44799079712696523504136e-6	(25,27)
-6.51661572317925821275063e-6	(25,28)
-6.56166940563144791281235e-6	(25,29)
-6.58397641295032223643924e-6	(25,30)
-3.4953859419832801758518e-7	(26,1)
-3.14009732228049805175957e-6	(26,2)
-8.69056180100254706934079e-6	(26,3)
-0.00001693970067056219546074961	(26,4)
-0.00002779589002879600683946253	(26,5)
-0.00004113747948500364392611374	(26,6)
-0.00005681343137625941058304084	(26,7)
-0.00007464433838597601242041626	(26,8)
-0.00009442392306857359864706816	(26,9)
-0.00011592110603442665904723334	(26,10)
-0.00013888269842636621707897772	(26,11)
-0.00016303673122770887776497496	(26,12)
-0.00018809638297429726779706034	(26,13)
-0.0002137644140378217315759533	(26,14)
-0.00023973796598282338579624087	(26,15)
-0.00026571354468488030357921406	(26,16)
-0.00029139198109052453146246941	(26,17)
-0.00031648315711341821464961586	(26,18)
-0.00034071029732433434010342024	(26,19)
-0.00036381365847848167996576167	(26,20)
-0.00038555349499033714557689633	(26,21)
-0.00040571223404421690696120093	(26,22)
-0.00042409585313162479851510749	(26,23)
-0.00044053450948868219275052404	(26,24)
-0.00045488252001055937173179066	(26,25)
-0.00046701782789002710223128496	(26,26)
-0.00047684111615021919557804406	(26,27)
-0.00048427473762153900623133291	(26,28)
-0.00048926162625453730199275164	(26,29)
-0.00049176433744982916899644263	(26,30)
-7.1216438909474224510773e-7	(27,1)
-6.39776340310214551203928e-6	(27,2)
-0.00001770649379927621633212279	(27,3)
-0.00003451352619340082320105583	(27,4)
-0.00005663196308351659763534308	(27,5)
-0.00008381347450381278910164108	(27,6)
-0.00011574948401522433831748148	(27,7)
-0.00015207314156207370534134568	(27,8)
-0.00019236231671355734015420071	(27,9)
-0.0002361438091347187757698929	(27,10)
-0.0002828989040033279653642457	(27,11)
-0.00033207030377954018043203291	(27,12)
-0.0003830703534870980523669681	(27,13)
-0.0004352903569429317304035457	(27,14)
-0.00048811067043937349466642404	(27,15)
-0.00054091117235422581900368012	(27,16)
-0.00059308165385526535079545365	(27,17)
-0.000644031664872072265309442	(27,18)
-0.0006931993829255178949923347	(27,19)
-0.00074005914650005430734542159	(27,20)
-0.00078412740054530288242445276	(27,21)
-0.0008249669269454407636304865	(27,22)
-0.00086218936340674712225623489	(27,23)
-0.00089545613675823182298800691	(27,24)
-0.00092447804000748639981374241	(27,25)
-0.00094901375890387503315662897	(27,26)
-0.00096886769924732950578500827	(27,27)
-0.00098388748022868964703596096	(27,28)
-0.00099396144393239346850347817	(27,29)
-0.00099901649084718109905743418	(27,30)
-1.08872204016350339201626e-6	(28,1)
-9.78058582966989695212862e-6	(28,2)
-0.0000270687876837589589475191	(28,3)
-0.00005276234483957710711663872	(28,4)
-0.00008657509457430729612708447	(28,5)
-0.00012812644319843124902680117	(28,6)
-0.00017694294351095802911184125	(28,7)
-0.00023246110666092536981612193	(28,8)
-0.00029403185072649311143873754	(28,9)
-0.00036092692714205999057619627	(28,10)
-0.0004323475491019964727128686	(28,11)
-0.00050743528208311355509935294	(28,12)
-0.00058528506156313931643327572	(28,13)
-0.00066495999859038333323294726	(28,14)
-0.00074550744508103006481619909	(28,15)
-0.0008259756423250867138163369	(28,16)
-0.00090543018871540092408356117	(28,17)
-0.00098296954902081535277372502	(28,18)
-0.00105773889048026975967671464	(28,19)
-0.00112894166303559631959222477	(28,20)
-0.00119584852559209950251716584	(28,21)
-0.00125780343476536723537773235	(28,22)
-0.00131422693248253089161130201	(28,23)
-0.00136461687109177578897475454	(28,24)
-0.0014085469810363165503632655	(28,25)
-0.00144566380484441426423629399	(28,26)
-0.00147568258712707899350428876	(28,27)
-0.0014983827243634584221330862	(28,28)
-0.00151360334578923266060088662	(28,29)
-0.00152123952557792165283520388	(28,30)
-1.47516885588588580633479e-6	(29,1)
-0.00001325224669375850660115986	(29,2)
-0.00003667692617094458337771554	(29,3)
-0.00007149020561710627418212874	(29,4)
-0.00011730367085684254558108447	(29,5)
-0.00017360016983690777600027476	(29,6)
-0.00023973559031432071725979767	(29,7)
-0.00031494235859474796905694023	(29,8)
-0.00039833527391661467477819134	(29,9)
-0.00048892020232196407259292635	(29,10)
-0.00058560597784932865557137007	(29,11)
-0.00068721961078130980789262928	(29,12)
-0.00079252460680319586052843437	(29,13)
-0.00090024189089784350438166045	(29,14)
-0.00100907254451954015441895352	(29,15)
-0.00111772134253577796479834179	(29,16)
-0.00122491994928200578480133986	(29,17)
-0.00132944862007182130283506447	(29,18)
-0.00143015535886971257538798205	(29,19)
-0.00152597169124462506803829274	(29,20)
-0.00161592449694333831181326443	(29,21)
-0.00169914367243651603434555772	(29,22)
-0.00177486572216830284819702229	(29,23)
-0.00184243367325194472525393171	(29,24)
-0.0019012939455645125185890507	(29,25)
-0.00195099097183197551570310137	(29,26)
-0.00199116044531953095651192524	(29,27)
-0.00202152208007478707329278559	(29,28)
-0.00204187271038709775425961434	(29,29)
-0.00205208044540732503471792619	(29,30)
-1.86795147630901077950451e-6	(30,1)
-0.00001678082403789738165718842	(30,2)
-0.00004644255855523092084066138	(30,3)
-0.00009052487462189457839208868	(30,4)
-0.00014853500222666223286048577	(30,5)
-0.00021981606579124443093864194	(30,6)
-0.00030354883847819688090927408	(30,7)
-0.00039875574371517805771246279	(30,8)
-0.00050430797880900253488154682	(30,9)
-0.00061893650965293620551540625	(30,10)
-0.00074124743811602933014463252	(30,11)
-0.00086974189302402917545633955	(30,12)
-0.00100284017644671918895414988	(30,13)
-0.00113890945790426843569891312	(30,14)
-0.00127629390662749101723579599	(30,15)
-0.0014133458420204871841736307	(30,16)
-0.00154845631054574964354584789	(30,17)
-0.00168008349016712912181197177	(30,18)
-0.00180677748407123027224084901	(30,19)
-0.00192720037203563078982777701	(30,20)
-0.00204014079887667300597929332	(30,21)
-0.00214452284132171015424286271	(30,22)
-0.00223940935167856018284307435	(30,23)
-0.00232400037998954422688568821	(30,24)
-0.00239762759051339164052637287	(30,25)
-0.00245974579423163570430208396	(30,26)
-0.00250992281319477470484418748	(30,27)
-0.00254782888395747012575807989	(30,28)
-0.00257322671304264758709381355	(30,29)
-0.00258596313747305431100634752	(30,30)
-2.26398212934419370685414e-6	(31,1)
-0.00002033857855678027897145851	(31,2)
-0.00005628891045893778954282399	(31,3)
-0.00010971668500262125296908427	(31,4)
-0.00018002343768258506156654645	(31,5)
-0.00026641038453018799262290623	(31,6)
-0.00036787990117805209284911544	(31,7)
-0.00048323981552629772140131236	(31,8)
-0.00061111170131484512651211059	(31,9)
-0.00074994419292588583959915489	(31,10)
-0.00089803200925502289480370603	(31,11)
-0.00105354090075685950179429159	(31,12)
-0.00121453816624485166844549221	(31,13)
-0.00137902779187583241338704975	(31,14)
-0.00154498872246543482211378202	(31,15)
-0.00171041436232089881999145478	(31,16)
-0.00187335118168119901887271335	(31,17)
-0.00203193431110780592882246608	(31,18)
-0.00218441824104090066995337926	(31,19)
-0.0023292011741010148847853982	(31,20)
-0.00246484214299000356272600508	(31,21)
-0.00259007063115627449592841032	(31,22)
-0.00270378903978569710114486744	(31,23)
-0.00280506886789029831746710039	(31,24)
-0.00289314186732587430530565999	(31,25)
-0.00296738768007693070857064847	(31,26)
-0.00302731956148499168742749468	(31,27)
-0.00307256975706877696692578529	(31,28)
-0.00310287595844686077773230486	(31,29)
-0.00311807004458359668776898296	(31,30)
-2.66059703490055219178999e-6	(32,1)
-0.00002390157992237692345623773	(32,2)
-0.00006614974971429295527886558	(32,3)
-0.00012893652167772382919658607	(32,4)
-0.00021155705971184465817388724	(32,5)
-0.00031306933445655491298735501	(32,6)
-0.00043229505160768094620725011	(32,7)
-0.00056782400128203856236608551	(32,8)
-0.00071802338400810079440618291	(32,9)
-0.00088105345441521405777709283	(32,10)
-0.0010548903912687179298341691	(32,11)
-0.00123735668327557986505625509	(32,12)
-0.00142615857678079533810401425	(32,13)
-0.00161892935390185679604379825	(32,14)
-0.00181327650321196103686151413	(32,15)
-0.0020068303136139626032676209	(32,16)
-0.00219729114845905602725465291	(32,17)
-0.00238247268650742402487120172	(32,18)
-0.0025603387470539258654611217	(32,19)
-0.00272903189978476836567206529	(32,20)
-0.00288689281077971769938084515	(32,21)
-0.00303247009092783046497076735	(32,22)
-0.00316452118948117103925873108	(32,23)
-0.00328200552957614399656105943	(32,24)
-0.00338407155975788704664610133	(32,25)
-0.00347003967394422638401347475	(32,26)
-0.00353938303890584182823231846	(32,27)
-0.00359170829091541349399800276	(32,28)
-0.00362673786004769622411581134	(32,29)
-0.0036442953913865545089226304	(32,30)
-3.05550673036714654847999e-6	(33,1)
-0.00002744926053356891925884791	(33,2)
-0.00007596815137537276716650872	(33,3)
-0.00014807341445548126000313186	(33,4)
-0.00024295373628921010025437189	(33,5)
-0.0003595232397970183881205224	(33,6)
-0.00049642156770256141029706768	(33,7)
-0.00065201803634150900631539528	(33,8)
-0.00082442184266009499480368756	(33,9)
-0.0010115000383764181698251519	(33,10)
-0.00121090443692040710870284998	(33,11)
-0.00142010782977098779654303908	(33,12)
-0.00163644893998856799554469654	(33,13)
-0.00185718454915983538758516395	(33,14)
-0.00207954633755960158161477295	(33,15)
-0.00230079931164694487789738883	(33,16)
-0.0025182983650173547802703515	(33,17)
-0.00272953958454849141645523624	(33,18)
-0.00293220336528598004549837162	(33,19)
-0.00312418716651493021409287691	(33,20)
-0.00330362671193919177977179408	(33,21)
-0.00346890547154996894073072583	(33,22)
-0.00361865322931220827522854183	(33,23)
-0.00375173533458786328155201681	(33,24)
-0.00386723479262752838424916762	(33,25)
-0.00396442965054773423159468878	(33,26)
-0.00404276819718168881839860824	(33,27)
-0.00410184436024151172485186201	(33,28)
-0.00414137540571281416797872437	(33,29)
-0.0041611836746735036026927035	(33,30)
-3.44674483980128025166395e-6	(34,1)
-0.00003096395528422294168592559	(34,2)
-0.00008569522402484191889027166	(34,3)
-0.00016703205564872929019886727	(34,4)
-0.00027405704875128668595010745	(34,5)
-0.00040554051714151287166501983	(34,6)
-0.00055993942075999071239887461	(34,7)
-0.00073540105899340024061442483	(34,8)
-0.00092977399768069963565905004	(34,9)
-0.00114062837090867964523458178	(34,10)
-0.00136528701741214703683501785	(34,11)
-0.00160086792665995939118867387	(34,12)
-0.00184433728356335007921206376	(34,13)
-0.00209257116263479371792993622	(34,14)
-0.00234242280906516175821484404	(34,15)
-0.00259079162875690254660606103	(34,16)
-0.00283468962677876444338293606	(34,17)
-0.00307130115124644433943832228	(34,18)
-0.00329803240145995600234523175	(34,19)
-0.0035125481498764537032428781	(34,20)
-0.00371279435388928478027193146	(34,21)
-0.00389700661760614322051424933	(34,22)
-0.00406370563915082114124941221	(34,23)
-0.00421168171849413919377625835	(34,24)
-0.00433997103294507974120285677	(34,25)
-0.00444782669743782930027857564	(34,26)
-0.00453468764615886977359516812	(34,27)
-0.00460014816156394212952472481	(34,28)
-0.00464393050792443225065315973	(34,29)
-0.0046658626660748146134574583	(34,30)
-3.83261927862119886735086e-6	(35,1)
-0.00003443046321021090086960131	(35,2)
-0.00009528889662321367686133308	(35,3)
-0.0001857304356375842297247839	(35,4)
-0.0003047324129748140184475991	(35,5)
-0.00045092193741217802723941859	(35,6)
-0.00062257335672957876678611682	(35,7)
-0.00081761121809873365375252081	(35,8)
-0.00103362174860382581916069588	(35,9)
-0.00126787547967108671226097699	(35,10)
-0.00151736280713797258036957578	(35,11)
-0.00177884307081478486766803321	(35,12)
-0.00204890628034302746714798949	(35,13)
-0.00232404509542326560344129235	(35,14)
-0.00260073331044838132857666202	(35,15)
-0.00287550611345630155080485095	(35,16)
-0.00314503695405788153107427531	(35,17)
-0.00340620604352552196259627201	(35,18)
-0.00365615629462401572854211139	(35,19)
-0.00389233376060861230399683805	(35,20)
-0.00411251115305590004158659999	(35,21)
-0.00431479458151463798502182107	(35,22)
-0.00449761505875612288602725974	(35,23)
-0.00465970740328589837868386284	(35,24)
-0.00480007986833254949013306255	(35,25)
-0.00491797812818267358750837175	(35,26)
-0.00501284720905397333922855364	(35,27)
-0.00508429464617482644384834851	(35,28)
-0.00513205767409586859442004651	(35,29)
-0.0051559766965064043050747017	(35,30)
-4.2116680626066729273713e-6	(36,1)
-0.00003783565049892228060042992	(36,2)
-0.00010471281982330595260361137	(36,3)
-0.00020409770148560671214634646	(36,4)
-0.00033486356631983961415889625	(36,5)
-0.00049549542849100596150320482	(36,6)
-0.00068408572263904064731024659	(36,7)
-0.00089833625659642658770929982	(36,8)
-0.00113557007729545060693432398	(36,9)
-0.00139275641238310536476984855	(36,10)
-0.00166655084876093406580376084	(36,11)
-0.00195335144968927765325999998	(36,12)
-0.00224936974917337041934254454	(36,13)
-0.00255071372775902250225713806	(36,14)
-0.00285347824312187674518942564	(36,15)
-0.00315383723004751008063014195	(36,16)
-0.0034481315006703227019240628	(36,17)
-0.00373294625768756092979241012	(36,18)
-0.00400517343615976726519675931	(36,19)
-0.00426205554423203545630817024	(36,20)
-0.00450120952606243099525386447	(36,21)
-0.00472063104121417864010224828	(36,22)
-0.00491868119502457565205968483	(36,23)
-0.00509405898976162434295093685	(36,24)
-0.00524576351620488427262638727	(36,25)
-0.00537305017803610960481964392	(36,26)
-0.00547538511194304421940118897	(36,27)
-0.00555240154535762100860533925	(36,28)
-0.00560386123822346474964345405	(36,29)
-0.0056296234856400379400096252	(36,30)
-4.58262066072428399783503e-6	(37,1)
-0.00004116810330145470177603061	(37,2)
-0.00011393540510884301150529656	(37,3)
-0.00022207228413966760685980763	(37,4)
-0.00036434949504283084908743592	(37,5)
-0.00053911152905685690136811325	(37,6)
-0.00074427019080736967815350532	(37,7)
-0.00097730527138791680923053107	(37,8)
-0.00123527663346504144101289926	(37,9)
-0.00151485146533904481426794652	(37,10)
-0.00181234927142956558128592429	(37,11)
-0.00212380542603209663146824217	(37,12)
-0.00244505201249812066348652448	(37,13)
-0.00277181248368735693969969238	(37,14)
-0.0030998047482600538996482631	(37,15)
-0.00342484593732773282107233211	(37,16)
-0.00374295158051739655526973605	(37,17)
-0.00405042232117139781544327051	(37,18)
-0.00434391256070459426153105468	(37,19)
-0.00462047732339191274757697535	(37,20)
-0.00487759585749602281427974127	(37,21)
-0.00511317269403366115964282722	(37,22)
-0.0053255187749406555696736172	(37,23)
-0.00551331664016310490020109342	(37,24)
-0.00567557444836121778140682836	(37,25)
-0.00581157382631033319637737695	(37,26)
-0.0059208163024446068306685205	(37,27)
-0.00600297252276733279557985845	(37,28)
-0.00605783771647399921648571734	(37,29)
-0.0060852960931293542212813093	(37,30)
-4.94436505536316084223966e-6	(38,1)
-0.00004441783181705304110146359	(38,2)
-0.00012292900582420619150137965	(38,3)
-0.00023960030213974537093649791	(38,4)
-0.00039310181518122014658969131	(38,5)
-0.00058163951286191448027585797	(38,6)
-0.00080294640737781853102417898	(38,7)
-0.00105428168441577240252652178	(38,8)
-0.00133244284645724597399663733	(38,9)
-0.00163379527586013157478648145	(38,10)
-0.00195432222672055545302772551	(38,11)
-0.00228969620313802600195009056	(38,12)
-0.00263537019875661255804337592	(38,13)
-0.00298668469854746913680697744	(38,14)
-0.00333898408489218503310637781	(38,15)
-0.00368773453787037217096460984	(38,16)
-0.00402863496182517309232776289	(38,17)
-0.00435771301820928340683464908	(38,18)
-0.00467139990373151624804208361	(38,19)
-0.0049665798053018601994746272	(38,20)
-0.00524061259778093788541925088	(38,21)
-0.005491330914559046753169475	(38,22)
-0.0057170148686481056115816896	(38,23)
-0.0059163492131950133611445159	(38,24)
-0.00608836853036841367289954073	(38,25)
-0.00623239617982104128074455265	(38,26)
-0.0063479823628157731408068444	(38,27)
-0.00643484594414314356394600546	(38,28)
-0.00649282379442310429361686659	(38,29)
-0.0065218305083659602357571499	(38,30)
-5.29592022115703325825421e-6	(39,1)
-0.00004757602305512228123866809	(39,2)
-0.00013166923291412275329429433	(39,3)
-0.0002566342278399645351977387	(39,4)
-0.00042104258393555325529156102	(39,5)
-0.00062296414943672371761698252	(39,6)
-0.00085995551817903595352506199	(39,7)
-0.00112905736316277964227763189	(39,8)
-0.00142680648514122854991511966	(39,9)
-0.00174926768268256592459684292	(39,10)
-0.00209208892735711701297985654	(39,11)
-0.0024505809359751310837372281	(39,12)
-0.00281981933493263476622491432	(39,13)
-0.00319476461494286845194303436	(39,14)
-0.00357039246211737836048857992	(39,15)
-0.00394182528835010911044118966	(39,16)
-0.0043044552057651772917922688	(39,17)
-0.0046540494161820806570144119	(39,18)
-0.00498683088727885900242937606	(39,19)
-0.00529952991564639997322973121	(39,20)
-0.00558940525776547174636592171	(39,21)
-0.00585423645351348676995678185	(39,22)
-0.00609229137454872436281945399	(39,23)
-0.00630227466159839601578868103	(39,24)
-0.00648326350608915252887452246	(39,25)
-0.00663463726819076758697895845	(39,26)
-0.00675600688720593288875945105	(39,27)
-0.00684714914996103061514205262	(39,28)
-0.00690794984295494129383410375	(39,29)
-0.0069383587817344402917691313	(39,30)
-5.63641349947180164403721e-6	(40,1)
-0.0000506348375771238522994044	(40,2)
-0.00014013439237182548956743052	(40,3)
-0.00027313179079773085698199841	(40,4)
-0.00044810249996223515289715649	(40,5)
-0.0006629830396703882648569289	(40,6)
-0.00091515648689570289142300039	(40,7)
-0.00120144777885922708508702748	(40,8)
-0.00151813552458721613282577011	(40,9)
-0.00186098618085827810200745108	(40,10)
-0.00222531458112672169830213404	(40,11)
-0.00260607204500015881178764204	(40,12)
-0.00299795994970891318526982035	(40,13)
-0.00339556319140399093098540766	(40,14)
-0.00379349497449578191716304628	(40,15)
-0.00418654238701479062010201408	(40,16)
-0.00456980163594665950250364416	(40,17)
-0.00493879275397393320978321046	(40,18)
-0.00528954587528180712012188038	(40,19)
-0.00561865438651625587957467431	(40,20)
-0.00592329381993416232180718872	(40,21)
-0.00620120869591491117771994666	(40,22)
-0.00645067218840753234636212464	(40,23)
-0.00667042522227705375107237106	(40,24)
-0.00685960236831645983235982274	(40,25)
-0.00701765180434062504137600625	(40,26)
-0.00714425588860710570128470045	(40,27)
-0.0072392578071668237690002121	(40,28)
-0.00730259854675336839140699263	(40,29)
-0.00733426728541496480396225	(40,30)
-5.96506225123815511182799e-6	(41,1)
-0.00005358724467262687422661914	(41,2)
-0.00014830502904728409613171282	(41,3)
-0.0002890550884138364569448548	(41,4)
-0.00047421944348708976779245354	(41,5)
-0.00070160445361568829838325285	(41,6)
-0.00096842310522136519080725964	(41,7)
-0.00127128807060702980593827184	(41,8)
-0.00160622315288330966049934756	(41,9)
-0.00196869976674839078344340189	(41,10)
-0.00235370297545849694141305455	(41,11)
-0.00275582844634455165252750709	(41,12)
-0.00316940785829741613134865744	(41,13)
-0.00358865635233293402958624432	(41,14)
-0.00400783222795122694629381661	(41,15)
-0.00442139688678830551389589821	(41,16)
-0.00482416245200482446578614243	(41,17)
-0.00521141567497785193523602324	(41,18)
-0.00557900945616032270103746819	(41,19)
-0.00592341703718410909892339552	(41,20)
-0.00624174799253423327417222843	(41,21)
-0.00653172889835436367056611147	(41,22)
-0.00679165447526246798290472904	(41,23)
-0.00702031682110656288899578529	(41,24)
-0.00721692104408275420052332957	(41,25)
-0.00738099534689435109266669254	(41,26)
-0.00751230268072019749748418283	(41,27)
-0.00761075979279634085618769448	(41,28)
-0.0076763681038516804854769196	(41,29)
-0.0077091595652159811780659929	(41,30)
-6.28115916068010605009035e-6	(42,1)
-0.00005642689033280184539540546	(42,2)
-0.00015616356121544152936598896	(42,3)
-0.0003043698734167346930923307	(42,4)
-0.00049933730634977414141352151	(42,5)
-0.00073874559669394673823337458	(42,6)
-0.00101964159306505033965906695	(42,7)
-0.00133842988156914053149678629	(42,8)
-0.00169088374891830536691371789	(42,9)
-0.00207218396571822540421778776	(42,10)
-0.00247699046476538593549197107	(42,11)
-0.0028995484084130613268830914	(42,12)
-0.00333382579622549673846848162	(42,13)
-0.00377367530404225014414744314	(42,14)
-0.00421300923992456155928145493	(42,15)
-0.00464597407922418782111936907	(42,16)
-0.00506711049767116071804733328	(42,17)
-0.00547148628499604561932440335	(42,18)
-0.0058547927082266708515119989	(42,19)
-0.00621339918450798618011462548	(42,20)
-0.00654436573058823770143335968	(42,21)
-0.00684541682217061121325046845	(42,22)
-0.00711488345863360776557701682	(42,23)
-0.00735162210857257151980357305	(42,24)
-0.00755491981521629695193739831	(42,25)
-0.0077243942910530054445478672	(42,26)
-0.00785989666767568605173813737	(42,27)
-0.00796142304817243615104201562	(42,28)
-0.00802903943923721615329670787	(42,29)
-0.0080628232287304100322748102	(42,30)
-6.58406059936420913402858e-6	(43,1)
-0.00005914799271591166904659572	(43,2)
-0.00016369399122137192359798645	(43,3)
-0.00031904498957260882330499422	(43,4)
-0.00052340506502755985634051826	(43,5)
-0.00077433123483426784910621161	(43,6)
-0.00106870869292948479048321902	(43,7)
-0.00140273884136660443509211821	(43,8)
-0.00177194967215810835461279147	(43,9)
-0.00217123684781409354338211607	(43,10)
-0.00259494112806060669253107508	(43,11)
-0.00303696376333630238212244632	(43,12)
-0.00349091659100302498735359328	(43,13)
-0.00395029856681333786897682048	(43,14)
-0.00440868622626787149714389575	(43,15)
-0.004859922927000573110814861	(43,16)
-0.00529829122986396483310919195	(43,17)
-0.00571865455492060253244659346	(43,18)
-0.00611655794624557162486190007	(43,19)
-0.00648828266511702582657930952	(43,20)
-0.00683085449505901959681046391	(43,21)
-0.00714201022775728979997006992	(43,22)
-0.00742013019037679664615324644	(43,23)
-0.00766414659090933653436671231	(43,24)
-0.00787343794234099239638381455	(43,25)
-0.00804771916084409059581204861	(43,26)
-0.0081869355194728046601612325	(43,27)
-0.00829116688597066017733547582	(43,28)
-0.00836054691809321697462712969	(43,29)
-0.0083952003571448819967996154	(43,30)
-6.87317751988379205378343e-6	(44,1)
-0.00006174526033738543102597785	(44,2)
-0.00017088167900851561804275122	(44,3)
-0.00033305192990682695094423401	(44,4)
-0.00054637605445630201715329431	(44,5)
-0.00080829261615217630387967724	(44,6)
-0.00111553017237064121366888948	(44,7)
-0.00146409258174468862158224196	(44,8)
-0.00184926872188127862866622245	(44,9)
-0.00226567585703648325486122143	(44,10)
-0.00270734288894890864727236339	(44,11)
-0.00316783523090088015531516717	(44,12)
-0.00364041759466363742033763271	(44,13)
-0.00411824541208466192513417249	(44,14)
-0.00459457093180859131654831611	(44,15)
-0.00506294717234906848740465619	(44,16)
-0.00551741249014935936982219582	(44,17)
-0.00595264064766337758387948703	(44,18)
-0.00636404551130138317127931666	(44,19)
-0.00674783501888349372159179028	(44,20)
-0.00710101479146405270623182792	(44,21)
-0.00742134676703492360981270888	(44,22)
-0.00770727183717977261408992934	(44,23)
-0.0079578073941031010197697871	(44,24)
-0.00817243103259768279402459662	(44,25)
-0.00835096074668617910673726698	(44,26)
-0.00849344028080531708320634316	(44,27)
-0.00860003630106932404579819549	(44,28)
-0.00867095211196780576397751466	(44,29)
-0.0087063609952399692700189495	(44,30)
-7.14796841665794993883722e-6	(45,1)
-0.0000642138288294379021455254	(45,2)
-0.00017771316703115660029212844	(45,3)
-0.00034636449502747878243573706	(45,4)
-0.00056820740589409703412586672	(45,5)
-0.00084056663481789260085438771	(45,6)
-0.00116001965958735524612756391	(45,7)
-0.00152237918725970896609972177	(45,8)
-0.0019227021420187330812861396	(45,9)
-0.00235533530290972767853571042	(45,10)
-0.00281400441797395938086492857	(45,11)
-0.00329194864560712343503771952	(45,12)
-0.00378209613863694717180231038	(45,13)
-0.00427727043798730924162652798	(45,14)
-0.00477041221135099807723116362	(45,15)
-0.00525479780431410652602164606	(45,16)
-0.00572423574084391913242961751	(45,17)
-0.00617322481469322642462722338	(45,18)
-0.00659706223634034819746784183	(45,19)
-0.00699189645691160901999821292	(45,20)
-0.00735472560555075287607862784	(45,21)
-0.00768334788905559795531824822	(45,22)
-0.00797627409832815147479490277	(45,23)
-0.00823261427663997969773269909	(45,24)
-0.00845195076914238398280043013	(45,25)
-0.00863420870885392316267890879	(45,26)
-0.00877953303630085661637484806	(45,27)
-0.00888817891025588252620452104	(45,28)
-0.00896042024439367967969542198	(45,29)
-0.0089964793468543845445004725	(45,30)
-7.4079339592118809762657e-6	(46,1)
-0.00006654921272507244069046897	(46,2)
-0.00018417604674038957745711253	(46,3)
-0.00035895853243328254713995494	(46,4)
-0.00058885961747861300856399178	(46,5)
-0.00087109519077671906318481995	(46,6)
-0.00120209774828283134724213594	(46,7)
-0.00157749599736682292031668541	(46,8)
-0.00199212306634104801450974706	(46,9)
-0.00244006438602657226279795785	(46,10)
-0.00291475266503934702669535752	(46,11)
-0.00340911191032939600667363169	(46,12)
-0.00391574581058384320217436626	(46,13)
-0.00442715906013350550085617124	(46,14)
-0.00493599461711304237600222946	(46,15)
-0.00543526662237600004993359297	(46,16)
-0.00591856848774688806625522541	(46,17)
-0.00638023857181225919133274007	(46,18)
-0.00681547128787950154840878297	(46,19)
-0.00722036830839666708828067701	(46,20)
-0.0075919314268326417642526046	(46,21)
-0.00792800444801934076727924315	(46,22)
-0.00822717544393072472311655952	(46,23)
-0.00848865258095990187982826009	(46,24)
-0.00871212669354270971501366507	(46,25)
-0.00889763233916834720160944726	(46,26)
-0.00904541682553764298821786434	(46,27)
-0.00915582421493277237094335794	(46,28)
-0.00922919901060335815533819594	(46,29)
-0.0092658123706995856812241155	(46,30)
-7.65261296634822438762406e-6	(47,1)
-0.00006874726928766523426789702	(47,2)
-0.00019025885840046654468284508	(47,3)
-0.00037081174074492970734344611	(47,4)
-0.00060829623114905678921923245	(47,5)
-0.00089982470642511399961587235	(47,6)
-0.00124169131824267387902798428	(47,7)
-0.00162934868987607781762503387	(47,8)
-0.00205741531601067751757032299	(47,9)
-0.00251972565058487026124029201	(47,10)
-0.00300943089536810007807012958	(47,11)
-0.00351915253050232813332317586	(47,12)
-0.00404118338819286463518487343	(47,13)
-0.00456772373495709611396820169	(47,14)
-0.00509113379398793933527049309	(47,15)
-0.00560418068416263613084059932	(47,16)
-0.00610025766609837175674356534	(47,17)
-0.00657355692225980393607250085	(47,18)
-0.0070191831459509984975394767	(47,19)
-0.00743320270456318185119017782	(47,20)
-0.00781263061602840437520286448	(47,21)
-0.00815536376874342542606280619	(47,22)
-0.00846007292830435744714046688	(47,23)
-0.00872606787822151025634662154	(47,24)
-0.00895314979554914910739233997	(47,25)
-0.00914146323509836715263516529	(47,26)
-0.00929135756157308585729437478	(47,27)
-0.00940326494003845744048242527	(47,28)
-0.00947759952410345091907101015	(47,29)
-0.0095146805290257670112631876	(47,30)
-7.88157944573170446342751e-6	(48,1)
-0.00007080417191142833135624121	(48,2)
-0.00019595101738772718798551763	(48,3)
-0.00038190352551971799873264517	(48,4)
-0.00062648359407203986463428563	(48,5)
-0.00092670576796963681591179638	(48,6)
-0.0012787330272454460391687259	(48,7)
-0.00167785058783931608917413951	(48,8)
-0.00211847247689330182337042596	(48,9)
-0.00259419377592557182270898928	(48,10)
-0.00309789712537067619849975605	(48,11)
-0.00362191560981891830635014224	(48,12)
-0.00415824629632122966978403	(48,13)
-0.00469880076866967811042301706	(48,14)
-0.0052356725240800451948317298	(48,15)
-0.00576139746908298502487472064	(48,16)
-0.00626918381409544164983904147	(48,17)
-0.00675309144601112022542251952	(48,18)
-0.00720814753745549573008013195	(48,19)
-0.00763039331252581828922001613	(48,20)
-0.00801686492779935461609205963	(48,21)
-0.00836551797993853527504044739	(48,22)
-0.00867510938784536683686731793	(48,23)
-0.00894505211443800615059442402	(48,24)
-0.00917525771670274262181692247	(48,25)
-0.00936597969086837459543759482	(48,26)
-0.00951766775562722748978490432	(48,27)
-0.00963084025003905558953793806	(48,28)
-0.00970597918959584819701314446	(48,29)
-0.0097434504878861269747199157	(48,30)
-8.09444047197848678950056e-6	(49,1)
-0.00007271639105437956858214869	(49,2)
-0.00020124276133205390334924004	(49,3)
-0.00039221489566435008999217948	(49,4)
-0.00064339068657825953289857082	(49,5)
-0.00095169286492923552934785301	(49,6)
-0.00131316093786031768856076229	(49,7)
-0.00172292214239947846012012429	(49,8)
-0.0021751971973296514269469029	(49,9)
-0.00266335463551059953163238177	(49,10)
-0.00318002287459145628083760774	(49,11)
-0.00371726221179095334576344498	(49,12)
-0.00426679048090698647715303022	(49,13)
-0.00482024759562296201856516404	(49,14)
-0.00536947729624602006351261734	(49,15)
-0.00590680062726929609360392206	(49,16)
-0.00642525589868625546051523046	(49,17)
-0.00691878411678479675005976806	(49,18)
-0.00738234618232769872444649805	(49,19)
-0.00781196697700601328622972151	(49,20)
-0.0082047100454214020741599167	(49,21)
-0.00855859347040411637971975383	(49,22)
-0.00887246187648047995978549049	(49,23)
-0.00914583110846403321542703947	(49,24)
-0.00937872141513015255692213232	(49,25)
-0.00957149264950627094172519019	(49,26)
-0.00972469188848196847821555804	(49,27)
-0.00983892067959205168679890059	(49,28)
-0.00991472633764876665650847156	(49,29)
-0.0099525196032309817398455086	(49,30)
-8.29083471757960660921792e-6	(50,1)
-0.00007448068103591708084378602	(50,2)
-0.00020612511348622599902012165	(50,3)
-0.00040172839146029960706131641	(50,4)
-0.00065898900190064010776679587	(50,5)
-0.00097474420610876967605878204	(50,6)
-0.00134491824942523817177315081	(50,7)
-0.00176449055301875385323972731	(50,8)
-0.00222750065835822350469949042	(50,9)
-0.00272710456570715171941297253	(50,10)
-0.00325569216666947738513546755	(50,11)
-0.00380506801126997768446653713	(50,12)
-0.0043666886158745048634993258	(50,13)
-0.00493194043567336423669525839	(50,14)
-0.00549243530502293663795181709	(50,15)
-0.00604029621440861030287341041	(50,16)
-0.00656840669166382840182782923	(50,17)
-0.00707060174313697887370202864	(50,18)
-0.00754178624773010087034148841	(50,19)
-0.00797797616396851816212170649	(50,20)
-0.00837626701988651299345249379	(50,21)
-0.00873474135833992027813712732	(50,22)
-0.009052331225724453555582385	(50,23)
-0.00932865328486481318833331102	(50,24)
-0.00956383316995920543545314284	(50,25)
-0.00975833308942680299208188527	(50,26)
-0.00991279329755536803367291511	(50,27)
-0.01002789464386587700104451326	(50,28)
-0.01010424648319397417398562245	(50,29)
-0.0101423020533731653301070844	(50,30)
-8.47043148552726563232122e-6	(51,1)
-0.00007609407134138766236318018	(51,2)
-0.00021058985856740359094816539	(51,3)
-0.00041042803689079623591737447	(51,4)
-0.00067325246575455207138570586	(51,5)
-0.00099582159444723730833235663	(51,6)
-0.00137395311113999409973526078	(51,7)
-0.0018024894939356795339981909	(51,8)
-0.00227530217781698249391234214	(51,9)
-0.0027853497983745535026198222	(51,10)
-0.00332480072622274981848722554	(51,11)
-0.00388522217644329075808909032	(51,12)
-0.00445782857813776416977724152	(51,13)
-0.00503377226141920616194488615	(51,14)
-0.00560445180680382867891377133	(51,15)
-0.00616180933842069860973752236	(51,16)
-0.00669858862093982251318053494	(51,17)
-0.00720853095786519837599972338	(51,18)
-0.00768649443378581176546042788	(51,19)
-0.00812849212846131756992641344	(51,20)
-0.00853165453360387549760026142	(51,21)
-0.00889412889072956996946291687	(51,22)
-0.00921493264196103949248781853	(51,23)
-0.00949377954899273640218740436	(51,24)
-0.00973089582677858846983713807	(51,25)
-0.00992684074092486315807076857	(51,26)
-0.0100823424693490407390959686	(51,27)
-0.01019815641342029631048921853	(51,28)
-0.01027495008928746164688323348	(51,29)
-0.0103132164974429648554195916	(51,30)
-8.63293012116200662820805e-6	(52,1)
-0.00007755386133341302736006731	(52,2)
-0.0002146295280273431643389507	(52,3)
-0.00041829931034740581044447348	(52,4)
-0.00068615738608111916670058041	(52,5)
-0.00101489034652271127783089175	(52,6)
-0.00140021849688206321524727703	(52,7)
-0.00183685892185465878126592166	(52,8)
-0.00231852891755389364093364799	(52,9)
-0.00283800602084485937322992038	(52,10)
-0.0033872553300634018628783246	(52,11)
-0.00395762643527804118537316232	(52,12)
-0.00454011214121271120999223954	(52,13)
-0.00512565102343565274843133391	(52,14)
-0.00570544778002470751792681097	(52,15)
-0.00627128116419435842568343393	(52,16)
-0.00681577004310432945810119177	(52,17)
-0.00733257370170727570430906019	(52,18)
-0.00781651163621442429638386051	(52,19)
-0.00826359875046936250321799518	(52,20)
-0.00867100192972427926020172468	(52,21)
-0.00903693170967975068938891306	(52,22)
-0.00936048727242195620150807162	(52,23)
-0.0096414742293449212363627484	(52,24)
-0.00988021320225355559131250345	(52,25)
-0.01007735404369867908889986216	(52,26)
-0.01023370664193089107695190569	(52,27)
-0.01035009545292220967980976598	(52,28)
-0.01042724173154270404971773353	(52,29)
-0.0104656751532239892130490866	(52,30)
-8.77805970436074474606002e-6	(53,1)
-0.00007885761748176884898821074	(53,2)
-0.00021823739229479054357370798	(53,3)
-0.00042532912893821705213026213	(53,4)
-0.00069768242515240056002125877	(53,5)
-0.00103191924527648517060281438	(53,6)
-0.00142367212619585568672884611	(53,7)
-0.00186754494492344606061531725	(53,8)
-0.002357115669368099795585467	(53,9)
-0.00288499803472667643883229389	(53,10)
-0.00344297328050702342911888825	(53,11)
-0.0040221942912832200829042734	(53,12)
-0.00461345385034613485875766167	(53,13)
-0.00520749809541047331532505752	(53,14)
-0.00579535785108715420483380135	(53,15)
-0.00636866623846022647541608751	(53,16)
-0.00691993189981630456578613767	(53,17)
-0.00744274316397056280259353661	(53,18)
-0.00793188814774336337445167962	(53,19)
-0.00838338699865230994558229545	(53,20)
-0.00879444296348829760638234488	(53,21)
-0.00916332693714851014901877074	(53,22)
-0.00948921468500770677692846505	(53,23)
-0.00977199702509012687898633253	(53,24)
-0.01001208157805669298419384256	(53,25)
-0.0102102012679262518867903716	(53,26)
-0.01036724063301498474321202117	(53,27)
-0.01048408703350697585750304196	(53,28)
-0.01056151056894793357493029497	(53,29)
-0.0106000741979505022306869515	(53,30)
-8.90557894254215985832055e-6	(54,1)
-0.00008000317239750128234958066	(54,2)
-0.00022140745801474701607683192	(54,3)
-0.00043150584255764307649178726	(54,4)
-0.00070780858777612184228567694	(54,5)
-0.00104688051679564069411009383	(54,6)
-0.00144427641904782761144782808	(54,7)
-0.00189449973717577751949321494	(54,8)
-0.00239100470050190646865007917	(54,9)
-0.00292625949130922742271392375	(54,10)
-0.00349188197607482603658185687	(54,11)
-0.00407885036217559384451726152	(54,12)
-0.00467778005190282571241031766	(54,13)
-0.00527924691190952172358291013	(54,14)
-0.00587412845936739625622896386	(54,15)
-0.00645393010906147419855641131	(54,16)
-0.00701106473303069393539016058	(54,17)
-0.00753906015518295279953850465	(54,18)
-0.00803267937236083836154445178	(54,19)
-0.0084879499935642877249889454	(54,20)
-0.00890211024312978172267236183	(54,21)
-0.00927348703997731162396972149	(54,22)
-0.00960132621694400216009016793	(54,23)
-0.00988559590594526732098202255	(54,24)
-0.01012678222311241400108485504	(54,25)
-0.01032569272992185662148974998	(54,26)
-0.01048327881747557567940960714	(54,27)
-0.01060048403673042990901584551	(54,28)
-0.01067812203483804792287234246	(54,29)
-0.0107167854036738773636858722	(54,30)
-9.01527620080156645717896e-6	(55,1)
-0.0000809886250992233547965592	(55,2)
-0.0002241344687029744026106415	(55,3)
-0.00043681923464491473716926915	(55,4)
-0.0007165192205952369476448986	(55,5)
-0.00105974982385144279863100488	(55,6)
-0.00146199847449884783056227152	(55,7)
-0.00191768148596240027929093329	(55,8)
-0.00242014564370490557081073359	(55,9)
-0.00296173268644285652722753099	(55,10)
-0.00353391856089463216843941239	(55,11)
-0.00412752982192052314958565957	(55,12)
-0.00473302805743698536688233564	(55,13)
-0.00534084177985619109555102437	(55,14)
-0.00594171624351581047504583717	(55,15)
-0.00652704722202861456703740209	(55,16)
-0.00708916604328756960559498035	(55,17)
-0.00762154989594712030186020316	(55,18)
-0.00811894203527229365031722087	(55,19)
-0.00857737865034768512079898871	(55,20)
-0.00899413033581715181320933187	(55,21)
-0.00936757444467168602996964803	(55,22)
-0.00969701915444940858173941009	(55,23)
-0.00998250091851777603579952238	(55,24)
-0.01022457488995408858251524596	(55,25)
-0.01042411404016129701956324445	(55,26)
-0.01058212818492579451126084092	(55,27)
-0.01069960987491703629308042316	(55,28)
-0.01077741066871961827220634392	(55,29)
-0.0108161489257749003379312296	(55,30)
-9.10696961843672505908316e-6	(56,1)
-0.00008181234205586056552028871	(56,2)
-0.0002264139075559749755912933	(56,3)
-0.00044126052718524726503473873	(56,4)
-0.00072380001850442863128170956	(56,5)
-0.00107050627040543341991861214	(56,6)
-0.00147681006552452997207561336	(56,7)
-0.00193705436260052606175048494	(56,8)
-0.00244449542026869053543749196	(56,9)
-0.0029913684018371998356940072	(56,10)
-0.00356902963884597220364477096	(56,11)
-0.00416817793198243006705029129	(56,12)
-0.00477914542877431213838091268	(56,13)
-0.00539223685112260848212784459	(56,14)
-0.00599808663782677046310486673	(56,15)
-0.00658799908654067204498529955	(56,16)
-0.00715423798191025857623754079	(56,17)
-0.00769023921262141734218457696	(56,18)
-0.00819073087760579163334057602	(56,19)
-0.00865175788679603806982858492	(56,20)
-0.00907061951977215153050235721	(56,21)
-0.00944573687686776586364684826	(56,22)
-0.00977647171102743501591172854	(56,23)
-0.01006291885872983747724904943	(56,24)
-0.01030569223665750607961118601	(56,25)
-0.01050572032736592789194066166	(56,26)
-0.01066406241415878268635075034	(56,27)
-0.01078175245912700098840029596	(56,28)
-0.01085967401625786413354630822	(56,29)
-0.0108984671699138878313991155	(56,30)
-9.18050727173449841215595e-6	(57,1)
-0.00008247295864541059522267397	(57,2)
-0.00022824200142031318182294454	(57,3)
-0.00044482238802084382292989343	(57,4)
-0.00072963903504512244614256713	(57,5)
-0.0010791324125302010909078483	(57,6)
-0.0014886876439031610124817542	(57,7)
-0.00195258850865688348392773919	(57,8)
-0.00246401818713363395644559834	(57,9)
-0.00301512578293513642381739154	(57,10)
-0.0035971710421919346252489733	(57,11)
-0.00420074965173324136403727096	(57,12)
-0.00481608937486804133540836583	(57,13)
-0.00543339524827597826303588552	(57,14)
-0.00604321267218932996937380114	(57,15)
-0.00663677270255357076154671555	(57,16)
-0.00720628537253407306275051108	(57,17)
-0.00774515413485023485526907114	(57,18)
-0.00824809582913547103892505334	(57,19)
-0.00871116338678100918982548357	(57,20)
-0.00913168016777831614315562023	(57,21)
-0.0095081034045924236507532857	(57,22)
-0.00983983877639792233080648606	(57,23)
-0.01012702877469323753018320837	(57,24)
-0.01037033513100568804454378697	(57,25)
-0.01057073138800696139427082985	(57,26)
-0.01072931690738986253427262614	(57,27)
-0.010847159152512453364870652	(57,28)
-0.01092516753158043813733929775	(57,29)
-0.0109639996697145720494048594	(57,30)
-9.23576735161934475163064e-6	(58,1)
-0.00008296938074771069872616029	(58,2)
-0.00022961572514206610530721669	(58,3)
-0.00044749893896084399411023943	(58,4)
-0.00073402669432964547092662138	(58,5)
-0.00108561427220238330692905117	(58,6)
-0.00149761235046544182867364005	(58,7)
-0.00196426003204373656658446529	(58,8)
-0.00247868530132677126516698053	(58,9)
-0.00303297224604957348107821252	(58,10)
-0.00361830764729123326350494657	(58,11)
-0.00422520932106474872248879507	(58,12)
-0.0048438262544423289516278947	(58,13)
-0.00546428833882373968099789124	(58,14)
-0.00607707397238425185238313036	(58,15)
-0.00667335924901468809627331512	(58,16)
-0.00724531406037567512051888201	(58,17)
-0.00778631789282192594663615036	(58,18)
-0.00829107965508278111162980006	(58,19)
-0.0087556589118783023109506323	(58,20)
-0.00917739775032573165162018442	(58,21)
-0.00955478116780995416845811247	(58,22)
-0.00988724841196426906852069624	(58,23)
-0.01017497826889602273967078065	(58,24)
-0.01041866879871044414924721151	(58,25)
-0.01061932771645038548742741463	(58,26)
-0.01077808473373674901483681774	(58,27)
-0.01089603265386647755824381237	(58,28)
-0.01097410042347112944705159598	(58,29)
-0.0110129589150968504803085537	(58,30)
-9.27265833201077927856983e-6	(59,1)
-0.00008330078625429344352147836	(59,2)
-0.00023053280569715809724943167	(59,3)
-0.00044928576352907362744658881	(59,4)
-0.00073695580261512036009649428	(59,5)
-0.00108994135125804759666078088	(59,6)
-0.00150357002712521162242152239	(59,7)
-0.00197205100853635392949738989	(59,8)
-0.00248847529671211060504057156	(59,9)
-0.00304488340942872810524116469	(59,10)
-0.00363241323215658196529616796	(59,11)
-0.00424153041053466493957476261	(59,12)
-0.0048623311807383118844067728	(59,13)
-0.00548489515553256323712989984	(59,14)
-0.00609965595958659140957251835	(59,15)
-0.00669775303250960648106236796	(59,16)
-0.00727132958943493487895542193	(59,17)
-0.00781374931384536308727897634	(59,18)
-0.00831971607482642175283568685	(59,19)
-0.00878529415602145810318600316	(59,20)
-0.00920783844903798813602774001	(59,21)
-0.00958585277972987028295560224	(59,22)
-0.00991879907242643264119665367	(59,23)
-0.01020688057311068855566156925	(59,24)
-0.01045081978294445275417258129	(59,25)
-0.0106516473772515169245486888	(59,26)
-0.01081051343844090566989566245	(59,27)
-0.01092852776387256726961141716	(59,28)
-0.01100663239518242951455661928	(59,29)
-0.0110455070795635968557992737	(59,30)
-9.29111911083102218290989e-6	(60,1)
-0.000083466626333147762998372	(60,2)
-0.00023099172565463289949837309	(60,3)
-0.00045017991348216818936466982	(60,4)
-0.00073842155812515241364054903	(60,5)
-0.00109210664349479940377208615	(60,6)
-0.00150655122804086662123100939	(60,7)
-0.00197594948548798192322150756	(60,8)
-0.00249337386941635888968373464	(60,9)
-0.00305084304446262636337703931	(60,10)
-0.00363947037226561039175247607	(60,11)
-0.00424969533602130105498117778	(60,12)
-0.00487158772623797483773756578	(60,13)
-0.00549520196179573830276142254	(60,14)
-0.00611094924913162023758904133	(60,15)
-0.00670995069719416951417880668	(60,16)
-0.00728433620870532174113613817	(60,17)
-0.00782746161872478685146238617	(60,18)
-0.00833402835142031954467001137	(60,19)
-0.00880010313946520139622888861	(60,20)
-0.00922304737307384634985813911	(60,21)
-0.00960137438818058836962749321	(60,22)
-0.00993455753691130943645898045	(60,23)
-0.01022281237421654188243550556	(60,24)
-0.01046687368826439530372193766	(60,25)
-0.01066778368793200279678218553	(60,26)
-0.01082670268204189433291073199	(60,27)
-0.01094474899498713012596691554	(60,28)
-0.01102287123652404597122148098	(60,29)
-0.0110617536039341719826056077	(60,30)