a^2^1^2_2_(sigma,mu)
7.99472741979931852929e-9	(1,1)
7.181844100209010251361e-8	(1,2)
1.9871703292789888263409e-7	(1,3)
3.8703717202109425104921e-7	(1,4)
6.3393482923412066927117e-7	(1,5)
9.3500588399555605223853e-7	(1,6)
1.28389764122940672598089e-6	(1,7)
1.67197462228296822562601e-6	(1,8)
2.08811253350183333397995e-6	(1,9)
2.51868582884216279768777e-6	(1,10)
2.94779742223438495696681e-6	(1,11)
3.35777543158223949641434e-6	(1,12)
3.72993366633305952860418e-6	(1,13)
4.04556275158515300678544e-6	(1,14)
4.28709040824104984478726e-6	(1,15)
4.4393255121459542770713e-6	(1,16)
4.49068379584428724605585e-6	(1,17)
4.43428544945957778976453e-6	(1,18)
4.26881757810965537822605e-6	(1,19)
3.99906764788752944062724e-6	(1,20)
3.63605684125371242055732e-6	(1,21)
3.19673282632932945404237e-6	(1,22)
2.70321720394504885936675e-6	(1,23)
2.18164065255215721461009e-6	(1,24)
1.66063510279137048240568e-6	(1,25)
1.16958376234479849655521e-6	(1,26)
7.3675348552075156403435e-7	(1,27)
3.8744752380429702377662e-7	(1,28)
1.423186882277028458522e-7	(1,29)
1.597303111526186284677e-8	(1,30)
7.191965966294526954115e-8	(2,1)
6.4607053661080703770952e-7	(2,2)
1.78763585324403671697821e-6	(2,3)
3.48174242735693259978578e-6	(2,4)
5.70280568856950738632961e-6	(2,5)
8.41120665102890374504203e-6	(2,6)
0.00001154979716078814677032362	(2,7)
0.00001504089338640265435566139	(2,8)
0.00001878442238370188711925518	(2,9)
0.00002265781021433875291164586	(2,10)
0.00002651804842052275178832068	(2,11)
0.0000302061626904351212301355	(2,12)
0.00003355405413409532740439193	(2,13)
0.0000363934153402460638847825	(2,14)
0.0000385661681395064654265496	(2,15)
0.00003993565502780156385455229	(2,16)
0.00004039766543957093683078453	(2,17)
0.0000398903096285366527304927	(2,18)
0.00003840177721272127875636924	(2,19)
0.00003597513596007970514557497	(2,20)
0.00003270953139900751597200306	(2,21)
0.00002875742296677308304394673	(2,22)
0.00002431781409694788112678351	(2,23)
0.00001962577329742448520281344	(2,24)
0.00001493886992468490265589123	(2,25)
0.00001052143162705850066628848	(2,26)
6.62774339326381680597904e-6	(2,27)
3.48542995942470084464445e-6	(2,28)
1.28028126840994707602341e-6	(2,29)
1.4369140504099153617618e-7	(2,30)
1.9959189767737952639087e-7	(3,1)
1.79297906860989686447151e-6	(3,2)
4.96105839703390230077375e-6	(3,3)
9.66255368091617744408743e-6	(3,4)
0.0000158264623041539883186482	(3,5)
0.0000233428330754426707616457	(3,6)
0.00003205306749592524403629773	(3,7)
0.00004174157602702818128946151	(3,8)
0.00005213063442644253164806117	(3,9)
0.00006288007332695693831958654	(3,10)
0.00007359301328846028737845926	(3,11)
0.00008382826650810406844358975	(3,12)
0.00009311932307518448430427912	(3,13)
0.00010099909518904732824998326	(3,14)
0.00010702888438256275212538875	(3,15)
0.0001108294401962962007604966	(3,16)
0.00011211156035175687142604607	(3,17)
0.00011070349258127455738278247	(3,18)
0.00010657246574156508193119203	(3,19)
0.00009983800679791798568103029	(3,20)
0.00009077526924853667109272964	(3,21)
0.00007980736213160751376644807	(3,22)
0.00006748656152406499143003091	(3,23)
0.00005446522903315314306544026	(3,24)
0.00004145816828125855182740915	(3,25)
0.00002919893645527941993310835	(3,26)
0.00001839321894414875859804993	(3,27)
9.67271309028687800034749e-6	(3,28)
3.55301681846937394231707e-6	(3,29)
3.9877013520314369211645e-7	(3,30)
3.9062766617827555347029e-7	(4,1)
3.50909649415321709112258e-6	(4,2)
9.7094454808263103202547e-6	(4,3)
0.00001891089132489199013342397	(4,4)
0.00003097447156861388281106606	(4,5)
0.00004568499513849283993011408	(4,6)
0.0000627320601858591383699797	(4,7)
0.00008169372399710381327720188	(4,8)
0.0001020264361726913445362794	(4,9)
0.0001230644315552643287955592	(4,10)
0.00014403095548715859172213194	(4,11)
0.00016406253712598007260575485	(4,12)
0.00018224614997045117729121906	(4,13)
0.00019766764159051181531159299	(4,14)
0.0002094684280608658336575183	(4,15)
0.00021690628092741474645245192	(4,16)
0.00021941521571570229513464682	(4,17)
0.00021665911948451884044281755	(4,18)
0.00020857388719693244233976316	(4,19)
0.00019539348077398657140352734	(4,20)
0.00017765643854568854226610981	(4,21)
0.00015619085744226510556515447	(4,22)
0.00013207761763007381216559399	(4,23)
0.00010659346402195245291550741	(4,24)
0.00008113733302045998757788824	(4,25)
0.0000571448509549727844020532	(4,26)
0.00003599708682960807904719271	(4,27)
0.00001893030310183955570757239	(4,28)
6.95354522907906537543057e-6	(4,29)
7.8042563053063388070353e-7	(4,30)
6.4430818775386841233425e-7	(5,1)
5.78796586494488836408534e-6	(5,2)
0.00001601493098190777783159784	(5,3)
0.00003119195686920464364809949	(5,4)
0.00005108983266743784595810104	(5,5)
0.00007535361041948487095315273	(5,6)
0.00010347129379905659687054994	(5,7)
0.00013474690180427742941699742	(5,8)
0.00016828386439503561747926548	(5,9)
0.00020298402294792801250479063	(5,10)
0.00023756614923223787408193752	(5,11)
0.00027060598810426642140940739	(5,12)
0.00030059755807618101282227093	(5,13)
0.00032603303993465603544810601	(5,14)
0.00034549629625521733896165222	(5,15)
0.00035776313849241825498757756	(5,16)
0.00036190010789184164823411285	(5,17)
0.00035735292421892595465262041	(5,18)
0.00034401597531639394995591952	(5,19)
0.00032227528393152269284391714	(5,20)
0.00029301922650945828927066401	(5,21)
0.00025761374473716917516427905	(5,22)
0.00021784167313261651291714978	(5,23)
0.00017580884849852811418614302	(5,24)
0.0001338225922064300193325325	(5,25)
0.0000942506919446928797130698	(5,26)
0.00005937091496069198962840357	(5,27)
0.00003122217368877513270177148	(5,28)
0.00001146862343357856047398048	(5,29)
1.28717101078569412988276e-6	(5,30)
9.5924511798651110336472e-7	(6,1)
8.61711535078452869447138e-6	(6,2)
0.00002384300579083638660380618	(6,3)
0.00004643853540131489213521987	(6,4)
0.00007606244481171561383543094	(6,5)
0.00011218626531541554825432344	(6,6)
0.00015404769769091886107328053	(6,7)
0.00020061050615284308715314156	(6,8)
0.00025053979788636064733609101	(6,9)
0.00030220053995296905777151237	(6,10)
0.00035368514121344273234761789	(6,11)
0.00040287308446900303567660692	(6,12)
0.00044752221150274997840380976	(6,13)
0.00048538768318817337903909432	(6,14)
0.00051436123026550048134024869	(6,15)
0.00053262044217289657839764775	(6,16)
0.00053877583120073274010418325	(6,17)
0.0005320024991890914952602767	(6,18)
0.00051214356247407853868634728	(6,19)
0.00047977407700551714186693351	(6,20)
0.00043621694533670877486518498	(6,21)
0.00038350596102830783071933184	(6,22)
0.00032429543856552668115561815	(6,23)
0.00026172040603076873813177985	(6,24)
0.00019921569044600490457912808	(6,25)
0.00014030599709177882877681231	(6,26)
0.00008838191635399097840736662	(6,27)
0.00004647840828071068319937545	(6,28)
0.00001707254788908245465601968	(6,29)
1.91612023358045331394397e-6	(6,30)
1.33276006804741883588757e-6	(7,1)
0.00001197248434604355799720713	(7,2)
0.00003312709511244540854242161	(7,3)
0.00006452095652763234608015865	(7,4)
0.00010567990357455246855290221	(7,5)
0.00015586963728825594141484753	(7,6)
0.00021403093837085671510543838	(7,7)
0.00027872393675851929976303653	(7,8)
0.00034809376559854196245907053	(7,9)
0.00041986851237677635825686543	(7,10)
0.00049139756620034661409899415	(7,11)
0.0005597345085137542091618001	(7,12)
0.00062176399165430408019673391	(7,13)
0.00067436707151173774513129312	(7,14)
0.00071461472474801357624195961	(7,15)
0.00073997529472385058762909155	(7,16)
0.00074851881839908694830732364	(7,17)
0.00073909992549634173355390304	(7,18)
0.00071150146323529541645767965	(7,19)
0.000666523210763921770268506	(7,20)
0.00060600386097328240048255314	(7,21)
0.00053276955718833680731826061	(7,22)
0.00045050823874825139087436204	(7,23)
0.00036357534088916264217103623	(7,24)
0.00027674243655744746709956843	(7,25)
0.00019490563906059668643357338	(7,26)
0.00012277450904423772269019195	(7,27)
0.00006456444501502686436374972	(7,28)
0.00002371585194509148646180152	(7,29)
2.6617192346862777167818e-6	(7,30)
1.75997764447172994055584e-6	(8,1)
0.00001581027603750682987946698	(8,2)
0.0000437460149724351652008518	(8,3)
0.00008520318642717740189075577	(8,4)
0.0001395555816666602895436521	(8,5)
0.00020583341485656949326115982	(8,6)
0.00028263774583988963297406135	(8,7)
0.00036806686969397210535272943	(8,8)
0.0004596709614716775700135901	(8,9)
0.00055444939419611433998983819	(8,10)
0.00064890142962375280143801344	(8,11)
0.00073913575783248624465111782	(8,12)
0.00082103814474500736884241244	(8,13)
0.00089048986589134881223803042	(8,14)
0.00094362334523320381852354346	(8,15)
0.00097709615121570667686657857	(8,16)
0.00098836081731316907214219052	(8,17)
0.0009759062960746926292797948	(8,18)
0.00093944747714541165669391688	(8,19)
0.00088004213326316449152371855	(8,20)
0.00080011970825017486324261601	(8,21)
0.00070341311970862189993095742	(8,22)
0.00059479263326286338740909404	(8,23)
0.00048000917062106560848226236	(8,24)
0.00036536238204317110220861584	(8,25)
0.00025731570456322965474643278	(8,26)
0.00016208578878077988210472968	(8,27)
0.00008523660851143085362516615	(8,28)
0.00003130896745166842383369685	(8,29)
3.51391196458379849152589e-6	(8,30)
2.23274150395894679713444e-6	(9,1)
0.00002005722007946036932424487	(9,2)
0.0000554970296525294570831339	(9,3)
0.00010809035229931004564977235	(9,4)
0.00017704267810222289934755246	(9,5)
0.00026112352599046570367809711	(9,6)
0.00035855783648649501238012578	(9,7)
0.00046693256004393775680810337	(9,8)
0.00058313911926149271134082021	(9,9)
0.0007033700490605954911287786	(9,10)
0.00082318339630118407146181117	(9,11)
0.00093764182471070799636845438	(9,12)
0.00104152547222864135554336793	(9,13)
0.00112960924686160119305635656	(9,14)
0.00119698729615056180242016392	(9,15)
0.00123942069941947491217346017	(9,16)
0.0012536797607230350658834177	(9,17)
0.00123785018921427448166871356	(9,18)
0.00119157326253771315845987853	(9,19)
0.00111619381565636385809085866	(9,20)
0.00101479632931713511304655324	(9,21)
0.00089211798621704693326877954	(9,22)
0.00075433757392021392228179655	(9,23)
0.00060874964511354183413911774	(9,24)
0.00046334343516140617746775897	(9,25)
0.00032631474730342585004958817	(9,26)
0.0002055455257206672805463897	(9,27)
0.00010808951799928289370994619	(9,28)
0.00003970290610668817382586701	(9,29)
4.45597215096501338874677e-6	(9,30)
2.73857016725313544892401e-6	(10,1)
0.00002460119243889077604902665	(10,2)
0.00006806989749181888863530741	(10,3)
0.00013257819245538760139438048	(10,4)
0.00021715142375433937497625535	(10,5)
0.00032028002849281517965743391	(10,6)
0.00043978625258934428250625463	(10,7)
0.00057270953059378480122170458	(10,8)
0.00071523591398953331360861722	(10,9)
0.00086269402031658422227062924	(10,10)
0.00100963417439786552599213934	(10,11)
0.00114999925921411034037254903	(10,12)
0.00127738608626055521732571731	(10,13)
0.00138538581951815745416235689	(10,14)
0.00146798221829171955777105679	(10,15)
0.00151997825608458654796423854	(10,16)
0.00153741594892563955217170077	(10,17)
0.00151795168221334223941807023	(10,18)
0.00146115035097855317187591335	(10,19)
0.00136866626566544687586699236	(10,20)
0.00124428670590266952314729835	(10,21)
0.00109382457775053375364376742	(10,22)
0.00092485892360102076993726323	(10,23)
0.00074633494321607647216468943	(10,24)
0.00056804752758460416429603145	(10,25)
0.00040004293945795137118737729	(10,26)
0.00025198119667613286660014123	(10,27)
0.00013250616803726738600309446	(10,28)
0.00004867092864321910723917657	(10,29)
5.46244627974335350387157e-6	(10,30)
3.25993995710168831320609e-6	(11,1)
0.00002928477387682978132222054	(11,2)
0.00008102904783153375739281536	(11,3)
0.00015781834406006371800019392	(11,4)
0.0002584922306226661455639097	(11,5)
0.00038125327364572612807660767	(11,6)
0.00052350827545676336441743511	(11,7)
0.00068173176299630347212307669	(11,8)
0.00085138198271323748070328586	(11,9)
0.00102689618517640569238710415	(11,10)
0.00120178506419176735532915635	(11,11)
0.00136883648658069801454386295	(11,12)
0.00152042706328362957057922756	(11,13)
0.00164892784928018054669505297	(11,14)
0.00174717880593872870201072591	(11,15)
0.00180899687740066635056971755	(11,16)
0.00182967572802674777142397226	(11,17)
0.00180643219061906774128297587	(11,18)
0.00173875574757405740541951697	(11,19)
0.00162862295033180410945633154	(11,20)
0.00148054818557186935900035638	(11,21)
0.001301454831302061157253737	(11,22)
0.00110036550227857769167240901	(11,23)
0.00088792543856448499071847772	(11,24)
0.00067578773546340915814865943	(11,25)
0.00047590169107274389858477073	(11,26)
0.0002997548834705990550790621	(11,27)
0.00015762479767519540683645243	(11,28)
0.00005789638846289215546525624	(11,29)
6.49778999572711453889201e-6	(11,30)
3.77418756825130384413986e-6	(12,1)
0.00003390437473057334635590275	(12,2)
0.00009381115967810451548719309	(12,3)
0.00018271362924097840185553958	(12,4)
0.00029926797877035221677583636	(12,5)
0.00044139255209724266889792758	(12,6)
0.00060608388523079669215849285	(12,7)
0.00078925856110234305604792122	(12,8)
0.00098565595590625700515053164	(12,9)
0.00118883293156743851951450839	(12,10)
0.00139127350058578752781843616	(12,11)
0.00158462519408765703310851329	(12,12)
0.00176006040872908374732464817	(12,13)
0.00190874676613633415027343953	(12,14)
0.0020223969905719088210212025	(12,15)
0.00209385746951666181924878896	(12,16)
0.00211768679662446859153621998	(12,17)
0.00209067217118596816082104649	(12,18)
0.00201223307439348280063039486	(12,19)
0.00188466819638132318471310854	(12,20)
0.00171321267939336388469239761	(12,21)
0.00150588743918553638205639503	(12,22)
0.00127313932606403709184532166	(12,23)
0.00102728864514028278750636546	(12,24)
0.00078181744061097593985094595	(12,25)
0.00055054639985427842179380735	(12,26)
0.00034675890744720103674758832	(12,27)
0.00018233667686267551364194538	(12,28)
0.00006697193912085620913938934	(12,29)
7.51628032684055904020076e-6	(12,30)
4.25424618953523983448051e-6	(13,1)
0.00003821684768628861904819856	(13,2)
0.0001057434592276228340506059	(13,3)
0.00020595369535317796484104903	(13,4)
0.00033733240169720516906694794	(13,5)
0.00049753223461266650842684189	(13,6)
0.000683166105893540458559966	(13,7)
0.0008896287895989979341326801	(13,8)
0.00111098730247463325845885874	(13,9)
0.00133997512439108933072406023	(13,10)
0.00156811625104720437128873549	(13,11)
0.00178599229603674688770795548	(13,12)
0.00198365063639602493920596673	(13,13)
0.00215113548303230940716914029	(13,14)
0.00227910846100453625725038067	(13,15)
0.0023595124800124487216367041	(13,16)
0.00238622382709169815152836246	(13,17)
0.0023556336126942071022420575	(13,18)
0.0022671015419261435719601639	(13,19)
0.00212323248996218270115611121	(13,20)
0.00192993898179481430478462417	(13,21)
0.00169626933427137951989137393	(13,22)
0.0014340004206835583249809741	(13,23)
0.0011570140100333104461488257	(13,24)
0.00088049457303535401451006817	(13,25)
0.00062000258748229654019865528	(13,26)
0.00039048922889455858186792084	(13,27)
0.00020532480463572606357169939	(13,28)
0.00007541377377848793749372098	(13,29)
8.46361524294230645344995e-6	(13,30)
4.67026792733523088032327e-6	(14,1)
0.00004195406239600703163956954	(14,2)
0.00011608404728732116436175122	(14,3)
0.00022609356232353564076235203	(14,4)
0.00037031874955021917039533064	(14,5)
0.00054618156618151685274368911	(14,6)
0.0007499616786418730229720037	(14,7)
0.00097660045666393284140318421	(14,8)
0.00121958063976845693863641443	(14,9)
0.00147092025006932720935367838	(14,10)
0.00172130933242117370137891683	(14,11)
0.00196040402394239646730778963	(14,12)
0.00217727567184206299951377272	(14,13)
0.00236099495503504072995311448	(14,14)
0.00250131411240218566654276074	(14,15)
0.0025893962973015976412227915	(14,16)
0.00261853138657802868407242526	(14,17)
0.00258477347644853962561822793	(14,18)
0.00248743744233677903557942823	(14,19)
0.00232940033303289270337643179	(14,20)
0.00211716737520900470018789143	(14,21)
0.00186068076640331602419598921	(14,22)
0.00157287056535642269604558558	(14,23)
0.00126896890278159338466108868	(14,24)
0.00096562940944150854887986028	(14,25)
0.00067991128945434192449191454	(14,26)
0.00042820025372858086432532337	(14,27)
0.00022514541274436608312210834	(14,28)
0.00008269158674968362061328236	(14,29)
9.28027769418910587226626e-6	(14,30)
4.9919716397151188469335e-6	(15,1)
0.00004484399661610714859555647	(15,2)
0.00012408025737739107486232717	(15,3)
0.00024166728724988370992634265	(15,4)
0.00039582596870715449187518437	(15,5)
0.00058379928464825713855921934	(15,6)
0.00080160819370610263503820702	(15,7)
0.00104384192083849368367721639	(15,8)
0.00130352934218375245290221065	(15,9)
0.00157213278976453719524482539	(15,10)
0.00183969488239324685051875449	(15,11)
0.00209515387439391213348683656	(15,12)
0.00232682498823251077500655642	(15,13)
0.00252302611950134950583030582	(15,14)
0.00267280821651995008902693317	(15,15)
0.00276673555187133051723390016	(15,16)
0.00279765077166394577967881238	(15,17)
0.00276135532331552601395888866	(15,18)
0.00265713830519236482687833265	(15,19)
0.0024880959361528730292844465	(15,20)
0.0022611989941753610937424724	(15,21)
0.00198708538093881824408067283	(15,22)
0.00167957761527754862777362799	(15,23)
0.00135494844148534972392437735	(15,24)
0.00103097969296685607319300037	(15,25)
0.00072587806399598313916000862	(15,26)
0.0004571248394691848269858355	(15,27)
0.00024034372672073665606057291	(15,28)
0.00008827111112364370852781898	(15,29)
9.9063106891516308850193e-6	(15,30)
5.19134961974339539468034e-6	(16,1)
0.00004663505095891017731129338	(16,2)
0.00012903593317469524356327869	(16,3)
0.00025131899983518970302434516	(16,4)
0.00041163332887863989909901732	(16,5)
0.00060711018478768504977070757	(16,6)
0.00083360879064047708316071088	(16,7)
0.00108549801024460135003053697	(16,8)
0.00135552260522097617103862365	(16,9)
0.00163479715227486468635766128	(16,10)
0.00191295951458973265519762653	(16,11)
0.00217849996654604758782009404	(16,12)
0.00241926322565328887520434624	(16,13)
0.00262310070132855918765156488	(16,14)
0.00277863137786677675240506888	(16,15)
0.00287605402551259956399788877	(16,16)
0.00290794272173293860324713106	(16,17)
0.00286995331681407765224336356	(16,18)
0.00276137119183685068560875189	(16,19)
0.00258544038897616348522617798	(16,20)
0.00234943015819395113638922108	(16,21)
0.0020644157210241179993987631	(16,22)
0.00174477366973676604831398273	(16,23)
0.00140741668847497775653614334	(16,24)
0.00107081494793859956616902676	(16,25)
0.00075387051584084737234208486	(16,26)
0.00047472474685385745254239844	(16,27)
0.00024958569087380290385879423	(16,28)
0.00009166250854156365881021086	(16,29)
0.00001028674851486560997538523	(16,30)
5.24524306545474522564487e-6	(17,1)
0.00004711918491449825050798055	(17,2)
0.00013037544428995962285929279	(17,3)
0.00025392758390630425355213138	(17,4)
0.00041590463838279108252790582	(17,5)
0.00061340631275685656488295339	(17,6)
0.00084224572416082133499632082	(17,7)
0.00109672855993992953412041569	(17,8)
0.00136951795715106666979107011	(17,9)
0.00165162875698111018973627137	(17,10)
0.00193258343122561645463210835	(17,11)
0.00220074593436742462361896026	(17,12)
0.00244383058284185049974296593	(17,13)
0.00264956279560432307722634984	(17,14)
0.00280644934902650217936896361	(17,15)
0.00290459987315991760612777774	(17,16)
0.00293653053022529103394550407	(17,17)
0.00289787654407264145458675404	(17,18)
0.00278794318499663577761808851	(17,19)
0.00261003488183845601437305174	(17,20)
0.00237151849270244516176640058	(17,21)
0.00208359791083285586242026186	(17,22)
0.00176080111688616251691661398	(17,23)
0.00142020525287050075268880311	(17,24)
0.00108044800755003248762381272	(17,25)
0.00076059250190959959700999719	(17,26)
0.00047892628380844325310898052	(17,27)
0.0002517818577039507539878735	(17,28)
0.00009246586863082775430368878	(17,29)
0.00001037672287021683742390495	(17,30)
5.13730943290522320081557e-6	(18,1)
0.00004614959001393147191188172	(18,2)
0.00012769258653090580950192323	(18,3)
0.00024870191791118233117074544	(18,4)
0.00040734423430962325885121259	(18,5)
0.00060077702334237807513172838	(18,6)
0.00082489622813058625953039978	(18,7)
0.00107411967532399691149947585	(18,8)
0.00134125474761489740358354779	(18,9)
0.00161749318526091704833380012	(18,10)
0.00189256472595181597873887325	(18,11)
0.00215506548788331465314018081	(18,12)
0.00239295812416463048432402049	(18,13)
0.00259422080205872198035419514	(18,14)
0.00274760317544073068393713526	(18,15)
0.00284343187936304950581251591	(18,16)
0.00287439755193631519317571854	(18,17)
0.00283625133509786732499996735	(18,18)
0.00272834188872468326719462965	(18,19)
0.00255393406354638177407534712	(18,20)
0.00232026664500439205897202893	(18,21)
0.00203832747275029011598857049	(18,22)
0.00172234775636553961074841582	(18,23)
0.00138904130565463721687861504	(18,24)
0.00105663644107652181371203007	(18,25)
0.00074376655167606642216307573	(18,26)
0.0004682980493908105802953836	(18,27)
0.00024618079517799844487976657	(18,28)
0.00009040550325251474166576522	(18,29)
0.00001014531091711638578011747	(18,30)
4.85905706065837228270025e-6	(19,1)
0.00004364998407952659037273501	(19,2)
0.00012077629821811566234408635	(19,3)
0.00023523096031304023144870353	(19,4)
0.00038527901163346529305421546	(19,5)
0.00056822994820425579624650643	(19,6)
0.00078019857993547877352517126	(19,7)
0.001015899907401620970192373	(19,8)
0.00126852397576952901425069089	(19,9)
0.00152973140056574206746060988	(19,10)
0.00178979963583572509849038244	(19,11)
0.00203793501279683034147187259	(19,12)
0.00226274760011611270978434307	(19,13)
0.00245286691630542245759133456	(19,14)
0.00259765856128754491254118152	(19,15)
0.00268798700032647180867529562	(19,16)
0.00271695982301341303797048646	(19,17)
0.00268058510181687702276443798	(19,18)
0.00257827660530550531929507106	(19,19)
0.00241315144224786052220099154	(19,20)
0.00219208034774586320925914855	(19,21)
0.00192547076812598006541822703	(19,22)
0.00162678521553164580190886537	(19,23)
0.00131181989848210183354803825	(19,24)
0.00099778928033548472064777189	(19,25)
0.00070227911738975472938949836	(19,26)
0.00044214224787233242103316086	(19,27)
0.00023241703259781470891611796	(19,28)
0.00008534753936523004306284655	(19,29)
9.57750873159009755432257e-6	(19,30)
4.40985767868879772483463e-6	(20,1)
0.00003961472358347884359653269	(20,2)
0.00010961097085616834978752542	(20,3)
0.0002134843533110517552776427	(20,4)
0.0003496594069110733361713734	(20,5)
0.00051569243236892225190841479	(20,6)
0.00070805403995852470023651734	(20,7)
0.00092194271264939661878178982	(20,8)
0.00115117124463843040129048189	(20,9)
0.0013881631189203704123295435	(20,10)
0.0016240861917800429522391803	(20,11)
0.00184913730713634118727879253	(20,12)
0.00205297502724471472254856501	(20,13)
0.00222528027777189085746522793	(20,14)
0.00235640830311399759373098039	(20,15)
0.00243808182557397468495145612	(20,16)
0.00246406635200019406327001805	(20,17)
0.00243076535101966586605184217	(20,18)
0.00233767607810177446371700692	(20,19)
0.00218765599285761349743657756	(20,20)
0.00198696414642137068072346663	(20,21)
0.00174506019685976048917136812	(20,22)
0.00147416402846540168335232969	(20,23)
0.00118859933173994858697186773	(20,24)
0.00090396303146796824781964671	(20,25)
0.00063617747709840614266863945	(20,26)
0.00040049258546029183131099071	(20,27)
0.00021050989209724001144434198	(20,28)
0.00007729947410351919662589187	(20,29)
8.67418047282934893983633e-6	(20,30)
3.79607836406412807355513e-6	(21,1)
0.00003410100580389843528478946	(21,2)
0.00009435487288770505640396452	(21,3)
0.00018377039852699995261150809	(21,4)
0.00030099056332872702929252787	(21,5)
0.00044391000058539203698198331	(21,6)
0.00060948741448723722856619301	(21,7)
0.00079358483546419265615372966	(21,8)
0.00099086988054433882675560188	(21,9)
0.00119481304589388667591530759	(21,10)
0.00139780366191600428971713951	(21,11)
0.00159139622202862274278621779	(21,12)
0.00176668453380401566471351202	(21,13)
0.00191478605492272905924588407	(21,14)
0.00202740456495097745045113269	(21,15)
0.00209742766521387751300179576	(21,16)
0.00211950793800157747587767717	(21,17)
0.00209057395292526938255013045	(21,18)
0.00201022013729771884883167006	(21,19)
0.00188093265548894812700682481	(21,20)
0.00170812109210032959972852818	(21,21)
0.00149994163201378376392699607	(21,22)
0.00126691497745736060323932362	(21,23)
0.00102135971576227809001412254	(21,24)
0.00077667760809959035324598339	(21,25)
0.00054653991614934256808074211	(21,26)
0.000344032397831176712393722	(21,27)
0.00018082039352423515607796728	(21,28)
0.00006639433490525389547845537	(21,29)
7.45028003456909572429589e-6	(21,30)
3.0296271566954102217127e-6	(22,1)
0.00002721580376203381547081481	(22,2)
0.00007530399948585825508978842	(22,3)
0.00014666564788135355543409451	(22,4)
0.00024021700604428538256140765	(22,5)
0.00035427626120744366858462774	(22,6)
0.00048641348696760183348419161	(22,7)
0.00063332213508076699008191912	(22,8)
0.00079074104545509955128988603	(22,9)
0.0009534526397292170175117122	(22,10)
0.00111537621870278187396718758	(22,11)
0.00126976569573257380809319685	(22,12)
0.00140950961743540300175369207	(22,13)
0.00152751918152251308294918283	(22,14)
0.00161717854098357777323734444	(22,15)
0.00167282234979882930445392668	(22,16)
0.00169019943036357874446408346	(22,17)
0.0016668794458168974958544632	(22,18)
0.00160256189133866707728453326	(22,19)
0.0014992534083408151684824303	(22,20)
0.00136128971212924463127329462	(22,21)
0.00119519124674061936095417828	(22,22)
0.00100935572845070340543515731	(22,23)
0.00081360461959878653151974489	(22,24)
0.00061861298024914932259799351	(22,25)
0.00043526199222779669730862364	(22,26)
0.00027395996612918951005172275	(22,27)
0.00014398040672065524649646703	(22,28)
0.00005286465048864780941084969	(22,29)
5.9319294109835850767431e-6	(22,30)
2.12625124200969269465896e-6	(23,1)
0.00001910057841477286348807283	(23,2)
0.000052849772200226467510155	(23,3)
0.00010293251624131357085384872	(23,4)
0.00016858769926966161316207698	(23,5)
0.00024863387765950928405485076	(23,6)
0.00034136372783209298213610559	(23,7)
0.00044445369847085380531647722	(23,8)
0.00055490928874547538330741662	(23,9)
0.00066906404130440027702234764	(23,10)
0.00078264557266256069760929734	(23,11)
0.0008909151788297196618945778	(23,12)
0.0009888794245597436242054959	(23,13)
0.00107156352940371304739550476	(23,14)
0.00113432829184752082057502439	(23,15)
0.00117320572218718645439956651	(23,16)
0.00118522432216237624229394746	(23,17)
0.00116869363248076405771068187	(23,18)
0.00112341950319195950943762193	(23,19)
0.00105082638469923005901496583	(23,20)
0.00095397029314021977506677609	(23,21)
0.00083743519694474585361660661	(23,22)
0.00070711545631050659025049548	(23,23)
0.00056989663589126931151698731	(23,24)
0.00043325559165438522578863135	(23,25)
0.00030480746559497762231696754	(23,26)
0.0001918315971659558261187554	(23,27)
0.00010081011948221487030174854	(23,28)
0.00003701213218536094912139468	(23,29)
4.15301574731433172654603e-6	(23,30)
1.10387990783119135164008e-6	(24,1)
9.91639306328849118275205e-6	(24,2)
0.00002743785149654787929449269	(24,3)
0.00005343906155021079045903601	(24,4)
0.00008752465320943799464818152	(24,5)
0.00012908077483569441886117777	(24,6)
0.00017722019072200973545473359	(24,7)
0.00023073530799061923116234199	(24,8)
0.00028806977512367409109280261	(24,9)
0.00034731807657081389405545138	(24,10)
0.00040626005876448891646164242	(24,11)
0.00046243377526475063980131417	(24,12)
0.0005132457858773519019048128	(24,13)
0.0005561135495466583528877806	(24,14)
0.0005886303360706691512981419	(24,15)
0.00060873966378166915091490908	(24,16)
0.00061490408952207835936691616	(24,17)
0.00060625253394199674869651432	(24,18)
0.00058269133540798773269109691	(24,19)
0.00054496680457293625823488412	(24,20)
0.00049467092702791171565358347	(24,21)
0.00043418661688611390273832517	(24,22)
0.00036657405956830148830204521	(24,23)
0.00029540468194734759580018718	(24,24)
0.00022455368412502909118098415	(24,25)
0.00015796548633621542359378852	(24,26)
0.00009940863663603375869486663	(24,27)
0.00005223757041365695592564355	(24,28)
0.00001917811290693638028981052	(24,29)
2.15187337462144639057773e-6	(24,30)
-1.879162511396698823661e-8	(25,1)
-1.6880841922147450560678e-7	(25,2)
-4.6706361124856730801535e-7	(25,3)
-9.0957445894375931566608e-7	(25,4)
-1.48937126676260446254223e-6	(25,5)
-2.19549052575758633170888e-6	(25,6)
-3.01192666878518409598343e-6	(25,7)
-3.9167564512522438007817e-6	(25,8)
-4.88165557930010304377077e-6	(25,9)
-5.87200278171792031936628e-6	(25,10)
-6.84771077626688914698073e-6	(25,11)
-7.76483980194458874321166e-6	(25,12)
-8.57794609236001539841665e-6	(25,13)
-9.24300818350369763485305e-6	(25,14)
-9.7206747957030198569541e-6	(25,15)
-9.97950622057017132433391e-6	(25,16)
-9.99885094296897415023476e-6	(25,17)
-9.7710189990326452490972e-6	(25,18)
-9.30248347982667529522713e-6	(25,19)
-8.61395278807178220380025e-6	(25,20)
-7.7392919023111444356511e-6	(25,21)
-6.72340899328583846401e-6	(25,22)
-5.61934126439169240357179e-6	(25,23)
-4.48485151181355451826412e-6	(25,24)
-3.378873074013492285743e-6	(25,25)
-2.35811438914846563899445e-6	(25,26)
-1.47406481087983561971334e-6	(25,27)
-7.7054868836790039936456e-7	(25,28)
-2.8187736282513060943651e-7	(25,29)
-3.157006784994012086993e-8	(25,30)
-1.22338450526133343641275e-6	(26,1)
-0.00001098992415738371950579641	(26,2)
-0.0000304081374040431229572831	(26,3)
-0.00005922356315810387777515858	(26,4)
-0.00009699668709317514572343678	(26,5)
-0.0001430443219838557670618068	(26,6)
-0.00019637812919593366873196271	(26,7)
-0.00025565214645665969005861434	(26,8)
-0.00031913133595069964107801016	(26,9)
-0.00038469179394453016750704027	(26,10)
-0.00044986042356521143667680127	(26,11)
-0.00051189780057313360750299407	(26,12)
-0.00056792306628827752193413903	(26,13)
-0.00061507451080703882558266462	(26,14)
-0.00065069469019838792596143501	(26,15)
-0.00067252507512675164902479717	(26,16)
-0.00067889287950281135005513547	(26,17)
-0.00066887220987856027702598539	(26,18)
-0.00064240311559407813787812672	(26,19)
-0.00060035535740676807490369069	(26,20)
-0.00054452837048634701489948705	(26,21)
-0.00047758443234995024717888207	(26,22)
-0.00040291783488611372559751777	(26,23)
-0.00032446829318129575547186658	(26,24)
-0.00024649138729557792988033976	(26,25)
-0.00017330215936667170551453896	(26,26)
-0.00010900988103315714514561588	(26,27)
-0.0000572624318719124862490219	(26,28)
-0.00002101778806804912791154474	(26,29)
-2.35800259990832635916319e-6	(26,30)
-2.49257419145842220973941e-6	(27,1)
-0.00002239132337653610524912683	(27,2)
-0.00006195473994904635456185017	(27,3)
-0.00012066411550446300453777702	(27,4)
-0.00019762320245882922271639187	(27,5)
-0.00029143841051028896298432907	(27,6)
-0.00040009319232569417270771254	(27,7)
-0.00052084090902808343615531322	(27,8)
-0.00065014078132282916286426335	(27,9)
-0.00078365871990516502180271708	(27,10)
-0.00091634899251720293055374058	(27,11)
-0.00104262430226832838499768857	(27,12)
-0.00115661176635307852818155772	(27,13)
-0.00125248163760467645561810392	(27,14)
-0.00132482571203107472596591791	(27,15)
-0.0013690545103970558605284829	(27,16)
-0.00138177759820029488291220675	(27,17)
-0.00136113051589779965254339246	(27,18)
-0.00130701492387045550454593586	(27,19)
-0.00122122538020508803164582472	(27,20)
-0.00110744584401531620988465571	(27,21)
-0.00097111037935765502401378887	(27,22)
-0.00081913432777156830537170924	(27,23)
-0.00065953317629960814561950473	(27,24)
-0.00050095544361751325069328063	(27,25)
-0.00035216243120691279753754431	(27,26)
-0.00022149128725415495195131314	(27,27)
-0.000116338486048084059368369	(27,28)
-0.00004269877271248473365097376	(27,29)
-4.79026904428440285985292e-6	(27,30)
-3.81052535136306936529001e-6	(28,1)
-0.00003423075320633403916715288	(28,2)
-0.00009471325722045473637999563	(28,3)
-0.00018446453823157466041955783	(28,4)
-0.00030211291488729033442901647	(28,5)
-0.00044552462681151508758491276	(28,6)
-0.00061161108173486800530015348	(28,7)
-0.00079616461436439611769599711	(28,8)
-0.00099376063062171965506471264	(28,9)
-0.00119775968186441328683960671	(28,10)
-0.00140043399048387899217888002	(28,11)
-0.00159322996036249557472084265	(28,12)
-0.001767162566124848166498707	(28,13)
-0.00191332101594264488680815723	(28,14)
-0.00202344978622346606153874648	(28,15)
-0.00209055707553907950873959809	(28,16)
-0.00210949562065955177358391025	(28,17)
-0.00207745973117066314391847293	(28,18)
-0.00199434758522344654022628836	(28,19)
-0.00186294868212929967569553903	(28,20)
-0.00168893151650845879908770274	(28,21)
-0.00148062416903791707240215174	(28,22)
-0.00124859855684684938345196913	(28,23)
-0.00100508563454760210707767966	(28,24)
-0.00076326234610769434231630508	(28,25)
-0.00053646058915928963108886803	(28,26)
-0.00033735342405906850260387519	(28,27)
-0.00017717430211890739966965279	(28,28)
-0.00006502164206995816811620009	(28,29)
-7.29432063943028467812336e-6	(28,30)
-5.16308857130350695724259e-6	(29,1)
-0.00004638110578482743235219162	(29,2)
-0.00012833198084332928281373881	(29,3)
-0.00024993975926081172245478782	(29,4)
-0.00040934351967843109307319485	(29,5)
-0.00060364706106156037306963243	(29,6)
-0.0008286566325455549755480661	(29,7)
-0.00107865769495516654746622597	(29,8)
-0.00134628242494201062913067449	(29,9)
-0.00162251376096343727876408653	(29,10)
-0.00189685940885784091581167579	(29,11)
-0.00215771136124133520466350737	(29,12)
-0.00239288495444426574968958581	(29,13)
-0.00259030878990936605628830774	(29,14)
-0.00273881587362297372878522631	(29,15)
-0.00282896993734780038073159148	(29,16)
-0.00285385146295482639585377241	(29,17)
-0.00280972688890602602915111793	(29,18)
-0.00269653211404670961934747338	(29,19)
-0.00251811678517276686335655733	(29,20)
-0.00228221698047784206735272654	(29,21)
-0.00200014813009844546789344519	(29,22)
-0.00168623448852182237621773809	(29,23)
-0.0013570135741548803379266752	(29,24)
-0.00103027168924407272334490303	(29,25)
-0.00072397867518449587330181855	(29,26)
-0.0004551959885813015696486507	(29,27)
-0.00023903222983791834236998963	(29,28)
-0.00008771513150823380304198146	(29,29)
-9.83969486397572388692489e-6	(29,30)
-6.53782709728426232200503e-6	(30,1)
-0.00005873065849467324643059248	(30,2)
-0.00016250177310514777398530495	(30,3)
-0.00031648762477048424431011431	(30,4)
-0.00051832854132167877740206252	(30,5)
-0.00076435018591087134891828745	(30,6)
-0.00104922993693453068679993136	(30,7)
-0.00136571324760860501085377001	(30,8)
-0.00170444601090164519805496526	(30,9)
-0.00205398140495176369552078902	(30,10)
-0.00240100379857106390733300684	(30,11)
-0.00273078930589873776688065892	(30,12)
-0.00302789484305247485106382324	(30,13)
-0.00327703832664137643786530434	(30,14)
-0.00346410575717726378867805627	(30,15)
-0.0035772000998750606435979064	(30,16)
-0.00360763518445665105645618021	(30,17)
-0.00355077713170640941421661863	(30,18)
-0.00340664633287468802778312928	(30,19)
-0.00318021338997183464550009742	(30,20)
-0.00288134995327398351198381072	(30,21)
-0.00252442652178565815454265159	(30,22)
-0.0021275802645540105604780474	(30,23)
-0.00171170344299045863372649983	(30,24)
-0.00129922457998623634091794085	(30,25)
-0.0009127687042684186749315234	(30,26)
-0.0005737894195822142786391634	(30,27)
-0.00030126468831608224438649967	(30,28)
-0.00011054113137750188964428742	(30,29)
-0.00001239965434063354746995799	(30,30)
-7.92393373206939361312634e-6	(31,1)
-0.00007118232744635918935815213	(31,2)
-0.0001969540016805133002342517	(31,3)
-0.00038358487851219384140344199	(31,4)
-0.00062821075476429995285411769	(31,5)
-0.00092636917238624696482075742	(31,6)
-0.00127159309008607415333809686	(31,7)
-0.0016550658598352437049009904	(31,8)
-0.00206541824696351891389898835	(31,9)
-0.00248873899503048983223520607	(31,10)
-0.00290885088377493018678185235	(31,11)
-0.0033078758746582186303531117	(31,12)
-0.00366707869971200807675329161	(31,13)
-0.00396794222413120701370576334	(31,14)
-0.00419339487595668339641534132	(31,15)
-0.00432908510133315739261198498	(31,16)
-0.00436458399881787267632941379	(31,17)
-0.00429439722920763613744939718	(31,18)
-0.0041186811635146466280803922	(31,19)
-0.00384358412819838124966720906	(31,20)
-0.00348116796519263871286410112	(31,21)
-0.00304890340573815094206093142	(31,22)
-0.00256877028590313428066935864	(31,23)
-0.0020660263571104809757616065	(31,24)
-0.0015677334721578647207368846	(31,25)
-0.00110114574203468452511103857	(31,26)
-0.00069207065848504998389020842	(31,27)
-0.00036331198536180707078399072	(31,28)
-0.00013329389798118494361066487	(31,29)
-0.00001495109895514637869147147	(31,30)
-9.31208524971847694237424e-6	(32,1)
-0.00008365235966565481962323319	(32,2)
-0.00023145692126868438373726618	(32,3)
-0.00045078011609950605012944806	(32,4)
-0.00073825065151586423599672401	(32,5)
-0.00108861289612067988607867251	(32,6)
-0.00149424689618114289310639334	(32,7)
-0.00194476135600172391987823118	(32,8)
-0.00242675536384922370213646856	(32,9)
-0.00292383367908304984655619148	(32,10)
-0.003416937052692845461677225	(32,11)
-0.00388501511238338307310319134	(32,12)
-0.00430602831979683443193076649	(32,13)
-0.00465822239339686335447262414	(32,14)
-0.00492157922365145628805995317	(32,15)
-0.0050793184405803101132591482	(32,16)
-0.00511930805130833345077322721	(32,17)
-0.00503524353502465451522136112	(32,18)
-0.00482747249202734022174036856	(32,19)
-0.00450337386568091403208579156	(32,20)
-0.00407724235014917348379557959	(32,21)
-0.00356967423081486364579872091	(32,22)
-0.00300649491548141451026678519	(32,23)
-0.00241730604403536457091814032	(32,24)
-0.00183375807329960380837486833	(32,25)
-0.00128767111803741412545432412	(32,26)
-0.00080913266690776045979340051	(32,27)
-0.00042469684114115051443898884	(32,28)
-0.00015579805083915590418809185	(32,29)
-0.00001747434157646726374988395	(32,30)
-0.0000106942685348557333965309	(33,1)
-0.00009606877127652334869116909	(33,2)
-0.00026581135239001398790230242	(33,3)
-0.00051768537021907399221482383	(33,4)
-0.00084781266268317668983453381	(33,5)
-0.0012501436334462660769218536	(33,6)
-0.0017159030249786688021577858	(33,7)
-0.00223312061066483210250912035	(33,8)
-0.00278635790046536224171435566	(33,9)
-0.00335672922429177343106349548	(33,10)
-0.00392228829841480305657013787	(33,11)
-0.00445881163810346323810414261	(33,12)
-0.00494096210212349065695019373	(33,13)
-0.00534376539329304006528341497	(33,14)
-0.00564428647888205960596467718	(33,15)
-0.0058233585034289277503903754	(33,16)
-0.00586719930341092126540011851	(33,17)
-0.00576875303734939393518989542	(33,18)
-0.00552861651734005025491998161	(33,19)
-0.00515544828856293629247339933	(33,20)
-0.00466580771156672214664642382	(33,21)
-0.00408342443606290660935091633	(33,22)
-0.00343794902400424843365190832	(33,23)
-0.00276327764173252763759493701	(33,24)
-0.00209557419135463405651080182	(33,25)
-0.00147113060373139877593900362	(33,26)
-0.00092421073874127266252432845	(33,27)
-0.00048501721229794588002216842	(33,28)
-0.00017790594217217273289703421	(33,29)
-0.00001995281311869682702161062	(33,30)
-0.00001206360127491327348727541	(34,1)
-0.00010836973675041829846786193	(34,2)
-0.00029984622475350678210468093	(34,3)
-0.00058396743186443428810824972	(34,4)
-0.00095635094885857270675801664	(34,5)
-0.00141015611645913185928607076	(34,6)
-0.00193545528316479346374989385	(34,7)
-0.00251870219903356581126337598	(34,8)
-0.00314242416931328992309775073	(34,9)
-0.00378525006566598324904139877	(34,10)
-0.00442235500102086075222227651	(34,11)
-0.00502635672645300843865812542	(34,12)
-0.00556864341986958629868184237	(34,13)
-0.00602105448645341652590004191	(34,14)
-0.00635778349836962501475123035	(34,15)
-0.0065573335255974252387645963	(34,16)
-0.00660433617980287030946710457	(34,17)
-0.00649104997237047979749918343	(34,18)
-0.00621838056162787729137246459	(34,19)
-0.00579631097069514555435939029	(34,20)
-0.005243687025907807779536977	(34,21)
-0.00458736399142104867353625245	(34,22)
-0.00386077691081069310573041826	(34,23)
-0.00310204342494936420692260025	(34,24)
-0.00235174013876906537439909583	(34,25)
-0.00165051080520253552941679683	(34,26)
-0.00103666765320333328102068194	(34,27)
-0.00054393849242683026620289138	(34,28)
-0.00019949479374768008404675219	(34,29)
-0.00002237274129001285510492025	(34,30)
-0.00001341416117663573376865544	(35,1)
-0.00012050205472899275867552853	(35,2)
-0.00033341433246169179525130611	(35,3)
-0.00064933958393253953084826706	(35,4)
-0.00106339586456287985839445881	(35,5)
-0.00156795758058743734755249187	(35,6)
-0.00215195224298449844492201533	(35,7)
-0.00280026680380164359237862381	(35,8)
-0.00349340589524205355683721692	(35,9)
-0.00420752794256553165460257192	(35,10)
-0.00491494968671776574710908909	(35,11)
-0.00558515770438906392562238868	(35,12)
-0.00618630256929888010819713351	(35,13)
-0.00668708543746690133188731696	(35,14)
-0.00705888760169127790998527171	(35,15)
-0.00727795027262557628296468013	(35,16)
-0.00732739173498325438977590567	(35,17)
-0.00719885564974360386860313126	(35,18)
-0.0068936166978526374226433185	(35,19)
-0.00642302280725072268852065454	(35,20)
-0.00580821864119421680445429425	(35,21)
-0.00507916337739700651371118625	(35,22)
-0.00427301825340594178561299349	(35,23)
-0.0034320292174687537322600339	(35,24)
-0.00260106355778938169531411799	(35,25)
-0.00182497578985960549458944307	(35,26)
-0.00114597894222741359396343543	(35,27)
-0.00060118575918953005310214137	(35,28)
-0.00022046384747745541356537954	(35,29)
-0.00002472283069259614636611718	(35,30)
-0.00001474083129765494052413093	(36,1)
-0.0001324197586100453566905525	(36,2)
-0.00036638848972739325415550948	(36,3)
-0.00071355411464631882870453437	(36,4)
-0.00116854169906345332981471923	(36,5)
-0.00172294969215199497880562702	(36,6)
-0.0023645724464662332230784373	(36,7)
-0.00307674496424855850486375725	(36,8)
-0.00383796800700340663444670191	(36,9)
-0.00462195350903817494269016078	(36,10)
-0.00539819055369265895735470659	(36,11)
-0.00613307383748836277016847336	(36,12)
-0.00679156581836661914323017389	(36,13)
-0.00733928986904524961539137316	(36,14)
-0.00774488568710498179857707263	(36,15)
-0.00798241061663101461546563897	(36,16)
-0.00803354956657915769306248896	(36,17)
-0.00788940566540979652826231923	(36,18)
-0.00755168221826417015139028701	(36,19)
-0.0070331275913223091826832045	(36,20)
-0.00635718861401016860873756357	(36,21)
-0.00555689404206164369458446863	(36,22)
-0.00467305766599715900431204865	(36,23)
-0.00375194358256116090880267288	(36,24)
-0.00284257026738212553247548998	(36,25)
-0.00199384507963239161007071255	(36,26)
-0.00125171898866959041437146652	(36,27)
-0.00065653644618773365639536423	(36,28)
-0.00024073166900373453649821397	(36,29)
-0.00002699395992089095612078645	(36,30)
-0.00001603916478144192389349864	(37,1)
-0.00014408290143623469240941853	(37,2)
-0.00039865816883499309815522653	(37,3)
-0.00077639576998343196846815733	(37,4)
-0.00127143595425847326072268481	(37,5)
-0.00187461274032917386095769912	(37,6)
-0.0025726027128881877491996922	(37,7)
-0.00334720885436463950859796722	(37,8)
-0.00417495343865441622771331868	(37,9)
-0.00502713395080711172910871104	(37,10)
-0.00587045197228559256964574322	(37,11)
-0.00666826008007174310317896394	(37,12)
-0.00738239308068993657351756276	(37,13)
-0.00797546783044627040203011365	(37,14)
-0.00841346293264656484746907334	(37,15)
-0.00866833782986278577068013014	(37,16)
-0.0087204293228221727068825975	(37,17)
-0.00856037633602238706255515984	(37,18)
-0.00819036872316325561054768323	(37,19)
-0.00762458541681960289455219136	(37,20)
-0.00688876993383196007793088865	(37,21)
-0.00601897471576169294649669219	(37,22)
-0.00505957905176326171200623618	(37,23)
-0.00406074076257519043516177356	(37,24)
-0.00307547588208800791286784974	(37,25)
-0.00215657354660040103593098036	(37,26)
-0.00135354829709218076081012343	(37,27)
-0.00070981362109076973761143402	(37,28)
-0.00026023367140027045586054	(37,29)
-0.00002917890321860707917626297	(37,30)
-0.00001730526956818612775498083	(38,1)
-0.00015545652022986348649447267	(38,2)
-0.00043012663457656523491132031	(38,3)
-0.00083767617282242354534299767	(38,4)
-0.00137177020499759041877164496	(38,5)
-0.00202249216038339746277103382	(38,6)
-0.00277541964119671414140560222	(38,7)
-0.00361084820923904670352590583	(38,8)
-0.00450335308943944996510611853	(38,9)
-0.00542185678785773613359417255	(38,10)
-0.00633032216868641719816043399	(38,11)
-0.00718911892762364235948359614	(38,12)
-0.00795702448083289326928639325	(38,13)
-0.00859372986922380381897009227	(38,14)
-0.00906264139594783099930449854	(38,15)
-0.00933371292784500542754769331	(38,16)
-0.00938602215292096518493016948	(38,17)
-0.00920982071555123153145669639	(38,18)
-0.008807840197111265115188948	(38,19)
-0.00819571427464038676752635703	(38,20)
-0.0074014689927564924145950707	(38,21)
-0.00646412392235032261537527472	(38,22)
-0.00543152505707829021027524312	(38,23)
-0.00435758763438986928801102573	(38,24)
-0.003299160419227391310855915	(38,25)
-0.00231273337223845770399563856	(38,26)
-0.00145120204347715859300121695	(38,27)
-0.00076087992797739640080460388	(38,28)
-0.00027891988079885887332653123	(38,29)
-0.00003127207917238879128577977	(38,30)
-0.00001853571207071782654354158	(39,1)
-0.00016650977069271468999075075	(39,2)
-0.00046070855003593898548001497	(39,3)
-0.0008972291598648975418083772	(39,4)
-0.00146927246166931915236571005	(39,5)
-0.00216618726990579146613534424	(39,6)
-0.00297247414494818025421781994	(39,7)
-0.00386695018814033737625102125	(39,8)
-0.00482228067791211348225187021	(39,9)
-0.00580505954403591203694404247	(39,10)
-0.00677656771981533636630230342	(39,11)
-0.00769425994869873495341372295	(39,12)
-0.00851393534394940901233424123	(39,13)
-0.00919244810472499070489383455	(39,14)
-0.00969072798920209787440478999	(39,15)
-0.00997682053178011406397397226	(39,16)
-0.01002863558014298961004224398	(39,17)
-0.00983611370121076340427495649	(39,18)
-0.00940257962288454301390266026	(39,19)
-0.00874513944831440305248463327	(39,20)
-0.00789407897100020340992806432	(39,21)
-0.00689131842444985696858744933	(39,22)
-0.00578806142998683209369216712	(39,23)
-0.00464183454091261207168753386	(39,24)
-0.00351314580252855428698061378	(39,25)
-0.00246199801490834920607955765	(39,26)
-0.0015444798740918527323238727	(39,27)
-0.00080963218036552054655612881	(39,28)
-0.0002967529395170785774090766	(39,29)
-0.00003326932597688771572983657	(39,30)
-0.00001972743798525180157061342	(40,1)
-0.00017721521582964676883824675	(40,2)
-0.00049032800822876434142919077	(40,3)
-0.00095490694773053416550480451	(40,4)
-0.00156370088993294005543976586	(40,5)
-0.00230534200402380436947123109	(40,6)
-0.00316327872590352325281210896	(40,7)
-0.00411488279168209054260009292	(40,8)
-0.00513095201270007244603475166	(40,9)
-0.00617580470814122967441980122	(40,10)
-0.00720810418701842886669552827	(40,11)
-0.0081824662327625396559024102	(40,12)
-0.00905179876574655988199957863	(40,13)
-0.00977021539468057017201113635	(40,14)
-0.01029627087674352502689783977	(40,15)
-0.0105962032785627266367371746	(40,16)
-0.0106468468341985185547141623	(40,17)
-0.01043790530154158181810862687	(40,18)
-0.00997334326858967885247358754	(40,19)
-0.00927174992953593163545006966	(40,20)
-0.00836563946012585138248068848	(40,21)
-0.00729975703567106485972875184	(40,22)
-0.00612854582878121988581512046	(40,23)
-0.00491298965245151867852960418	(40,24)
-0.00371707601343552642879358627	(40,25)
-0.00260412801984517334397727624	(40,26)
-0.00163323685418551333833232288	(40,27)
-0.00085599655481112899100340322	(40,28)
-0.00031370632881364761923285804	(40,29)
-0.00003516770129593926257458498	(40,30)
-0.00002087770807633165621369965	(41,1)
-0.00018754824908663362576937803	(41,2)
-0.00051891693589477526140104449	(41,3)
-0.00101057702363048909960558022	(41,4)
-0.00165483871629093918225833766	(41,5)
-0.00243963739696048676419052666	(41,6)
-0.00334739713948975981041358506	(41,7)
-0.00435408138169651580822520296	(41,8)
-0.00542866811668407568163924624	(41,9)
-0.0065332593081340878522773048	(41,10)
-0.00762397209647996434650050168	(41,11)
-0.0086526668549945525637594795	(41,12)
-0.00956945476962410428622514353	(41,13)
-0.01032581152621227072560515023	(41,14)
-0.01087802317518905655361535918	(41,15)
-0.0111906236356105856179147895	(41,16)
-0.01123946350882405055209535818	(41,17)
-0.01101408097325383811533956067	(41,18)
-0.01051912162535698890440077264	(41,19)
-0.0097746609275207827854070625	(41,20)
-0.00881540151372840144897927083	(41,21)
-0.00768882911685714266410971268	(41,22)
-0.00645250052850205387231054846	(41,23)
-0.00517069643234137465226381041	(41,24)
-0.00391069958044840737644875835	(41,25)
-0.00273895846261645998770276407	(41,26)
-0.00171737543968920976353910846	(41,27)
-0.00089992432037426967977940562	(41,28)
-0.00032976278800812763624629656	(41,29)
-0.00003696530413765924309462762	(41,30)
-0.00002198404673990383878218644	(42,1)
-0.00019748663227550316450842753	(42,2)
-0.00054641381485786568335953692	(42,3)
-0.00106411965431274804080762756	(42,4)
-0.00174249014540571368842194649	(42,5)
-0.00256878555323660494351395494	(42,6)
-0.00352443609980840322005018941	(42,7)
-0.00458403784538292711216900026	(42,8)
-0.00571480163282075938917992474	(42,9)
-0.00687667841021542590152626626	(42,10)
-0.00802331746338535946814725049	(42,11)
-0.00910391444765249912792096824	(42,12)
-0.01006588504640231769854536758	(42,13)
-0.01085817535171085828465555526	(42,14)
-0.0114349128263316935726361961	(42,15)
-0.01175903196945677088647495911	(42,16)
-0.01180549040384955301109088347	(42,17)
-0.01156372792835228738452161867	(42,18)
-0.01103910596908652479335351638	(42,19)
-0.01025318154278928639841360674	(42,20)
-0.00924279731203893446512430196	(42,21)
-0.00805808706980930721966625321	(42,22)
-0.00675958846909533034020055257	(42,23)
-0.00541471377679596635233699189	(42,24)
-0.00409385409251665193224377546	(42,25)
-0.00286638781325988700735252001	(42,26)
-0.0017968383422840475177717344	(42,27)
-0.00094138803758069787534110547	(42,28)
-0.00034491290603711197677802452	(42,29)
-0.00003866111608365096933408785	(42,30)
-0.00002304420127750903161191228	(43,1)
-0.00020701012971702027724191981	(43,2)
-0.00057276266957810307123447012	(43,3)
-0.00111542591322559092021463517	(43,4)
-0.00182647712531838214832351188	(43,5)
-0.00269252486696876274731829272	(43,6)
-0.00369403869276979497837327094	(43,7)
-0.00480429197267659903392728846	(43,8)
-0.0059887859743186984703561137	(43,9)
-0.00720539189658881368256728236	(43,10)
-0.00840537610676575195604117644	(43,11)
-0.00953536702536603314658459834	(43,12)
-0.01054019233740380053582080212	(43,13)
-0.01136638186229895179607222335	(43,14)
-0.01196601759100937848598446554	(43,15)
-0.01230053979923163333231716435	(43,16)
-0.01234410149526178905380960573	(43,17)
-0.0120861063968439033104063979	(43,18)
-0.01153265960036257307649012723	(43,19)
-0.01070678675084119141133846475	(43,20)
-0.00964741369370039880410276144	(43,21)
-0.00840722219899650047467066408	(43,22)
-0.00704959213536993631368561943	(43,23)
-0.00564489843469910241331805342	(43,24)
-0.00426645244831175458973855589	(43,25)
-0.00298636802550338531920671033	(43,26)
-0.00187160216847304848575019914	(43,27)
-0.00098037816566344748035866101	(43,28)
-0.00035915386334845412518316311	(43,29)
-0.00004025485941407567296721322	(43,30)
-0.00002405611002419192396155786	(44,1)
-0.00021610022191699550393796832	(44,2)
-0.00059791227473062778566447003	(44,3)
-0.00116439613599800010255676774	(44,4)
-0.00190663681337053872751906913	(44,5)
-0.00281061627230209975168880333	(44,6)
-0.00385587919977853652838331247	(44,7)
-0.00501442466003053707763795711	(44,8)
-0.00625010673743372174346565091	(44,9)
-0.00751879394319554413983567103	(44,10)
-0.00876946108160872051969358314	(44,11)
-0.00994627330335389680734182395	(44,12)
-0.01099158362451702484812123935	(44,13)
-0.01184962330434069433584312856	(44,14)
-0.01247054423278919281020276987	(44,15)
-0.01281439729195928306233008204	(44,16)
-0.01285461610447892608815276208	(44,17)
-0.01258062495625533603882418162	(44,18)
-0.0119992929369866793410672354	(44,19)
-0.01113509295232607098172371142	(44,20)
-0.01002896890687575364052950737	(44,21)
-0.00873604339626650655503312027	(44,22)
-0.00732239482792439677132191154	(44,23)
-0.0058611893665880083993930806	(44,24)
-0.00442847059226561052379676612	(44,25)
-0.00309889568183213445193078725	(44,26)
-0.00194167172924982430906678475	(44,27)
-0.00101690002498295383209682785	(44,28)
-0.00037248830494368296439912343	(44,29)
-0.00004174686999260243533027214	(44,30)
-0.00002501787771130926074292584	(45,1)
-0.00022473988423334085200818966	(45,2)
-0.00062181554257719872818276847	(45,3)
-0.0012109387258909494021940939	(45,4)
-0.00198281961457025502077709973	(45,5)
-0.00292284033599114139773925107	(45,6)
-0.00400965907289768652749722104	(45,7)
-0.00521405260411567226489013235	(45,8)
-0.00649829495828190329687054347	(45,9)
-0.00781633469532404406523881159	(45,10)
-0.00911495264512958822128238181	(45,11)
-0.01033596085125383498785884912	(45,12)
-0.01141935640700362675720388186	(45,13)
-0.01230719357137233121166226252	(45,14)
-0.01294781109557776057721890578	(45,15)
-0.01329997419707496632640967923	(45,16)
-0.01333647847998657994842288917	(45,17)
-0.0130468191784413891613289264	(45,18)
-0.01243864176596575730178714071	(45,19)
-0.01153783646797460538433826224	(45,20)
-0.01038729203963028308270827412	(45,21)
-0.00904445819531754197067310582	(45,22)
-0.00757796395891454234959928976	(45,23)
-0.00606359375991171606110851208	(45,24)
-0.0045799365304067342219880007	(45,25)
-0.00320400405360812252116917284	(45,26)
-0.00200707493418484518660160764	(45,27)
-0.00105097107029284767906553808	(45,28)
-0.00038492332852473900310123668	(45,29)
-0.00004313798312401713965694389	(45,30)
-0.00002592775668301983686863772	(46,1)
-0.00023291341812647483494908078	(46,2)
-0.00064442905580271741952384085	(46,3)
-0.00125496924238137970321516954	(46,4)
-0.00205488768300663429308579399	(46,5)
-0.00302899503100274182178462839	(46,6)
-0.0041551038407631090393500425	(46,7)
-0.00540282419904717919596830143	(46,8)
-0.00673292185792706601605285163	(46,9)
-0.0080975137152500107174292092	(46,10)
-0.00944129026393901342741145599	(46,11)
-0.01070382652831732361058822975	(46,12)
-0.01182288746007483562558998163	(46,13)
-0.01273847522953364206008985282	(46,14)
-0.01339723341288964071792623282	(46,15)
-0.01375674355585585963303862674	(46,16)
-0.0137892401436154139433380197	(46,17)
-0.01348433298000476573038439625	(46,18)
-0.01285044809023759686790431801	(46,19)
-0.01191485447392121518172259443	(46,20)
-0.01072230469289579112432028968	(46,21)
-0.00933245583016494683868277369	(46,22)
-0.00781633607737245540560314202	(46,23)
-0.00625217447221083426283833164	(46,24)
-0.00472092045861935710408463028	(46,25)
-0.00330175596206941489655209748	(46,26)
-0.00206785819982969846586212132	(46,27)
-0.00108261843868577623928875006	(46,28)
-0.00039646957462753022437675069	(46,29)
-0.00004442943092147550770751451	(46,30)
-0.00002678413280589079623059984	(47,1)
-0.00024060632456766459518144825	(47,2)
-0.00066571271697421938126246252	(47,3)
-0.00129640971672759492341964532	(47,4)
-0.00212271379443497296782663477	(47,5)
-0.00312889405588945977021457738	(47,6)
-0.0042919607601314973194275999	(47,7)
-0.00558041639727930559431960891	(47,8)
-0.00695359477838137878924371278	(47,9)
-0.00836187484687793365203500323	(47,10)
-0.00974796625224204318521762766	(47,11)
-0.01104932874132203376761526483	(47,12)
-0.01220162357704325063501422551	(47,13)
-0.01314292865080596549814434416	(47,14)
-0.01381831080970661658742046574	(47,15)
-0.01418426764849382982936140829	(47,16)
-0.01421254448096853825875824794	(47,17)
-0.01389290218619347935484148442	(47,18)
-0.01323454312151871217165986976	(47,19)
-0.01226606797842068730399975302	(47,20)
-0.01103400455146778650374453436	(47,21)
-0.00960009200924957411403587937	(47,22)
-0.00803760339102648053906312833	(47,23)
-0.00642703872147706140709127141	(47,24)
-0.00485152587028140937905737482	(47,25)
-0.00339223734899182840494522846	(47,26)
-0.00212408231614097895136855324	(47,27)
-0.00111187674303857120950607862	(47,28)
-0.0004071404081214764690744058	(47,29)
-0.00004562274999664614751381235	(47,30)
-0.00002758551510744875097650393	(48,1)
-0.00024780521094417440674299654	(48,2)
-0.00068562949066200480000795056	(48,3)
-0.001335188147877049721496952	(48,4)
-0.00218618051374718123241584886	(48,5)
-0.00322236558771348164120414406	(48,6)
-0.00441999705964683037463190965	(48,7)
-0.00574653233573678092750181126	(48,8)
-0.00715995406412804168855897463	(48,9)
-0.00860900220538064532516952907	(48,10)
-0.01003452070539645390529685495	(48,11)
-0.01137198115152531592987478248	(48,12)
-0.01255507389161930835678865817	(48,13)
-0.01352008283126997614248045127	(48,14)
-0.01421061656659157204438960344	(48,15)
-0.01458218575317733713072121258	(48,16)
-0.01460611316672252689355753799	(48,17)
-0.01427233992545997258904422225	(48,18)
-0.01359083207078774888432472746	(48,19)
-0.01259146653111869854592869158	(48,20)
-0.01132245058666407828665102004	(48,21)
-0.00984747518194588865954234932	(48,22)
-0.00824190160347079836816391995	(48,23)
-0.00658832788232224952605580367	(48,24)
-0.0049718815384069184109488607	(48,25)
-0.00347555148450156835847886472	(48,26)
-0.00217581872580633357449022699	(48,27)
-0.00113878608740916844894476262	(48,28)
-0.00041695118246140794499626141	(48,29)
-0.0000467196985077379760750765	(48,30)
-0.00002833052834949601545661193	(49,1)
-0.00025449772432718927786017761	(49,2)
-0.00070414521848843104946250687	(49,3)
-0.00137123814031100329214559347	(49,4)
-0.00224517959453870176260598561	(49,5)
-0.00330925137623714731849069975	(49,6)
-0.00453899864984999646625577475	(49,7)
-0.00590089956460632908973797139	(49,8)
-0.00735167068875012505618567795	(49,9)
-0.00883851705435567696554447861	(49,10)
-0.0103005374572934389764664984	(49,11)
-0.01167134753034113233623571207	(49,12)
-0.01288280345857290224816354629	(49,13)
-0.01386952756000832261279408287	(49,14)
-0.01457378830876712281995139928	(49,15)
-0.01495020338659864205691600779	(49,16)
-0.0149697341096233108549250626	(49,17)
-0.01462252356199818037735310368	(49,18)
-0.0139192804713115595627496841	(49,19)
-0.01289109443044098730997738032	(49,20)
-0.01158774968816778333598449807	(49,21)
-0.01007475412691515278845414164	(49,22)
-0.00842939892711373162586060563	(49,23)
-0.00673620827783064331402352995	(49,24)
-0.00508213428957549963654661079	(49,25)
-0.00355181375412560443673308197	(49,26)
-0.00222314618002355410157894028	(49,27)
-0.00116339028518268199049612308	(49,28)
-0.00042591857962102777028596335	(49,29)
-0.00004772218177055488728340711	(49,30)
-0.00002901790788634501977661376	(50,1)
-0.00026067250526507677192891378	(50,2)
-0.0007212284909578661363561073	(50,3)
-0.00140449865241113079909616315	(50,4)
-0.00229961155944208153511670967	(50,5)
-0.00338940610402126021994906914	(50,6)
-0.00464876919674953632708911739	(50,7)
-0.00604326874664205792896943034	(50,8)
-0.00752844446440411422586765248	(50,9)
-0.00905007537923800675856053145	(50,10)
-0.01054564084433013427702882484	(50,11)
-0.01194703752542635702926379712	(50,12)
-0.01318442783980827034068135472	(50,13)
-0.01419090667852940097771187131	(50,14)
-0.01490751986063254063206461091	(50,15)
-0.01528808277425435813984990651	(50,16)
-0.0153032506795850075318420996	(50,17)
-0.01494338294725864245700335107	(50,18)
-0.01421990183664565421154284714	(50,19)
-0.01316503825428886631601090443	(50,20)
-0.01183004457322230982489527116	(50,21)
-0.01028210673304902417503558665	(50,22)
-0.00860028616457337988078382747	(50,23)
-0.00687086288094289924753593879	(50,24)
-0.00518244250377435025294941738	(50,25)
-0.00362114697817304245248353107	(50,26)
-0.00226614774077571216771309343	(50,27)
-0.00118573526400181636598980616	(50,28)
-0.00043406001978298867672173702	(50,29)
-0.00004863218576387597044126042	(50,30)
-0.00002964649627901193841344305	(51,1)
-0.00026631915735052954488426293	(51,2)
-0.00073685056292642540947652867	(51,3)
-0.0014349138297879945440867446	(51,4)
-0.00234938541949367277286214428	(51,5)
-0.00346269695124406166436823306	(51,6)
-0.0047491294757695608063664091	(51,7)
-0.00617341272029829680669526965	(51,8)
-0.00769000270377390286723243467	(51,9)
-0.00924336600430230690037381396	(51,10)
-0.01076949310400594886259420962	(51,11)
-0.01219870315040560253379215851	(51,12)
-0.01345960849991177175494767126	(51,13)
-0.01448391223180231087552621265	(51,14)
-0.01521155406991855332100443234	(51,15)
-0.01559563436313565337697867575	(51,16)
-0.01560655204187594430865756725	(51,17)
-0.0152348898302900716840849101	(51,18)
-0.01449274650939020385861795765	(51,19)
-0.01341341558579535692356350261	(51,20)
-0.01204950286043239176699528815	(51,21)
-0.01046972987524806873686511527	(51,22)
-0.00875476777550091557887282933	(51,23)
-0.00699248385711381952456233149	(51,24)
-0.0052729702867362869973646844	(51,25)
-0.00368367722462285685110022182	(51,26)
-0.00230490810438637873201936869	(51,27)
-0.00120586764387235282942645229	(51,28)
-0.0004413931356923449275086478	(51,29)
-0.0000494517179519325924278337	(51,30)
-0.00003021524123668276786397464	(52,1)
-0.00027142822871090869349825982	(52,2)
-0.00075098530206269028045423021	(52,3)
-0.00146243290286715023745345361	(52,4)
-0.00239441849875760752372808021	(52,5)
-0.00352900331580168533387600068	(52,6)
-0.00483991693904523316386941692	(52,7)
-0.00629112584107833574315406291	(52,8)
-0.00783609923050913800981459489	(52,9)
-0.00941810913242971126762253132	(52,10)
-0.01097179227341796358360020603	(52,11)
-0.01242603585372060549830314434	(52,12)
-0.01370804886175027881765084248	(52,13)
-0.01474827936164097242981000288	(52,14)
-0.01548567645698741221765575306	(52,15)
-0.01587270924066967215075410931	(52,16)
-0.0158795644728281274373251317	(52,17)
-0.01549704831275022007704397202	(52,18)
-0.01473789159768631033661515228	(52,19)
-0.01363636484141946490842954236	(52,20)
-0.01224630722487696946859769711	(52,21)
-0.01063783031073767710765061022	(52,22)
-0.00889305386372814250115115297	(52,23)
-0.00710126589305795625679263238	(52,24)
-0.00535388227040034375333071084	(52,25)
-0.00373953008253614032332211298	(52,26)
-0.00233951122455991619822366466	(52,27)
-0.00122383347653356734285403857	(52,28)
-0.00044793530718034675472601971	(52,29)
-0.00005018275491279570250995096	(52,30)
-0.00003072319453937194212462082	(53,1)
-0.00027599120231318779235033452	(53,2)
-0.00076360916170396471226366226	(53,3)
-0.00148701013202837278730134571	(53,4)
-0.00243463633698389155518568794	(53,5)
-0.00358821664891931829805534971	(53,6)
-0.00492098544231859977011928453	(53,7)
-0.00639622353279058397027632039	(53,8)
-0.00796651365575519251598854929	(53,9)
-0.00957405521282592288820790348	(53,10)
-0.0111522704832364626933620942	(53,11)
-0.01262876405630343858388639132	(53,12)
-0.01392949091012591713875047187	(53,13)
-0.01498378183281933304372227292	(53,14)
-0.01572970958539013443395713425	(53,15)
-0.01611919236393141210388764018	(53,16)
-0.01612224356980569185039845005	(53,17)
-0.01572988626961744580730939086	(53,18)
-0.01495543192756372152675394346	(53,19)
-0.01383403613515748602327604871	(53,20)
-0.01242064657295720323414502811	(53,21)
-0.01078661653875127814331888756	(53,22)
-0.00901535303262250206189234612	(53,23)
-0.0071974002658358187296941309	(53,24)
-0.00542533900364956910991363969	(53,25)
-0.00378882736724264227025805695	(53,26)
-0.00237003821560356180834366734	(53,27)
-0.00123967713542919458483494378	(53,28)
-0.00045370325180811182796678564	(53,29)
-0.00005082719631034345635701988	(53,30)
-0.00003116951166344138172877518	(54,1)
-0.00028000049258348882934567175	(54,2)
-0.00077470117119651133241115537	(54,3)
-0.00150860478687285281882614047	(54,4)
-0.00246997264844757032217373535	(54,5)
-0.00364024037441893574379797059	(54,6)
-0.00499220508854764608691158475	(54,7)
-0.0064885419945199808645175139	(54,8)
-0.00808105085595129482097330747	(54,9)
-0.00971098406294224146581149726	(54,10)
-0.01131069256714937627775935795	(54,11)
-0.01280665107513979644864706669	(54,12)
-0.01412371226118584506822670717	(54,13)
-0.0151902281134492232927558616	(54,14)
-0.01594350808135019028361520231	(54,15)
-0.016334996533981177165175322	(54,16)
-0.01633456729720073550576776306	(54,17)
-0.01593344768295988663690178099	(54,18)
-0.01514547196224213328293733054	(54,19)
-0.01400658313200316770616242192	(54,20)
-0.01257270819112343082743907754	(54,21)
-0.01091629157874864601093573779	(54,22)
-0.00912186606589075656772233416	(54,23)
-0.00728106961337718256458153346	(54,24)
-0.00548749290027067039747470984	(54,25)
-0.00383168423170685131957668505	(54,26)
-0.00239656551841980564076364614	(54,27)
-0.00125344034657647242249734599	(54,28)
-0.00045871266792591682409359864	(54,29)
-0.00005138682478596920489741111	(54,30)
-0.00003155345188707248886076803	(55,1)
-0.00028344944633908425292591921	(55,2)
-0.0007842429381856542553865172	(55,3)
-0.00152718114887499550727720617	(55,4)
-0.00250036931950447647722447433	(55,5)
-0.00368498986625083911624794145	(55,6)
-0.00505346215418639270127417558	(55,7)
-0.00656793802058259010500634605	(55,8)
-0.00817954060127232715568789589	(55,9)
-0.00982870418777306776204569625	(55,10)
-0.01144685492622320341357411184	(55,11)
-0.01295949337140562478543600983	(55,12)
-0.01429052363848680669802907478	(55,13)
-0.01536745795519369007983851915	(55,14)
-0.01612695425387172944005707065	(55,15)
-0.01652005707332851636260812063	(55,16)
-0.01651652983170425262678999515	(55,17)
-0.0161077858553305102987668031	(55,18)
-0.01530811865607248940137370907	(55,19)
-0.01415415585764007299275708138	(55,20)
-0.01270267083385427175127320134	(55,21)
-0.01102704663120128070019247601	(55,22)
-0.00921278039789579969044909681	(55,23)
-0.00735244337264659504028653468	(55,24)
-0.00554048471476505692772426329	(55,25)
-0.00386820666098809198134439428	(55,26)
-0.00241916331341061463073925962	(55,27)
-0.00126516135144198475976452091	(55,28)
-0.00046297792674145961547807652	(55,29)
-0.00005186327137960647600518946	(55,30)
-0.00003187437869810629577277907	(56,1)
-0.00028633234643786827144883458	(56,2)
-0.00079221865844785408716907549	(56,3)
-0.00154270852886719873759564365	(56,4)
-0.00252577643098228439094872131	(56,5)
-0.00372239246416236339702113052	(56,6)
-0.00510465907128114477528256266	(56,7)
-0.0066342889000018313297861443	(56,8)
-0.00826183729550370697003411996	(56,9)
-0.00992705225319347240605373049	(56,10)
-0.01156058460297912654820696344	(56,11)
-0.01308711907870150589722412433	(56,12)
-0.01442976671442957306867568553	(56,13)
-0.01551533943705479834525729026	(56,14)
-0.01627995428501889910092601969	(56,15)
-0.01667432718142067475343483844	(56,16)
-0.01666813618552722699739937503	(56,17)
-0.01625295748297109337455193334	(56,18)
-0.0154434752224636436208048629	(56,19)
-0.01427689444109057468336033826	(56,20)
-0.01281069872425088271566137582	(56,21)
-0.01111905559144226744555625605	(56,22)
-0.00928826534271710444656051406	(56,23)
-0.007411673855706931597945146	(56,24)
-0.00558444051971046922501596839	(56,25)
-0.00389848932889898294252076188	(56,26)
-0.0024378941658449456790435218	(56,27)
-0.00127487419369183564840165867	(56,28)
-0.00046651181027441344923030305	(56,29)
-0.00005225798612184705994026346	(56,30)
-0.00003213176036379649398669666	(57,1)
-0.00028864441688382236197684571	(57,2)
-0.00079861512977930144881663851	(57,3)
-0.00155516129260014423314587138	(57,4)
-0.00254615229445500674076499942	(57,5)
-0.00375238751167186345934895846	(57,6)
-0.00514571444436583251972712021	(57,7)
-0.00668749236952880023707438202	(57,8)
-0.00832781979727435240808678072	(57,9)
-0.0100058926806758920899840622	(57,10)
-0.01165173853195931641655956569	(57,11)
-0.01318938677982486523967644876	(57,12)
-0.0145413122891746575832248773	(57,13)
-0.01563376644984202317610944816	(57,14)
-0.01640243497275248598479438818	(57,15)
-0.01679777395494582024941915706	(57,16)
-0.01678939759690502297390447828	(57,17)
-0.01636901757830607233495191714	(57,18)
-0.01555163580310347423366131945	(57,19)
-0.01437492377381150252835557394	(57,20)
-0.0128969364463611972205783166	(57,21)
-0.01119247039198725655238527156	(57,22)
-0.00934846805536716050097533774	(57,23)
-0.007458892937437406421881729	(57,24)
-0.00561946916118544822819010088	(57,25)
-0.00392261379807120003443380829	(57,26)
-0.00245281189064483068687836408	(57,27)
-0.00128260812245786293212295778	(57,28)
-0.00046932529236868513953882107	(57,29)
-0.00005257221347251229664481316	(57,30)
-0.00003232517055257886874005529	(58,1)
-0.00029038182840148989593059598	(58,2)
-0.00080342176721457491063169639	(58,3)
-0.00156451888909631193327519762	(58,4)
-0.00256146349385360283428422219	(58,5)
-0.00377492640403010344228484233	(58,6)
-0.00517656308589069109547531867	(58,7)
-0.0067274666002713784462704453	(58,8)
-0.00837739129986483555340849944	(58,9)
-0.01006511733911745985258666913	(58,10)
-0.01172020294279262397148813267	(58,11)
-0.01326618451024585375292370829	(58,12)
-0.01462505878896381424412729172	(58,13)
-0.01572265660792333941224159765	(58,14)
-0.0164943410175448570939636042	(58,15)
-0.01689037506768386963922770655	(58,16)
-0.01688032768418072662701473843	(58,17)
-0.01645601523724172338193695751	(58,18)
-0.01563268103104508768402054579	(58,19)
-0.01444834907341269168944864463	(58,20)
-0.01296150471263444975092987623	(58,21)
-0.01124741715271811517300404745	(58,22)
-0.00939351020226408725810563184	(58,23)
-0.00749420933197126951005858957	(58,24)
-0.00564566017157061810364293689	(58,25)
-0.00394064704681158981661769737	(58,26)
-0.00246396062503090868597490451	(58,27)
-0.00128838710559328667731746401	(58,28)
-0.00047142736025246447164729112	(58,29)
-0.00005280697231757136990073031	(58,30)
-0.00003245428892332213748237449	(59,1)
-0.00029154170372027097208458982	(59,2)
-0.0008066306174786161152677843	(59,3)
-0.00157076587773719724785885585	(59,4)
-0.00257168492585430143169223761	(59,5)
-0.00378997263674627361686864155	(59,6)
-0.00519715605780698975444229543	(59,7)
-0.00675415020289146968962247006	(59,8)
-0.00841047925262872959398962319	(59,9)
-0.0101046453160756211053755989	(59,10)
-0.01176589289880629638166233308	(59,11)
-0.01331742897362348749209327044	(59,12)
-0.01468093107272213231508476942	(59,13)
-0.01578194958128151211397737824	(59,14)
-0.01655563284967687361903756397	(59,15)
-0.01695211610951522046288131338	(59,16)
-0.01694093936391443583431603631	(59,17)
-0.01651399025040642135479163946	(59,18)
-0.0156866744835683690378389004	(59,19)
-0.01449725234346530144373363693	(59,20)
-0.01300449699329492280299202036	(59,21)
-0.01128399312183063103832125572	(59,22)
-0.00942348532158857730423191667	(59,23)
-0.00751770643826856631909295124	(59,24)
-0.00566308212198228718714784601	(59,25)
-0.00395264030846530421524928279	(59,26)
-0.00247137409908364925194036408	(59,27)
-0.00129222944730211269147735113	(59,28)
-0.00047282487448651182941978154	(59,29)
-0.00005296304027653080098676854	(59,30)
-0.00003251890161885448622340652	(60,1)
-0.00029212212200091835782159819	(60,2)
-0.00080823637110466380876067033	(60,3)
-0.00157389195105158208482435343	(60,4)
-0.00257679983415241268146644709	(60,5)
-0.0037975018476697571393879542	(60,6)
-0.00520746071014696743846269018	(60,7)
-0.00676750224032854825140199322	(60,8)
-0.00842703531173488511782899349	(60,9)
-0.01012442275584370027296905109	(60,10)
-0.01178875195954300700556037036	(60,11)
-0.01334306495986400533232776502	(60,12)
-0.01470887954052506658205562131	(60,13)
-0.01581160584492501863380718076	(60,14)
-0.01658628499737362068617877192	(60,15)
-0.016982988586746613408825392	(60,16)
-0.01697124253552548477286840511	(60,17)
-0.01654297055934571142661715258	(60,18)
-0.01571366002274158576352421448	(60,19)
-0.01452168972326401855857531686	(60,20)
-0.01302597699731434964720905639	(60,21)
-0.01130226439377922721744818479	(60,22)
-0.00943845685772714372013753992	(60,23)
-0.00752944073876211917596719113	(60,24)
-0.0056717813997512650739919919	(60,25)
-0.00395862821153481657749919206	(60,26)
-0.00247507509603879565746144054	(60,27)
-0.00129414750552282069138267232	(60,28)
-0.00047352246552466777569123029	(60,29)
-0.0000530409421164729837289469	(60,30)