a^2^1^2_1_(sigma,mu)
0.6666666666666643860643639536	(1,1)
0.6666666666664826120098958063	(1,2)
0.6666666666652568420260309981	(1,3)
0.6666666666613098203199746921	(1,4)
0.6666666666522413954128092777	(1,5)
0.6666666666350612527729774361	(1,6)
0.6666666666063559971622711646	(1,7)
0.6666666665624827724837651151	(1,8)
0.6666666664997804286077730158	(1,9)
0.6666666664147884963829945855	(1,10)
0.6666666663044639276704030166	(1,11)
0.6666666661663856865807023564	(1,12)
0.6666666659989378119545130394	(1,13)
0.6666666658014624673565854638	(1,14)
0.6666666655743757043301354448	(1,15)
0.6666666653192401360475788845	(1,16)
0.6666666650387904011615848684	(1,17)
0.6666666647369091423153367537	(1,18)
0.6666666644185531810690473992	(1,19)
0.66666666408963158869883979	(1,20)
0.6666666637568393719488781765	(1,21)
0.6666666634274524469388423339	(1,22)
0.6666666631090913855997994111	(1,23)
0.6666666628094630011398708883	(1,24)
0.6666666625360901015417896709	(1,25)
0.666666662296040594648528899	(1,26)
0.6666666620956674976140901321	(1,27)
0.6666666619403712303758341017	(1,28)
0.666666661834394829549920717	(1,29)
0.6666666617806614139912597	(1,30)
0.6666666666664821066262262878	(2,1)
0.6666666666517718580208493955	(2,2)
0.6666666665525751863872681662	(2,3)
0.6666666662331584760627688965	(2,4)
0.6666666654992870502599073089	(2,5)
0.6666666641089666954556340443	(2,6)
0.6666666617859649730624643314	(2,7)
0.6666666582354801078508202264	(2,8)
0.666666653161229885800116897	(2,9)
0.6666666462831724388463643154	(2,10)
0.6666666373550461617438995174	(2,11)
0.6666666261809264728139293988	(2,12)
0.6666666126300403330304914542	(2,13)
0.6666665966491519665119150099	(2,14)
0.6666665782719311041185456296	(2,15)
0.6666665576248341467662381984	(2,16)
0.6666665349291648181991674228	(2,17)
0.6666665104991301592624405879	(2,18)
0.6666664847358661136850507125	(2,19)
0.6666664581175702409850558285	(2,20)
0.6666664311860425329217240088	(2,21)
0.6666664045300934489786772135	(2,22)
0.6666663787664248561438898235	(2,23)
0.6666663545187175917042054997	(2,24)
0.6666663323957615344052058965	(2,25)
0.6666663129695332221540378899	(2,26)
0.6666662967541559312675883588	(2,27)
0.6666662841866631200366618826	(2,28)
0.666666275610425989316411145	(2,29)
0.66666627126200029114030536	(2,30)
0.666666666665245193001504941	(3,1)
0.6666666665519474772695865376	(3,2)
0.6666666657879388875800027317	(3,3)
0.6666666633278048397656379738	(3,4)
0.6666666576755580937510094924	(3,5)
0.6666666469673696408217804803	(3,6)
0.6666666290757095115135191934	(3,7)
0.6666666017300282710986673868	(3,8)
0.6666665626483755038410613988	(3,9)
0.6666665096738851510711247243	(3,10)
0.6666664409098678071013582216	(3,11)
0.6666663548473306536134029648	(3,12)
0.6666662504790784399038818485	(3,13)
0.666666127395107535608704831	(3,14)
0.6666659858547589752684521586	(3,15)
0.6666658268320135868832117128	(3,16)
0.6666656520313611797121161289	(3,17)
0.6666654638728256252198716717	(3,18)
0.6666652654459477273715632067	(3,19)
0.6666650604337854651060800298	(3,20)
0.6666648530092500382473047053	(3,21)
0.6666646477073141192755245383	(3,22)
0.6666644492777575311986238549	(3,23)
0.6666642625241015795153018584	(3,24)
0.6666640921351700153432263268	(3,25)
0.6666639425162470681614263716	(3,26)
0.6666638176270329499735813842	(3,27)
0.6666637208334891903562339904	(3,28)
0.666663654780202813254562953	(3,29)
0.66666362128908485595808381	(3,30)
0.6666666666612208852729291595	(4,1)
0.6666666662271681081545307633	(4,2)
0.6666666633001889838856342516	(4,3)
0.666666653875215243400899113	(4,4)
0.6666666322209987835658712298	(4,5)
0.6666665911970619618607562818	(4,6)
0.6666665226526725357180436298	(4,7)
0.666666417889189151803303596	(4,8)
0.6666662681643090818637793301	(4,9)
0.6666660652149623996688478542	(4,10)
0.6666658017748692299778081155	(4,11)
0.6666654720630849273428373729	(4,12)
0.6666650722211325083091293944	(4,13)
0.6666646006784618656903614295	(4,14)
0.6666640584288639785564965812	(4,15)
0.666663449203982906654795716	(4,16)
0.6666627795340877901586913469	(4,17)
0.6666620586906734727435644212	(4,18)
0.666661298510133655018419348	(4,19)
0.6666605131025696572116444625	(4,20)
0.6666597184546210583062969881	(4,21)
0.6666589319398705033968032174	(4,22)
0.6666581717546988332199332947	(4,23)
0.6666574563012428688586372009	(4,24)
0.6666568035421205574365628482	(4,25)
0.6666562303536261468344929696	(4,26)
0.666655751904977179799283316	(4,27)
0.6666553810907796283953816496	(4,28)
0.666655128042101397311607192	(4,29)
0.66665499973842759136739113	(4,30)
0.6666666666518397491890300554	(5,1)
0.666666665470069084189674353	(5,2)
0.6666666575009505461862203446	(5,3)
0.6666666318401148887584567963	(5,4)
0.6666665728834264805012255349	(5,5)
0.666666461189935844063346264	(5,6)
0.6666662745681658932474411577	(5,7)
0.6666659893349456377504973444	(5,8)
0.6666655816883403240332573044	(5,9)
0.6666650291313566280367157794	(5,10)
0.6666643118811168232703886176	(5,11)
0.6666634141990319387895826877	(5,12)
0.666662325580972267927433937	(5,13)
0.6666610417522612001411290832	(5,14)
0.6666595654201862612800558518	(5,15)
0.6666579067462955586624691149	(5,16)
0.6666560835116984287718144723	(5,17)
0.6666541209605940376368989296	(5,18)
0.6666520513199883000387854608	(5,19)
0.6666499130066861172195506778	(5,20)
0.666647749545780618794712312	(5,21)
0.6666456082375641752701838053	(5,22)
0.6666435386215534207269066326	(5,23)
0.6666415907965931206148416051	(5,24)
0.6666398136641939175959609279	(5,25)
0.6666382531677948211300132532	(5,26)
0.6666369506030224104866828293	(5,27)
0.666635941072877341693992072	(5,28)
0.666635252156936739502049777	(5,29)
0.66663490285517368410043226	(5,30)
0.6666666666337308043994378758	(6,1)
0.6666666640085974405051204357	(6,2)
0.6666666463063484635512720263	(6,3)
0.6666665893045022840316853054	(6,4)
0.6666664583407441065140392561	(6,5)
0.6666662102298960653818614735	(6,6)
0.666665795677035383777801233	(6,7)
0.6666651620739561494216602413	(6,8)
0.6666642565491318559375023384	(6,9)
0.6666630291305008072982395287	(6,10)
0.6666614358759707358097578083	(6,11)
0.6666594418283823304759244597	(6,12)
0.6666570236593687835460930771	(6,13)
0.6666541718794963782332790915	(6,14)
0.666650892509562335453151567	(6,15)
0.6666472081292182753837722413	(6,16)
0.6666431582434448318619148543	(6,17)
0.6666387989341057081161144141	(6,18)
0.6666342017921355047216367234	(6,19)
0.6666294521551002691838567049	(6,20)
0.666624646704059245751980225	(6,21)
0.6666198905018704509451287793	(6,22)
0.6666152935812005175087244207	(6,23)
0.6666109672132797406575070444	(6,24)
0.6666070200065854333574015797	(6,25)
0.6666035539968764427859684489	(6,26)
0.6666006608952354375676492306	(6,27)
0.6665984186581946785286253175	(6,28)
0.666596888533236962629837257	(6,29)
0.6665961127141040800255326	(6,30)
0.6666666666027674024755144495	(7,1)
0.6666666615097144795671109722	(7,2)
0.666666627165368787283184362	(7,3)
0.6666665165754171390654976407	(7,4)
0.6666662624911730846054904258	(7,5)
0.6666657811288711018205946248	(7,6)
0.6666649768516975161545133292	(7,7)
0.6666637475957392561705201524	(7,8)
0.6666619907879327235347141978	(7,9)
0.6666596094830173726557872392	(7,10)
0.6666565184378529978238197575	(7,11)
0.6666526498449877672448288316	(7,12)
0.6666479584622735882584325829	(7,13)
0.6666424259004553578996341698	(7,14)
0.6666360638646434768043542041	(7,15)
0.6666289161869722742925240784	(7,16)
0.6666210595351138444207035841	(7,17)
0.6666126027332462403464955022	(7,18)
0.666603684687146660936341866	(7,19)
0.6665944709617904205971553536	(7,20)
0.6665851491165109743380419889	(7,21)
0.6665759229575006335744211064	(7,22)
0.6665670059180264787760408205	(7,23)
0.6665586138207985143844402328	(7,24)
0.6665509573119475969410266008	(7,25)
0.666544234279618945094147364	(7,26)
0.6665386225801494870932763684	(7,27)
0.6665342733896334259279352823	(7,28)
0.666531305477661429649783007	(7,29)
0.66652980066340990607688673	(7,30)
0.666666666554122959128991124	(8,1)
0.6666666575838936209870000338	(8,2)
0.6666665970943121594672548345	(8,3)
0.6666664023158604246516257465	(8,4)
0.6666659548058588658347675419	(8,5)
0.6666651069995927001570998409	(8,6)
0.6666636904575191217961435327	(8,7)
0.6666615254232557574256592416	(8,8)
0.6666584312486324775048655187	(8,9)
0.6666542372048022578196078156	(8,10)
0.6666487931830088940453372876	(8,11)
0.6666419797946840492335991922	(8,12)
0.666633717406735968031242719	(8,13)
0.6666239736921808373037624819	(8,14)
0.6666127693362595576305414229	(8,15)
0.6666001816113306759815085373	(8,16)
0.6665863456175771177773458062	(8,17)
0.666571453078381130832159288	(8,18)
0.6665557486765517020201885509	(8,19)
0.6665395240177249674420696201	(8,20)
0.6665231094072006232989356768	(8,21)
0.6665068637228183892435644679	(8,22)
0.6664911627553669819064829766	(8,23)
0.6664763864652363055870632265	(8,24)
0.6664629056651931664808396925	(8,25)
0.6664510686800662007106517931	(8,26)
0.6664411885511229627628566617	(8,27)
0.6664335313433792986421485405	(8,28)
0.666428306076785583742094033	(8,29)
0.66642565673770172408010524	(8,30)
0.6666666664823355217182522776	(9,1)
0.666666651790331307721371659	(9,2)
0.6666665527167096247250460354	(9,3)
0.6666662336964757551525458172	(9,4)
0.6666655007374220053473956743	(9,5)
0.6666641121511088197892956252	(9,6)
0.6666617920629053601244263734	(9,7)
0.6666582460702686251192448942	(9,8)
0.6666531783224531552222724357	(9,9)
0.6666463092333649635378286261	(9,10)
0.6666373930136261178093476419	(9,11)
0.6666262342175175629666495316	(9,12)
0.6666127025431889061253759426	(9,13)
0.6665967451971341169906068086	(9,14)
0.6665783962325401225264159497	(9,15)
0.6665577823915329366059643169	(9,16)
0.66653512511931748127262029	(9,17)
0.6665107385694797760020229574	(9,18)
0.6664850235799672115279416702	(9,19)
0.6664584577639053597565290135	(9,20)
0.6664315820234056902839015775	(9,21)
0.6664049839521978226183805292	(9,22)
0.6663792787379445201397086819	(9,23)
0.6663550883005978082541690807	(9,24)
0.6663330195020648382327938663	(9,25)
0.6663136423280298911225818256	(9,26)
0.66629746896925230609534426	(9,27)
0.6662849347129199358898256261	(9,28)
0.666276381492872888056861264	(9,29)
0.66627204484168650927408301	(9,30)
0.6666666663813802545078235941	(10,1)
0.6666666436427969217745745327	(10,2)
0.6666664903081337525206281982	(10,3)
0.6666659965658387947383399309	(10,4)
0.6666648621786647780326359533	(10,5)
0.6666627130943796089503692558	(10,6)
0.6666591223600691751335452508	(10,7)
0.6666536343642732609776645665	(10,8)
0.6666457912819522768436933649	(10,9)
0.6666351605012192256329189407	(10,10)
0.6666213617701206506743293387	(10,11)
0.6666040928158310406876836358	(10,12)
0.6665831522543558218773108638	(10,13)
0.6665584587213789249171840155	(10,14)
0.6665300653082917445318806101	(10,15)
0.6664981685751809369493077003	(10,16)
0.6664631116278941553526352049	(10,17)
0.6664253809824139942534453079	(10,18)
0.6663855971896431940221953287	(10,19)
0.6663444994499257639613381231	(10,20)
0.6663029247011084586817189506	(10,21)
0.6662617819077146578484572617	(10,22)
0.6662220225019851048530811108	(10,23)
0.6661846081195940278801671167	(10,24)
0.6661504769230792868243710068	(10,25)
0.6661205099043590314043105084	(10,26)
0.6660954985956487609817425617	(10,27)
0.6660761155897280802165488929	(10,28)
0.666062889173418099219217861	(10,29)
0.66605618321407028925179466	(10,30)
0.6666666662447492720421261384	(11,1)
0.6666666326160757376353480158	(11,2)
0.6666664058455529659975802546	(11,3)
0.6666656756380171955686597731	(11,4)
0.6666639979678340087972792097	(11,5)
0.6666608196500801706583864571	(11,6)
0.6666555092814835813273175244	(11,7)
0.6666473931091705255714606022	(11,8)
0.6666357941631515900061779668	(11,9)
0.6666200728445425213117632502	(11,10)
0.6665996670994456344685926311	(11,11)
0.6665741303276549816983597394	(11,12)
0.6665431652717716896117040578	(11,13)
0.666506652299095134497421852	(11,14)
0.6664646707171376454523721125	(11,15)
0.6664175120440720912839623035	(11,16)
0.6663656844775829727343308373	(11,17)
0.6663099081588365488322244913	(11,18)
0.6662511012016109712835000901	(11,19)
0.6661903568384048175298720493	(11,20)
0.6661289124130253322181189545	(11,21)
0.666068111309088261532338754	(11,22)
0.6660093592313167572010448108	(11,23)
0.6659540765361054346053991225	(11,24)
0.6659036485241940790673586271	(11,25)
0.6658593757473186800946535942	(11,26)
0.6658224264306959376644056675	(11,27)
0.6657937930663041028587437439	(11,28)
0.665774255085343381597095696	(11,29)
0.66576434927510092723369957	(11,30)
0.6666666660655387339180865558	(12,1)
0.6666666181529979135754526822	(12,2)
0.6666662950611753792276253208	(12,3)
0.6666652546971960498985240435	(12,4)
0.6666628644398819432188352888	(12,5)
0.6666583361573618866244088329	(12,6)
0.666650770309554150027786172	(12,7)
0.6666392070832150261434684632	(12,8)
0.6666226821881455007676295055	(12,9)
0.6666002847345589410638239329	(12,10)
0.6665712145194977175772020231	(12,11)
0.6665348360746064221700478558	(12,12)
0.6664907269634717653883721825	(12,13)
0.6664387180550135069969988415	(12,14)
0.6663789238280030272531284066	(12,15)
0.6663117611666872404808954865	(12,16)
0.6662379555734595580670704835	(12,17)
0.6661585342354464425933253839	(12,18)
0.6660748059208801620486239694	(12,19)
0.6659883282303818869123718783	(12,20)
0.6659008632688196121396875646	(12,21)
0.6658143233150492244940325479	(12,22)
0.6657307085284083310332517275	(12,23)
0.6656520391207448354810406596	(12,24)
0.6655802847201396222588973778	(12,25)
0.6655172938385573440807159911	(12,26)
0.6654647264154498543806159694	(12,27)
0.6654239923333349065271878742	(12,28)
0.66539619858700652392812878	(12,29)
0.66538210744067574632325268	(12,30)
0.6666666658365434889739139307	(13,1)
0.6666665996720767615213819197	(13,2)
0.6666661535009599787804631429	(13,3)
0.6666647168200423241343563845	(13,4)
0.6666614160255248142085041409	(13,5)
0.6666551627874575726893996546	(13,6)
0.6666447149867415806347954695	(13,7)
0.6666287473842414011651116934	(13,8)
0.666605928746300588725206212	(13,9)
0.6665750018566958372177369505	(13,10)
0.666534862711370168246165319	(13,11)
0.666484635220741583157396441	(13,12)
0.6664237379294683814943682476	(13,13)
0.666351939593778856078761725	(13,14)
0.6662694009156775413250606393	(13,15)
0.6661767003018921944950023595	(13,16)
0.6660748421711998202116828183	(13,17)
0.6659652470527974842450049515	(13,18)
0.6658497234751962072742796258	(13,19)
0.6657304224128836659627231161	(13,20)
0.6656097758086265127201020443	(13,21)
0.6654904213936431483423285668	(13,22)
0.6653751166563814341297357204	(13,23)
0.6652666453342027137678043908	(13,24)
0.6651677201937534002267434211	(13,25)
0.6650808861017533926296588495	(13,26)
0.665008427450562939772417027	(13,27)
0.6649522838819799485950741935	(13,28)
0.664913977947170733214803671	(13,29)
0.66489455785947866816560429	(13,30)
0.6666666655503595398554761852	(14,1)
0.6666665765757781587875951183	(14,2)
0.6666659765879623862635986076	(14,3)
0.6666640446164408764434866825	(14,4)
0.6666596058997850441110266081	(14,5)
0.666651196965751361805584092	(14,6)
0.6666371476328111854029905692	(14,7)
0.6666156761330877168295221566	(14,8)
0.6665849929501281134564107264	(14,9)
0.6665434085589004409870297149	(14,10)
0.6664894400648100249921999372	(14,11)
0.6664219117680375202539251598	(14,12)
0.6663400449241121657698699728	(14,13)
0.6662435324177272804834462808	(14,14)
0.6661325946934417894924393649	(14,15)
0.6660080140672025844044454587	(14,16)
0.6658711454450037082241863858	(14,17)
0.665723902464318566825558174	(14,18)
0.6655687191123552141001221487	(14,19)
0.6654084879229187463338463755	(14,20)
0.6652464768697811659081885745	(14,21)
0.6650862280177611487986120351	(14,22)
0.6649314418229189303329776935	(14,23)
0.6647858516525017195041133917	(14,24)
0.6646530935898840374670140103	(14,25)
0.6645365768723306133669165346	(14,26)
0.664439360360849399871957567	(14,27)
0.6643640402527025395872507003	(14,28)
0.664312653820810285912374635	(14,29)
0.66428660331503926255011032	(14,30)
0.6666666651994940286809802637	(15,1)
0.6666665482593969447044918169	(15,2)
0.6666657596903299672012096597	(15,3)
0.6666632204878958231497490095	(15,4)
0.6666573866781003904593050312	(15,5)
0.6666463348980520370129715121	(15,6)
0.6666278702608804161352648428	(15,7)
0.6665996515203066829491550322	(15,8)
0.6665593277407513894551219941	(15,9)
0.6665046801288151511222958046	(15,10)
0.6664337624143375289976658882	(15,11)
0.6663450331941603313462420746	(15,12)
0.666237473966482561952268019	(15,13)
0.6661106871732931113613678566	(15,14)
0.6659649694065363376395031119	(15,15)
0.6658013559842568799282505767	(15,16)
0.6656216343215820440005346505	(15,17)
0.665428324857156542281054443	(15,18)
0.6652246296930674328338403886	(15,19)
0.6650143505072548649062944328	(15,20)
0.6648017786431347127396851908	(15,21)
0.6645915615143798431359277041	(15,22)
0.6643885505299041097663476057	(15,23)
0.6641976365973549429742885322	(15,24)
0.6640235798632320073379188996	(15,25)
0.6638708406646359835126521957	(15,26)
0.6637434186840191114417514124	(15,27)
0.6636447070097293255075008024	(15,28)
0.663577367221036988801146839	(15,29)
0.66354323075996845704209845	(15,30)
0.6666666647764814237349496074	(16,1)
0.6666665141204337650269647911	(16,2)
0.666665498193130142413438691	(16,3)
0.6666622269004950972666484689	(16,4)
0.6666547111516395807829696919	(16,5)
0.6666404731827241636135862518	(16,6)
0.6666166856571667605463775576	(16,7)
0.6665803331352971749670372661	(16,8)
0.6665283884449204122433517521	(16,9)
0.6664579957507023605484871911	(16,10)
0.6663666517494833708325473592	(16,11)
0.6662523764297102248361122718	(16,12)
0.6661138652285495045406638926	(16,13)
0.6659506151849913175463519311	(16,14)
0.6657630187894166901468953293	(16,15)
0.6655524206218370001163501894	(16,16)
0.6653211334906085919748403895	(16,17)
0.6650724125581463409539012219	(16,18)
0.6648103877897580308538881396	(16,19)
0.6645399569024033128934446282	(16,20)
0.6642666427387850246134061058	(16,21)
0.6639964205702890905925052032	(16,22)
0.6637355221700100161615957553	(16,23)
0.6634902245362869170536825507	(16,24)
0.6632666318439200450501523966	(16,25)
0.6630704595265177125201952958	(16,26)
0.6629068293378920581294882554	(16,27)
0.6627800838083690910724199596	(16,28)
0.662693627724452274174218254	(16,29)
0.66264980315309385543402569	(16,30)
0.6666666642740034853552097264	(17,1)
0.6666664735682769119520925487	(17,2)
0.6666651875725148100564135959	(17,3)
0.6666610466667502034621425984	(17,4)
0.6666515330465101142448447329	(17,5)
0.6666335104751348291712292806	(17,6)
0.6666034005604646295734005358	(17,7)
0.6665573874674399372601800006	(17,8)
0.6664916416069096289484743782	(17,9)
0.6664025518758909281448679774	(17,10)
0.666286955517037917945818106	(17,11)
0.6661423546483731229071645197	(17,12)
0.6659671090001064798280410044	(17,13)
0.6657605953712095622655003343	(17,14)
0.6655233257466142733328139316	(17,15)
0.6652570178339417205960965626	(17,16)
0.6649646139016904444903099396	(17,17)
0.6646502461260846011696868805	(17,18)
0.6643191490667684400126194923	(17,19)
0.6639775222731210375566182482	(17,20)
0.6636323482570829556704100085	(17,21)
0.6632911730492457473075904919	(17,22)
0.6629618581931965687931534741	(17,23)
0.6626523142603036466869751474	(17,24)
0.6623702267383277952026791701	(17,25)
0.6621227854415695171666570732	(17,26)
0.6619164284097273472685885974	(17,27)
0.6617566106296606225241344915	(17,28)
0.661647606868286354441038754	(17,29)
0.66159235649877146501388803	(17,30)
0.6666666636850098656968286758	(18,1)
0.6666664260339353209493199808	(18,2)
0.6666648234702766270188477682	(18,3)
0.6666596632289249944245218733	(18,4)
0.6666478077869763312677459122	(18,5)
0.6666253491608887203626754731	(18,6)
0.6665878288583971579520954414	(18,7)
0.6665304934362172042879661549	(18,8)
0.6664485738668360684078378574	(18,9)
0.6663375756632092895370921534	(18,10)
0.6661935660236554848734480445	(18,11)
0.6660134441948685060098261391	(18,12)
0.665795181835665625466966476	(18,13)
0.6655380213916380951594716863	(18,14)
0.6652426223181017320674986639	(18,15)
0.6649111473348327182291891079	(18,16)
0.6645472836455120974051059875	(18,17)
0.664156197064182863722198543	(18,18)
0.6637444200990656871362257514	(18,19)
0.6633196780838200645278376493	(18,20)
0.6628906602579885226003423261	(18,21)
0.6624667451412178433495060315	(18,22)
0.6620576915078012058755767447	(18,23)
0.6616733076716835159065729466	(18,24)
0.6613231125967253833936072987	(18,25)
0.661016002547443794485158662	(18,26)
0.6607599366170847675028794049	(18,27)
0.6605616535623498398759382594	(18,28)
0.660426431003822678505686016	(18,29)
0.66035789629433482601398348	(18,30)
0.6666666630028361435528247511	(19,1)
0.6666663709795645670352221799	(19,2)
0.6666644017668197904099174581	(19,3)
0.6666580609363411459693122075	(19,4)
0.666643493242463994290969958	(19,5)
0.6666158969935662904533540378	(19,6)
0.6665697947160137798076522017	(19,7)
0.6664993478046719734376356287	(19,8)
0.6663987006525572858603161724	(19,9)
0.6662623381389037988954892528	(19,10)
0.6660854394364635305228717826	(19,11)
0.6658642109596351373287238067	(19,12)
0.6655961819652912549887066942	(19,13)
0.6652804478431031166256285061	(19,14)
0.6649178484439321091037811309	(19,15)
0.6645110717899022567860755802	(19,16)
0.6640646770323036428858752686	(19,17)
0.6635850343756536657488009375	(19,18)
0.6630801836439695030313473182	(19,19)
0.6625596169977825712296620389	(19,20)
0.6620339948006768679119284151	(19,21)
0.6615148065976060529180244813	(19,22)
0.6610139914659264591044447898	(19,23)
0.6605435335503960694925386147	(19,24)
0.6601150493672531283912676317	(19,25)
0.6597393834821016292725878994	(19,26)
0.6594262284941574962493685014	(19,27)
0.6591837839854357952405836309	(19,28)
0.659018467321950081518185559	(19,29)
0.6589346870317155597061544	(19,30)
0.6666666622213166780853697266	(20,1)
0.6666663079075747251007536057	(20,2)
0.6666639186509280167282245629	(20,3)
0.6666562253105145975827715309	(20,4)
0.6666385504417983715684838656	(20,5)
0.6666050686606837200335310115	(20,6)
0.6665491355674549347811845661	(20,7)
0.6664636703564099454510070654	(20,8)
0.6663415744929694163074016877	(20,9)
0.6661761667853918461361331047	(20,10)
0.6659616139625630743778340912	(20,11)
0.6656933356192796070476129243	(20,12)
0.6653683631903869514641029116	(20,13)
0.6649856344887007355920053099	(20,14)
0.6645462082377763899018673551	(20,15)
0.6640533868175504187168755067	(20,16)
0.6635127399103865653915707715	(20,17)
0.662932026617253558959052985	(20,18)
0.6623210186013164529735255153	(20,19)
0.6616912315944357647270694232	(20,20)
0.6610555768802716499890053615	(20,21)
0.6604279479071637660103708521	(20,22)
0.6598227598181310850496076308	(20,23)
0.659254461329617983149763627	(20,24)
0.6587370390411298693936545792	(20,25)
0.6582835339803904820200589451	(20,26)
0.6579055891002769444076221349	(20,27)
0.6576130446914853813728811313	(20,28)
0.657413596413934152660186875	(20,29)
0.65731252802588162083620409	(20,30)
0.666666661334890574437329088	(21,1)
0.6666662363691823253597001773	(21,2)
0.666663370685274223708084894	(21,3)
0.6666541432941098667599419544	(21,4)
0.6666329442438531636636556037	(21,5)
0.666592787254096264942680751	(21,6)
0.6665257049250975753342228953	(21,7)
0.6664232087568362588642730013	(21,8)
0.666276792824381181251547714	(21,9)
0.6660784573625308906265372655	(21,10)
0.6658212269201521960556374688	(21,11)
0.6654996373373710896985083867	(21,12)
0.6651101667092246679721295206	(21,13)
0.6646515877790671027442432134	(21,14)
0.6641252228017482198630890801	(21,15)
0.6635350866637181978965719429	(21,16)
0.662887909668616360875595176	(21,17)
0.6621930375284890987780240055	(21,18)
0.6614622123263718969776350293	(21,19)
0.660709244112112824226815953	(21,20)
0.6599495879757924001259369009	(21,21)
0.6591998456074068497151179646	(21,22)
0.6584772133008427266060808866	(21,23)
0.6577989000171250958550313884	(21,24)
0.6571815395229046514323918044	(21,25)
0.6566406198954317451273224397	(21,26)
0.6561899520290160605494376323	(21,27)
0.6558411964142851343119082454	(21,28)
0.655603464612158824174304577	(21,29)
0.65548300870267311515913053	(21,30)
0.6666666603386999067294858865	(22,1)
0.6666661559723374355473857578	(22,2)
0.6666627548671432741592130888	(22,3)
0.6666518034816992329152320759	(22,4)
0.6666266439591625909023443506	(22,5)
0.6665789856327974498853234737	(22,6)
0.6664993749828352956426111638	(22,7)
0.6663777430573555728360350539	(22,8)
0.6662040052216953338738253478	(22,9)
0.665968684853947583356731654	(22,10)
0.6656635305384908412524642175	(22,11)
0.6652820956864473101672263508	(22,12)
0.6648202505298635352155279638	(22,13)
0.6642765991867161762175563736	(22,14)
0.6636527789261505861675765189	(22,15)
0.6629536246678782006001238556	(22,16)
0.6621871887631006944040555007	(22,17)
0.661364613740624460726323736	(22,18)
0.6604998634041442889126237553	(22,19)
0.6596093248724921894392423192	(22,20)
0.6587113003626970187969754565	(22,21)
0.6578254123430421869791821206	(22,22)
0.6569719489029801033294648701	(22,23)
0.6561711777405902345348255181	(22,24)
0.6554426571545106240095563203	(22,25)
0.6548045710674710931863401788	(22,26)
0.6542731127012609293195086222	(22,27)
0.6538619383933203324479582114	(22,28)
0.653581709498705462404159967	(22,29)
0.65343973660827653459826606	(22,30)
0.666666659228679883046087426	(23,1)
0.6666660663890004074768042671	(23,2)
0.6666620686841723088471870886	(23,3)
0.6666491963315787301832034374	(23,4)
0.6666196239204492339577085893	(23,5)
0.6665636076734914130391310703	(23,6)
0.6664700390042355890228994679	(23,7)
0.6663270898253921970898810399	(23,8)
0.6661229200243024822956850158	(23,9)
0.6658464134876212792603484163	(23,10)
0.6654879064036121738627242229	(23,11)
0.6650398706591436793339741838	(23,12)
0.6644975162662024693193404342	(23,13)
0.6638592800462031569961570098	(23,14)
0.6631271732247113784904808434	(23,15)
0.6623069678812261466033444571	(23,16)
0.6614082108839545767755809061	(23,17)
0.6604440633755884176869317326	(23,18)
0.6594309733264570351953265403	(23,19)
0.6583881973979734088248466432	(23,20)
0.6573371957163699603572915139	(23,21)
0.6563009286696773905882722428	(23,22)
0.6553030882552467480370309572	(23,23)
0.6543672977992670476289697622	(23,24)
0.6535163132317905538434955105	(23,25)
0.6527712568768130340580608159	(23,26)
0.6521509113426583159935535534	(23,27)
0.6516710970268983173751810723	(23,28)
0.65134415239052256204709422	(23,29)
0.65117853182426260014107357	(23,30)
0.6666666580016408095212071949	(24,1)
0.666665967361756747786693369	(24,2)
0.6666613101650198331244213219	(24,3)
0.6666463143582980258127632254	(24,4)
0.6666118640011109039944143701	(24,5)
0.6665466094067041868258724031	(24,6)
0.6664376134908710310320291903	(24,7)
0.6662711058909461873082078937	(24,8)
0.6660333103391667212935208605	(24,9)
0.6657113057988753428140787647	(24,10)
0.6652938784939397625454221955	(24,11)
0.6647723206740444068974843579	(24,12)
0.664141133163399382029350245	(24,13)
0.6633985926587952356799127121	(24,14)
0.6625471513401983689397552304	(24,15)
0.6615936453039360313050928098	(24,16)
0.6605492990097060126873677366	(24,17)
0.6594295245070222149940139566	(24,18)
0.6582535257107583914263595074	(24,19)
0.6570437284720512918192106901	(24,20)
0.6558250658187967115361762746	(24,21)
0.6546241539396845874308477853	(24,22)
0.6534683979815945820632661812	(24,23)
0.6523850675610217441320305648	(24,24)
0.6514003803696687935729244166	(24,25)
0.6505386288935007450773937429	(24,26)
0.6498213806744919836543008599	(24,27)
0.6492667773375981348284256013	(24,28)
0.648888952312565906637378059	(24,29)
0.64869758219073805002787933	(24,30)
0.666666656655341618056349574	(25,1)
0.6666658587097511020268479879	(25,2)
0.6666604779248175543085582184	(25,3)
0.666643152305344733595225272	(25,4)
0.6666033500801310169980695341	(25,5)
0.6665279600349493668561065752	(25,6)
0.6664020401237923263066243344	(25,7)
0.6662096916965302670090539437	(25,8)
0.6659350193977337046891228744	(25,9)
0.665563130695834233771605392	(25,10)
0.665081124739724412574870216	(25,11)
0.6644790184701804232467449031	(25,12)
0.6637505591874461152820112216	(25,13)
0.6628938774120589501280082324	(25,14)
0.6619119418547699885692409224	(25,15)
0.6608127892220305374313187617	(25,16)
0.659609514633456116135117806	(25,17)
0.658320022525663365545636858	(25,18)
0.6569665518155393176529156516	(25,19)
0.6555750015682800961461003697	(25,20)
0.6541740934298655813363549589	(25,21)
0.6527944139431198133277436822	(25,22)
0.6514673832861032369033370706	(25,23)
0.6502241970823206027191331228	(25,24)
0.6490947852178499191181348634	(25,25)
0.6481068267853371964265040477	(25,26)
0.6472848541889199626305233743	(25,27)
0.6466494728919735928700253356	(25,28)
0.646216716942851466362509861	(25,29)
0.64599755474095496410746223	(25,30)
0.6666666551885545190188441707	(26,1)
0.6666657403339049454023481258	(26,2)
0.6666595712051334692062731236	(26,3)
0.6666397072969479827324355656	(26,4)
0.6665940744506027990503122984	(26,5)
0.666507642826700804565922774	(26,6)
0.6663632874659312247757584966	(26,7)
0.6661427942286290718593664301	(26,8)
0.6658279652299151517240855054	(26,9)
0.6654017704683834846993869147	(26,10)
0.6648494870150743417912604683	(26,11)
0.6641597647532675328639733195	(26,12)
0.6633255589789733229992575121	(26,13)
0.6623448756298714345131530414	(26,14)
0.661221284510396500206273797	(26,15)
0.6599641691100944918666684841	(26,16)
0.6585886974570261478807142092	(26,17)
0.657115515504431810855291961	(26,18)
0.6555701812184047929566065586	(26,19)
0.6539823722610523258079160926	(26,20)
0.652384911667487364020906641	(26,21)
0.6508126633717105332923577412	(26,22)
0.6493013525700075357775679928	(26,23)
0.6478863649856142354769872836	(26,24)
0.6466015748234545807694996743	(26,25)
0.6454782445726881432952148598	(26,26)
0.6445440319250880940396985115	(26,27)
0.6438221309593010710300915818	(26,28)
0.643330567225270958462719146	(26,29)
0.64308165999846444058082566	(26,30)
0.6666666536011201531415563342	(27,1)
0.6666656122213674733859777668	(27,2)
0.6666585899080591416800782767	(27,3)
0.6666359789675282562581008076	(27,4)
0.6665840361678866212293796612	(27,5)
0.6664856558773922244456742269	(27,6)
0.6663213524084936745068221179	(27,7)
0.6660704095009351872279641957	(27,8)
0.6657121446064151506106311433	(27,9)
0.665227226664908567346120635	(27,10)
0.6645989794497705520935904598	(27,11)
0.6638145994313968529101886303	(27,12)
0.6628662184447873075043425121	(27,13)
0.6617517478453397753628086103	(27,14)
0.6604754523325857693057368463	(27,15)
0.6590482175752615924053096853	(27,16)
0.6574874948933601580953168917	(27,17)
0.6558169267539530424824208249	(27,18)
0.6540656766884190171969777844	(27,19)
0.6522675044874154498219220842	(27,20)
0.650459640607249839811959811	(27,21)
0.6486815216691877224096462549	(27,22)
0.6469734515119816170881533144	(27,23)
0.6453752499187035965084549869	(27,24)
0.6439249448802666156224790955	(27,25)
0.6426575554078768074500351613	(27,26)
0.6416040018823690539266054041	(27,27)
0.6407901710202254526437314048	(27,28)
0.640236153747303543349043493	(27,29)
0.63995566722815133949154623	(27,30)
0.6666666518939925128668389301	(28,1)
0.6666654744491407959897745653	(28,2)
0.6666575346239699537493119273	(28,3)
0.666631969567078025931223789	(28,4)
0.6665732413327747344262636051	(28,5)
0.6664620127272835138597218269	(28,6)
0.6662762613418757459971028013	(28,7)
0.6659925845555305231637318562	(28,8)
0.6655876361947659956581052036	(28,9)
0.6650396247535247146425156469	(28,10)
0.6643297949397094933033482127	(28,11)
0.6634438102707924173782022236	(28,12)
0.6623729557584770604108886222	(28,13)
0.6611150871977053035324326942	(28,14)
0.659675267278407961405980152	(28,15)
0.6580660478761359679350192074	(28,16)
0.6563073808204148677405315632	(28,17)
0.6544261639238945656092876799	(28,18)
0.6524554525296268718101494585	(28,19)
0.6504333868749494568228589417	(28,20)
0.6484019002779532567662654539	(28,21)
0.6464052814336900589930296087	(28,22)
0.6444886657968822599285273273	(28,23)
0.6426965268293245226192955552	(28,24)
0.6410712291690877426829431709	(28,25)
0.639651694269421304336386058	(28,26)
0.6384722165501272644307392174	(28,27)
0.6375614561852857082278560954	(28,28)
0.636941624503539370063164757	(28,29)
0.63662787029484235763956155	(28,30)
0.6666666500692728968783631398	(29,1)
0.6666653271868200169142887829	(29,2)
0.6666564066525032115775471578	(29,3)
0.6666276840407441158300516778	(29,4)
0.6665617033050086948620105087	(29,5)
0.6664367428260016598836684819	(29,6)
0.6662280710316756566528311198	(29,7)
0.6659094189485210343396337239	(29,8)
0.6654546028756048659081970161	(29,9)
0.6648392174875450176941529029	(29,10)
0.6640423097415940557887536721	(29,11)
0.6630479388158438562660938607	(29,12)
0.6618465285665258739783620441	(29,13)
0.6604359276976367329015813769	(29,14)
0.6588221091004914469451200005	(29,15)
0.6570194626600527793984370677	(29,16)
0.6550506631928433800329976389	(29,17)
0.6529461242383576960857779377	(29,18)
0.650743075993222522241747951	(29,19)
0.6484843287772544022728418549	(29,20)
0.6462167997790304344657577406	(29,21)
0.6439898892252375022129191399	(29,22)
0.6418537925131997168961059047	(29,23)
0.6398578282754138158005181343	(29,24)
0.6380488506306725856152472704	(29,25)
0.6364697992382611327127346362	(29,26)
0.6351584254330137725099217011	(29,27)
0.6341462185816443885933064402	(29,28)
0.633457545233448754183411869	(29,29)
0.63310900538632174327069537	(29,30)
0.666666648130232236185632842	(30,1)
0.6666651706983948029111248086	(30,2)
0.6666552080163452274006047103	(30,3)
0.6666231300810595975957685571	(30,4)
0.6665494428429783398091674308	(30,5)
0.6664098918346540493465930945	(30,6)
0.6661768691825513881808572575	(30,7)
0.6658210656906481453773285304	(30,8)
0.6653132931727438624055180915	(30,9)
0.6646263869067444520606077676	(30,10)
0.6637370860567606434443172629	(30,11)
0.6626277834482186976869234687	(30,12)
0.6612880372437184567868577272	(30,13)
0.659715747176750327265983922	(30,14)
0.6579179172236266241034851346	(30,15)
0.6559109537122479962579464074	(30,16)
0.6537204803268793742815829983	(30,17)
0.6513806857369331087224225924	(30,18)
0.6489332517296088399468753408	(30,19)
0.6464259361386285862495133666	(30,20)
0.643910902846396297784401752	(30,21)
0.6414428993635771281730691683	(30,22)
0.6390773811104831921105430375	(30,23)
0.6368686720028356253154821464	(30,24)
0.6348682356598719628205841192	(30,25)
0.6331231132953991488461983092	(30,26)
0.631674565831486128618433512	(30,27)
0.6305569412334216298462552104	(30,28)
0.629796775048993948720646934	(30,29)
0.62941212341555970879448185	(30,30)
0.6666666460813212592204132508	(31,1)
0.6666650053430694689722997084	(31,2)
0.6666539414674984082537933164	(31,3)
0.6666183181515777805932377328	(31,4)
0.666536488166258849500905497	(31,5)
0.6663815217582543312045482111	(31,6)
0.666122774676282052347346479	(31,7)
0.6657277316198793595661966248	(31,8)
0.6651640417615273029579326403	(31,9)
0.664401644923645760839891557	(31,10)
0.6634148725365991835216034121	(31,11)
0.6621843995016866904015382471	(31,12)
0.6606989241035455322528877867	(31,13)
0.6589564648267223295721700605	(31,14)
0.6569651855571355574928613353	(31,15)
0.6547436926852070857210331121	(31,16)
0.6523207859094174709981659544	(31,17)
0.6497346847031861820795942117	(31,18)
0.64703178965013095532160097	(31,19)
0.6442650678093357410478368406	(31,20)
0.6414921708051866448211049014	(31,21)
0.6387734020333358519985388818	(31,22)
0.636169645662842330660590811	(31,23)
0.6337403569991148937118886503	(31,24)
0.6315416943020550625870744028	(31,25)
0.629624849777406707884866095	(31,26)
0.6280346154234024593855314978	(31,27)
0.6268082003172535780990422413	(31,28)
0.62597430147214020423403647	(31,29)
0.62555242134599590262744591	(31,30)
0.666666643928168122308504225	(32,1)
0.6666648315750714309505277306	(32,2)
0.6666526104857977159844158075	(32,3)
0.6666132614810355818177710641	(32,4)
0.6665228749386582352568861186	(32,5)
0.6663517109034545640194454208	(32,6)
0.6660659374747803959761266024	(32,7)
0.6656296771907974148533976981	(32,8)
0.6650072690330279920221936499	(32,9)
0.6641656324648555526503009146	(32,10)
0.6630766026739717884325139258	(32,11)
0.6617190963969128791647934795	(32,12)
0.6600809685384799648264055367	(32,13)
0.6581604333314459485760028699	(32,14)
0.6559669503020550858307430127	(32,15)
0.6535215129603998616417619148	(32,16)
0.650856323025475732258627436	(32,17)
0.6480138797763029586626183504	(32,18)
0.6450455569639929934832136713	(32,19)
0.6420097734198262821004535943	(32,20)
0.6389698844330674967892335446	(32,21)
0.6359919277006377772533273771	(32,22)
0.6331423509738150563829735974	(32,23)
0.6304858311189080175687653431	(32,24)
0.6280832700103640818047448827	(32,25)
0.6259900256831135022684143977	(32,26)
0.6242544113153677964397488335	(32,27)
0.6229164728482426441344460722	(32,28)
0.622007040210202491643719745	(32,29)
0.62154703790890428306836937	(32,30)
0.6666666416775633026384737397	(33,1)
0.6666646499424316597839418592	(33,2)
0.6666512192695515192242026694	(33,3)
0.6666079760275760479354252524	(33,4)
0.6665086461705378103338572341	(33,5)
0.6663205536589924146061864515	(33,6)
0.6660065381834962799308490323	(33,7)
0.6655272156739340563891145542	(33,8)
0.6648434797054742350483212883	(33,9)
0.6639191171593846287260031856	(33,10)
0.6627233910784094688242570376	(33,11)
0.6612334318097514641777224477	(33,12)
0.6594362781357863967185077359	(33,13)
0.6573304256948330512691505498	(33,14)
0.6549267709476852688090285215	(33,15)
0.6522488829753318969992055971	(33,16)
0.6493325877333940869745460296	(33,17)
0.6462249035401249201541592714	(33,18)
0.6429824155254040381367939209	(33,19)
0.6396692143685442499178428217	(33,20)
0.6363545467837515104178800566	(33,21)
0.6331103304507777144401812004	(33,22)
0.6300086757393548277117096805	(33,23)
0.627119534128058522046820735	(33,24)
0.6245085634344662378587664293	(33,25)
0.622235267887782332045908101	(33,26)
0.6203514411355985335389266534	(33,27)
0.6188999157839503366355740097	(33,28)
0.617913605948575774635586068	(33,29)
0.61741482014286936772852619	(33,30)
0.66666663933743172237035305877	(34,1)
0.66666446108473461552593300171	(34,2)
0.66664977271828797791385569599	(34,3)
0.66660248041296396518340926589	(34,4)
0.66649385204026239155642854947	(34,5)
0.6662881600986836608682525255	(34,6)
0.6659447872753482929134135919	(34,7)
0.6654207117665092676071210096	(34,8)
0.6646732604880710284775929235	(34,9)
0.663662989587580720657887324	(34,10)
0.6623565276657155254224751135	(34,11)
0.6607292029347029545540789706	(34,12)
0.6587672758830285149057663695	(34,13)
0.6564696169617510880519726583	(34,14)
0.6538487047800780009347061474	(34,15)
0.6509308715170772472673507829	(34,16)
0.6477557829323943856068553355	(34,17)
0.6443752026519535384281717078	(34,18)
0.6408511459511227663057992666	(34,19)
0.6372535698617126638120908016	(34,20)
0.6336577694615834359192710606	(34,21)
0.6301416533511719376113774377	(34,22)
0.6267830565271511003065948378	(34,23)
0.6236572205930476496372263817	(34,24)
0.6208345353208509211592738202	(34,25)
0.6183785979511049343642314573	(34,26)
0.6163446123832144588352600172	(34,27)
0.6147781231845859298112601025	(34,28)
0.613714061094436408623299329	(34,29)
0.6131760678407600379990331	(34,30)
0.66666663691679223887945147941	(35,1)
0.66666426572984856603209107938	(35,2)
0.66664827640769101372483420067	(35,3)
0.66659679582712034571912790657	(35,4)
0.66647854963569724732371987381	(35,5)
0.66625465540913416686595693804	(35,6)
0.66588092397985942279325872996	(35,7)
0.6653105796240490438987556499	(35,8)
0.664497276815597751766889795	(35,9)
0.663398258125014873160032289	(35,10)
0.6619774698237506458143407687	(35,11)
0.6602084349504325614084002686	(35,12)
0.6580766836411234552741576474	(35,13)
0.6555815611166503686057183769	(35,14)
0.6527372753406779700273615556	(35,15)
0.6495731056326385917253163195	(35,16)
0.6461327634539610806910075934	(35,17)
0.6424729678005213260521073912	(35,18)
0.6386613602360641364611247471	(35,19)
0.6347739302490771421398232861	(35,20)
0.6308921451765797040005825712	(35,21)
0.6270999793076875579788525927	(35,22)
0.6234810167105268181917398346	(35,23)
0.6201157674291277080470208876	(35,24)
0.6170792939887395217593909166	(35,25)
0.614439201580018799550469295	(35,26)
0.6122540066101919520048520897	(35,27)
0.610571868414882134689059919	(35,28)
0.609429649740898201853727181	(35,29)
0.6088522633190793958634928	(35,30)
0.66666663442570479458179523939	(36,1)
0.66666406468965998391598259001	(36,2)
0.66664673655690793283765314245	(36,3)
0.66659094590367464942373769294	(36,4)
0.66646280261767746867459365737	(36,5)
0.66622017914657204637564529601	(36,6)
0.66581521484647362442572296321	(36,7)
0.66519728032991878443869455027	(36,8)
0.66431626868457755271364285145	(36,9)
0.6631260424349724875322826284	(36,10)
0.6615878326449385969736608333	(36,11)
0.6596733668355283397250757365	(36,12)
0.6573675021200612679318182805	(36,13)
0.6546701635213394237899931469	(36,14)
0.6515974353732889636913236609	(36,15)
0.6481817219321462944344588812	(36,16)
0.644470973461082761534399644	(36,17)
0.6405270549611484514340400831	(36,18)
0.6364234047958381482857398136	(36,19)
0.6322421801171548752194789022	(36,20)
0.6280711096344929741443284149	(36,21)
0.6240002711047238219278722934	(36,22)
0.6201189847033453397534620491	(36,23)
0.6165129711041476101266473368	(36,24)
0.6132618729967979821139372211	(36,25)
0.6104371889212437285017955719	(36,26)
0.6081006250885910129471153435	(36,27)
0.6063028384162740908617588803	(36,28)
0.605082524139396454037757962	(36,29)
0.60446579392959278816179437	(36,30)
0.66666663187520566927308009276	(37,1)
0.66666385885484778022932584796	(37,2)
0.66664515998850321888441091878	(37,3)
0.66658495656758533322195181561	(37,4)
0.66644668080832537362985231738	(37,5)
0.66618488432929331527217079918	(37,6)
0.66574795199505837913388789788	(37,7)
0.66508131882685680967527062524	(37,8)
0.66413104563329277633324348975	(37,9)
0.66284756568087781594455944741	(37,10)
0.6611893773420199310712287634	(37,11)
0.6591264347193581591366659274	(37,12)
0.65664298764224834154607517	(37,13)
0.6537396493186014129162086843	(37,14)
0.650434524879695466142483355	(37,15)
0.6467633121602151981200798107	(37,16)
0.6427783773541507538464080213	(37,17)
0.6385468995421357823805219257	(37,18)
0.6341482559954607097883304995	(37,19)
0.6296708737266404342443442385	(37,20)
0.6252087959246207530870276279	(37,21)
0.6208582043978915669625658979	(37,22)
0.6167141058788369053569919575	(37,23)
0.6128673394792412886542980713	(37,24)
0.6094020045408846138546393059	(37,25)
0.6063933517222689054583926108	(37,26)
0.6039061324215729363817859374	(37,27)
0.6019933668346518475972762341	(37,28)
0.600695470688910461368772292	(37,29)
0.60003967443512436387197072	(37,30)
0.66666662927723141805025934672	(38,1)
0.66666364918874444335291765513	(38,2)
0.66664355408141966406291799001	(38,3)
0.6665788558562087729213988147	(38,4)
0.66643025970798001799560971512	(38,5)
0.66614893637416610321024055009	(38,6)
0.6656794510703382339740272531	(38,7)
0.66496324034108950085743382977	(38,8)
0.66394248091839715294657684942	(38,9)
0.66256414554589378846237628998	(38,10)
0.66078399798655529996569711385	(38,11)
0.6585702529845625046104985914	(38,12)
0.6559066260202145755987137061	(38,13)
0.6527945282809888223720445303	(38,14)
0.6492542249673781747712792173	(38,15)
0.6453248639821997189479840344	(38,16)
0.6410633854575802172745127096	(38,17)
0.6365424250883938229582212005	(38,18)
0.631847410282172210568624609	(38,19)
0.6270731054137505897481009574	(38,20)
0.6223198845618294018350943061	(38,21)
0.6176899973685108515338922581	(38,22)
0.61328405242966132552075765	(38,23)
0.6091978830664629111165887863	(38,24)
0.6055198938414751543003396731	(38,25)
0.6023289230379616106837453712	(38,26)
0.5996926041217265327054131484	(38,27)
0.5976661722928470471291266489	(38,28)
0.596291641910723438464794583	(38,29)
0.59559727580864249275511269	(38,30)
0.66666662664453220844129290843	(39,1)
0.66666343672034168798525563211	(39,2)
0.66664192671738870932180455151	(39,3)
0.6665726737155031953809714045	(39,4)
0.66641361994532816493437813678	(39,5)
0.66611251188744507992062746164	(39,6)
0.66561004892044558700611000987	(39,7)
0.66484362633553360035071598906	(39,8)
0.66375150495030285023475291409	(39,9)
0.66227718416099942166365752947	(39,10)
0.66037370672948492493337637714	(39,11)
0.6580075933641457879007528683	(39,12)
0.6551621039087804759068799988	(39,13)
0.6518395566237154454633650209	(39,14)
0.6480625082163095276636548247	(39,15)
0.64387369797523251516330836	(39,16)
0.6393347757970328213121024274	(39,17)
0.6345239482270995747897422978	(39,18)
0.6295327710298028994164167207	(39,19)
0.624462377521312732250973663	(39,20)
0.6194194522268108447434755435	(39,21)
0.614512240563899688081311702	(39,22)
0.6098468351564962225741584643	(39,23)
0.605523910120567675940861968	(39,24)
0.6016359993207715732356622038	(39,25)
0.5982653446086642759914370972	(39,26)
0.5954822835455046773331799567	(39,27)
0.5933441073939217176865427044	(39,28)
0.591894300125823958119011901	(39,29)
0.59116206623800365797586948	(39,30)
0.6666666239905753910260872192	(40,1)
0.66666322253650795619340107426	(40,2)
0.66664028622130642210910166778	(40,3)
0.6665664417733372247356462934	(40,4)
0.66639684666608600819299749058	(40,5)
0.66607579732180408198204367664	(40,6)
0.66554010102290692101416516596	(40,7)
0.66472309003392128427575795641	(40,8)
0.66355909805786049973153485987	(40,9)
0.66198815705498980852570678543	(40,10)
0.65996061767958701637175040695	(40,11)
0.65744136229716897028488389135	(40,12)
0.654413278016569804214548964	(40,13)
0.6508796963270052192120692716	(40,14)
0.6468655863159407476071541595	(40,15)
0.6424174018294295241622587979	(40,16)
0.6376016132750256621014096154	(40,17)
0.6325020815088776668061467409	(40,18)
0.6272165341277985575477171756	(40,19)
0.621852468292884022325126732	(40,20)
0.6165228220426761110220605505	(40,21)
0.6113417301544194853353325952	(40,22)
0.6064206207817341196633395786	(40,23)
0.6018648294876190405571732863	(40,24)
0.5977708227705589234719763444	(40,25)
0.5942240463376647776132765612	(40,26)
0.59129735278687824216126308	(40,27)
0.5890499231846202079443005582	(40,28)
0.587526577645418671283229941	(40,29)
0.58675736918633184418677973	(40,30)
0.66666662132944024812240705111	(41,1)
0.66666300777349401248200169203	(41,2)
0.66663864129615966293645237804	(41,3)
0.66656019309213088204232056529	(41,4)
0.66638002886627256008191592705	(41,5)
0.66603898751299438816374410113	(41,6)
0.66546997868419253508503813602	(41,7)
0.66460227156239768281183035678	(41,8)
0.66336628266006863180043219402	(41,9)
0.66169860125002204628216412167	(41,10)
0.65954692962889463567621109342	(41,11)
0.6568745768226742349125405839	(41,12)
0.65366414257804026301271238063	(41,13)
0.6499200725268438519808838324	(41,14)
0.6456698557289340808354018368	(41,15)
0.6409637627540456383922234542	(41,16)
0.6358731675155894399219377097	(41,17)
0.6304876357215102501716990786	(41,18)
0.6249110742175936163816688488	(41,19)
0.6192573019636108003701189425	(41,20)
0.6136454179427705208976517333	(41,21)
0.6081953074591280045316977604	(41,22)
0.6030235579012656712466996058	(41,23)
0.5982399645411941769196531597	(41,24)
0.5939447130133186334649981759	(41,25)
0.5902262414980283576187315199	(41,26)
0.5871597212487365258852407496	(41,27)
0.5848060528544058839949078798	(41,28)
0.583211257282729782170143299	(41,29)
0.5824061423308933648249337	(41,30)
0.66666661867570496443612290377	(42,1)
0.66666279360781088945975525159	(42,2)
0.66663700095314831077900119183	(42,3)
0.66655396190328898871257098198	(42,4)
0.66636325867673520344562127183	(42,5)
0.6660022841108708094091937139	(42,6)
0.66540006604143137572009793798	(42,7)
0.6644818327592165304748987942	(42,8)
0.66317411492861702791865289437	(42,9)
0.66141010263451801782618953891	(42,10)
0.65913490782402779215274110299	(42,11)
0.65631033930176889867542349559	(42,12)
0.6529187954952542881030000417	(42,13)
0.6489659295344422867829112996	(42,14)
0.6444818421262371078591555321	(42,15)
0.6395206990490290019406610893	(42,16)
0.6341588305804901291842014539	(42,17)
0.6284915231378409963901024475	(42,18)
0.6226288333019992852668286417	(42,19)
0.6166908230284138414215323304	(42,20)
0.6108026253423886424377786887	(42,21)
0.6050897071504475269229831185	(42,22)
0.599673614140487206279341853	(42,23)
0.5946683808833526025631523151	(42,24)
0.5901776858024806867461116272	(42,25)
0.5862927404478789862163430101	(42,26)
0.5830908346786254188973258094	(42,27)
0.5806344174494960809753973912	(42,28)
0.57897057595396656539952813	(42,29)
0.57813078014043882995692594	(42,30)
0.6666666160443269512582221591	(43,1)
0.66666258124657151530389957944	(43,2)
0.66663537443770351522839915392	(43,3)
0.66654778332609134624239557439	(43,4)
0.66634663060613137860648328656	(43,5)
0.66596589392068930303717021872	(43,6)
0.66533075689701549256518672235	(43,7)
0.66436245170657773923391499521	(43,8)
0.66298367602996677939040804283	(43,9)
0.66112428275142987600340039017	(43,10)
0.65872686498903071206110472285	(43,11)
0.65575181126294982573202527335	(43,12)
0.65218140355888260559466216685	(43,13)
0.64802258603480699085302389656	(43,14)
0.6433081443105007495550491346	(43,15)
0.6380961917473743972651656752	(43,16)
0.6324680356652226168546366109	(43,17)
0.6265246630127472463476339041	(43,18)
0.6203822132403181161045037107	(43,19)
0.6141668763760534857652364666	(43,20)
0.6080096599451158168773542896	(43,21)
0.6020414160687758954293742095	(43,22)
0.5963884265001469385130987187	(43,23)
0.5911687298069775583143924198	(43,24)
0.5864892619326357774545667621	(43,25)
0.5824437847732926222366866868	(43,26)
0.5791115065237258365669196701	(43,27)
0.5765562553936373534114624513	(43,28)
0.574826053110385813835283652	(43,29)
0.57395294180557518400688997	(43,30)
0.66666661345051773113271920051	(44,1)
0.66666237191739343249146882895	(44,2)
0.66663377115214839120087535019	(44,3)
0.66654169307387919807488325078	(44,4)
0.66633024075003361397200605726	(44,5)
0.6659300271715599713946863852	(44,6)
0.66526245141857787768381145793	(44,7)
0.66424481704139551052715646345	(44,8)
0.66279606303939089549763711234	(44,9)
0.66084278514410257308433739505	(44,10)
0.6583251418087856465026705236	(44,11)
0.65520218666605577934697788061	(44,12)
0.65145616715106027046647419513	(44,13)
0.64709538999484073124031065321	(44,14)
0.64215537830375839568400993938	(44,15)
0.6366982171614500310136379406	(44,16)
0.6308101777679875716360502445	(44,17)
0.6245978904738210718595362913	(44,18)
0.6181834734041754260078310877	(44,19)
0.6116990946615740026529414241	(44,20)
0.6052814461118380664744146751	(44,21)
0.5990665440838073539487473838	(44,22)
0.5931851662911307710735396696	(44,23)
0.5877591088404012131208720312	(44,24)
0.5828983247725302127298602227	(44,25)
0.5786989029476536801139175106	(44,26)
0.5752417725696869684906688989	(44,27)
0.5725919766710407148147305188	(44,28)
0.570798344775923510980505924	(44,29)
0.56989340525363480015926774	(44,30)
0.66666661090961365225107494804	(45,1)
0.66666216685796504526383680223	(45,2)
0.66663220057578596017958231957	(45,3)
0.6665357271505218077010335954	(45,4)
0.66631418597420428094534970889	(45,5)
0.66589489572973071908352781883	(45,6)
0.66519555273821237410340549593	(45,7)
0.66412962210384794432473800691	(45,8)
0.66261237962194991823881976789	(45,9)
0.66056726140428558156225218284	(45,10)
0.65793208708257270261185997985	(45,11)
0.65466466487608465141095510895	(45,12)
0.65074728481948686863157109451	(45,13)
0.64618967378280923512738387812	(45,14)
0.64103012222314680223149077396	(45,15)
0.6353346810809285309801630199	(45,16)
0.6291945371949507869681465952	(45,17)
0.6227218697649247916571276198	(45,18)
0.6160446345176617229000886243	(45,19)
0.6093007939638871389985823847	(45,20)
0.6026325058148272402964457284	(45,21)
0.5961807079517183347595824566	(45,22)
0.5900804194892645769468104518	(45,23)
0.5844569400517479649830932013	(45,24)
0.5794229977225061288543230412	(45,25)
0.575076787827292581750522934	(45,26)
0.5715007690120865661398170731	(45,27)
0.5687610416759012836237727409	(45,28)
0.566907123090529160438278611	(45,29)
0.5659719470935260069094711	(45,30)
0.66666660843694375055262943055	(46,1)
0.66666196730538176288691634254	(46,2)
0.66663067218322910575205864054	(46,3)
0.66652992154025917348556411333	(46,4)
0.66629856308037826289095581008	(46,5)
0.66586071127497355758672954671	(46,6)
0.66513046348580762699282073701	(46,7)
0.66401755898393707237455913934	(46,8)
0.66243372657677908885086967357	(46,9)
0.66029935706733783896163173536	(46,10)
0.65755003775507963687243786237	(46,11)
0.65414242362997935530403907234	(46,12)
0.65005891809348910535681480283	(46,13)
0.64531070996540237385102204138	(46,14)
0.63993886250787241456965931956	(46,15)
0.634013355275100921914022201	(46,16)
0.6276302066260695662690040077	(46,17)
0.6209070126090672108960522908	(46,18)
0.6139773894507923883591026961	(46,19)
0.606984878452963752717059224	(46,20)
0.6000768588064965227299298761	(46,21)
0.5933989286545333275744419649	(46,22)
0.5870900828119998627163279966	(46,23)
0.5812788662011487274387669268	(46,24)
0.5760805414568608226657943156	(46,25)
0.5715951956193031618203269302	(46,26)
0.567906633392067192903559096	(46,27)
0.5650818639915245663940913178	(46,28)
0.563170980502305740969164514	(46,29)
0.56220724757137968813909897	(46,30)
0.66666660604769611213253765694	(47,1)
0.66666177448536119715693000241	(47,2)
0.66662919536180855021502368588	(47,3)
0.66652431189409585936338295661	(47,4)
0.66628346796309359347270670885	(47,5)
0.66582768345874333241843297669	(47,6)
0.66506758229198517199862721792	(47,7)
0.66390931252698773258117522985	(47,8)
0.66226119234135400201704772659	(47,9)
0.66004069749844726809897269399	(47,10)
0.65718129902739955116453335059	(47,11)
0.65363859226790899780105135452	(47,12)
0.64939515688963916587277649471	(47,13)
0.64446366820768254001817455123	(47,14)
0.6388879419942855978220299128	(47,15)
0.63274181685217407430717654432	(47,16)
0.62612602232325034026970426	(47,17)
0.6191634022645419297956318869	(47,18)
0.6119930214869650740796040449	(47,19)
0.6047637544836898950521673784	(47,20)
0.5976279342656519660513500537	(47,21)
0.5907355422845839515892054474	(47,22)
0.5842292753441161522780303011	(47,23)
0.5782406643100571490006711945	(47,24)
0.5728872702565837195765168088	(47,25)
0.568270865374508102484089791	(47,26)
0.5644764272244185807957964657	(47,27)
0.5615717357449934346094947495	(47,28)
0.559607357126068317409967882	(47,29)
0.5586168189883809058840716	(47,30)
0.6666666037567841087102165258	(48,1)
0.66666158960144819613137576134	(48,2)
0.66662777932890715106095018664	(48,3)
0.66651893321596586726207016552	(48,4)
0.66626899476622030088341278945	(48,5)
0.66579601806297522705083113711	(48,6)
0.66500730029636523035896816342	(48,7)
0.66380555435904835126138306501	(48,8)
0.66209584355163098435622878074	(48,9)
0.65979287391088295714442783772	(48,10)
0.65682812474358486759600825436	(48,11)
0.65315622548613308665856772866	(48,12)
0.64875998582798496918673456001	(48,13)
0.64365357365666008527109701442	(48,14)
0.63788351026645239880262448416	(48,15)
0.63152739092644658551393400851	(48,16)
0.6246904999217444723300170477	(48,17)
0.6175007236626300396129656906	(48,18)
0.6101023303511463480109001766	(48,19)
0.6026492542503124339418774301	(48,20)
0.5952984938537018700556589259	(48,21)
0.5882041241638886804058210853	(48,22)
0.5815122651302045590462871419	(48,23)
0.5753571757787428235269632439	(48,24)
0.5698584862786066790376009876	(48,25)
0.5651194575849680330210725465	(48,26)
0.561226078664179496321578338	(48,27)
0.558246773696545181934544851	(48,28)
0.556232489297135247183044042	(48,29)
0.55521695554268340797012449	(48,30)
0.66666660157871388436515472862	(49,1)
0.66666141382432093349911728232	(49,2)
0.66662643305007202663966357504	(49,3)
0.66651381955189896280770991482	(49,4)
0.66625523504785536673824029213	(49,5)
0.66576591517838255059447109028	(49,6)
0.66494999769673720009897324219	(49,7)
0.66370693699254744480484039652	(49,8)
0.66193871575218919931736362317	(49,9)
0.65955742965306584057748423743	(49,10)
0.65649269823947212489649505617	(49,11)
0.65269827785183975698161911645	(49,12)
0.64815725175104300258259904702	(49,13)
0.64288526714273709872596157566	(49,14)
0.63693147663950158355991698409	(49,15)
0.63037709694450841178218130583	(49,16)
0.6233317751110691253145325722	(49,17)
0.615928199842051268602759826	(49,18)
0.6083155660725328556054335511	(49,19)
0.6006525688837688849415590117	(49,20)
0.5931005658267579001797783094	(49,21)
0.5858174255726511133524917165	(49,22)
0.5789524098140293346087636438	(49,23)
0.5726422518307279037298210219	(49,24)
0.567008430247572344923166568	(49,25)
0.5621555101029781687262055289	(49,26)
0.5581703431967824776364763915	(49,27)
0.5551218838649814787113592509	(49,28)
0.553061376994572821568045918	(49,29)
0.5520227022046928452992864	(49,30)
0.66666659952745446242720350887	(50,1)
0.6666612482813085183152923095	(50,2)
0.66662516515875010813435846633	(50,3)
0.66650900368539479678080239424	(50,4)
0.66624227696217700275868661429	(50,5)
0.66573756742091190827163583444	(50,6)
0.66489604037419371453361720777	(50,7)
0.66361408807133397771840396535	(50,8)
0.66179080434780591354104057672	(50,9)
0.65933584689574610831785882517	(50,10)
0.6561771138300838922115395545	(50,11)
0.65226757930199734345569473174	(50,12)
0.64759063270744282834895416213	(50,13)
0.64216336748638823495337651892	(50,14)
0.63603746606454523479916955314	(50,15)
0.62929759892687970739702595543	(50,16)
0.6220575493872194813803873144	(50,17)
0.6144545347392966910811440415	(50,18)
0.6066423705683881054600228949	(50,19)
0.5987841906590987355598368209	(50,20)
0.5910453896114803637586495162	(50,21)
0.5835873222065781490900739286	(50,22)
0.5765621101411591480671492848	(50,23)
0.5701087127969327854430347953	(50,24)
0.5643502467936100395761326797	(50,25)
0.5593924093434983945654924066	(50,26)
0.5553227800912396611141278515	(50,27)
0.5522107422542423387002015455	(50,28)
0.550107767579282474127853248	(50,29)
0.5490478400102094589084352	(50,30)
0.6666665976163118173960208592	(51,1)
0.66666109404622864963710748185	(51,2)
0.66662398387847773581643671416	(51,3)
0.66650451684215281196481278091	(51,4)
0.66623020446668546238831490126	(51,5)
0.66571115820461279860031270637	(51,6)
0.66484577662840966608092207918	(51,7)
0.6635276048124207166473928755	(51,8)
0.6616530558843537467898010062	(51,9)
0.65912953384398232030733531986	(51,10)
0.65588335910028010416634624036	(51,11)
0.65186681182883339073346436422	(51,12)
0.64706360863144055234279814718	(51,13)
0.64149223615162418993651909029	(51,14)
0.63520677817911050347514363237	(51,15)
0.6282951597943662732415122787	(51,16)
0.62087504094660085726446823572	(51,17)
0.6130878622583917448467286131	(51,18)
0.6050917266780488184263380463	(51,19)
0.5970538638045351065506183253	(51,20)
0.5891433700649372497293057157	(51,21)
0.5815247732900092653946587916	(51,22)
0.5743527749503502540260910724	(51,23)
0.5677683195693135353171430098	(51,24)
0.5618959624891523796200206562	(51,25)
0.556842374576627725169196686	(51,26)
0.5526957422160498496591577776	(51,27)
0.5495257891202548847434522905	(51,28)
0.547384153176584622540152178	(51,29)
0.54630488504566603220302074	(51,30)
0.66666659585780821829872132777	(52,1)
0.66666095212965073432435254397	(52,2)
0.66662289694833102459059601547	(52,3)
0.66650038840721392563376099796	(52,4)
0.66621909656300239117274413346	(52,5)
0.66568686008858885691249111814	(52,6)
0.66479953405602627149609095701	(52,7)
0.66344804869939505960942785061	(52,8)
0.66152635974260279097928585125	(52,9)
0.65893981259109841824594234434	(52,10)
0.65561329815078782351784285648	(52,11)
0.65149848753459709934409184456	(52,12)
0.6465794339192876756053903411	(52,13)
0.64087594444424596159251826535	(52,14)
0.63444434966743404775286070525	(52,15)
0.62737559987090069147575061704	(52,16)
0.61979094069623683461473832682	(52,17)
0.6118357014307964974012186766	(52,18)
0.6036719142496366871959869692	(52,19)
0.595470543268890878975536789	(52,20)
0.5874040405015193868875480613	(52,21)
0.5796397901390936669044500076	(52,22)
0.5723347961571881982391409942	(52,23)
0.5656317554477033328163894597	(52,24)
0.5596564745510211456267364591	(52,25)
0.5545164530504547388883954743	(52,26)
0.5503003767708390510712674756	(52,27)
0.5470782341871881570007020346	(52,28)
0.544901779015082137885533885	(52,29)
0.5438050983881825727492673	(52,30)
0.66666659426356809737315822017	(53,1)
0.66666082346968564604302262713	(53,2)
0.6666219115524111671388449368	(53,3)
0.66649664565744532981101202359	(53,4)
0.66620902657905925958414521457	(53,5)
0.66566483321492609811925574425	(53,6)
0.66475761660355352665136592028	(53,7)
0.66337594047960263786249621969	(53,8)
0.66141154032352679990186135606	(53,9)
0.65876790772351559843363300659	(53,10)
0.65536865593858017773268729592	(53,11)
0.65116492821825434223830971467	(53,12)
0.64614111207438520743654864119	(53,13)
0.64031824341266706115817060313	(53,14)
0.63375472004195738753223052466	(53,15)
0.62654425958824900952150315728	(53,16)
0.61881137327590131103421638215	(53,17)
0.6107049173872776630735642265	(53,18)
0.6023904727873921361769644396	(53,19)
0.5940423607090229472819840855	(53,20)
0.5858360334811636378236727339	(53,21)
0.5779414128927198880141137554	(53,22)
0.5705175321746493809246925067	(53,23)
0.5637086165664118017042310779	(53,24)
0.557641548160675684061815041	(53,25)
0.5524245236951788349437483953	(53,26)
0.5481466345192543057265414828	(53,27)
0.5448780702729333117219311254	(53,28)
0.542670660097238433309886683	(53,29)
0.54155850433355038804788877	(53,30)
0.66666659284421163193793373583	(54,1)
0.66666070892339797388582790611	(54,2)
0.66662103425409796698259420988	(54,3)
0.66649331351214380227148096569	(54,4)
0.66620006150008158178005497492	(54,5)
0.66564522385354904005416876296	(54,6)
0.66472030182435323561871599243	(54,7)
0.66331175551388885248096926003	(54,8)
0.66130934979813626060471045062	(54,9)
0.65861493577647166965399050514	(54,10)
0.65515100383706590727966172316	(54,11)
0.65086824663712345693225078768	(54,12)
0.64575137256586963696568856899	(54,13)
0.63982253657294447398790724813	(54,14)
0.63314200091185076772912872982	(54,15)
0.62580596636364308514985164725	(54,16)
0.61794186292664190022118149308	(54,17)
0.6097016877989716718822817865	(54,18)
0.6012541701042309775564913757	(54,19)
0.5927765969027559554138795575	(54,20)
0.5844470583095239088408236452	(54,21)
0.5764376941035300803255970749	(54,22)
0.5689092982124939689703022969	(54,23)
0.562007409109834742286197154	(54,24)
0.5558598204046484766216309079	(54,25)
0.5505753072340323902761039552	(54,26)
0.5462432852060417325751651576	(54,27)
0.5429340928995404062676408275	(54,28)
0.540699603706035414084043465	(54,29)
0.53957391438090428775620351	(54,30)
0.66666659160925714847898208377	(55,1)
0.66666060925893024652041770989	(55,2)
0.66662027093575613376353791455	(55,3)
0.6664904143043473531010086765	(55,4)
0.66619226135527410529529585581	(55,5)
0.66562816306884950877083767736	(55,6)
0.66468783836713229201117697128	(55,7)
0.66325591952394743350386264941	(55,8)
0.66122046148877446749140615157	(55,9)
0.65848189563129266881599660299	(55,10)
0.6549617465279175393086145435	(55,11)
0.65061032956752107967082220389	(55,12)
0.64541265002022135624337054976	(55,13)
0.63939185554816542565416953868	(55,14)
0.63260984876695098644422502571	(55,15)
0.62516500557958841377780845591	(55,16)
0.61718730399680812926594035522	(55,17)
0.6088314744039814794444316535	(55,18)
0.6002689763906663422065652134	(55,19)
0.5916796597719916164709195613	(55,20)
0.583243884198116625808874016	(55,21)
0.5751356879012753297365189047	(55,22)
0.5675173619431127732762811959	(55,23)
0.5605355515994938535906984968	(55,24)
0.5543188089377608694940017028	(55,25)
0.5489763806527613497180303738	(55,26)
0.5445979369898712765675138137	(55,27)
0.5412539236308740915416857511	(55,28)
0.538996235431059926698625537	(55,29)
0.53785895462820581626842785	(55,30)
0.66666659056703336718714835316	(56,1)
0.66666052514842129027307232767	(56,2)
0.66661962674452275028145562997	(56,3)
0.66648796757523184155977216529	(56,4)
0.66618567866653843713601787739	(56,5)
0.66561376552167763501644888548	(56,6)
0.6646604437209868644456262612	(56,7)
0.66320880477821869210557852565	(56,8)
0.66114546394229377437172525226	(56,9)
0.65836965993519496347780101418	(56,10)
0.65480211032279398734235509025	(56,11)
0.65039282277050209936666150958	(56,12)
0.64512706584296200922207736124	(56,13)
0.63902883868579542564674809087	(56,14)
0.63216144127634287772999097732	(56,15)
0.62462509556576886642777852571	(56,16)
0.616551935850688778276097464	(56,17)
0.6080989992175283811009278125	(56,18)
0.599440043105492471474989056	(56,19)
0.5907570672124790110642708908	(56,20)
0.5822323280661301615228985836	(56,21)
0.5740414434997807053366972268	(56,22)
0.5663479431079126404801247592	(56,23)
0.5592993806494169782866902234	(56,24)
0.5530249236132754787557443132	(56,25)
0.547634194145688929027497192	(56,26)
0.5432170579108745181467685618	(56,27)
0.5398440350837838196558146885	(56,28)
0.537567026612844755600938586	(56,29)
0.53642009445396433291013235	(56,30)
0.66666658972460240339408883425	(57,1)
0.66666045716179266554341234277	(57,2)
0.66661910604474143686491976991	(57,3)
0.66648598989373067547572653533	(57,4)
0.66618035796491483830596478206	(57,5)
0.66560212841889368096270818078	(57,6)
0.66463830223941879052646903075	(57,7)
0.6631707267528488284589111239	(57,8)
0.6610848557486503644767023499	(57,9)
0.65827896761467680167359220846	(57,10)
0.65467313299984344918832837593	(57,11)
0.65021711795191166359566533331	(57,12)
0.64489641234767120987935214051	(57,13)
0.63873571269508391561976489341	(57,14)
0.63179945707984001805897954443	(57,15)
0.62418936646568009847568958622	(57,16)
0.61603932193522690045627227893	(57,17)
0.6075082250262058627315617782	(57,18)
0.5987716861129496270618004748	(57,19)
0.5900134339671309014768946037	(57,20)
0.5814172460305780307742485478	(57,21)
0.5731600019107045568755410342	(57,22)
0.5654062157581572717807340309	(57,23)
0.558304158734111030301346085	(57,24)
0.551983479497281337502120497	(57,25)
0.5465540888524993711231163506	(57,26)
0.5421059976272441028367817467	(57,27)
0.5387097757893948031942053346	(57,28)
0.536417321344761079745279668	(57,29)
0.5352626746062319516459316	(57,30)
0.66666658908769433066856936678	(58,1)
0.66666040576146811366219455855	(58,2)
0.66661871237753976863718923525	(58,3)
0.66648449470325440666413266818	(58,4)
0.66617633537974099795249155698	(58,5)
0.66559333062116760019470364352	(58,6)
0.664621563462923067908962306	(58,7)
0.66314194129951020630543835958	(58,8)
0.66103904115128297830966425139	(58,9)
0.65821041754349233263561121502	(58,10)
0.65457565522680095709778605185	(58,11)
0.65008434179030002192777283463	(58,12)
0.64472213945241878941619770806	(58,13)
0.63851427733001360853045719517	(58,14)
0.63152605903743230830754280393	(58,15)
0.62386034286457030072527911219	(58,16)
0.61565233276564689821814750607	(58,17)
0.6070623397881528891751222994	(58,18)
0.5982673725325098125205992132	(58,19)
0.5894524618449103910758216472	(58,20)
0.5808025277228699457750690834	(58,21)
0.5724953948462089950225089757	(58,22)
0.5646963119706176745998260704	(58,23)
0.5575540826860523108012029508	(58,24)
0.5511987098811942117387330587	(58,25)
0.5457403139172439121210400081	(58,26)
0.5412690078896822997753810082	(58,27)
0.537855393328575038851623947	(58,28)
0.535551361427956193553646538	(58,29)
0.53439093308049650054708136	(58,30)
0.66666658866065398995430881726	(59,1)
0.66666037129808123275989063318	(59,2)
0.66661844842797218647982885562	(59,3)
0.66648349219710575588982730363	(59,4)
0.6661736383047698817675488764	(59,5)
0.66558743191809626580405206455	(59,6)
0.66461034075674788146575135447	(59,7)
0.66312264234693455564170471692	(59,8)
0.66100832648823294591875796736	(59,9)
0.65816446341605460145173210837	(59,10)
0.65451031362977416737175858313	(59,11)
0.64999534709178158424644717365	(59,12)
0.644605343989157338354593785	(59,13)
0.63836589313124116735732611263	(59,14)
0.6313428808957161691627372314	(59,15)
0.62363993005934692989416682674	(59,16)
0.61539313260950807700582475284	(59,17)
0.6067637445985954872084270855	(59,18)
0.5979297108277862240163431668	(59,19)
0.5890769326732294338144390721	(59,20)
0.5803910926829539681641660893	(59,21)
0.5720506449332004390043554269	(59,22)
0.5642213260454495736793878744	(59,23)
0.5570522918312057801773231055	(59,24)
0.5506737781195678443007486431	(59,25)
0.5451960416327842264179428701	(59,26)
0.5407092604689827495842433124	(59,27)
0.53728405442318789255730848	(59,28)
0.534972307939716181754504612	(59,29)
0.53380802743663096520987435	(59,30)
0.66666658844640060135205066363	(60,1)
0.66666035400721629112117378969	(60,2)
0.66661831600007178231387662275	(60,3)
0.6664829892238873431140037509	(60,4)
0.6661722851446941169362211465	(60,5)
0.66558447247800250686126198527	(60,6)
0.664604710277284713056762953	(60,7)
0.66311296015786893808685315497	(60,8)
0.66099291749537153575373606776	(60,9)
0.65814140986693391207554630241	(60,10)
0.65447753555445239220126770147	(60,11)
0.64995070611757219896405105394	(60,12)
0.64454676165941339008500264907	(60,13)
0.6382914722325133243951352771	(60,14)
0.63125101733054021764479512961	(60,15)
0.62352940386397184855601588182	(60,16)
0.61526316967876531071889769074	(60,17)
0.6066140449316273697809092897	(60,18)
0.5977604437371441628866370226	(60,19)
0.5888887034746375674041898521	(60,20)
0.5801848882125433559558814123	(60,21)
0.5718277665191191668451489925	(60,22)
0.5639833183762812610637417227	(60,23)
0.5568008748763078991098724942	(60,24)
0.5504107873451371411888608333	(60,25)
0.5449233796746858926484651752	(60,26)
0.5404288615054225910827255112	(60,27)
0.5369978609273547293660496952	(60,28)
0.534682258344261826143474127	(60,29)
0.53351605247664737932677619	(60,30)