a^3^1^2_2_(sigma,mu)
-0.01946898047846658379220212681	(1,1)
-0.01946825185744614540341030996	(1,2)
-0.01946333850566507147556556012	(1,3)
-0.01944751746697675356017461109	(1,4)
-0.01941116877509160056338999126	(1,5)
-0.01934230886636126431907441878	(1,6)
-0.01922726301861866996112529557	(1,7)
-0.01905144579808672193659160024	(1,8)
-0.01880021340233063098808880893	(1,9)
-0.01845974829340196039374751602	(1,10)
-0.01801793477825634321481078005	(1,11)
-0.01746518429270954679620909232	(1,12)
-0.01679517107954171204528597019	(1,13)
-0.01600544263921797133563714265	(1,14)
-0.01509787461439004765112037283	(1,15)
-0.01407894641808409140367943695	(1,16)
-0.01295982164132912002808572522	(1,17)
-0.01175622574247001346519707568	(1,18)
-0.01048812235823120291444868461	(1,19)
-0.00917919839973687377495699415	(1,20)
-0.00785617651929649866939689924	(1,21)
-0.0065479811870038999293789093	(1,22)
-0.00528479116440156637824821738	(1,23)
-0.00409701631779557636470396323	(1,24)
-0.00301424024887213520061343549	(1,25)
-0.00206417197806352849885085465	(1,26)
-0.00127164981692457647570184086	(1,27)
-0.00065773861069758256805988089	(1,28)
-0.00023895780314124198093222529	(1,29)
-0.00002667243170440825605378281	(1,30)
-0.01957752805243416104373359037	(2,1)
-0.01957679536819106519730648512	(2,2)
-0.01957185461665004028799733559	(2,3)
-0.01955594535049832383082873322	(2,4)
-0.01951939395693690915286354681	(2,5)
-0.01945015004531064322753458143	(2,6)
-0.01933446263630106965502130751	(2,7)
-0.01915766496176785137953449393	(2,8)
-0.01890503156181968568075053919	(2,9)
-0.01856266785230564137128329641	(2,10)
-0.01811839058908167838042660981	(2,11)
-0.01756255775507553786666781479	(2,12)
-0.01688880834127235258099354888	(2,13)
-0.01609467620118272475625973093	(2,14)
-0.01518204747058073328990813349	(2,15)
-0.01415743773023800050164466151	(2,16)
-0.01303207285847067603512531042	(2,17)
-0.01182176603419233419705347719	(2,18)
-0.01054659223843239728325896854	(2,19)
-0.00923037047474065574022609049	(2,20)
-0.00789997239852346926143081364	(2,21)
-0.00658448374124673958758256405	(2,22)
-0.00531425150004653503335639733	(2,23)
-0.00411985504718034894024984963	(2,24)
-0.00303104286828602413290665128	(2,25)
-0.0020756784057466211604113919	(2,26)
-0.00127873838346581633743812379	(2,27)
-0.00066140502316989152600288286	(2,28)
-0.00024028981233362483938688384	(2,29)
-0.00002682111001347274750700776	(2,30)
-0.01980344273861072664267036909	(3,1)
-0.01980270159364296882079487918	(3,2)
-0.0197977037884252395110216433	(3,3)
-0.01978161080903811535456302845	(3,4)
-0.01974463733678933900097938177	(3,5)
-0.01967459383133304500155871422	(3,6)
-0.01955757053120144168685123195	(3,7)
-0.01937873132098322876677056094	(3,8)
-0.01912318073231539880833875108	(3,9)
-0.0187768637913470793425709119	(3,10)
-0.01832745665775435199404042206	(3,11)
-0.01776520610074063036648451468	(3,12)
-0.01708367782479016473956250249	(3,13)
-0.01628037740931064427406760904	(3,14)
-0.01535721300035062284692087185	(3,15)
-0.01432077565655295115106184461	(3,16)
-0.01318242111139531361676089584	(3,17)
-0.01195814532714576449677581883	(3,18)
-0.01066825520695149048496685916	(3,19)
-0.00933684480720871286513084632	(3,20)
-0.00799109596015207270401260343	(3,21)
-0.00666043000116148494193281537	(3,22)
-0.00537554395513932637316607364	(3,23)
-0.00416736977875209008534720054	(3,24)
-0.00306599884922373267097043415	(3,25)
-0.00209961567626328239373076468	(3,26)
-0.00129348471081442010550606387	(3,27)
-0.0006690321340267674332220182	(3,28)
-0.00024306071569698409542560291	(3,29)
-0.00002713039543506602739587558	(3,30)
-0.02016366112395056098102130878	(4,1)
-0.02016290647812549572644283793	(4,2)
-0.0201578176318435365815230891	(4,3)
-0.02014143149983572833315089634	(4,4)
-0.02010378451476379574845376292	(4,5)
-0.02003246509917778706322397277	(4,6)
-0.01991331013589384678775759692	(4,7)
-0.01973121331237920994310780014	(4,8)
-0.0194710079369041165483543489	(4,9)
-0.01911838320314676036577016497	(4,10)
-0.01866079107826030810328661543	(4,11)
-0.01808830109005507183020220306	(4,12)
-0.01739436229136444730010480213	(4,13)
-0.01657643549971792732121995159	(4,14)
-0.015636464383985530790591264	(4,15)
-0.01458116085960505709841727355	(4,16)
-0.01342208826067390787603443008	(4,17)
-0.01217553453140533410144571023	(4,18)
-0.01086217683786458859650105256	(4,19)
-0.00950654814283414810848420456	(4,20)
-0.00813632501172103666949235547	(4,21)
-0.00678146384312367592155612978	(4,22)
-0.00547321949623380686243152927	(4,23)
-0.00424308562083045786615560806	(4,24)
-0.00312169964938120926608482454	(4,25)
-0.00213775722307051660825365098	(4,26)
-0.00131698071300770652489747566	(4,27)
-0.0006811844666938863150788289	(4,28)
-0.00024747554380791887514094787	(4,29)
-0.00002762316994373140438255576	(4,30)
-0.02068193873891635456943930718	(5,1)
-0.02068116464898686923246139062	(5,2)
-0.02067594468425724584070947715	(5,3)
-0.02065913635072520003760471913	(5,4)
-0.02062051936788684309910804595	(5,5)
-0.02054736238763697683884820018	(5,6)
-0.02042513743359555740891761242	(5,7)
-0.02023834911133718094216233059	(5,8)
-0.01997144022292710835751461535	(5,9)
-0.01960973170045001809459116413	(5,10)
-0.01914035292057711151033244759	(5,11)
-0.01855311856177172606899705136	(5,12)
-0.0178413102179381500223108693	(5,13)
-0.01700232490163949322744471988	(5,14)
-0.01603815818840183233050644421	(5,15)
-0.01495569682769158852388877407	(5,16)
-0.01376680386774108687381595521	(5,17)
-0.01248818835111037800316785761	(5,18)
-0.01114106104097685603704193664	(5,19)
-0.00975058702208326374139421461	(5,20)
-0.00834515497301524371248461942	(5,21)
-0.00695549103481247736730075495	(5,22)
-0.00561365214787483965848935048	(5,23)
-0.00435193918970726149850197754	(5,24)
-0.00320177398054982743797793201	(5,25)
-0.00219258606829867640603449111	(5,26)
-0.00135075507684637712760550971	(5,27)
-0.00069865230739615117117266533	(5,28)
-0.00025382131009787803901732638	(5,29)
-0.00002833146432015501193905714	(5,30)
-0.0213871222146627777168950115	(6,1)
-0.02138632163741642258974848031	(6,2)
-0.0213809230594364422283527643	(6,3)
-0.02136353959178916953707298584	(6,4)
-0.02132360125641556993159095123	(6,5)
-0.02124794112056367256527086541	(6,6)
-0.02112153422963580737220750699	(6,7)
-0.02092835526665665180042201004	(6,8)
-0.02065231525765804198213470415	(6,9)
-0.02027823378767730267172703959	(6,10)
-0.01979280126700207728490012391	(6,11)
-0.01918548588293379854363824891	(6,12)
-0.01844934199118067428853834807	(6,13)
-0.0175816807560939535660126419	(6,14)
-0.01658456966719935891854142946	(6,15)
-0.01546513488872408879754620321	(6,16)
-0.01423564891886946490688907879	(6,17)
-0.01291339537230992271663732201	(6,18)
-0.0115203124415705641803118833	(6,19)
-0.01008242631079162512144577247	(6,20)
-0.00862909506015352459313964813	(6,21)
-0.00719209200253176300438596049	(6,22)
-0.00580456456616187907103787255	(6,23)
-0.0044999104637932436749143087	(6,24)
-0.00331061672446607967329714204	(6,25)
-0.00226710904242252967758722769	(6,26)
-0.00139665873850001156736183247	(6,27)
-0.00072239244114063082066581733	(6,28)
-0.00026244547298016092747802617	(6,29)
-0.00002929405369379490158534825	(6,30)
-0.02231114882475581950997708877	(7,1)
-0.0223103134937640349379389428	(7,2)
-0.02230468055920265728386528852	(7,3)
-0.02228654246515893552561853129	(7,4)
-0.0222448704055825389244677794	(7,5)
-0.02216592594550295789632229942	(7,6)
-0.0220340321150394837930202386	(7,7)
-0.02183246843445433864376484329	(7,8)
-0.0215444484646663188986912531	(7,9)
-0.02115413444046650373806442534	(7,10)
-0.02064764151910620237403426358	(7,11)
-0.02001398426379783724904126334	(7,12)
-0.01924592018616467142316116542	(7,13)
-0.0183406494057775948612700195	(7,14)
-0.01730033556915904169947366409	(7,15)
-0.01613242084122756943248760618	(7,16)
-0.01484971670233032536772457816	(7,17)
-0.01347026205910888233098457926	(7,18)
-0.01201695037307754477064624862	(7,19)
-0.01051693767310429171606355738	(7,20)
-0.00900085299492511030019221531	(7,21)
-0.0075018415532692878215383697	(7,22)
-0.00605447841371687464532741083	(7,23)
-0.00469359626576645425678101423	(7,24)
-0.00345307485377522907639995351	(7,25)
-0.00236464153106801595438603491	(7,26)
-0.00145673218794080280078783528	(7,27)
-0.0007534594824057842487840514	(7,28)
-0.00027373097951779687137763515	(7,29)
-0.00003055367143313653687303861	(7,30)
-0.02348687262058244028117373741	(8,1)
-0.02348599300296726714134079306	(8,2)
-0.02348006142844517899975567586	(8,3)
-0.02346096171754478931742523475	(8,4)
-0.02341708039023300508717286035	(8,5)
-0.02333395078178426983162892902	(8,6)
-0.02319506515311429647159149571	(8,7)
-0.02298281738431969307581554834	(8,8)
-0.02267953264689762205324868406	(8,9)
-0.02226853617417357870063155254	(8,10)
-0.02173521109170242116103427926	(8,11)
-0.0210679953399312150202972547	(8,12)
-0.02025927003254060034469658252	(8,13)
-0.01930609605729846686035274477	(8,14)
-0.01821076215488967093360887823	(8,15)
-0.01698111582608095047667818776	(8,16)
-0.01563065785978326348572443764	(8,17)
-0.01417839162152306624454374084	(8,18)
-0.01264842902750654006625727271	(8,19)
-0.01106936586710164740608264321	(8,20)
-0.00947344934261335247005539945	(8,21)
-0.00789556991294724224868077256	(8,22)
-0.00637211734907103747397517172	(8,23)
-0.00493974699345516019635059437	(8,24)
-0.00363410630439867423694260035	(8,25)
-0.00248857369293582593123030522	(8,26)
-0.00153306135562634538776601461	(8,27)
-0.00079293129907916574421390349	(8,28)
-0.00028806916288527552356926726	(8,29)
-0.0000321539834616472670495907	(8,30)
-0.02494575514060725213757529952	(9,1)
-0.02494482047908900143983556359	(9,2)
-0.02493851772474101353554831002	(9,3)
-0.02491822282165429943395915252	(9,4)
-0.02487159561089400191231810212	(9,5)
-0.02478326435732694020414641989	(9,6)
-0.02463568888531126975204853711	(9,7)
-0.02441016259340732593476790211	(9,8)
-0.02408790700921348093347335141	(9,9)
-0.02365120796427425371110470036	(9,10)
-0.02308454013687956297577831001	(9,11)
-0.02237562675364378628412186176	(9,12)
-0.02151638368095571523140145368	(9,13)
-0.02050370188753342771745943537	(9,14)
-0.01934002912351262752222251101	(9,15)
-0.01803372034153346782952623165	(9,16)
-0.01659913649312682591770482411	(9,17)
-0.01505648240967451163407837433	(9,18)
-0.01343138601302787793039781646	(9,19)
-0.01175423256585623540254724931	(9,20)
-0.01005927854069009856873792699	(9,21)
-0.00838357946675680347586261226	(9,22)
-0.00676577436974818265271214605	(9,23)
-0.00524477579421562929715762035	(9,24)
-0.00385841862713812265351974427	(9,25)
-0.00264212286256132983050928145	(9,26)
-0.00162762500489629408576150474	(9,27)
-0.00084183004959165847227713314	(9,28)
-0.00030583104776811866727778321	(9,29)
-0.00003413638496292220890063318	(9,30)
-0.02671544305668771553090003008	(10,1)
-0.02671444150169292353987723968	(10,2)
-0.02670768766204036798240174306	(10,3)
-0.02668594027543739812073323348	(10,4)
-0.02663597608599060492574390205	(10,5)
-0.02654132351280489995944691219	(10,6)
-0.02638318785751066567626171524	(10,7)
-0.02614152550992126982224936653	(10,8)
-0.0257962174881435476329964143	(10,9)
-0.02532828768602672575509958277	(10,10)
-0.02472110864493348377716162608	(10,11)
-0.02396153766693101916246967491	(10,12)
-0.02304092867893715670065999878	(10,13)
-0.02195597035830433875397369999	(10,14)
-0.02070930843404439073170556709	(10,15)
-0.0193099194621872227939946906	(10,16)
-0.01777321431318090053132819272	(10,17)
-0.01612086159574799165705922521	(10,18)
-0.01438033371152777575232612662	(10,19)
-0.0125841906000775663519935302	(10,20)
-0.0107691279150151872536607051	(10,21)
-0.0089748268308222851328658716	(10,22)
-0.00724265144727219421373358022	(10,23)
-0.00561424645835311088344733493	(10,24)
-0.00413009211701803007865646995	(10,25)
-0.00282807540444442287735280984	(10,26)
-0.0017421356676256503918071733	(10,27)
-0.00090103989721675199231748535	(10,28)
-0.00032733745274184918206100605	(10,29)
-0.00003653666304121476213995215	(10,30)
-0.02881731237345689382074396801	(11,1)
-0.02881623120743160356940354242	(11,2)
-0.02880894052402780011807926853	(11,3)
-0.02878546451755813001766056777	(11,4)
-0.02873152896712245302316004583	(11,5)
-0.0286293534308133550617920054	(11,6)
-0.02845865040739389176406519379	(11,7)
-0.02819778558814615073955041999	(11,8)
-0.02782504557598033142705210082	(11,9)
-0.02731995401554836730869502488	(11,10)
-0.02666457424027901410884619407	(11,11)
-0.02584473647864942596506350013	(11,12)
-0.02485113042958739855561881477	(11,13)
-0.02368020953852212228060176094	(11,14)
-0.02233486136493145283435335834	(11,15)
-0.02082480867772014466496053198	(11,16)
-0.0191667178736970630910010259	(11,17)
-0.01738400441684381143202039035	(11,18)
-0.01550633860708239622695763491	(11,19)
-0.01356886844509806096522722208	(11,20)
-0.01161118901627812027592743646	(11,21)
-0.0096760990763913943822204157	(11,22)
-0.00780819487518697709752292333	(11,23)
-0.00605235830506145003688294179	(11,24)
-0.00445220094237598457133429597	(11,25)
-0.00304852732527132119375571018	(11,26)
-0.00187787988061755105860764025	(11,27)
-0.00097122438909964333023921507	(11,28)
-0.00035282897739820276163862033	(11,29)
-0.00003938164688839480914062522	(11,30)
-0.03126417793353362948759700431	(12,1)
-0.03126300388233669785931033033	(12,2)
-0.03125508684362170295183333996	(12,3)
-0.03122959399768473853407011528	(12,4)
-0.03117102495326155453189942035	(12,5)
-0.03106007227864237017176878979	(12,6)
-0.03087470705302978735062568619	(12,7)
-0.03059143967937794945395658295	(12,8)
-0.03018669771334444473715270693	(12,9)
-0.02963825646214449805815812006	(12,10)
-0.0289266549202626335169529117	(12,11)
-0.02803652945486414266742569378	(12,12)
-0.02695780061798013014404650123	(12,13)
-0.02568665447918817993248593139	(12,14)
-0.02422626871430066012143620968	(12,15)
-0.0225872449656506654567423414	(12,16)
-0.02078772217648262512833735603	(12,17)
-0.01885316004782762464350768792	(12,18)
-0.01681579674622028805450890276	(12,19)
-0.01471379975009600322248415071	(12,20)
-0.01259014252758240983720458314	(12,21)
-0.01049125192303307288118891386	(12,22)
-0.00846548113767416946126013001	(12,23)
-0.00656147060369982042880795881	(12,24)
-0.00482646360873986350496212174	(12,25)
-0.00330464512394981878757864083	(12,26)
-0.00203557096637229719814544717	(12,27)
-0.00105275035439781200932484809	(12,28)
-0.00038243836550268260522736662	(12,29)
-0.00004268612359467076047866974	(12,30)
-0.03405849625154670018086032442	(13,1)
-0.03405721586531895583985084754	(13,2)
-0.03404858177497068844493101597	(13,3)
-0.03402078005700024358346341467	(13,4)
-0.03395690663677991333166257341	(13,5)
-0.03383590611839811539211787568	(13,6)
-0.03363375636664622087541173189	(13,7)
-0.0333248446531608571878125209	(13,8)
-0.03288347182562623446634296403	(13,9)
-0.03228541428417427747084771926	(13,10)
-0.03150946993744431634688036199	(13,11)
-0.03053891403269178850032423497	(13,12)
-0.02936279393409765526144283315	(13,13)
-0.02797699851225222391125134108	(13,14)
-0.0263850475676555728155313542	(13,15)
-0.0245985592133280370965368988	(13,16)
-0.02263736778294471930201335754	(13,17)
-0.02052928086695685375528251291	(13,18)
-0.01830948067339373735018625456	(13,19)
-0.0160195911928981907122320293	(13,20)
-0.01370644777950911267153908578	(13,21)
-0.01142061898989960012529980815	(13,22)
-0.00921474124346478552441791312	(13,23)
-0.00714173463628077176840297932	(13,24)
-0.00525297281495995633289316842	(13,25)
-0.00359648112954105547182348594	(13,26)
-0.00221523544301387679491516049	(13,27)
-0.00114562922113922454219837757	(13,28)
-0.00041616920251175699161694123	(13,29)
-0.00004645046134488181059502986	(13,30)
-0.03719145281556434437195923248	(14,1)
-0.03719005288615648063235546031	(14,2)
-0.03718061267796601569695622217	(14,3)
-0.03715021530647245381252762852	(14,4)
-0.03708037870506656214302465375	(14,5)
-0.03694808256165500601543331181	(14,6)
-0.0367270643949552723512184481	(14,7)
-0.03638932562071269573461364969	(14,8)
-0.0359067781082682400066899297	(14,9)
-0.03525295426544205989461581843	(14,10)
-0.0344046995690725636595255506	(14,11)
-0.03334376601597259854295635873	(14,12)
-0.03205822837937363788199752984	(14,13)
-0.03054365239499958195479092906	(14,14)
-0.02880395482084073083202730378	(14,15)
-0.02685190923801366862657960599	(14,16)
-0.02470926779684929103214937572	(14,17)
-0.02240648700066377855183042872	(14,18)
-0.019982064086534101876304852	(14,19)
-0.01748150859828907734369664103	(14,20)
-0.01495599038519759554614244197	(14,21)
-0.01246071965112418291361151827	(14,22)
-0.01005312615136738794591796923	(14,23)
-0.00779091273282388104746126089	(14,24)
-0.00573006291365029846326091078	(14,25)
-0.00392288309891295971491209059	(14,26)
-0.00241615751778205898726037454	(14,27)
-0.00124948838145111327526325186	(14,28)
-0.00045388553113111517368672231	(14,29)
-0.00005065945136439197524965601	(14,30)
-0.04064325590161209650281849822	(15,1)
-0.04064172387057118857826801251	(15,2)
-0.04063139285964876776985261352	(15,3)
-0.0405981271632133279963083455	(15,4)
-0.04052170100560564100272756553	(15,5)
-0.0403769229410158625454358633	(15,6)
-0.04013505533581473336844649361	(15,7)
-0.03976546432199531384989367064	(15,8)
-0.03923742413155010803356353096	(15,9)
-0.03852199135190397831195560765	(15,10)
-0.03759385992115261399994726272	(15,11)
-0.03643310702679690182506442071	(15,12)
-0.03502674372253972459347666315	(15,13)
-0.03336999204421739895182069496	(15,14)
-0.03146722243187336126533952822	(15,15)
-0.0293325008166271136329911492	(15,16)
-0.02698971301536623608709161336	(15,17)
-0.02447225409030693109042944773	(15,18)
-0.0218222909369003694194049127	(15,19)
-0.01908962638504925873292463927	(15,20)
-0.01633021141765812671303080594	(15,21)
-0.01360436776228638046365473757	(15,22)
-0.01097479535710124243832996914	(15,23)
-0.00850444756323518092472148695	(15,24)
-0.00625436130694945975486524823	(15,25)
-0.00428152966537033507076919148	(15,26)
-0.00263690105612284107461709331	(15,27)
-0.0013635826073443345404273866	(15,28)
-0.00049531601179796224449553483	(15,29)
-0.00005528277305478208613247577	(15,30)
-0.04438474282429591018204533608	(16,1)
-0.04438306713042913041543205303	(16,2)
-0.04437176735695872943884212494	(16,3)
-0.0443353823212433062501091791	(16,4)
-0.04425179000254275434935178404	(16,5)
-0.04409343805678704963289239772	(16,6)
-0.04382889774608028503801406505	(16,7)
-0.04342467075796918733488977338	(16,8)
-0.04284716564926880329555513037	(16,9)
-0.04206475124819407659047406218	(16,10)
-0.0410497889273230667744097793	(16,11)
-0.0397805447366096263213290066	(16,12)
-0.03824288628116283044402273562	(16,13)
-0.03643167799730502925284667793	(16,14)
-0.03435180186043388947175706777	(16,15)
-0.03201874795160744881088548525	(16,16)
-0.02945873980242930744994965579	(16,17)
-0.02670838185912933867535897545	(16,18)
-0.02381383942441582923918907798	(16,19)
-0.02082958367388721020670460613	(16,20)
-0.01781675450862385843190231318	(16,21)
-0.01484121100015248021973602944	(16,22)
-0.01197135219725807486784594616	(16,23)
-0.00927579962205409359982718822	(16,24)
-0.00682103675668438200108453573	(16,25)
-0.00466910039667114037665262114	(16,26)
-0.00287541435565569724366786235	(16,27)
-0.00148684824700790179603369776	(16,28)
-0.00054007361332853786314875989	(16,29)
-0.00006027719192134109973704284	(16,30)
-0.04838010023512006180001723233	(17,1)
-0.04837827055756274396761907447	(17,2)
-0.04836593242591116131823632861	(17,3)
-0.04832620397177425882881090485	(17,4)
-0.04823493078461653935211112957	(17,5)
-0.04806203031206646137126274707	(17,6)
-0.04777319018648461936248044023	(17,7)
-0.04733184364558253424672658933	(17,8)
-0.04670133108194846129093976509	(17,9)
-0.04584714619571094665865874004	(17,10)
-0.04473915899689422011866502541	(17,11)
-0.04335370664832170259982129574	(17,12)
-0.04167544727737517338225776708	(17,13)
-0.03969888152774997878947676542	(17,14)
-0.037429461505925845446718182	(17,15)
-0.03488422623107058519716531192	(17,16)
-0.03209192566626974726139256392	(17,17)
-0.02909262052596417328923300897	(17,18)
-0.02593677075775231125587385601	(17,19)
-0.02268385027840635077461428561	(17,20)
-0.01940054770634457957921672572	(17,21)
-0.01615863123038852217367908687	(17,22)
-0.01303256950108069762727008361	(17,23)
-0.01009700905652639258280560948	(17,24)
-0.00742421224922451917501857866	(17,25)
-0.00508155824354739257025560521	(17,26)
-0.00312920400701754636746069084	(17,27)
-0.0016179930943445011651534693	(17,28)
-0.00058768824872020034777679351	(17,29)
-0.00006559020158898726700609127	(17,30)
-0.05259022160711504038732870599	(18,1)
-0.05258822897800177135004626541	(18,2)
-0.05257479201652475100936193821	(18,3)
-0.05253152544689664804080666917	(18,4)
-0.05243212420480667769547484725	(18,5)
-0.05224382853368359909985859988	(18,6)
-0.05192927546933989217394381291	(18,7)
-0.05144865324379594688886928762	(18,8)
-0.05076205948306529043692234174	(18,9)
-0.04983195222035320054102550203	(18,10)
-0.04862557559686598285163342558	(18,11)
-0.04711724046085446919809660789	(18,12)
-0.04529034444496177904762456715	(18,13)
-0.04313902668757353870270703653	(18,14)
-0.0406693689027639481974233631	(18,15)
-0.03790007624373172536103973664	(18,16)
-0.03486259712767938782702495632	(18,17)
-0.0316006692990745178915904756	(18,18)
-0.0281693080743755799260524845	(18,19)
-0.02463328005784160063917146757	(18,20)
-0.02106512991420032978792252748	(18,21)
-0.01754284761903633656836151552	(18,22)
-0.01414727801899756044580419315	(18,23)
-0.01095938307020915573713891319	(18,24)
-0.0080574698388621575986204077	(18,25)
-0.00551449473194207069526268257	(18,26)
-0.00339554728415024140636662972	(18,27)
-0.00175560613767877173708406053	(18,28)
-0.00063764662088434947851573628	(18,29)
-0.00007116446990033900245093761	(18,30)
-0.05697608492594745145930448803	(19,1)
-0.05697392171100763253483706513	(19,2)
-0.05695933444123608955846069057	(19,3)
-0.05691236402033841363863580679	(19,4)
-0.0568044540935401416011897562	(19,5)
-0.05660004270905702344597683046	(19,6)
-0.05625857456044221339383615609	(19,7)
-0.05573684343784164302857808141	(19,8)
-0.05499155720603060574603593081	(19,9)
-0.05398200434106845638890766527	(19,10)
-0.0526726928609330290837422439	(19,11)
-0.05103583033377463151150523644	(19,12)
-0.04905351823126500746569431193	(19,13)
-0.04671954548977634205508076489	(19,14)
-0.04404068449291844223365374748	(19,15)
-0.04103741695186605348861678707	(19,16)
-0.03774404592764597294512207452	(19,17)
-0.03420818164878749140340568404	(19,18)
-0.03048962068973125140293760742	(19,19)
-0.02665866830367681742415801937	(19,20)
-0.02279398025291512595224416481	(19,21)
-0.01898002175802472832331024528	(19,22)
-0.0153042561569939595781369768	(19,23)
-0.01185418411254707922293690835	(19,24)
-0.00871435592166804497967157438	(19,25)
-0.00596347536338039206343785422	(19,26)
-0.00367170461920334132121666977	(19,27)
-0.00189826733505466420538528409	(19,28)
-0.000689432073835514396168407	(19,29)
-0.00007694228538677427916669778	(19,30)
-0.06150158206648644197454188095	(20,1)
-0.06149924183468723245731522211	(20,2)
-0.0614834608923320720895957503	(20,3)
-0.06143264701588496378775041076	(20,4)
-0.06131590783322865896586354853	(20,5)
-0.06109477408025938419922511618	(20,6)
-0.0607253791720839689227909155	(20,7)
-0.06016099760797727980030954827	(20,8)
-0.05935482563041920577090447283	(20,9)
-0.05826287268975899654969869214	(20,10)
-0.05684682288332871007150497588	(20,11)
-0.05507672279902339991627503428	(20,12)
-0.05293335696614566449036221978	(20,13)
-0.0504101847880771439748902127	(20,14)
-0.04751473315960179072546135616	(20,15)
-0.04426936601002499273881801741	(20,16)
-0.04071138413662685653879968728	(20,17)
-0.03689244372905820396289574868	(20,18)
-0.03287731743667736467473403702	(20,19)
-0.0287420551557354020873498023	(20,20)
-0.02457163061822539493575716968	(20,21)
-0.02045718255988981260597880266	(20,22)
-0.0164929746240455556018925671	(20,23)
-0.01277320586852036379213333449	(20,24)
-0.00938880415157915419123650441	(20,25)
-0.00642432873157212236964082605	(20,26)
-0.00395509746330860331390053804	(20,27)
-0.002044639510201108119759745	(20,28)
-0.00074255795432088861989441225	(20,29)
-0.00008286927971881421310185873	(20,30)
-0.06613543297934869193251162313	(21,1)
-0.06613291029778858402619352526	(21,2)
-0.06611589904969195663248320262	(21,3)
-0.06606112379216017681791535291	(21,4)
-0.065935284614866776259941992	(21,5)
-0.06569691633996627148584275951	(21,6)
-0.06529874116877709364064601249	(21,7)
-0.06469041003178438832891800062	(21,8)
-0.06382150686929726397188347125	(21,9)
-0.0626446734545975026695710072	(21,10)
-0.0611187016465313993111135232	(21,11)
-0.05921143652084642507655364844	(21,12)
-0.05690233875799579972578644033	(21,13)
-0.05418456848297770148075000076	(21,14)
-0.05106647523844419906546689761	(21,15)
-0.04757240886288312239991778498	(21,16)
-0.04374280186439207711938262395	(21,17)
-0.03963351289642289165382809265	(21,18)
-0.03531446024289552158259125511	(21,19)
-0.03086761085760685412434069804	(21,20)
-0.02638442184832569256460920699	(21,21)
-0.021962855348281051200497307	(21,22)
-0.01770410330969338616410992752	(21,23)
-0.01370916562696137359670466553	(21,24)
-0.01007542373987377216410319602	(21,25)
-0.00689334373949364401650669293	(21,26)
-0.00424342967951925974963261553	(21,27)
-0.00219353110069677857268421742	(21,28)
-0.00079659039867395282595433663	(21,29)
-0.00008889697063268281119388519	(21,30)
-0.07085207948755133693738291884	(22,1)
-0.0708493696825001579455691144	(22,2)
-0.07083109661530290892802387391	(22,3)
-0.0707722585421005686102338907	(22,4)
-0.07063708654895475337731414383	(22,5)
-0.07038104354430209759855846857	(22,6)
-0.06995335513919155042385251392	(22,7)
-0.06929996029915947286097041951	(22,8)
-0.06836674653910960565652932869	(22,9)
-0.06710291588808690954114003201	(22,10)
-0.06546431560724920621125144359	(22,11)
-0.06341656337900220146524490186	(22,12)
-0.06093780172832067136202342541	(22,13)
-0.05802093147660709079796200443	(22,14)
-0.05467519887192139389386890098	(22,15)
-0.05092704449146331521636055737	(22,16)
-0.04682016190390254219743243963	(22,17)
-0.04241475746272512932421170761	(22,18)
-0.03778604608564046573102476942	(22,19)
-0.03302205804527727982086363057	(22,20)
-0.0282208656494059199377019286	(22,21)
-0.02348736399859323376194456703	(22,22)
-0.01892975556390667492205732087	(22,23)
-0.01465589400208586661371481983	(22,24)
-0.01076963928770223358918569543	(22,25)
-0.00736736551935903521590980095	(22,26)
-0.00453474672277370114100215699	(22,27)
-0.0023439268043575574527355154	(22,28)
-0.00085115947603801017572764835	(22,29)
-0.00009498400627177986537595989	(22,30)
-0.07563167882774803962506618504	(23,1)
-0.0756287777482872378288604146	(23,2)
-0.07560921487462850531982379533	(23,3)
-0.0755462239107479310100942419	(23,4)
-0.07540151241275384557309689133	(23,5)
-0.07512740410469428500736237637	(23,6)
-0.07466955279472179040873734543	(23,7)
-0.07397010832764688149305355686	(23,8)
-0.07297118964602602076992338434	(23,9)
-0.07161849935372181030389535013	(23,10)
-0.0698649002127537005351660629	(23,11)
-0.06767376876319331515153781971	(23,12)
-0.06502194636519431820519815605	(23,13)
-0.06190212430768047776508890547	(23,14)
-0.05832452705674317653258361836	(23,15)
-0.05431779488047087953962735831	(23,16)
-0.0499290114765567630521713627	(23,17)
-0.04522287041138191973366183625	(23,18)
-0.0402800222077181561548041144	(23,19)
-0.03519468784699119177686188158	(23,20)
-0.03007166085973738207012655628	(23,21)
-0.02502284660244537651823088888	(23,22)
-0.02016350252727980237904078573	(23,23)
-0.01560834730251981511182228203	(23,24)
-0.01146770074843795988143062308	(23,25)
-0.00784380278204316308915856847	(23,26)
-0.00482744044229680266428629262	(23,27)
-0.0024949901744706445986076698	(23,28)
-0.00090596015901078532265054294	(23,29)
-0.00010109627510956902347805042	(23,30)
-0.08045944942070071873296011097	(24,1)
-0.08045635323149180965775332857	(24,2)
-0.08043547469262312306018078165	(24,3)
-0.0803682476236363388731059906	(24,4)
-0.08021380573105804308370989491	(24,5)
-0.07992127161822130460667396625	(24,6)
-0.07943265838816461051964667754	(24,7)
-0.07868625677990792047949481786	(24,8)
-0.07762035297618353147174662551	(24,9)
-0.0761770991777004153949577382	(24,10)
-0.07430634312796066739273868321	(24,11)
-0.07196921638682811024460327682	(24,12)
-0.06914128627152580420153370649	(24,13)
-0.0658150941325680157411731311	(24,14)
-0.06200193290596711136412495391	(24,15)
-0.05773275815746779581281293674	(24,16)
-0.05305817620261736681278652857	(24,17)
-0.04804750634870816859793931575	(24,18)
-0.04278696727175349447114441089	(24,19)
-0.03737708546109225262546789358	(24,20)
-0.03192946265058594811718617328	(24,21)
-0.02656306650365545110698219551	(24,22)
-0.02140022330704371645271733039	(24,23)
-0.01656249336141053004184821024	(24,24)
-0.01216660077237940870399309425	(24,25)
-0.00832057202664314039929395247	(24,26)
-0.00512021513167008576245827524	(24,27)
-0.00264604622898088645045097754	(24,28)
-0.00096074604760051359839305307	(24,29)
-0.00010720620780405495270780325	(24,30)
-0.08532465434264094159622112146	(25,1)
-0.08532135936094827696315717841	(25,2)
-0.08529914032775997611386374186	(25,3)
-0.08522759726158774397453948953	(25,4)
-0.08506324175763339562288018	(25,5)
-0.08475193602665533023180057818	(25,6)
-0.08423198684441643214677027499	(25,7)
-0.08343775982942222125775913246	(25,8)
-0.08230364901737162787083849438	(25,9)
-0.08076821103241199638592063581	(25,10)
-0.07877825503762392779828772116	(25,11)
-0.07629267192522719587074350187	(25,12)
-0.07328579127751495454869805416	(25,13)
-0.06975007389512074798938836009	(25,14)
-0.06569798110745141376764015263	(25,15)
-0.06116290792055026445014729875	(25,16)
-0.05619912194727555509828752855	(25,17)
-0.0508807093429754485026784009	(25,18)
-0.04529958730392407546741849139	(25,19)
-0.03956269483201602597373159264	(25,20)
-0.03378851503014445904611675767	(25,21)
-0.0281031102184750113967976729	(25,22)
-0.02263586448374530063653980172	(25,23)
-0.01751512752160835313608248142	(25,24)
-0.01286394095867949113487996549	(25,25)
-0.00879600693429591453766619371	(25,26)
-0.00541203221778152010488829893	(25,27)
-0.00279655304554830122365956753	(25,28)
-0.00101531910019696458335546182	(25,29)
-0.00011329163383212395240127712	(25,30)
-0.09021946938392340381142171041	(26,1)
-0.09021597196607367063465404028	(26,2)
-0.09019238787347843502978005227	(26,3)
-0.09011644977542532263609189383	(26,4)
-0.08994199945490014807325850125	(26,5)
-0.08961158026259418693437852517	(26,6)
-0.08905972819343758690935382191	(26,7)
-0.08821681947050302404112494342	(26,8)
-0.08701329919202813826396361879	(26,9)
-0.08538408701123025528789259489	(26,10)
-0.08327293520341296500187565913	(26,11)
-0.0806365052023180470539788666	(26,12)
-0.07744793364224967565563479974	(26,13)
-0.07369967985762769440209274131	(26,14)
-0.06940548369737381438199927865	(26,15)
-0.06460131343548551158563731333	(26,16)
-0.05934524458138450082519616223	(26,17)
-0.05371627608217836152138577481	(26,18)
-0.04781215457186822693422147372	(26,19)
-0.04174633393171554467418114572	(26,20)
-0.03564424152267405472245414517	(26,21)
-0.02963905084582301334426886653	(26,22)
-0.02386717202195101656621775859	(26,23)
-0.01846366740267292215370313484	(26,24)
-0.01355778260716092216677574305	(26,25)
-0.00926875720981246954219110001	(26,26)
-0.00570204847932438368948155103	(26,27)
-0.00294607002144802680496954923	(26,28)
-0.00106951815563538517254018872	(26,29)
-0.00011933450333854897927155072	(26,30)
-0.09513791036012696781935565767	(27,1)
-0.09513420683550555252678209755	(27,2)
-0.09510923293736646808198048531	(27,3)
-0.09502882019715228847083900266	(27,4)
-0.09484409257518830371328420947	(27,5)
-0.09449421581711340574655053599	(27,6)
-0.09390989062308143447286844586	(27,7)
-0.09301743998516904594922155528	(27,8)
-0.09174330458130938445717523026	(27,9)
-0.090018728284406300608790416	(27,10)
-0.08778439240825712504091237381	(27,11)
-0.08499474625090951970227919081	(27,12)
-0.08162178626521114939285998715	(27,13)
-0.07765805890629031498302561182	(27,14)
-0.07311870299067244848580443087	(27,15)
-0.0680424039937138538734783212	(27,16)
-0.06249120054928417829819778712	(27,17)
-0.05654915616721693596997028829	(27,18)
-0.0503199796681440656486016197	(27,19)
-0.04392373913730729319456281624	(27,20)
-0.0374928607499755069733182944	(27,21)
-0.03116763220781880488897380615	(27,22)
-0.02509143987299250841984524926	(27,23)
-0.01940596056627012455848571709	(27,24)
-0.01424650692302306534529446559	(27,25)
-0.0097376938701278250613444568	(27,26)
-0.00598955822123433568282015712	(27,27)
-0.00309422817267913879128627079	(27,28)
-0.0011232081942732031194918863	(27,29)
-0.0001253196913655016426028597	(27,30)
-0.10007491929033820662487769654	(28,1)
-0.10007100593694327338491180536	(28,2)
-0.10004461714122631981610874408	(28,3)
-0.09995964904217608186022264128	(28,4)
-0.0997644591346986035298740968	(28,5)
-0.09939477613479389259224022989	(28,6)
-0.09877740041436549132169544928	(28,7)
-0.09783453784737081625303038587	(28,8)
-0.09648857001952017473282828298	(28,9)
-0.09466702832048403830937731366	(28,10)
-0.09230751282049289744620246087	(28,11)
-0.08936228372295964438125223114	(28,12)
-0.08580225769708249532629886507	(28,13)
-0.08162016610007004725552683037	(28,14)
-0.07683267720688295833850402424	(28,15)
-0.07148134748030921946554615087	(28,16)
-0.06563234232171616308074460797	(28,17)
-0.05937494726709038684204595067	(28,18)
-0.05281896791582293921717692906	(28,19)
-0.04609118308983041297120175193	(28,20)
-0.03933106459297374597074151956	(28,21)
-0.03268600486522269912316722918	(28,22)
-0.02630630020153442346711441893	(28,23)
-0.02034012425737001675978686957	(28,24)
-0.01492869868142237914272342892	(28,25)
-0.01020183050979565305328316088	(28,26)
-0.00627394524426681227158605645	(28,27)
-0.00324070547964089074306244876	(28,28)
-0.00117627142746083847582694957	(28,29)
-0.00013123400587786499618752679	(28,30)
-0.10502564854168807854231805126	(29,1)
-0.10502152159560989415812509218	(29,2)
-0.10499369252829204480496242656	(29,3)
-0.10490408745295020562640095309	(29,4)
-0.10469824824808439231366562866	(29,5)
-0.10430840664788898925489790174	(29,6)
-0.10365739731022915885348498502	(29,7)
-0.10266324521758618754459200527	(29,8)
-0.10124421914404001418808688199	(29,9)
-0.09932410349051087340110443207	(29,10)
-0.09683741060171758095251372614	(29,11)
-0.09373424023608092022973955328	(29,12)
-0.08998449704401506817498343253	(29,13)
-0.08558120381059156065414598135	(29,14)
-0.08054269814948857836655287272	(29,15)
-0.07491357030027975473244434352	(29,16)
-0.06876428348650581068389736634	(29,17)
-0.06218950735139792388791545901	(29,18)
-0.05530527968486608177818996455	(29,19)
-0.04824518296477735881202781608	(29,20)
-0.04115577323516994878521780871	(29,21)
-0.03419152576959927335881835459	(29,22)
-0.02750956460334786429018606386	(29,23)
-0.02126442439069759475216991079	(29,24)
-0.01560305856392021024002481562	(29,25)
-0.01066026407480702897554554567	(29,26)
-0.00655464676560300072455979279	(29,27)
-0.00338520838660052810248270707	(29,28)
-0.00122860061570912769725508298	(29,29)
-0.00013706544415536435954274494	(29,30)
-0.10998494153732217077447163813	(30,1)
-0.10998059722848049298524571167	(30,2)
-0.10995130247451054000407386699	(30,3)
-0.10985697868019185669027560592	(30,4)
-0.10964030291808282208557650895	(30,5)
-0.10922995004078845815284324124	(30,6)
-0.10854472390348975571133794858	(30,7)
-0.10749840560522727620707430705	(30,8)
-0.10600509896650509536005432	(30,9)
-0.10398480960528163711762977345	(30,10)
-0.10136895978911195038962997163	(30,11)
-0.09810552316400935101601902918	(30,12)
-0.09416346724761828485940263495	(30,13)
-0.08953622090960994006085362705	(30,14)
-0.08424393937254198823501777391	(30,15)
-0.07833441708175748564904867538	(30,16)
-0.07188259189346202769572529417	(30,17)
-0.06498868243374172348702540616	(30,18)
-0.05777509309519121112468048028	(30,19)
-0.05038229770251633134378742121	(30,20)
-0.04296396574072116731704428602	(30,21)
-0.03568162034148068312872840284	(30,22)
-0.02869911526784104404962529252	(30,23)
-0.02217719292032355533375143561	(30,24)
-0.01626834349834021210264859974	(30,25)
-0.0111121346664498600735455033	(30,26)
-0.00683112898532425229091275252	(30,27)
-0.00352745929292090569164232056	(30,28)
-0.00128009455565188506464236742	(30,29)
-0.00014280269080692586476931759	(30,30)
-0.11494698632327866188757591499	(31,1)
-0.11494242093059889208401806244	(31,2)
-0.11491163540592564293321069668	(31,3)
-0.11481251222212480881728742994	(31,4)
-0.11458481514293784508008331082	(31,5)
-0.11415360318762957196643477874	(31,6)
-0.11343358562064806884590740872	(31,7)
-0.11233423847990777299184269949	(31,8)
-0.11076545103821776148522410365	(31,9)
-0.10864342185397253465790639553	(31,10)
-0.10589648543341871380672726966	(31,11)
-0.10247052949368023439639243869	(31,12)
-0.09833366614109786132535039238	(31,13)
-0.09347985232229435275118772838	(31,14)
-0.08793121621009155091734786727	(31,15)
-0.08173893272321107298862085057	(31,16)
-0.07498259473670477643329401704	(31,17)
-0.06776813513505439584073272529	(31,18)
-0.06022445593120088270630474708	(31,19)
-0.05249900260411582563223362214	(31,20)
-0.04475257618840135675187970276	(31,21)
-0.03715369861196750018566869879	(31,22)
-0.02987283930116013739610453092	(31,23)
-0.02307677830820285103369435351	(31,24)
-0.01692333109830084295173115917	(31,25)
-0.01155660169261077189270443995	(31,26)
-0.00710287264152668628233024718	(31,27)
-0.00366718917710201965434768017	(31,28)
-0.0013306554233201876185226888	(31,29)
-0.00014843482250424574539107482	(31,30)
-0.11990510938703506265270656585	(32,1)
-0.11990031930743393201421368316	(32,2)
-0.11986801872414144038929815894	(32,3)
-0.11976401804956389415925194675	(32,4)
-0.11952512082879654208537984981	(32,5)
-0.11907271336269085583768033121	(32,6)
-0.1183173490890339402300781975	(32,7)
-0.11716414090609509133234477191	(32,8)
-0.11551871769437188573096504095	(32,9)
-0.11329344718434637068062440822	(32,10)
-0.11041358375365213003034396119	(32,11)
-0.10682297541198358648930848434	(32,12)
-0.10248896703849482001125674148	(32,13)
-0.09740617199396462315843198261	(32,14)
-0.09159885220198622844533234322	(32,15)
-0.08512174299098802088074126848	(32,16)
-0.07805927362459370419948986566	(32,17)
-0.07052325410900950959215772566	(32,18)
-0.06264920891967266387097986866	(32,19)
-0.05459162563453620566990274217	(32,20)
-0.04651844192994677130057974407	(32,21)
-0.0386051142101488102010308417	(32,22)
-0.03102859714069301109160012723	(32,23)
-0.02396152205119825696943857964	(32,24)
-0.01756680301740249636914374771	(32,25)
-0.01199283281335073721975773384	(32,26)
-0.00736936636420680286113038712	(32,27)
-0.00380413422071547876920590338	(32,28)
-0.00138018756209583061514093551	(32,29)
-0.00015395117348671939204156235	(32,30)
-0.12485167658455006689464765502	(33,1)
-0.12484665841129904356933817205	(33,2)
-0.12481281980596319369853281044	(33,3)
-0.12470386780894036539766328835	(33,4)
-0.1244536014589172381626222383	(33,5)
-0.12397968078858778952518577081	(33,6)
-0.12318844614143395972199515608	(33,7)
-0.12198059374438884124058904457	(33,8)
-0.12025745133361585260037298862	(33,9)
-0.11792753764148917127027982869	(33,10)
-0.11491304055349239200856130572	(33,11)
-0.11115582077927065001912851357	(33,12)
-0.10662255012198710501843462386	(33,13)
-0.10130863184471171219984182619	(33,14)
-0.09524062600074761539230014598	(33,15)
-0.0884770094549254261836157711	(33,16)
-0.0811072273051730291815424882	(33,17)
-0.07324912403109444098243653251	(33,18)
-0.06504496222809477592502539305	(33,19)
-0.05665632952829870265055972412	(33,20)
-0.04825829034230738770843691218	(33,21)
-0.0400331548251354968214653381	(33,22)
-0.03216421587898513009523730921	(33,23)
-0.02482975414784427235161308669	(33,24)
-0.01819754198225656560870352102	(33,25)
-0.01242000209722286397258139936	(33,26)
-0.00763010562175713082679166556	(33,27)
-0.00393803529189585474468116799	(33,28)
-0.0014285973012760820818770467	(33,29)
-0.00015934131563294963354904062	(33,30)
-0.12977807185909940070952993638	(34,1)
-0.12977282246616732116179609406	(34,2)
-0.12973742476851623083282691574	(34,3)
-0.12962345371700753671458877174	(34,4)
-0.12936166328499130098631626421	(34,5)
-0.12886593838528822847765694933	(34,6)
-0.12803835448457697290621734059	(34,7)
-0.12677514369570055368670342952	(34,8)
-0.12497329836685419284577910961	(34,9)
-0.1225374767846589849339865298	(34,10)
-0.11938682065102864398751027514	(34,11)
-0.11546126203508076661701521431	(34,12)
-0.11072689913956798572553577368	(34,13)
-0.10518006237052691583361021864	(34,14)
-0.09884977574462593136984812415	(34,15)
-0.0917984372480691542774602872	(34,16)
-0.08412068219564667842952739831	(34,17)
-0.07594053810338474817582954399	(34,18)
-0.06740710905176118012847663745	(34,19)
-0.05868912555915682332660137955	(34,20)
-0.04996875196304767573477877078	(34,21)
-0.04143505404668074864664355035	(34,22)
-0.03327749935234283837578819931	(34,23)
-0.02567980119708171184711089058	(34,24)
-0.01881433787032773923098984811	(34,25)
-0.01283729422027046559704253442	(34,26)
-0.00788459531170792023038766656	(34,27)
-0.00406863928216751510721986974	(34,28)
-0.00147579344010382683958609192	(34,29)
-0.00016459511236611193559128224	(34,30)
-0.13467472993067276582023797798	(35,1)
-0.13466924656045644622649977685	(35,2)
-0.13463227118486098162605393307	(35,3)
-0.13451322134977682628142977001	(35,4)
-0.13423977028342425535013228941	(35,5)
-0.13372198503919133736141473671	(35,6)
-0.13285763147854077220601968775	(35,7)
-0.13153843783117154211899152301	(35,8)
-0.12965703475879015200827565612	(35,9)
-0.12711421648783082323845906224	(35,10)
-0.1238261061262334000045784454	(35,11)
-0.11973077196926690976618148009	(35,12)
-0.11479384261553230658363788945	(35,13)
-0.10901271500990198238574106657	(35,14)
-0.10241904208193433679886228104	(35,15)
-0.09507931804826820527875008407	(35,16)
-0.08709353446357512737584466543	(35,17)
-0.07859203829370345784096784786	(35,18)
-0.0697308630769744254199938081	(35,19)
-0.06068590739708873506324465307	(35,20)
-0.05164639009906411951541080021	(35,21)
-0.04280801633139863479858427795	(35,22)
-0.03436624834477762604609808714	(35,23)
-0.02651000198696578741405167536	(35,24)
-0.01941599906099524623160768933	(35,25)
-0.01324391213329729222091368322	(35,26)
-0.00813235441472104524918363981	(35,27)
-0.004195701481082428745244262	(35,28)
-0.00152168810157020585082842226	(35,29)
-0.00016970281342266309811844152	(35,30)
-0.13953120473039812014353562658	(36,1)
-0.13952548508283231081131728319	(36,2)
-0.13948691652908206569551751453	(36,3)
-0.13936273811731764291518221769	(36,4)
-0.13907751269730831021129379678	(36,5)
-0.13853745426821397985642771381	(36,6)
-0.13763598299552022914582696384	(36,7)
-0.13626029271823457198983090744	(36,8)
-0.13429863547674837635318349818	(36,9)
-0.13164794671749082970481097951	(36,10)
-0.12822136634582799870182374309	(36,11)
-0.12395516978253622598057526728	(36,12)
-0.11881462356985899126305285519	(36,13)
-0.11279833095878873522030047578	(36,14)
-0.10594073533474174255742834879	(36,15)
-0.09831259469262446413356725555	(36,16)
-0.09001941110536651243514682549	(36,17)
-0.08119797188887831667584291525	(36,18)
-0.07201130961510518820188148177	(36,19)
-0.06264249611836701173259424207	(36,20)
-0.05328773927112416659220798548	(36,21)
-0.04414924874568655155222802025	(36,22)
-0.03542828580343564981618499576	(36,23)
-0.02731872663630698013227653359	(36,24)
-0.02000136617954701107661585142	(36,25)
-0.0136390862363555445283260582	(36,26)
-0.00837292151026574140718129261	(36,27)
-0.00431898837002738883238577195	(36,28)
-0.00156619773198254518396332358	(36,29)
-0.00017465516552436903510379268	(36,30)
-0.14433626028034779421185992053	(37,1)
-0.14433030260177596756465645613	(37,2)
-0.14429012905422724567379774951	(37,3)
-0.14416078413627430569672786996	(37,4)
-0.14386369789544466282815365032	(37,5)
-0.14330120505130264465086764466	(37,6)
-0.14236235418860751880938255292	(37,7)
-0.14092978506933541567234271045	(37,8)
-0.13888736491185815869295691515	(37,9)
-0.13612818554346230614970564975	(37,10)
-0.13256244727370524277928635697	(37,11)
-0.1281247092679237114076248373	(37,12)
-0.12277998598083993829001249192	(37,13)
-0.11652822515758910620825891884	(37,14)
-0.10940681610596972523099409281	(37,15)
-0.1014909374013068837451722413	(37,16)
-0.09289174075954816006524359094	(37,17)
-0.08375255594004220204085852908	(37,18)
-0.07424346289054090325552588387	(37,19)
-0.06455468980109068165928428354	(37,20)
-0.05488934689541949555105117099	(37,21)
-0.04545599484725927790237148612	(37,22)
-0.03646148335184381113411456648	(37,23)
-0.02810439643696370373194344155	(37,24)
-0.02056932615663695788534880444	(37,25)
-0.01402208365200707534653223756	(37,26)
-0.00860586029428584829998105451	(37,27)
-0.00443828039395924718233095052	(37,28)
-0.00160924408687921772659855089	(37,29)
-0.00017944352121081354727999233	(37,30)
-0.14907797470082276903243926105	(38,1)
-0.14907177787125064340706082365	(38,2)
-0.14902999178705465021796559366	(38,3)
-0.14889545618928592305434773031	(38,4)
-0.14858645424964481707898126074	(38,5)
-0.14800142554654148546695111294	(38,6)
-0.14702503293345012810914769309	(38,7)
-0.14553535473619302531052134986	(38,8)
-0.14341187918304685910734160437	(38,9)
-0.14054388041522722127990672042	(38,10)
-0.13683867126327226387712715852	(38,11)
-0.13222917652311833927542703962	(38,12)
-0.12668026967173888659255925384	(38,13)
-0.12019337746593843650750597853	(38,14)
-0.11280898174972679501480877655	(38,15)
-0.10460682450572169990573220427	(38,16)
-0.09570382769396004162562959024	(38,17)
-0.08624994364524994039958939464	(38,18)
-0.07642232418371916335549102712	(38,19)
-0.06641831309617253147263555819	(38,20)
-0.05644781429335549456192456039	(38,21)
-0.04672556748797579493902822478	(38,22)
-0.03746378654340402486844494788	(38,23)
-0.02886550244746738379423295465	(38,24)
-0.02111882519438775590885485877	(38,25)
-0.01439221664929461707187298477	(38,26)
-0.00883076452400445860449608822	(38,27)
-0.00455337441761722230095970865	(38,28)
-0.00165075509767614818574519205	(38,29)
-0.000184059934101127865502282	(38,30)
-0.15374385106097550825040545438	(39,1)
-0.15373741467846233269797972523	(39,2)
-0.15369401335648001184656826488	(39,3)
-0.15355427849109959380162057042	(39,4)
-0.15323334175679723859986932029	(39,5)
-0.15262574343716635776821041898	(39,6)
-0.15161175970392285098980742615	(39,7)
-0.15006491384504953670418592474	(39,8)
-0.14786033417030417645657858374	(39,9)
-0.14488351462294060040131851544	(39,10)
-0.14103894135126160452324678246	(39,11)
-0.13625799134774203694360604816	(39,12)
-0.13050550795120070265246038558	(39,13)
-0.12378452557809191399487867983	(39,14)
-0.11613875353315960400466362748	(39,15)
-0.10765262283941481753857982209	(39,16)
-0.09844892450846459882929799495	(39,17)
-0.08868428864137020134475014658	(39,18)
-0.07854293726816715835973814191	(39,19)
-0.06822926370179273477090950971	(39,20)
-0.05795983445175765650617185633	(39,21)
-0.04795537844157722156824010296	(39,22)
-0.03843323721079657089507556492	(39,23)
-0.02960062160239994988773248211	(39,24)
-0.02164887975895303034617866777	(39,25)
-0.01474884963427832851668360099	(39,26)
-0.00904726204008673160696172732	(39,27)
-0.0046640856894953108108193875	(39,28)
-0.00169066555591157946063825425	(39,29)
-0.00018849723359935685835134927	(39,30)
-0.15832093099516642211251991608	(40,1)
-0.15831425545617196758149333121	(40,2)
-0.15826924157860677051121168237	(40,3)
-0.15812431618563443250169058471	(40,4)
-0.15779146533315327719500264953	(40,5)
-0.15716133883913930904376326728	(40,6)
-0.15610983982624755942566230063	(40,7)
-0.15450595803481705325515597259	(40,8)
-0.15222049526614163181632438969	(40,9)
-0.14913521497239549930052653604	(40,10)
-0.14515184614069523661238359578	(40,11)
-0.14020030849544500054148759447	(40,12)
-0.13424552428931338613188046725	(40,13)
-0.12729225610850364855375550243	(40,14)
-0.11938756110716516301414959484	(40,15)
-0.11062066463876600759753598881	(40,16)
-0.1011203006702779220452972871	(40,17)
-0.09104980462702246520860617003	(40,18)
-0.08060043889292917954112877379	(40,19)
-0.06998355383448564521306231151	(40,20)
-0.05942222496622884936424843208	(40,21)
-0.04914296361222738226301617011	(40,22)
-0.03936799196169565863491024013	(40,23)
-0.03030842964484243409849704751	(40,24)
-0.0221585851211698017146644303	(40,25)
-0.01509140439931983913184628584	(40,26)
-0.00925501768708165625360619172	(40,27)
-0.00477024922529311106767235861	(40,28)
-0.00172891758411199973445961955	(40,29)
-0.00019274907564843433517636724	(40,30)
-0.16279590854756792648654443158	(41,1)
-0.16278899512209598889983803604	(41,2)
-0.1627423772610305822624243366	(41,3)
-0.1625922890371927878121488539	(41,4)
-0.1622475882452268536589478064	(41,5)
-0.16159505723709316988519553273	(41,6)
-0.1605062555828253064198314916	(41,7)
-0.15884567727719016018727893289	(41,8)
-0.15647984633749993659339984935	(41,9)
-0.1532868581877185245426269932	(41,10)
-0.14916576282064681767328099896	(41,11)
-0.14404511637955474677439139056	(41,12)
-0.13789002570170530108959378405	(41,13)
-0.1307070916211473976839305684	(41,14)
-0.12254682219176673336837868784	(41,15)
-0.11350331902369102807317220927	(41,16)
-0.10371130514643632795698554251	(41,17)
-0.09334081879929374844901651094	(41,18)
-0.08259010302597298430781545185	(41,19)
-0.07167734564839799341686728538	(41,20)
-0.06083195534601931367269127001	(41,21)
-0.05028600320879328514479056863	(41,22)
-0.0402663363835743729092638878	(41,23)
-0.03098771058893000118536239345	(41,24)
-0.0226471212620946103950688182	(41,25)
-0.01541936352574888944703635691	(41,26)
-0.00945373507780520985436697829	(41,27)
-0.00487172058704321677856342186	(41,28)
-0.00176546088570891904315685206	(41,29)
-0.0001968099687490285446332812	(41,30)
-0.16715524273871764198107947232	(42,1)
-0.16714809363910298425062834104	(42,2)
-0.16709988672016771733834549775	(42,3)
-0.16694468380970915088626578839	(42,4)
-0.16658824417155901727639457265	(42,5)
-0.16591352094371942909912506916	(42,6)
-0.16478777666262770884798218518	(42,7)
-0.16307106477922807604909367431	(42,8)
-0.16062569640575217646195836246	(42,9)
-0.15732617456255261777416062453	(42,10)
-0.15306895686605417973525796473	(42,11)
-0.14778133181160685718208145424	(42,12)
-0.14142869147513834163719709831	(42,13)
-0.13401957231218131228738198103	(42,14)
-0.12560801628633030072347430611	(42,15)
-0.11629305699345657420171986623	(42,16)
-0.10621542221454180935121580457	(42,17)
-0.09555181834603224875588531219	(42,18)
-0.08450737826650311422729336826	(42,19)
-0.07330698017172060209004299971	(42,20)
-0.0621861683951277690589029161	(42,21)
-0.05138233672151773008584356963	(42,22)
-0.04112669488713693387856535816	(42,23)
-0.03163736270443894264524231056	(42,24)
-0.02311375616954099041558081527	(42,25)
-0.01573227197737958897421952844	(42,26)
-0.00964315723490216577035510736	(42,27)
-0.00496837607919319206846673437	(42,28)
-0.00180025278275120746244226479	(42,29)
-0.00020067527627675337906804189	(42,30)
-0.17138526800550528449709736932	(43,1)
-0.17137788644769767380651698926	(43,2)
-0.17132811216314449374319504427	(43,3)
-0.17116786448572734642206769407	(43,4)
-0.17079984704742366275931223969	(43,5)
-0.17010323823553189461738080893	(43,6)
-0.16894106811287130427014336477	(43,7)
-0.16716902312671609346712700702	(43,8)
-0.16464528320994447795240100169	(43,9)
-0.16124084803714540716112791124	(43,10)
-0.1568496776156849650352120807	(43,11)
-0.1513978900034594910149720594	(43,12)
-0.14485125651334210864555977455	(43,13)
-0.137220331690948694190724823	(43,14)
-0.12856275183513337634135583956	(43,15)
-0.11898250947147863930723143932	(43,16)
-0.10862632010249329486323196628	(43,17)
-0.09767748976762610098930151167	(43,18)
-0.08634791832063378335043450019	(43,19)
-0.07486899976307690951416808913	(43,20)
-0.06348219576004557598229854939	(43,21)
-0.05242997285245918874206611494	(43,22)
-0.04194763637158765640879176548	(43,23)
-0.03225640121065959433647124031	(43,24)
-0.02355784669389018958050770983	(43,25)
-0.01602973701841245733659332452	(43,26)
-0.00982306620120217564598288415	(43,27)
-0.00506011241274571036662646272	(43,28)
-0.00183325806089347895585861809	(43,29)
-0.00020434119732362946513955997	(43,30)
-0.17547230205891219827076328292	(44,1)
-0.17546469231513093592840147823	(44,2)
-0.17541337947871996875450850009	(44,3)
-0.17524817987001304015576227547	(44,4)
-0.17486879823840826223362392982	(44,5)
-0.17415070971299045222796989734	(44,6)
-0.17295279534368605892879707425	(44,7)
-0.17112646722641676893470721437	(44,8)
-0.1685258732219304845004339626	(44,9)
-0.16501861228672894312984583664	(44,10)
-0.16049624933910065622230666974	(44,11)
-0.15488382948080527493405288017	(44,12)
-0.14814758900185424790990610161	(44,13)
-0.14030016602443771688980560497	(44,14)
-0.13140282669474919527566217936	(44,15)
-0.12156451833901488477452513503	(44,16)
-0.11093789249718132234311911597	(44,17)
-0.09971275116727162872879391522	(44,18)
-0.08810760576861860519693831295	(44,19)
-0.07636016438693455458178449731	(44,20)
-0.064717567989072782231143109	(44,21)
-0.05342709476181634831355413192	(44,22)
-0.04272787606235272747457131027	(44,23)
-0.03284395799357490091664454502	(44,24)
-0.0239788372220601188444652327	(44,25)
-0.01631142664939760590894221268	(44,26)
-0.00999328174641759484261593771	(44,27)
-0.00514684590665646217892384363	(44,28)
-0.00186444864758687176276632279	(44,29)
-0.00020780472900165411471710621	(44,30)
-0.17940275091452602993493381241	(45,1)
-0.17939491835619955082852625985	(45,2)
-0.17934210319258356292376786325	(45,3)
-0.17917206833404200800399579097	(45,4)
-0.17878159080119575788602297343	(45,5)
-0.17804253164734052204039962032	(45,6)
-0.17680972595508818436982242657	(45,7)
-0.17493042382766327679083743717	(45,8)
-0.17225485791077900022340806299	(45,9)
-0.16864734264320824930319749665	(45,10)
-0.16399715764910597705913209905	(45,11)
-0.15822837181085393408800725449	(45,12)
-0.1513077623540595234111605486	(45,13)
-0.14325009757992575407181335842	(45,14)
-0.13412028202163795746591717887	(45,15)
-0.12403218066663855394003894881	(45,16)
-0.11314429322184972165374301684	(45,17)
-0.10165277789254237594438337607	(45,18)
-0.08978256957348329888009318506	(45,19)
-0.07777746220157753201462701663	(45,20)
-0.0658900196122464127520730848	(45,21)
-0.05437206112498103637999525114	(45,22)
-0.04346627397431061945353044704	(45,23)
-0.03339927873538949507665304739	(45,24)
-0.02437625648021002112763731726	(45,25)
-0.01657706678795075770695794795	(45,26)
-0.01015365931673315073819796527	(45,27)
-0.00522851130494847603597097782	(45,28)
-0.00189380315261539357110753988	(45,29)
-0.00021106361349688901127449447	(45,30)
-0.18316321094062594852750803249	(46,1)
-0.18315516207059894036259576989	(46,2)
-0.18310088843234876738284429836	(46,3)
-0.1829261595481617916235881205	(46,4)
-0.18252491068174954533834305409	(46,5)
-0.18176549617086458507336250158	(46,6)
-0.18049882825393055781442818123	(46,7)
-0.17856812750802755040798478293	(46,8)
-0.17581984616609289963388181397	(46,9)
-0.17211514379436898092164492764	(46,10)
-0.167341131249788451360646773	(46,11)
-0.1614209961926256191135522672	(46,12)
-0.15432212155771736742932247347	(46,13)
-0.1460614318669434757795784649	(46,14)
-0.1367074498703893769277460692	(46,15)
-0.12637888652507580759394833171	(46,16)
-0.11523996454932704752275378688	(46,17)
-0.10349302206741240647420312266	(46,18)
-0.09136919692080146112631056256	(46,19)
-0.07911811507271568172858214689	(46,20)
-0.06699748984806356458552391807	(46,21)
-0.05526340356987622087592196656	(46,22)
-0.04416183050764789306860415124	(46,23)
-0.03392171788197126584055667589	(46,24)
-0.02474971279854182528316246162	(46,25)
-0.01682643743384127555515244885	(46,26)
-0.01030408738034031704194504565	(46,27)
-0.00530506029075426302248400276	(46,28)
-0.00192130630096555630987646112	(46,29)
-0.00021411627324780807149619629	(46,30)
-0.18674056778161759756400957311	(47,1)
-0.18673231025470536949382405632	(47,2)
-0.18667662976077542292211245625	(47,3)
-0.18649737306207201209193980783	(47,4)
-0.18608573471640302259764676025	(47,5)
-0.18530668818525409928102241645	(47,6)
-0.18400736635093720168918788067	(47,7)
-0.18202711303672200000103832716	(47,8)
-0.17920875282753915416330822629	(47,9)
-0.17541043325332423219164045906	(47,10)
-0.1705172190712070034778956779	(47,11)
-0.16445150903235773432110085091	(47,12)
-0.15718134412780908804758795364	(47,13)
-0.14872580917657730876463621534	(47,14)
-0.13915699489666916428343636118	(47,15)
-0.12859835086253398997224707012	(47,16)
-0.11721965972042919107593151306	(47,17)
-0.10522922664730255488209633459	(47,18)
-0.09286414005975982935621014406	(47,19)
-0.08037957969040623558352695374	(47,20)
-0.06803811959102754152764585517	(47,21)
-0.05609982109612193152218719857	(47,22)
-0.0448136797019695755151225614	(47,23)
-0.03441073188211533182176590579	(47,24)
-0.02509888817331907113977242838	(47,25)
-0.01705936805648395492646663256	(47,26)
-0.0104444843194973703488630811	(47,27)
-0.00537645977660403171996490504	(47,28)
-0.00194694828717439564879654307	(47,29)
-0.00021696173751875476452309494	(47,30)
-0.19012209198203486368017159241	(48,1)
-0.190113634613132030759487996	(48,2)
-0.19005660670342354095515223895	(48,3)
-0.18987301356258931599985175397	(48,4)
-0.18945142527115872133847255939	(48,5)
-0.1886535788353808570611340615	(48,6)
-0.18732299170500095418584842078	(48,7)
-0.18529530401305797609010450324	(48,8)
-0.18240988326038347292525321921	(48,9)
-0.17852202059431147485923270447	(48,10)
-0.17351486285757896246372906847	(48,11)
-0.16731010865524443894938593163	(48,12)
-0.15987649591239715253855939737	(48,13)
-0.15123525076689447140882971716	(48,14)
-0.14146195061599869040100200389	(48,15)
-0.13068463999448155806094513387	(48,16)
-0.11907846029253884253813971288	(48,17)
-0.10685743467782525955103946691	(48,18)
-0.09426431885282114787645184991	(48,19)
-0.08155954499144708114331831114	(48,20)
-0.06901024534591697593951701623	(48,21)
-0.0568801720785220377094898284	(48,22)
-0.04542108066718703015902107539	(48,23)
-0.03486587112079469441984053306	(48,24)
-0.02542353144816103872770763807	(48,25)
-0.01727573243116665525864667518	(48,26)
-0.01057479501104186602495821757	(48,27)
-0.00544269004521511499021731288	(48,28)
-0.00197072407831515424573512602	(48,29)
-0.00021959956340939539646725944	(48,30)
-0.19329553107998977561270029762	(49,1)
-0.19328688383909667380073016078	(49,2)
-0.19322857574083034093442920865	(49,3)
-0.19304086258217900686937192027	(49,4)
-0.19260982130044785670489612352	(49,5)
-0.19179411534435699567429556596	(49,6)
-0.1904338309348574676670861146	(49,7)
-0.18836109763652383922159472317	(49,8)
-0.1854120138844582296587603905	(49,9)
-0.18143918242885808671923149162	(49,10)
-0.17632396526526842982699338929	(49,11)
-0.16998744530601190650224427822	(49,12)
-0.16239908201031225744061213606	(49,13)
-0.15358220006388623155272472803	(49,14)
-0.14361575069506810665652428515	(49,15)
-0.13263219327812172433522171828	(49,16)
-0.12081178896604728653639566127	(49,17)
-0.1083739944533291697721212296	(49,18)
-0.09556691974708740045849820686	(49,19)
-0.08265592658483041378554425287	(49,20)
-0.06991239076068259440492446949	(49,21)
-0.05760346443627206609481012348	(49,22)
-0.04598340768469896806555753717	(49,23)
-0.03528677094304299492756553587	(49,24)
-0.02572345091365637842001716593	(49,25)
-0.01747544313200137143505033542	(49,26)
-0.01069498722464649937905691164	(49,27)
-0.0055037428079680115848906276	(49,28)
-0.00199263269007953497313617868	(49,29)
-0.00022202975403219821856710456	(49,30)
-0.1962491978738001152291735479	(50,1)
-0.1962403718675132626710719711	(50,2)
-0.19618085847035588082531824219	(50,3)
-0.1959892663673630717841543701	(50,4)
-0.19554932554353566728322813828	(50,5)
-0.19471680694513854134826152256	(50,6)
-0.19332856966154751512004739968	(50,7)
-0.19121344541405149913442015386	(50,8)
-0.18820446852053860705248222283	(50,9)
-0.18415173306200141410948307696	(50,10)
-0.17893495350262888746355249072	(50,11)
-0.17247467657665883472035283947	(50,12)
-0.1647410930541850505347805361	(50,13)
-0.15575955924848659847472981694	(50,14)
-0.14561225575652659635523947002	(50,15)
-0.13443584054728256953838527015	(50,16)
-0.12241541853540759696306383554	(50,17)
-0.10977556126319144883063800459	(50,18)
-0.09676939186366146663918991571	(50,19)
-0.08366685885255146644811133489	(50,20)
-0.07074325637775620248475288101	(50,21)
-0.05826884451312158081307560335	(50,22)
-0.04650013943549616914495980831	(50,23)
-0.03567314213077259850948664662	(50,24)
-0.02599850659519659945480857981	(50,25)
-0.01765844586731232727506884527	(50,26)
-0.01080504795321224084390837773	(50,27)
-0.00555961924008552008164179503	(50,28)
-0.00201267645733430277762776904	(50,29)
-0.00022425267623970071933846057	(50,30)
-0.19897205450167578965938465077	(51,1)
-0.19896306194089452568190009978	(51,2)
-0.19890242557917139384877678292	(51,3)
-0.19870721955293809431121553316	(51,4)
-0.19825898751470766829814124845	(51,5)
-0.19741080658396705154969825006	(51,6)
-0.19599653208848699926410040938	(51,7)
-0.19384192955830256709885291625	(51,8)
-0.19077719037271344970241671293	(51,9)
-0.18665009073042360590603460768	(51,10)
-0.18133883851409247453479079767	(51,11)
-0.17476351837789348226306075843	(51,12)
-0.16689504709703005219753483574	(51,13)
-0.15776072158900759181308989473	(51,14)
-0.14744577616795027697835407134	(51,15)
-0.13609081587084444689088682786	(51,16)
-0.12388547759366731124501556965	(51,17)
-0.1110590963887176418256638927	(51,18)
-0.09786944086846419608371554059	(51,19)
-0.08459068535840994688151932197	(51,20)
-0.07150170817929852018895105067	(51,21)
-0.05887558516791245694174904553	(51,22)
-0.04697084776776126263366902523	(51,23)
-0.03602476115552749333346991559	(51,24)
-0.02624860246662544953505905442	(51,25)
-0.01782471381907316273000867124	(51,26)
-0.01090497977395964551406504767	(51,27)
-0.00561032804295949525562207131	(51,28)
-0.0020308603173233913742543846	(51,29)
-0.0002262689799202633886256401	(51,30)
-0.20145379191850578714879416926	(52,1)
-0.20144464607233133948185726987	(52,2)
-0.20138297621416679384227536794	(52,3)
-0.20118444423263401282629852037	(52,4)
-0.20072858188896672648717184745	(52,5)
-0.19986598801819902189483690942	(52,6)
-0.19842775597587956313656668501	(52,7)
-0.19623683478452016875540221268	(52,8)
-0.19312080942394752037612388336	(52,9)
-0.18892533928866733160125993354	(52,10)
-0.18352726968112634542050566721	(52,11)
-0.17684629154637022897345391425	(52,12)
-0.16885402732002420863367065132	(52,13)
-0.15957959985935256585578539584	(52,14)
-0.1491110912655465360659925142	(52,15)
-0.13759276817380470017277340727	(52,16)
-0.12521845358932250497973368997	(52,17)
-0.11222186397641704800313829135	(52,18)
-0.09886502124407362770849385672	(52,19)
-0.08542594814832889540138533225	(52,20)
-0.07218676545017182083845535499	(52,21)
-0.05942307352368406380601910292	(52,22)
-0.04739518636895359936639537404	(52,23)
-0.03634146048888535170119008412	(52,24)
-0.0264736787941095314086740589	(52,25)
-0.01797424212367190139675937806	(52,26)
-0.01099479732300816287022177262	(52,27)
-0.00565588357561522803499438342	(52,28)
-0.00204719112054440856425961897	(52,29)
-0.00022807952052637291225100248	(52,30)
-0.2036849043102544096389922576	(53,1)
-0.20367561944629467282987984903	(53,2)
-0.2036130122911205421876775607	(53,3)
-0.20341146397368981652187500714	(53,4)
-0.20294868184244661471714480868	(53,5)
-0.20207301788970908954269007176	(53,6)
-0.20061306262668474542335738684	(53,7)
-0.19838921517655748907173566285	(53,8)
-0.19522670498834029159781564048	(53,9)
-0.19096928517951301765285911188	(53,10)
-0.18549258498605120254587605747	(53,11)
-0.17871596415585012824619030146	(53,12)
-0.17061171575628010939619036225	(53,13)
-0.16121065115960622570334467018	(53,14)
-0.1506034654362035588651860969	(53,15)
-0.13893776922792560182679258086	(53,16)
-0.12641119379568166399519624012	(53,17)
-0.1132614263680484652417280656	(53,18)
-0.09975432753104900664165339574	(53,19)
-0.08617137647095324924842465625	(53,20)
-0.07279758842681302175871279493	(53,21)
-0.05991079877015184533872665123	(53,22)
-0.04777287965905909249644955287	(53,23)
-0.03662311921120855347899265122	(53,24)
-0.02667370478225393485423129892	(53,25)
-0.01810704260789070307654251292	(53,26)
-0.01107452395124877232935967228	(53,27)
-0.00569630408934029474575022449	(53,28)
-0.00206167698138590028609686891	(53,29)
-0.000229685286168423814998273	(53,30)
-0.20565675795782869790504792725	(54,1)
-0.20564734926936597691250754966	(54,2)
-0.20558390725688191567143342427	(54,3)
-0.20537967229437821376027779075	(54,4)
-0.20491072687863912518024175824	(54,5)
-0.20402342232755337128238499125	(54,6)
-0.20254412147479620868921180171	(54,7)
-0.20029095576739762036392969586	(54,8)
-0.19708706313974444727706955263	(54,9)
-0.19277450950212820026865818117	(54,10)
-0.18722785656311952377521853423	(54,11)
-0.18036618957868711867799676774	(54,12)
-0.17216242320210505773564775457	(54,13)
-0.16264889842896620450257012954	(54,14)
-0.15191866144984099272039363327	(54,15)
-0.14012231948098500401978120439	(54,16)
-0.12746090470827527149075117882	(54,17)
-0.11417563841702453226036160353	(54,18)
-0.1005357850518480388439460089	(54,19)
-0.08682587538981926012401487278	(54,20)
-0.0733334661434729645397581994	(54,21)
-0.06033834036129652522244948006	(54,22)
-0.04810371217472355384192045519	(54,23)
-0.03686965412034257140563792039	(54,24)
-0.02684867166412527546445883347	(54,25)
-0.01822313887235834178506997096	(54,26)
-0.01114418861561443976574401983	(54,27)
-0.00573161009228524026540553998	(54,28)
-0.00207432667795915755740722915	(54,29)
-0.00023108733030925720121845825	(54,30)
-0.20736165404985277794854350918	(55,1)
-0.20735213757057629937515709392	(55,2)
-0.20728796880589392940651581983	(55,3)
-0.20708139511110101678043004878	(55,4)
-0.20660708465914323305482832348	(55,5)
-0.20570964762121411932683495825	(55,6)
-0.20421350885370843982889485935	(55,7)
-0.2019348284669711215217208609	(55,8)
-0.19869492872348656776515125653	(55,9)
-0.19433441497774480668097846328	(55,10)
-0.18872693154563817418516681076	(55,11)
-0.1817913403255429818923901188	(55,12)
-0.17350111546451662857944035025	(55,13)
-0.16388994891269918750512501346	(55,14)
-0.1530529513991221295394225012	(55,15)
-0.14114335215168337454520561065	(55,16)
-0.12836515033718839129413830373	(55,17)
-0.11496264126671034211627351634	(55,18)
-0.10120804057311672842756847973	(55,19)
-0.08738851470044002216821259892	(55,20)
-0.07379380483154526885220745857	(55,21)
-0.06070535689884765454555005114	(55,22)
-0.04838751866984899180932397946	(55,23)
-0.03708101150580111528816411216	(55,24)
-0.02699858634930851389183782566	(55,25)
-0.0183225617953942304749653107	(55,26)
-0.01120382304774459755291047375	(55,27)
-0.00576182286451988862133635041	(55,28)
-0.00208514910824898274818018388	(55,29)
-0.00023228671083638942073476961	(55,30)
-0.20879288494798362522628393466	(56,1)
-0.20878327745522720183598667666	(56,2)
-0.20871849505653771551782133484	(56,3)
-0.2085099466656995552748921126	(56,4)
-0.20803110636136673143168853732	(56,5)
-0.20712511450889177379179489874	(56,6)
-0.20561476052611036548836906652	(56,7)
-0.20331454197068660642562129325	(56,8)
-0.20004425165624104736886086792	(56,9)
-0.1956432676076858127659745895	(56,10)
-0.18998446810862961849175250796	(56,11)
-0.18298653767638240562289659719	(56,12)
-0.17462343607222418950467397595	(56,13)
-0.16493000981565554156050890009	(56,14)
-0.15400312556648299558512968642	(56,15)
-0.14199823597254918994113599708	(56,16)
-0.1291218498100469044095174714	(56,17)
-0.11562085601051941569573053437	(56,18)
-0.10176995330453558561942551889	(56,19)
-0.08785851850886974011705178325	(56,20)
-0.07417811717440177797038212361	(56,21)
-0.06101157594483747962563086579	(56,22)
-0.04862417511787642715473263123	(56,23)
-0.03725715972165819689510198045	(56,24)
-0.0271234657198803672909670128	(56,25)
-0.01840534551339888914012684463	(56,26)
-0.01125345923167921511736897019	(56,27)
-0.00578696313867254783043523641	(56,28)
-0.00209415280776511817862187874	(56,29)
-0.00023328443607229894363582123	(56,30)
-0.2099447834289131237025999899	(57,1)
-0.20993510233656446063840205986	(57,2)
-0.20986982371319291094886569614	(57,3)
-0.20965967846376737883739166722	(57,4)
-0.2091771751051324143220082743	(57,5)
-0.20826426564365863148288389054	(57,6)
-0.20674241757124256698588991501	(57,7)
-0.20442478529553609862209201261	(57,8)
-0.20112992722840212593331332917	(57,9)
-0.19669623282236762331104964374	(57,10)
-0.19099596660347791721761083011	(57,11)
-0.18394767710466273520271237653	(57,12)
-0.17552572555714799936248482139	(57,13)
-0.16576590134535725509428933771	(57,14)
-0.15476649949986342504017257983	(57,15)
-0.14268477691669910053482199973	(57,16)
-0.12972927464889849756714101558	(57,17)
-0.11614897759773184416842566924	(57,18)
-0.10222058657576993406309978355	(57,19)
-0.08823525577381476867315621935	(57,20)
-0.07448601267023383565373554421	(57,21)
-0.06125678496288100471830475341	(57,22)
-0.04881359076493302055431599482	(57,23)
-0.03739808266312442139226438416	(57,24)
-0.02722333164341957380887147656	(57,25)
-0.01847152391984550958952729226	(57,26)
-0.01129312721363669861332913493	(57,27)
-0.00580704995689653908072009953	(57,28)
-0.00210134553229989301609949778	(57,29)
-0.00023408141810820213427116149	(57,30)
-0.21081276446313692904050158504	(58,1)
-0.21080302770559240470706012907	(58,2)
-0.21073737377569904481148937773	(58,3)
-0.21052602079013648337255269512	(58,4)
-0.21004074702459486970487990962	(58,5)
-0.20912260583299525613503014631	(58,6)
-0.2075920652566857662339135108	(58,7)
-0.20526126461617655280019225947	(58,8)
-0.20194783014292372159733932353	(58,9)
-0.19748940593191941891591961662	(58,10)
-0.19175779568383488311917718127	(58,11)
-0.18467144948904807261506911894	(58,12)
-0.17620503739490131878242745127	(58,13)
-0.1663950673180960035605667315	(58,14)
-0.15534091953902917162228309875	(58,15)
-0.14320121919677361580221877707	(58,16)
-0.13018604603123451965901926144	(58,17)
-0.11654596929350078635935423382	(58,18)
-0.10255920047820266258975614892	(58,19)
-0.0885182320628316522032203028	(58,20)
-0.07471718930937709649341338178	(58,21)
-0.06144082354873166269911776033	(58,22)
-0.04895570135144868737024140481	(58,23)
-0.03750377422765729559279290031	(58,24)
-0.02729820675485534123397986328	(58,25)
-0.01852112771342214877644202958	(58,26)
-0.0113228532600623641733369138	(58,27)
-0.00582209971145585457047983301	(58,28)
-0.00210673390816983938531930678	(58,29)
-0.00023467843371126499796056765	(58,30)
-0.21139335914057521383975172541	(59,1)
-0.21138358504929671895496150586	(59,2)
-0.21131767940771714314825631955	(59,3)
-0.21110551641698998797086910056	(59,4)
-0.21061838460993889567936967319	(59,5)
-0.20969673469301637663149526105	(59,6)
-0.20816036456330016377933401394	(59,7)
-0.20582073310991227640606563624	(59,8)
-0.2024948420535845682665673846	(59,9)
-0.19801983670850053756315521583	(59,10)
-0.19226721333020389949533435257	(59,11)
-0.18515535810262836885422153901	(59,12)
-0.17665915067544856024478407165	(59,13)
-0.16681558347202683805427481792	(59,14)
-0.15572476699433950422961044865	(59,15)
-0.1435462457763056926967399421	(59,16)
-0.13049113229247406075933534518	(59,17)
-0.11681105794711914054253593655	(59,18)
-0.10278524570546694406308160418	(59,19)
-0.08870708272488367766818105728	(59,20)
-0.07487142673059913911523874695	(59,21)
-0.0615635770759449343216785821	(59,22)
-0.04905046359260981124505505936	(59,23)
-0.0375742338212405932406089067	(59,24)
-0.0273481110448627771504307897	(59,25)
-0.01855418201677283816389193401	(59,26)
-0.01134265837484049931503331294	(59,27)
-0.00583212537361789649682312651	(59,28)
-0.00211032315140774673509930207	(59,29)
-0.00023507609295549041534410991	(59,30)
-0.2116842404154568756382648629	(60,1)
-0.21167444758984024970796492861	(60,2)
-0.21160841563758669877880057545	(60,3)
-0.21139584618150525017164516263	(60,4)
-0.21090778200330948310157976414	(60,5)
-0.20998437141591897202188008535	(60,6)
-0.20844507608476522591538030583	(60,7)
-0.20610101356560763579077760721	(60,8)
-0.20276887240277385555076982651	(60,9)
-0.1982855479562840214080516339	(60,10)
-0.19252238269336729407468727657	(60,11)
-0.1853977313680917689217622524	(60,12)
-0.17688657955923206319128341065	(60,13)
-0.16702616360201458550371637065	(60,14)
-0.15591696113950923588489346322	(60,15)
-0.14371897858554253752031736872	(60,16)
-0.13064384687472710757074963964	(60,17)
-0.11694373026955427440928567163	(60,18)
-0.10289835877647037783451479599	(60,19)
-0.08880156763647979181213444421	(60,20)
-0.07494858098266009833835500359	(60,21)
-0.06162497185184060206501533153	(60,22)
-0.04909785098473281664571284399	(60,23)
-0.03760946295377130337380198177	(60,24)
-0.0273730592812907952826193941	(60,25)
-0.01857070458030377595267297913	(60,26)
-0.01135255718264722353879307981	(60,27)
-0.0058371359136768228239065945	(60,28)
-0.00211211685673517066219089036	(60,29)
-0.00023527481565782479865543754	(60,30)