b^1^1_2_(sigma,mu)
-0.00021330633933381780451151029	(1,1)
-0.00191625070941754839677859429	(1,2)
-0.00530348163475573999427791506	(1,3)
-0.01033788790479000886666732984	(1,4)
-0.01696431151174951174638107876	(1,5)
-0.0251101519737580454195081708	(1,6)
-0.0346861617613764860573595666	(1,7)
-0.0455874241126464855799559156	(1,8)
-0.0576945025234135327565935578	(1,9)
-0.0708747493188048292581509336	(1,10)
-0.0849837589688268838075154161	(1,11)
-0.0998669502252235022166097019	(1,12)
-0.1153612597453693533656893026	(1,13)
-0.1312969286475280028328362161	(1,14)
-0.1474993624236556670423587087	(1,15)
-0.1637910438322350600158394125	(1,16)
-0.1799934778131804699877974003	(1,17)
-0.1959291471160230994830811997	(1,18)
-0.2114234572152073647602269508	(1,19)
-0.2263066492036900901068606985	(1,20)
-0.2404156597068502852612895888	(1,21)
-0.253595907439145539996301839	(1,22)
-0.265702986829635174148491185	(1,23)
-0.276604250160627814592432601	(1,24)
-0.286180260885150365973405413	(1,25)
-0.294326102200297264954839615	(1,26)
-0.300952526539343132815688613	(1,27)
-0.305986933388416062582013237	(1,28)
-0.309374164714438427027725138	(1,29)
-0.31107710928934000891635696	(1,30)
-0.00021332260175413904925023578	(2,1)
-0.00191639680410909610573063519	(2,2)
-0.00530388597578880848397818464	(2,3)
-0.0103386760994821862193382031	(2,4)
-0.0169656050290711096506278276	(2,5)
-0.0251120668925713234742250246	(2,6)
-0.0346888076153390035754555878	(2,7)
-0.0455909028415987867026830254	(2,8)
-0.0576989075338559026862092685	(2,9)
-0.0708801646494337977166165319	(2,10)
-0.0849902585517815158951090379	(2,11)
-0.0998745972302834906125605341	(2,12)
-0.1153701059932525464168237917	(2,13)
-0.1313070140798113655257681498	(2,14)
-0.1475107146205824572000875646	(2,15)
-0.1638036775754037396724058824	(2,16)
-0.1800073946972406997778064734	(2,17)
-0.1959443352212612146978397936	(2,18)
-0.2114398908604189063269381439	(2,19)
-0.226324288805126992300456211	(2,20)
-0.2404344517734858399316636462	(2,21)
-0.253615784736368257556246899	(2,22)
-0.265723868742335164779763954	(2,23)
-0.276626043282321375972567585	(2,24)
-0.286202859852440612513472856	(2,25)
-0.294349390782021254139217977	(2,26)
-0.300976378977895869423315876	(2,27)
-0.306011215977853985633234099	(2,28)
-0.309398737587054859646709402	(2,29)
-0.31110182837050823188551568	(2,30)
-0.00021343030258179141233748966	(3,1)
-0.00191736434273612291003193812	(3,2)
-0.00530656379844076938129987228	(3,3)
-0.01034389606796445376950146908	(3,4)
-0.01697417160950710646986884089	(3,5)
-0.0251247488785446576124806093	(3,6)
-0.0347063304972821345254989938	(3,7)
-0.045613941886775093537991528	(3,8)
-0.0577280815924173245900807975	(3,9)
-0.0709160306571441872397078168	(3,10)
-0.085033306664046242798899529	(3,11)
-0.0999252464991860760726211258	(3,12)
-0.1154287004920906679792618547	(3,13)
-0.131373819389211915841699575	(3,14)
-0.1475859146159200602815089725	(3,15)
-0.163887371494443708326283841	(3,16)
-0.1800995945156189947845724371	(3,17)
-0.1960449634163686166663206284	(3,18)
-0.2115487786955685476937503444	(3,19)
-0.2264411753095518290570391909	(3,20)
-0.2405589836242360763196523373	(3,21)
-0.253747517261121009284460065	(3,22)
-0.265862268254581262440014103	(3,23)
-0.27677049093130327527734102	(3,24)
-0.286352657120533757179432379	(3,25)
-0.294503766694900246183231284	(3,26)
-0.301134499012469097778353113	(3,27)
-0.306172192565594005508835379	(3,28)
-0.309561642022821878499594111	(3,29)
-0.31126570385629116814715696	(3,30)
-0.00021376706132219156499964532	(4,1)
-0.00192038964085644046654469067	(4,2)
-0.00531493681355264225834337149	(4,3)
-0.0103602178880072117913511071	(4,4)
-0.0170009577210222392131130765	(4,5)
-0.0251644033558871401935632086	(4,6)
-0.034761122244478932581458078	(4,7)
-0.0456859831295928278838054897	(4,8)
-0.0578193086597235703239727604	(4,9)
-0.071028186945235104100219844	(4,10)
-0.0851679275614506936279994321	(4,11)
-0.1000836459757863526862503242	(4,12)
-0.115611959034079129846856371	(4,13)
-0.1315827729938868047659820189	(4,14)
-0.1478211446451908143848468211	(4,15)
-0.1641491953149837547804249069	(4,16)
-0.1803880570136327807871729349	(4,17)
-0.1963598296488608755058837457	(4,18)
-0.2118895281085550049628621284	(4,19)
-0.2268069980972606303263554756	(4,20)
-0.240948779904089626339932807	(4,21)
-0.254159899782697990922298733	(4,22)
-0.266295569337364034493548025	(4,23)
-0.277222774232388146549519232	(4,24)
-0.286821734672730347961762275	(4,25)
-0.294987221437290118220489886	(4,26)
-0.301629712774717873384222128	(4,27)
-0.306676379183674108321901993	(4,28)
-0.310071884979516127399803806	(4,29)
-0.31177899757778457590896019	(4,30)
-0.00021451005716658629510787366	(5,1)
-0.00192706440199227031336150604	(5,2)
-0.00533341033606497205510987587	(5,3)
-0.01039622906797001449749874211	(5,4)
-0.01706005678060188826450853015	(5,5)
-0.0252518951180040959067000086	(5,6)
-0.034882014038388431838780606	(5,7)
-0.0458449377516046489971861099	(5,8)
-0.0580206024454272812943608096	(5,9)
-0.071275672672630884350664754	(5,10)
-0.0854650016360831086654691803	(5,11)
-0.1004332191802500264943408939	(5,12)
-0.1160164300757713921183562743	(5,13)
-0.1320440041646555110972946915	(5,14)
-0.1483404391088526074014211499	(5,15)
-0.164727275844381257057155605	(5,16)
-0.181025046376945057898219646	(5,17)
-0.1970552332553193518117622123	(5,18)
-0.2126422199214736783958242411	(5,19)
-0.2276152111615975763290622651	(5,20)
-0.241810103074723505372879069	(5,21)
-0.255071282344477064288210031	(5,22)
-0.267253335156696381082254641	(5,23)
-0.27822264686476125365526495	(5,24)
-0.287858874478414181509171591	(5,25)
-0.296056275250869659018330487	(5,26)
-0.302724876068481867791819046	(5,27)
-0.307791470005872321636162448	(5,28)
-0.311200428287835677841489053	(5,29)
-0.31291431797933278524376204	(5,30)
-0.00021584724439328158492959827	(6,1)
-0.00193907712936152360764641869	(6,2)
-0.0053666576063925735026645439	(6,3)
-0.01046103949489875477308967004	(6,4)
-0.0171664198769966894987981686	(6,5)
-0.0254093597428807042384271945	(6,6)
-0.0350995954258169176049285764	(6,7)
-0.046131033856660973032518461	(6,8)
-0.0583829196360085621976987496	(6,9)
-0.0717211601502838954057241356	(6,10)
-0.0859997934569660076724302165	(6,11)
-0.1010625824287293082378823385	(6,12)
-0.1167447176578785592176311128	(6,13)
-0.1328746108521434638118379896	(6,14)
-0.149275759865690842061822657	(6,15)
-0.1657686660688590254716369645	(6,16)
-0.1821727844338263686179102921	(6,17)
-0.1983084864761049358398736228	(6,18)
-0.2139990160293193336323274543	(6,19)
-0.2290724177421241771702814173	(6,20)
-0.2433634181837844992686697492	(6,21)
-0.256715239553791000115256531	(6,22)
-0.268981326245709663936762384	(6,23)
-0.280026964957216805444339981	(6,24)
-0.289730779709423506138425634	(6,25)
-0.297986084078169167810029947	(6,26)
-0.304702074178654457202304994	(6,27)
-0.309804847500678674743503209	(6,28)
-0.31323823456708426531998719	(6,29)
-0.31496443256727896427526825	(6,30)
-0.00021794727511174357040867097	(7,1)
-0.00195794292490469653052638389	(7,2)
-0.00541887197134935301103027464	(7,3)
-0.01056282372781658698026333735	(7,4)
-0.0173334636606732393166009151	(7,5)
-0.0256566627495397818903263193	(7,6)
-0.0354413229038792508011824674	(7,7)
-0.0465803872954206004690324112	(7,8)
-0.058952022405154549934451151	(7,9)
-0.0724209569171926690808621739	(7,10)
-0.0868399613211355436271529807	(7,11)
-0.102051451182045278142106556	(7,12)
-0.1178891964499681883024183215	(7,13)
-0.1341801188381954357952517017	(7,14)
-0.150746159120232391989634687	(7,15)
-0.1674061960985141784304026469	(7,16)
-0.1839779989110126163503823871	(7,17)
-0.2002801942102295972014383699	(7,18)
-0.2161342295418493050730510415	(7,19)
-0.2313663139646482414094290702	(7,20)
-0.245809316615122068270965179	(7,21)
-0.259304603582318700673170946	(7,22)
-0.271703793194727021944076773	(7,23)
-0.282870409719917058575580575	(7,24)
-0.292681415631966203835795048	(7,25)
-0.301028603099546496539124972	(7,26)
-0.307819826262346611825418463	(7,27)
-0.312980057245833835206245637	(7,28)
-0.316452250735617101643437762	(7,29)
-0.31819800428137463445527885	(7,30)
-0.0002209320451104769088855721	(8,1)
-0.0019847568530567579768691097	(8,2)
-0.00549308428236416562401388619	(8,3)
-0.01070749040852900403326772053	(8,4)
-0.0175708868005754537900501817	(8,5)
-0.0260081673828518284708161331	(8,6)
-0.0359270546307834711695479857	(8,7)
-0.0472191321353378698727196395	(8,8)
-0.0597610484673477622619808722	(8,9)
-0.0734158757745426078276162439	(8,10)
-0.0880346056383627735490560581	(8,11)
-0.1034577643411007213420045368	(8,12)
-0.1195171297403316210812274602	(8,13)
-0.1360375322795080815061203479	(8,14)
-0.1528387231275447197316313448	(8,15)
-0.169737292883680994007959995	(8,16)
-0.1865486245722392155347411881	(8,17)
-0.2030888646834965675408699391	(8,18)
-0.2191768957349674507605123515	(8,19)
-0.2346362932269516486195362778	(8,20)
-0.249297248995542933606048304	(8,21)
-0.262998441922788466641002796	(8,22)
-0.2755888358843296571040381	(8,23)
-0.286929383862537533920222672	(8,24)
-0.296894616500208303052774069	(8,25)
-0.305374093180528278996162957	(8,26)
-0.312273694132543432212567021	(8,27)
-0.317516733177676600084910016	(8,28)
-0.321044872601671065384790188	(8,29)
-0.32281882425117294439030918	(8,30)
-0.00022485469088320600282425174	(9,1)
-0.0020199962754067055096819864	(9,2)
-0.00559061582515962079579304336	(9,3)
-0.01089761584617320518761777925	(9,4)
-0.0178829198971670637678503589	(9,5)
-0.0264701438530190803382228978	(9,6)
-0.0365654709012771116298457901	(9,7)
-0.0480587146423347725333280171	(9,8)
-0.0608245525010673992902010517	(9,9)
-0.0747239104107808662427756326	(9,10)
-0.0896054793659036620776644158	(9,11)
-0.1053073448425178231554973815	(9,12)
-0.1216587110701318831876467857	(9,13)
-0.1384817034680733718838803343	(9,14)
-0.1555932339741238969823710685	(9,15)
-0.1728069152329606534367810965	(9,16)
-0.1899350104502475589322385926	(9,17)
-0.2067904059841457000951662436	(9,18)
-0.2231885933451791010608628552	(9,19)
-0.2389496462012020324147822678	(9,20)
-0.253900176319970768296933225	(9,21)
-0.267875250293125610997623092	(9,22)
-0.280720246603725130221876831	(9,23)
-0.292292630398878536671988284	(9,24)
-0.302463621498418128538099757	(9,25)
-0.3111197299847702713948162	(9,26)
-0.318164133411633432960420348	(9,27)
-0.32351787040875075894294066	(9,28)
-0.327120827334915874509128039	(9,29)
-0.32893249763929610267688284	(9,30)
-0.00022968497629343472504207174	(10,1)
-0.00206338957048838174370764719	(10,2)
-0.00571071497654835891150554356	(10,3)
-0.01113173571777306823731837203	(10,4)
-0.0182671629951619302653807133	(10,5)
-0.027039048148708282990595413	(10,6)
-0.0373516954083812566815640732	(10,7)
-0.0490927646155262136765848847	(10,8)
-0.0621345423549363699923173786	(10,9)
-0.0763353590471325021899925787	(10,10)
-0.0915411299481893402681885425	(10,11)
-0.1075869995028415681009563993	(10,12)
-0.1242990707991666730858298143	(10,13)
-0.1414962046049956498252498051	(10,14)
-0.158991875213251537366655346	(10,15)
-0.1765960726768942695978144287	(10,16)
-0.1941172426156684613823792473	(10,17)
-0.2113642553588229408370192585	(10,18)
-0.2281483956046423130440564296	(10,19)
-0.2442853620229368530930935421	(10,20)
-0.259597263436704894178262794	(10,21)
-0.273914594659191646159715401	(10,22)
-0.287078171099627327715421627	(10,23)
-0.298940997316284158687602649	(10,24)
-0.309370041240568186360239146	(10,25)
-0.318247883247073618106703537	(10,26)
-0.325474207961671320417739545	(10,27)
-0.330967106941927740581002877	(10,28)
-0.334664162266364315697557502	(10,29)
-0.33652328463032366140330458	(10,30)
-0.00023530351210802205008989484	(11,1)
-0.00211386420405756515304270547	(11,2)
-0.00585041347177087678456991459	(11,3)
-0.01140406483145675748033405862	(11,4)
-0.0187141254787316444886765443	(11,5)
-0.0277008403264959401925497968	(11,6)
-0.0382663519976321725236581176	(11,7)
-0.0502958525648209749215702958	(11,8)
-0.0636589004916856069077422238	(11,9)
-0.0782108758211858056811247754	(11,10)
-0.0937945480815990498385189649	(11,11)
-0.1102417343533837437196990583	(11,12)
-0.1273750290163087240679611556	(11,13)
-0.1450095913128404823277945704	(11,14)
-0.162954981399588307571364105	(11,15)
-0.1810170394007689313709121038	(11,16)
-0.1989998045901723690655325054	(11,17)
-0.2167074728133444081433351282	(11,18)
-0.2339463894072837752864879265	(11,19)
-0.250527072180140423884109696	(11,20)
-0.266266254691415345535149908	(11,21)
-0.280988934529298162906654397	(11,22)
-0.294530405070280092218326646	(11,23)
-0.306738242971534578559797914	(11,24)
-0.31747421805661773168743168	(11,25)
-0.326616087933897016169886931	(11,26)
-0.334059237155034085498605599	(11,27)
-0.33971812034699396821782768	(11,28)
-0.343527470722658789711336506	(11,29)
-0.34544323968448987137229529	(11,30)
-0.00024150589703591852074046327	(12,1)
-0.00216958392975543221298539621	(12,2)
-0.00600462935086814944735443719	(12,3)
-0.01170469772417257126110835863	(12,4)
-0.0192075549778101238967309196	(12,5)
-0.0284314705887447922954793141	(12,6)
-0.0392762343590559773990963164	(12,7)
-0.0516243663467401306751073445	(12,8)
-0.0653424870571706615040463534	(12,9)
-0.0802828152207247028390183553	(12,10)
-0.0962847632363754591060005017	(12,11)
-0.1131766052433603046337278578	(12,12)
-0.1307771991554169749459138856	(12,13)
-0.1488977510473620427644231215	(12,14)
-0.1673436171294430227440234071	(12,15)
-0.1859161443005864845673431048	(12,16)
-0.2044145541693086449185194264	(12,17)
-0.2226378769049997726152625746	(12,18)
-0.2403869400376899329494821043	(12,19)
-0.257466413374456159014789713	(12,20)
-0.273686904867608056739679203	(12,21)
-0.288867094149808902620290355	(12,22)
-0.302835881348042381968077158	(12,23)
-0.315434519625053454897722032	(12,24)
-0.326518691618359708565510383	(12,25)
-0.335960483423751181964693787	(12,26)
-0.343650205716043175804008352	(12,27)
-0.349498010509471223915331041	(12,28)
-0.353435254172296166548596813	(12,29)
-0.35541556259618165787471046	(12,30)
-0.00024801717673292758946974858	(13,1)
-0.00222807868193895511887557838	(13,2)
-0.0061665264445924140899694265	(13,3)
-0.01202030933218382328656164177	(13,4)
-0.0197255869213892334779601596	(13,5)
-0.0291985801621512758721889138	(13,6)
-0.0403366540260280043217808332	(13,7)
-0.053019594032404898938298769	(13,8)
-0.0671110359500350997156086979	(13,9)
-0.0824600089785318111902047865	(13,10)
-0.0989025571325750637659092929	(13,11)
-0.1162634108227961368754156316	(13,12)
-0.1343576898730370452982171777	(13,13)
-0.1529926293184583360237477936	(13,14)
-0.1719693290565411565158238106	(13,15)
-0.1910845365535207901232591577	(13,16)
-0.2101324772805443698638958637	(13,17)
-0.2289067495915040753741959741	(13,18)
-0.2472022989654038527300369198	(13,19)
-0.264817480961090931519207118	(13,20)
-0.281556213343202263837718993	(13,21)
-0.297230206483591839228128319	(13,22)
-0.311661248448309237420287216	(13,23)
-0.324683508422123248158731945	(13,24)
-0.336145810587182440639579829	(13,25)
-0.345913821425329108049510981	(13,26)
-0.353872087590225660840666953	(13,27)
-0.359925859624019904858741993	(13,28)
-0.36400263915440582583227693	(13,29)
-0.36605339372948814947363865	(13,30)
-0.00025451566075341219608034961	(14,1)
-0.00228645853649040606080640132	(14,2)
-0.00632810653504515249713818798	(14,3)
-0.01233530923929838999627717457	(14,4)
-0.0202426385298216429072405143	(14,5)
-0.029964304427150113919648262	(14,6)
-0.0413953117890898418377818252	(14,7)
-0.0544128106000531937577795309	(14,8)
-0.0688775898328136766762279096	(14,9)
-0.0846356668280083901411955191	(14,10)
-0.1015199305734046869012447209	(14,11)
-0.1193518074355472421546065182	(14,12)
-0.1379429306306115434188486765	(14,13)
-0.1570968085259357206068421327	(14,14)
-0.1766105000790814009689434903	(14,15)
-0.1962763167085310550037347218	(14,16)
-0.2158835772267817133246802632	(14,17)
-0.2352204451233895122094438773	(14,18)
-0.254075874958514865384205035	(14,19)
-0.272241687005020022753955081	(14,20)
-0.289514777231060218811479667	(14,21)
-0.305699454418271546597844437	(14,22)
-0.320609879194088503634662879	(14,23)
-0.334072562728941449907749253	(14,24)
-0.345928867504926067623874449	(14,25)
-0.356037440407587060931374474	(14,26)
-0.364276500603920553094944618	(14,27)
-0.370545902006079458176193736	(14,28)
-0.37476889288292932078170374	(14,29)
-0.37689350322319065270436176	(14,30)
-0.00026066325890149590213858353	(15,1)
-0.00234168623952170017928351662	(15,2)
-0.00648096361953528660465830973	(15,3)
-0.01263331196168854598959196513	(15,4)
-0.020731821623867362106712931	(15,5)
-0.0306888445635932919795721813	(15,6)
-0.0423972320379662781889557693	(15,7)
-0.0557317642871209747898394668	(15,8)
-0.0705507113517009545755125135	(15,9)
-0.0866974672726977701081170448	(15,10)
-0.1040022087438135300801034871	(15,11)
-0.1222835428859473848669370436	(15,12)
-0.1413501256751702634312961251	(15,13)
-0.1610022507349134048904468279	(15,14)
-0.1810334255309435506031607427	(15,15)
-0.2012319663403411242659884786	(15,16)
-0.2213826528478314688377612215	(15,17)
-0.2412684865257872154567268984	(15,18)
-0.26067259345242250020648712	(15,19)
-0.279380302079255212415481962	(15,20)
-0.297181410606273430812951502	(15,21)
-0.313872638642355847436645439	(15,22)
-0.329260235747358344606199802	(15,23)
-0.343162697497446249842331793	(15,24)
-0.355413520055491570494007359	(15,25)
-0.36586390874722195935269182	(15,26)
-0.374385346268789626279848752	(15,27)
-0.380871922754067924993398733	(15,28)
-0.38524233329749605487237659	(15,29)
-0.3874414583956797122234689	(15,30)
-0.00026613775004811927946409782	(16,1)
-0.00239086709703808703826314215	(16,2)
-0.00661708623316892632850920157	(16,3)
-0.01289870097427694118131516638	(16,4)
-0.0211675094973664093369417985	(16,5)
-0.031334267896859553949372733	(16,6)
-0.0432900145419254492611908751	(16,7)
-0.0569075831977567243505137504	(16,8)
-0.0720432317346190755195404075	(16,9)
-0.0885383176569706057091350637	(16,10)
-0.1062209632662611270682465328	(16,11)
-0.1249076708426834140585676865	(16,12)
-0.1444048698779350182147644388	(16,13)
-0.1645104016383813854399293589	(16,14)
-0.1850149684150489312807904031	(16,15)
-0.2057035929826418641556631673	(16,16)
-0.2263571456794956664242829844	(16,17)
-0.2467540004597588112127191053	(16,18)
-0.266671876504807752422070217	(16,19)
-0.285889908787303817179983602	(16,20)
-0.30419097062430979794450666	(16,21)
-0.321364245820629716060831592	(16,22)
-0.33720802011680708590840233	(16,23)
-0.3515326341521690167550407	(16,24)
-0.364163515737602180105993567	(16,25)
-0.374944190195380497738404383	(16,26)
-0.383739155535782929835391429	(16,27)
-0.390436505252629328045629088	(16,28)
-0.39495018575430234364977672	(16,29)
-0.3972217874663188569489936	(16,30)
-0.00027066161904334780261251545	(17,1)
-0.00243150803429390464372475341	(17,2)
-0.00672957445226946177541978255	(17,3)
-0.0131180264768019006007386159	(17,4)
-0.0215276311451482363402653269	(17,5)
-0.0318679052026825029639012999	(17,6)
-0.0440285306855047210756448046	(17,7)
-0.0578809541749308681618436566	(17,8)
-0.0732800827254609921694458221	(17,9)
-0.0900659953682601096799458446	(17,10)
-0.1080656038190689020139875216	(17,11)
-0.1270942181273748958063560817	(17,12)
-0.1469570001200259212099499826	(17,13)
-0.1674503165283837546220509725	(17,14)
-0.1883630311701016216069815438	(17,15)
-0.2094777980451270115931461806	(17,16)
-0.230572431743500920814023055	(17,17)
-0.2514214360827511548442431916	(17,18)
-0.271797765513569976447754767	(17,19)
-0.291474876987739121158410926	(17,20)
-0.310229104359823719554086463	(17,21)
-0.327842355695408934107000032	(17,22)
-0.344105099423287520780498113	(17,23)
-0.358819571633640349600155832	(17,24)
-0.371803107290974099359038579	(17,25)
-0.382891475412384955221001077	(17,26)
-0.391942084249621258050919037	(17,27)
-0.398836918181205328140150477	(17,28)
-0.40348507345537887335411486	(17,29)
-0.40582477444858680783234967	(17,30)
-0.00027402280558571630998326456	(18,1)
-0.00246170399586161854095030886	(18,2)
-0.00681315580621115590771192438	(18,3)
-0.0132810111965592732381983239	(18,4)
-0.0217953223506299817457226861	(18,5)
-0.0322647962345887946705144399	(18,6)
-0.0445783053777815064671452202	(18,7)
-0.0586065751172051954583566317	(18,8)
-0.0742039449362208230394693549	(18,9)
-0.0912101091105871983077737469	(18,10)
-0.1094517601584697301596753213	(18,11)
-0.1287440858407273824360950576	(18,12)
-0.1488921037811628271909168638	(18,13)
-0.1696918533758407948039877336	(18,14)
-0.1909314982454302374957237459	(18,15)
-0.212392419801753716565064747	(18,16)
-0.2338503999073028582933435085	(18,17)
-0.2550769955947127705813908681	(18,18)
-0.275841200378736352939837782	(18,19)
-0.295911465493175628741107091	(18,20)
-0.315058122639458065893740148	(18,21)
-0.333056210994084246870382818	(18,22)
-0.349688669473140212267479797	(18,23)
-0.364749814935600154643204427	(18,24)
-0.378048992077992526229331761	(18,25)
-0.389414254369502103557047918	(18,26)
-0.39869591956278530645521384	(18,27)
-0.405769839008684373971656158	(18,28)
-0.41054022706073267681300603	(18,29)
-0.41294191427505917154799956	(18,30)
-0.00027608473858245165624170491	(19,1)
-0.00248022809106018255467089425	(19,2)
-0.00686443478814303071120173646	(19,3)
-0.0133810368833366088501540807	(19,4)
-0.0219597245159526269456790384	(19,5)
-0.0325088735322386465844479593	(19,6)
-0.044917155544293333098757513	(19,7)
-0.0590553148868711430186965837	(19,8)
-0.0747779930400200429880410673	(19,9)
-0.0919254905582284769191461406	(19,10)
-0.110325378845387386529444557	(19,11)
-0.1297939071872775034259860738	(19,12)
-0.1501371908162060265351090527	(19,13)
-0.1711522088184371553779301251	(19,14)
-0.192627681160741264093836653	(19,15)
-0.2143449268048960570027075459	(19,16)
-0.2360788253632404399536737428	(19,17)
-0.25759901001821361893326662	(19,18)
-0.27867140837493154253116829	(19,19)
-0.299060221504770525377867215	(19,20)
-0.318530392562089147166805156	(19,21)
-0.336850569384114935728639744	(19,22)
-0.353796515600890281953612346	(19,23)
-0.369154877251329598675211388	(19,24)
-0.382727171383684347469361072	(19,25)
-0.394333833162657384974508162	(19,26)
-0.403818140773894998976206531	(19,27)
-0.411049833657683420391610757	(19,28)
-0.4159282488240784988671607	(19,29)
-0.41838482076678619936858764	(19,30)
-0.00027678561185144729598843092	(20,1)
-0.00248652508786566451875651469	(20,2)
-0.00688187486132802583825190155	(20,3)
-0.0134151093154356238810323675	(20,4)
-0.0220159275404227024859235885	(20,5)
-0.0325928787200203172302099701	(20,6)
-0.0450350764588352884140597459	(20,7)
-0.0592140678268553320175167866	(20,8)
-0.0749857186809457270192461704	(20,9)
-0.092191988423599060916970794	(20,10)
-0.1106624942070133204304264277	(20,11)
-0.1302158042861431496132349524	(20,12)
-0.1506604486085108562545397242	(20,13)
-0.17179568622864502090761556	(20,14)
-0.1934121173875417734733514316	(20,15)
-0.2152922667823534807767793117	(20,16)
-0.2372112883097215748555680471	(20,17)
-0.258937946834292996553806007	(20,18)
-0.28023601812540231839953031	(20,19)
-0.300866215412635308200126476	(20,20)
-0.320588703782801707713796351	(20,21)
-0.339166207371516719082616953	(20,22)
-0.356367655369970950109988383	(20,23)
-0.371972257589307712506849363	(20,24)
-0.385773854118360300340388578	(20,25)
-0.39758535039683258222958611	(20,26)
-0.407243030957294513408789884	(20,27)
-0.414610542592494082066483686	(20,28)
-0.41958234977579064282020519	(20,29)
-0.42208648980347109636550022	(20,30)
-0.0002761290584442040965200399	(21,1)
-0.00248062763525628634307024046	(21,2)
-0.0068655665958695929044092005	(21,3)
-0.0133834063535085717784505344	(21,4)
-0.0219642282465735173812361825	(21,5)
-0.0325172650221995715072619305	(21,6)
-0.0449327261198132918358317092	(21,7)
-0.0590837625881559371215526831	(21,8)
-0.0748284118701284163490294099	(21,9)
-0.0920113766974517001520664881	(21,10)
-0.1104655243755651439208389594	(21,11)
-0.1300130400265986984056137068	(21,12)
-0.1504662249549315364691832663	(21,13)
-0.1716279925080397772910023045	(21,14)
-0.1932921709307329942072089344	(21,15)
-0.2152437681054652797166956859	(21,16)
-0.2372593802909227550381057517	(21,17)
-0.259107931825201971378527084	(21,18)
-0.280551914031332013045030413	(21,19)
-0.301349251230418745792226152	(21,20)
-0.321255864674492733207765542	(21,21)
-0.3400289382464058550776631	(21,22)
-0.357430820745077548292084055	(21,23)
-0.373233436008317089920839703	(21,24)
-0.387223020240271272633643232	(21,25)
-0.39920496993344380518230812	(21,26)
-0.409008565692052084801674478	(21,27)
-0.416491336977526540402487997	(21,28)
-0.42154284859115004762396281	(21,29)
-0.42408771885846371008287205	(21,30)
-0.00027416957865692295686017453	(22,1)
-0.00246302535451432893903811131	(22,2)
-0.00681686535505700156537548109	(22,3)
-0.0132885716563843942525311553	(22,4)
-0.0218089712314707466019250657	(22,5)
-0.0322884811053302310215961404	(22,6)
-0.044619053657943748434330876	(22,7)
-0.0586762432446266563067151533	(22,8)
-0.0743212102427456671796686155	(22,9)
-0.0914024953824280235778517936	(22,10)
-0.1097574352282365142432961326	(22,11)
-0.1292131457445072572371686266	(22,12)
-0.1495870691484889203558362222	(22,13)
-0.1706871516947596686307854719	(22,14)
-0.1923117873488577363572582874	(22,15)
-0.2142497152556020251859538512	(22,16)
-0.2362800897579304067447846247	(22,17)
-0.2581729455788696085468396628	(22,18)
-0.279690256466611235796945452	(22,19)
-0.300587735901032560063569455	(22,20)
-0.320617459622533552472983764	(22,21)
-0.339531310396458026160645642	(22,22)
-0.357085165097283798951087909	(22,23)
-0.373043671802063097873615467	(22,24)
-0.387185407174728492982020689	(22,25)
-0.399308166426943248493718633	(22,26)
-0.409234121163583105248974216	(22,27)
-0.41681458357778092239857769	(22,28)
-0.42193413606670945850444203	(22,29)
-0.42451391974838480535369131	(22,30)
-0.00027099616848174136072321516	(23,1)
-0.00243451776376852081822785619	(23,2)
-0.00673798423239064207836547815	(23,3)
-0.0131349211332525841984064091	(23,4)
-0.0215572463863621688780112308	(23,5)
-0.0319170423907894407067880656	(23,6)
-0.0441086333011703602858264553	(23,7)
-0.0580107616958508327932595052	(23,8)
-0.0734886532432298486542520452	(23,9)
-0.0903957778617232991703425857	(23,10)
-0.1085751607977712745679544866	(23,11)
-0.1278601633418807325152447543	(23,12)
-0.1480747336406627128656528327	(23,13)
-0.1690332135939085333801582809	(23,14)
-0.1905398669199936343773552185	(23,15)
-0.2123883549592622998224866998	(23,16)
-0.2343614213997428843074638523	(23,17)
-0.2562310491620732598099292	(23,18)
-0.277759321144077360796237359	(23,19)
-0.298700155271654312437467205	(23,20)
-0.318802001403094859553682157	(23,21)
-0.337811493882960382878928946	(23,22)
-0.355477960544910712800490039	(23,23)
-0.371558607226541198183611174	(23,24)
-0.385824134283469138665862892	(23,25)
-0.398064502635064354232674991	(23,26)
-0.408094552481365785914256938	(23,27)
-0.415759185992700513933927945	(23,28)
-0.42093785202527087412645601	(23,29)
-0.42354811145948914091244627	(23,30)
-0.00026671689060785409374775992	(24,1)
-0.0023960756698830754018107544	(24,2)
-0.00663161042110141918869216248	(24,3)
-0.0129276950592530544555296596	(24,4)
-0.0212176613013173625164149263	(24,5)
-0.0314157130758733362955677579	(24,6)
-0.0434191509583061247362216169	(24,7)
-0.0571106700334214734405060137	(24,8)
-0.0723604882607428641395756493	(24,9)
-0.0890280859202935731734572776	(24,10)
-0.1069633897095823707315625997	(24,11)
-0.1260073133484610230267149529	(24,12)
-0.1459916619287026903882678262	(24,13)
-0.1667385081190638034979593027	(24,14)
-0.1880592411124407757643398531	(24,15)
-0.209753560362345632439066899	(24,16)
-0.2316087246026876172923504545	(24,17)
-0.2533993657991402005281478779	(24,18)
-0.274888136820836844092590902	(24,19)
-0.295827386093888786776799732	(24,20)
-0.315961952716580707042895728	(24,21)
-0.335033064980731812345866446	(24,22)
-0.352783218061855407574681657	(24,23)
-0.368961815127716260187892766	(24,24)
-0.383331288996730109347019033	(24,25)
-0.395673383015172050210562631	(24,26)
-0.405795259916445577333397596	(24,27)
-0.413535122527535209854787016	(24,28)
-0.41876706467936544840008936	(24,29)
-0.42140491834862972325169497	(24,30)
-0.00026144608840317499640627206	(25,1)
-0.00234872630376659206029395126	(25,2)
-0.00650058729753466907290333005	(25,3)
-0.0126724382895074983439091699	(25,4)
-0.020799323895299373629914029	(25,5)
-0.0307979993756257969468598313	(25,6)
-0.0425693208269120637666813977	(25,7)
-0.0560006783153121784203249212	(25,8)
-0.0709681927605165200291946647	(25,9)
-0.0873384250478853376620420573	(25,10)
-0.1049694082686065353999545956	(25,11)
-0.123710906374250652283901944	(25,12)
-0.143403915164403174199338252	(25,13)
-0.1638795404314871116506154067	(25,14)
-0.1849574967856152070550030877	(25,15)
-0.2064445527982924030087525921	(25,16)
-0.2281332903427476829083252949	(25,17)
-0.2498015408095190035720960685	(25,18)
-0.271212808044493712559194198	(25,19)
-0.292117894713743201714266063	(25,20)
-0.312257828760923772848445143	(25,21)
-0.331368056553233779809189472	(25,22)
-0.349183746314993222332328428	(25,23)
-0.365445943873195037212736587	(25,24)
-0.379908252063357500943968213	(25,25)
-0.392343669099372618980928832	(25,26)
-0.402551218179451875704764613	(25,27)
-0.410362024980913094320533623	(25,28)
-0.41564454378574497901034955	(25,29)
-0.41830868886811271787867756	(25,30)
-0.0002552949481881034187233834	(26,1)
-0.00229346853538982662278425331	(26,2)
-0.00634767975640326801637809594	(26,3)
-0.0123745427670422521953259114	(26,4)
-0.0203110914207095506701418955	(26,5)
-0.030077037193533343948399973	(26,6)
-0.0415773471913674538042857347	(26,7)
-0.0547048295621356678724955789	(26,8)
-0.069342405363318560653889778	(26,9)
-0.0853647784215076487772302914	(26,10)
-0.102639288177718511705851128	(26,11)
-0.1210258394982907203644841357	(26,12)
-0.1403759364068398603645122531	(26,13)
-0.1605309867979854081257634583	(26,14)
-0.1813201724163985952613467686	(26,15)
-0.2025582728683994329246610947	(26,16)
-0.2240438782632997751967188786	(26,17)
-0.2455584136282609131748621416	(26,18)
-0.266866330144192281148226141	(26,19)
-0.287716703450104094932275441	(26,20)
-0.307846334998744916235776463	(26,21)
-0.326984299735138351194860107	(26,22)
-0.344857742875587083736293513	(26,23)
-0.361198616885631650398887328	(26,24)
-0.375750976964729015086921641	(26,25)
-0.388278422202469542500039456	(26,26)
-0.398571276338035772879661249	(26,27)
-0.406453138473593676838925446	(26,28)
-0.41178648988585616814582626	(26,29)
-0.41447710834289544232900813	(26,30)
-0.00024836537663134851847908276	(27,1)
-0.00223121787054208381210685942	(27,2)
-0.00617542197351572310505623182	(27,3)
-0.0120389507193894369848737685	(27,4)
-0.0197610832148774491268429431	(27,5)
-0.0292648703504374160956356042	(27,6)
-0.0404599261073573578485505949	(27,7)
-0.0532451850914999873741836362	(27,8)
-0.0675112573195629196154777807	(27,9)
-0.0831420493269142682120433782	(27,10)
-0.1000154070308421352568871006	(27,11)
-0.1180026642930077155616098656	(27,12)
-0.1369671380610213477227621913	(27,13)
-0.1567617759595810671874483401	(27,14)
-0.1772263109227051984783709747	(27,15)
-0.1981843858287130261322331146	(27,16)
-0.219441160092941766539449236	(27,17)
-0.240781890025531141839925141	(27,18)
-0.261971887365916718508754941	(27,19)
-0.282758119134704725311020058	(27,20)
-0.302872538865736230832934017	(27,21)
-0.322037060498173231461170012	(27,22)
-0.339969926565859752188809741	(27,23)
-0.356393100846303400835908872	(27,24)
-0.371040242734519661394141592	(27,25)
-0.383664797487209940186853168	(27,26)
-0.394047756548247820926199025	(27,27)
-0.402004693801347785713528492	(27,28)
-0.40739175341633686849245883	(27,29)
-0.41011034076375980116442318	(27,30)
-0.0002407467274703352420823715	(28,1)
-0.00216277704477864281830500326	(28,2)
-0.0059860360141748427051716531	(28,3)
-0.0116699959646927619363484341	(28,4)
-0.0191564201344697690405794842	(28,5)
-0.0283720644769531504834700312	(28,6)
-0.039231711066461550609567265	(28,7)
-0.0516411202743951265409192473	(28,8)
-0.0654994776506464918518407484	(28,9)
-0.0807009558871079134679135251	(28,10)
-0.0971351136719306122806607149	(28,11)
-0.1146860046631873571361945401	(28,12)
-0.1332300548928381526188576665	(28,13)
-0.1526329610233242740688562065	(28,14)
-0.1727460354511449255912732847	(28,15)
-0.1934025480985090665849144989	(28,16)
-0.2144146661610193032390137947	(28,17)
-0.2355715611575175395522304066	(28,18)
-0.256639141059094957956206732	(28,19)
-0.277361691883837452112674675	(28,20)
-0.297465506041539805763529778	(28,21)
-0.316664366160657106319218766	(28,22)
-0.334666572821383957531568025	(28,23)
-0.351183074129263036629354093	(28,24)
-0.365936184740752484693487114	(28,25)
-0.378668370682534153339450525	(28,26)
-0.389150613764893212781716693	(28,27)
-0.397189939810492864968893367	(28,28)
-0.40263578125320809068876452	(28,29)
-0.40538493214436520642919579	(28,30)
-0.00023251473598927330531272353	(29,1)
-0.0020888264509572764093310252	(29,2)
-0.0057814053348486480775935675	(29,3)
-0.0112713522265135763247052304	(29,4)
-0.0185031396166851485084651506	(29,5)
-0.0274075809408111084985668465	(29,6)
-0.0379051380403279816409313314	(29,7)
-0.0499090929784806182544130399	(29,8)
-0.0633280971745029352700070347	(29,9)
-0.0780676626126123645480542114	(29,10)
-0.0940302788475305702773662839	(29,11)
-0.1111140177413661877863018173	(29,12)
-0.1292097058888869028682613367	(29,13)
-0.1481969727342586233252777182	(29,14)
-0.1679396845338829962115194389	(29,15)
-0.1882814152599070787157664375	(29,16)
-0.209041658282226129236791053	(29,17)
-0.2300134351453170846293301925	(29,18)
-0.250962816206355536575238216	(29,19)
-0.27163065585810260735625522	(29,20)
-0.291736598113710533557852178	(29,21)
-0.310985166125407870974895931	(29,22)
-0.329073546973769064296373878	(29,23)
-0.345700544943172288989661894	(29,24)
-0.360576112203863000564429943	(29,25)
-0.373430870983772290456444583	(29,26)
-0.384025100847331493671970547	(29,27)
-0.39215675781816583158758441	(29,28)
-0.39766819750579707545014383	(29,29)
-0.40045137457018611334344185	(29,30)
-0.00022373201605906242078100426	(30,1)
-0.00200992860416003989195424304	(30,2)
-0.0055630871354596421405025501	(30,3)
-0.010846057180441257490677709	(30,4)
-0.0178062350215378775678307128	(30,5)
-0.0263788347502567914483795965	(30,6)
-0.0364905047056984636110843739	(30,7)
-0.0480627461692886094169155075	(30,8)
-0.0610145756140850226293592349	(30,9)
-0.0752639320151716588602769132	(30,10)
-0.0907274700204053534923267248	(30,11)
-0.1073185891995912681696476383	(30,12)
-0.1249438059897627728603971235	(30,13)
-0.143497842347768403222580983	(30,14)
-0.1628580399451736283416443013	(30,15)
-0.1828788683615546656937516902	(30,16)
-0.2033873481946967994983177568	(30,17)
-0.2241801422073866129841400927	(30,18)
-0.245022889273801687232316723	(30,19)
-0.265652097744464086941130491	(30,20)
-0.285779621670688373388234628	(30,21)
-0.305099463503483684108528731	(30,22)
-0.323296421852210516350957911	(30,23)
-0.340055959250859048805838144	(30,24)
-0.355074610927054020299440096	(30,25)
-0.368070282527312347988636827	(30,26)
-0.378791871597681291407926374	(30,27)
-0.387027767616347206540325374	(30,28)
-0.39261291246732758936392308	(30,29)
-0.39543421693778708903522055	(30,30)
-0.00021444956282482965324031756	(31,1)
-0.00192654164088829671859828599	(31,2)
-0.0053323497147829190609787933	(31,3)
-0.0103965852355088260998210153	(31,4)
-0.0170697749364719454442101478	(31,5)
-0.0252918707861033920341029321	(31,6)
-0.0349962130574428343934028291	(31,7)
-0.0461132251217933092653843095	(31,8)
-0.0585732000968294683997582724	(31,9)
-0.0723076092880836151548215857	(31,10)
-0.0872485251223102163295162843	(31,11)
-0.1033259968662437929399908089	(31,12)
-0.1204635183112112515252265843	(31,13)
-0.1385720393689895844663373117	(31,14)
-0.1575432454547659576523467305	(31,15)
-0.17724300832963041437864915	(31,16)
-0.1975059620815491468027092259	(31,17)
-0.2181320642146156223562332908	(31,18)
-0.23888577873713353731766636	(31,19)
-0.25949820552274467708094354	(31,20)
-0.279672133920882903348938158	(31,21)
-0.299089677221911477850349151	(31,22)
-0.317421896432523884902652946	(31,23)
-0.334339675636078146122126358	(31,24)
-0.349525072845366233032411665	(31,25)
-0.362682425150106074062406124	(31,26)
-0.373548606842822625602949999	(31,27)
-0.381901990427701671391863468	(31,28)
-0.38756981165754070066958198	(31,29)
-0.39043376751989615316848104	(31,30)
-0.00020470882564590323392648326	(32,1)
-0.00183903794110459156141410628	(32,2)
-0.0050902240030564159305839211	(32,3)
-0.0099249479447549491576705109	(32,4)
-0.0162970677974887383679844825	(32,5)
-0.0241516070476642680952476426	(32,6)
-0.0334291044498394106556987121	(32,7)
-0.0440696158304111754970232753	(32,8)
-0.0560156365550348715696639564	(32,9)
-0.0692132940510669812016222362	(32,10)
-0.0836113495017816715047671739	(32,11)
-0.0991578351507559464290530415	(32,12)
-0.1157945058307658741200719475	(32,13)
-0.1334496481029167193315928465	(32,14)
-0.1520301041702727903475610135	(32,15)
-0.1714135690291590116652705945	(32,16)
-0.191442264019287162402849971	(32,17)
-0.211918963632202884018962731	(32,18)
-0.232606075580225233417301742	(32,19)
-0.253228097767314096750390367	(32,20)
-0.27347736909403276071341754	(32,21)
-0.293022664379718446308556624	(32,22)
-0.311519912784416384971782367	(32,23)
-0.328624174331405074950421848	(32,24)
-0.34400199256149144654530522	(32,25)
-0.357343331062152216629186864	(32,26)
-0.368372460648252264130341914	(32,27)
-0.376857350805979400897431758	(32,28)
-0.38261729666643194816909223	(32,29)
-0.38552865485528547698201004	(32,30)
-0.0001945440354046076493457479	(33,1)
-0.00174772503534691133031117762	(33,2)
-0.0048375614176112862245905216	(33,3)
-0.0094328067333457718187876189	(33,4)
-0.0154908466943584167377299465	(33,5)
-0.0229621076944162589617828767	(33,6)
-0.0317948356137672387578218246	(33,7)
-0.0419394369137577506605424462	(33,8)
-0.0533515481991140945972461068	(33,9)
-0.065993093490354597356962262	(33,10)
-0.0798308090080986165169249571	(33,11)
-0.09483205046222633725233056	(33,12)
-0.1109581088033686709216376353	(33,13)
-0.1281556844033211874513391806	(33,14)
-0.1463475302577567286574550519	(33,15)
-0.165423498683363847601781025	(33,16)
-0.1852332617438990614143622235	(33,17)
-0.2055818089360601534754316765	(33,18)
-0.226228484813202760906228124	(33,19)
-0.246889879002564862109624194	(33,20)
-0.26724640638396143773660438	(33,21)
-0.286951999893109164253301243	(33,22)
-0.305646045976649070495777502	(33,23)
-0.322966554346711684768089908	(33,24)
-0.338563566097892153727286675	(33,25)
-0.352111936325833572808874074	(33,26)
-0.363322831955956103831736068	(33,27)
-0.371953512237079249036436502	(33,28)
-0.3778151653626018825895417	(33,29)
-0.38077873087816051669354151	(33,30)
-0.00018398457094552166386939268	(34,1)
-0.0016528668633045268836878955	(34,2)
-0.00457509268992562054070757	(34,3)
-0.0089215875121492413428986253	(34,4)
-0.0146534572393790538952917828	(34,5)
-0.02172686053754157523735684	(34,6)
-0.0300982606279991921582115805	(34,7)
-0.0397291389661053331297299219	(34,8)
-0.0505892227528111676181189578	(34,9)
-0.0626573852102540812838933107	(34,10)
-0.0759196331842320153311930666	(34,11)
-0.0903639864325960927264625491	(34,12)
-0.1059725308986453836603370793	(34,13)
-0.1227114193101175028957484309	(34,14)
-0.1405200051154992829856108794	(34,15)
-0.1593005429688464056948398159	(34,16)
-0.1789099113106162491498127496	(34,17)
-0.1991545964950092026515389291	(34,18)
-0.219789761699031018178769234	(34,19)
-0.240522688895590708081660511	(34,20)
-0.261020331820936655435738836	(34,21)
-0.280920251059818223441526978	(34,22)
-0.299843890601042254915963594	(34,23)
-0.317411029364366510034573986	(34,24)
-0.333254290729077447526083838	(34,25)
-0.347032775638858376140500285	(34,26)
-0.35844414146206352567591665	(34,27)
-0.367234719499849647281810251	(34,28)
-0.373207499896081148557600599	(34,29)
-0.37622798236328854282803686	(34,30)
-0.00017305722619229189765298277	(35,1)
-0.0015547041400603160907150138	(35,2)
-0.004303484221827736959056107	(35,3)
-0.0083925904674665437101594454	(35,4)
-0.01378703749212774126673596	(35,5)
-0.0204490426947022723020534894	(35,6)
-0.0283437963619331335004088854	(35,7)
-0.0374445818376382840375350907	(35,8)
-0.047736171149634962137728702	(35,9)
-0.0592155440702486700599964383	(35,10)
-0.0718892738932526689205073787	(35,11)
-0.0857673749230993371210741774	(35,12)
-0.1008539604311145308361215067	(35,13)
-0.1171356262116265049600686827	(35,14)
-0.1345689449009065881735404062	(35,15)
-0.1530687270564576891579446005	(35,16)
-0.1724987084762462720307915479	(35,17)
-0.1926660475496039706301907699	(35,18)
-0.213320512391480029333809803	(35,19)
-0.234158606341183785039137011	(35,20)
-0.254832246768873320316695192	(35,21)
-0.2749610916879835450571573	(35,22)
-0.294147280872005278390376931	(35,23)
-0.311991252119491028881210269	(35,24)
-0.328107388951600839906258226	(35,25)
-0.342138497552491861272535635	(35,26)
-0.353768425847441456561470904	(35,27)
-0.362732455957669987337132237	(35,28)
-0.368825367947672411024500645	(35,29)
-0.37190725475088231221188406	(35,30)
-0.0001617882938364812680935061	(36,1)
-0.0014534730744447020356801392	(36,2)
-0.0040233898799786332446083078	(36,3)
-0.0078470909527009813277789924	(36,4)
-0.0128936832599018311193943064	(36,5)
-0.019131764535259246022017748	(36,6)
-0.0265357577870522041985621988	(36,7)
-0.0350914720363760632243782224	(36,8)
-0.0447996752820073019313464446	(36,9)
-0.0556766056925040784647184535	(36,10)
-0.0677506869549110211482554818	(36,11)
-0.0810552351925806633347803795	(36,12)
-0.0956175838864694216422331293	(36,13)
-0.1114457036867164178536564738	(36,14)
-0.1285139267307418812439730835	(36,15)
-0.1467496793540413313595927081	(36,16)
-0.1660231052887568003912433902	(36,17)
-0.186141114778012605931445043	(36,18)
-0.206846789711812104819225856	(36,19)
-0.227824335570855338537358139	(36,20)
-0.248709046687648775407494592	(36,21)
-0.2691011759984444413838503	(36,22)
-0.288582261129070622356856181	(36,23)
-0.306732380792741033982132236	(36,24)
-0.323146966972632960277074781	(36,25)
-0.337452107616220525553918021	(36,26)
-0.349317654340249029771414742	(36,27)
-0.358467818746626774700095903	(36,28)
-0.364689238782549336174913408	(36,29)
-0.36783668918426536657062002	(36,30)
-0.0001502054175433863722107544	(37,1)
-0.0013494220078135457408867922	(37,2)
-0.0037354970342158394841646559	(37,3)
-0.0072864291558361438140187094	(37,4)
-0.0119755949646522184480222459	(37,5)
-0.0177782862998936822249362834	(37,6)
-0.0246786554505326613457641494	(37,7)
-0.0326757502255351380577558074	(37,8)
-0.0417872722980995683293817635	(37,9)
-0.0520498515811806850516570665	(37,10)
-0.0635150192008422169179645014	(37,11)
-0.0762406612240298375115151929	(37,12)
-0.0902784695449582541049969181	(37,13)
-0.1056586499296808189194987759	(37,14)
-0.1223737479095001412506036225	(37,15)
-0.1403637701235175668567002764	(37,16)
-0.1595047242129408115416264423	(37,17)
-0.179602270205338945833502072	(37,18)
-0.200391455421405212223362017	(37,19)
-0.221542645305861336538689987	(37,20)
-0.242672940800646451974944746	(37,21)
-0.263361742439229313008393315	(37,22)
-0.283168776218439710239053471	(37,23)
-0.301652856071334480606841484	(37,24)
-0.318389875438905025269805838	(37,25)
-0.332988906196426436832352436	(37,26)
-0.345105733432144886623334593	(37,27)
-0.354453576893768679886284219	(37,28)
-0.360811078568605896710647279	(37,29)
-0.36402783691951549837146207	(37,30)
-0.0001383391870946516810345604	(38,1)
-0.0012428257434715191444713819	(38,2)
-0.0034405662042373017763753791	(38,3)
-0.0067120873065682447027374179	(38,4)
-0.0110352040578529058576811775	(38,5)
-0.0163922044346562227911744287	(38,6)
-0.0227774510861591108243761872	(38,7)
-0.0302039236540198169138651226	(38,8)
-0.0387071691409009981920266206	(38,9)
-0.0483453084806169158999084245	(38,10)
-0.059194192674611667880469356	(38,11)
-0.071337488293681493111658518	(38,12)
-0.0848523119858669048511533443	(38,13)
-0.0997918796428456867675221015	(38,14)
-0.1161673095979505741147925384	(38,15)
-0.1339310573182110355508307459	(38,16)
-0.152964363413317617664760635	(38,17)
-0.17307056958844473292699691	(38,18)
-0.193975305737222348108691325	(38,19)
-0.215333559282191217915176107	(38,20)
-0.236742712420229172583767819	(38,21)
-0.257759948343721129999880523	(38,22)
-0.277922083571163657934510803	(38,23)
-0.296765891286691366512236157	(38,24)
-0.313847275143842090995290571	(38,25)
-0.32875812383369856175272609	(38,26)
-0.341140202606222681133224877	(38,27)
-0.350695915151113464260767446	(38,28)
-0.35719612766351543252121094	(38,29)
-0.36048545375994572930327309	(38,30)
-0.0001262244640445270980229578	(39,1)
-0.0011339974551629913041171113	(39,2)
-0.0031394640063071626238011645	(39,3)
-0.0061257538251654293512817562	(39,4)
-0.0100752780136566410802289756	(39,5)
-0.0149776062364246594408653768	(39,6)
-0.0208377694983634766663180998	(39,7)
-0.0276833412167989170433775324	(39,8)
-0.035568584675843346634402529	(39,9)
-0.0445741591375149598172709979	(39,10)
-0.0548013832181733270223899185	(39,11)
-0.0663608364443970137187617565	(39,12)
-0.0793560359693804586888872677	(39,13)
-0.0938638831835080723869371541	(39,14)
-0.1099143264544858533682553821	(39,15)
-0.1274720433265313987039721223	(39,16)
-0.14642279934598502912469922	(39,17)
-0.166566502073712025930607561	(39,18)
-0.187617971562738896664765107	(39,19)
-0.20921531217753050432336097	(39,20)
-0.230934736277980293810692604	(39,21)
-0.252309953772174223112818175	(39,22)
-0.27285390694832397608666508	(39,23)
-0.292080696871270758414029433	(39,24)
-0.309525929904228167048835847	(39,25)
-0.324764277008005816784400905	(39,26)
-0.33742364440987632888693839	(39,27)
-0.347195887180056698636432963	(39,28)
-0.353844383684091077057149168	(39,29)
-0.35720899841197702718305996	(39,30)
-0.0001139014327169218629882223	(40,1)
-0.0010232981281887095081572375	(40,2)
-0.0028331892719884588256670043	(40,3)
-0.0055293741669361253303295238	(40,4)
-0.0090990035091661249689163841	(40,5)
-0.0135391922662210006350265562	(40,6)
-0.018866066049664565079448634	(40,7)
-0.0251224104256490126214874382	(40,8)
-0.0323820187810445425478798858	(40,9)
-0.0407490641585007222049976546	(40,10)
-0.0503513937630787766592613584	(40,11)
-0.0613275321979876592098328697	(40,12)
-0.0738082624951840726851541487	(40,13)
-0.0878947327015535597908253025	(40,14)
-0.1036358693726825141326090593	(40,15)
-0.121008252510131650117551915	(40,16)
-0.139901399572504224182797613	(40,17)
-0.160110641178085196600546816	(40,18)
-0.181338612577005033424852542	(40,19)
-0.20320509298687528839380094	(40,20)
-0.225263777511805929575741928	(40,21)
-0.247023781429570899313108275	(40,22)
-0.267973360601987767220050468	(40,23)
-0.287603469370864328736155771	(40,24)
-0.305429258002610231212627656	(40,25)
-0.321008276590516079253322692	(40,26)
-0.333954841804238316262162802	(40,27)
-0.343950611478907355377132569	(40,28)
-0.350751824045873046126300279	(40,29)
-0.35419386859463965715674366	(40,30)
-0.0001014163752422589875784215	(41,1)
-0.0009111435214912307156099346	(41,2)
-0.0025228923072099360310682653	(41,3)
-0.0049251883040999904619519568	(41,4)
-0.0081100477097289229446196216	(41,5)
-0.012082366446293944213343201	(41,6)
-0.0168697497207890406003097561	(41,7)
-0.0225307564186426557416576742	(41,8)
-0.0291594488602724275927361517	(41,9)
-0.0368843960065472090803882086	(41,10)
-0.045860924287072780554829637	(41,11)
-0.0562564117899843127336965326	(41,12)
-0.0682296420964192005788509589	(41,13)
-0.0819064425605680828667355917	(41,14)
-0.0973547512591173092809866085	(41,15)
-0.114562642457058882311497351	(41,16)
-0.133422561885783955502465482	(41,17)
-0.153724116391339356695064109	(41,18)
-0.175156427573037859151343776	(41,19)
-0.197319601087223070043849612	(41,20)
-0.219743600066719566075996891	(41,21)
-0.241911982558362316986791781	(41,22)
-0.263287675518623630795462449	(41,23)
-0.283338178105573590315451246	(41,24)
-0.301558176420877735952473294	(41,25)
-0.317488324093439150752174009	(41,26)
-0.330729718580095844338536369	(41,27)
-0.340954246340029460382001237	(41,28)
-0.347911404587078311224593991	(41,29)
-0.35143241168023334602149989	(41,30)
-0.0000888221715864517957987004	(42,1)
-0.0007980086592953931114419085	(42,2)
-0.0022098873160099607784150353	(42,3)
-0.0043157548961431317256818467	(42,4)
-0.0071125977567205209310454951	(42,5)
-0.0106132940232071052432867716	(42,6)
-0.0148572620817637122130024861	(42,7)
-0.0199193236233869019605382944	(42,8)
-0.0259144548560979703268773784	(42,9)
-0.0329963869374496264899399784	(42,10)
-0.041348741298037773638189033	(42,11)
-0.0511685102486621201064377501	(42,12)
-0.0626430615823975315157736314	(42,13)
-0.0759231925692460291155553424	(42,14)
-0.091095767054019825590518068	(42,15)
-0.108159863084442429929297293	(42,16)
-0.127009996930822561091194537	(42,17)
-0.147428925594850133976737995	(42,18)
-0.169091004076993425679105751	(42,19)
-0.19157544057539334370408923	(42,20)
-0.214387412300623786791621413	(42,21)
-0.236984138444496713995699264	(42,22)
-0.258802758893517550226539242	(42,23)
-0.279287181847113790590697366	(42,24)
-0.297911771212629217053698105	(42,25)
-0.314200629850706775171196016	(42,26)
-0.327742097592836966727328992	(42,27)
-0.338198779056591497765718	(42,28)
-0.345313869813081719987414888	(42,29)
-0.34891474556250174966312012	(42,30)
-0.0000761785273092381646218644	(43,1)
-0.0006844298769242362785643317	(43,2)
-0.0018956580576627465204799537	(43,3)
-0.0037039622861222307645425431	(43,4)
-0.0061113786966840096764074857	(43,5)
-0.0091389277874590502693723647	(43,6)
-0.0128381127974878510762352884	(43,7)
-0.0173004210583909751812195722	(43,8)
-0.0226622742970836606346543887	(43,9)
-0.0291031932171828180260000644	(43,10)
-0.0368357503169759011570555558	(43,11)
-0.0460871412941545125683628894	(43,12)
-0.0570737311007595070059060586	(43,13)
-0.069971423153142651942140345	(43,14)
-0.084885799674857237150970991	(43,15)
-0.101826377996391018220085995	(43,16)
-0.120688871487009187007852904	(43,17)
-0.141248108118149374902354586	(43,18)
-0.163162529497637358757038282	(43,19)
-0.185989377250605381919539421	(43,20)
-0.209208175950828962045559118	(43,21)
-0.232249225150787692621286922	(43,22)
-0.254523615625905981567943672	(43,23)
-0.275451705251696597762674773	(43,24)
-0.294487824530176960560739993	(43,25)
-0.311139984287231692512536552	(43,26)
-0.324984308499961187318326468	(43,27)
-0.335674661473104276041698796	(43,28)
-0.342948407140932113934828844	(43,29)
-0.34662942227879199947840938	(43,30)
-0.0000635519337977477311710619	(44,1)
-0.0005710044634533396750021888	(44,2)
-0.001581856855786661701168986	(44,3)
-0.0030930265573841653805597037	(44,4)
-0.0051116502489048821715007105	(44,5)
-0.0076670031715979339563122397	(44,6)
-0.0108228726045641525656919069	(44,7)
-0.0146877126554545330989467253	(44,8)
-0.0194197893925630902964403802	(44,9)
-0.0252248785077184760565747257	(44,10)
-0.0323449754184188393390518025	(44,11)
-0.0410378736177557727026725382	(44,12)
-0.0515491589127938011121897103	(44,13)
-0.064079811984646501346258998	(44,14)
-0.078753803730845520847152422	(44,15)
-0.09559046236298052573263017	(44,16)
-0.114485829050575288619349582	(44,17)
-0.135205797275285128756648193	(44,18)
-0.157391884588888070156858268	(44,19)
-0.180578480653985638488589058	(44,20)
-0.204218802190062287721564998	(44,21)
-0.227715866247153817625592566	(44,22)
-0.250454657428429686049519137	(44,23)
-0.271832201312066324241197433	(44,24)
-0.291283225136224895826391578	(44,25)
-0.308300209599272857264474362	(44,26)
-0.322447672749137361320259318	(44,27)
-0.333371319975204898108193983	(44,28)
-0.340803173488564339426878266	(44,29)
-0.34456396286160120818823446	(44,30)
-0.000051015368313731279107114	(45,1)
-0.000458387967153252015228315	(45,2)
-0.0012702971424150441141940691	(45,3)
-0.0024864770102329744580798141	(45,4)
-0.0041191830121080713523418978	(45,5)
-0.0062060031456145888555070162	(45,6)
-0.0088231250956381974739057117	(45,7)
-0.0120961544897156760051099125	(45,8)
-0.0162054487874469857996644025	(45,9)
-0.0213833199799487666523811178	(45,10)
-0.0279014505906027530012608879	(45,11)
-0.0360484097812787709713178712	(45,12)
-0.0460990218571424165604460501	(45,13)
-0.058279141984838002947380948	(45,14)
-0.072730678972540705596156622	(45,15)
-0.089482091332096950874746665	(45,16)
-0.108428903655041117234945401	(45,17)
-0.129327170023620014620495174	(45,18)
-0.151800638289209974962886209	(45,19)
-0.175360171350275780348346277	(45,20)
-0.19943225580657368421257243	(45,21)
-0.223392495207500896271554353	(45,22)
-0.246599921711671824221642335	(45,23)
-0.268428622400014478493555303	(45,24)
-0.288294285345841729488773403	(45,25)
-0.305674515148258788973190696	(45,26)
-0.32012288945307863093650901	(45,27)
-0.331277563843966161003000776	(45,28)
-0.33886571834904720871746269	(45,29)
-0.34270528767495029311995364	(45,30)
-0.00003864774449487689319452	(46,1)
-0.0003472892593282031831977677	(46,2)
-0.0009629398019975771176239068	(46,3)
-0.0018881295772872893688938566	(46,4)
-0.0031402149699512882461990334	(46,5)
-0.004765094205372736970196339	(46,6)
-0.0068513791535791768902674151	(46,7)
-0.0095418814398633268017616702	(46,8)
-0.0130391273417686137810517234	(46,9)
-0.0176020415503658272366376791	(46,10)
-0.0235320285513024456204198603	(46,11)
-0.0311483748156312357069613755	(46,12)
-0.040754940195402444976866125	(46,13)
-0.052602071110566000379315831	(46,14)
-0.066849045622489406998431089	(46,15)
-0.083532732760336185072656572	(46,16)
-0.102547342165939794363039522	(46,17)
-0.123638310171254775713828415	(46,18)
-0.146410961265318619529010842	(46,19)
-0.170352191408305896282384644	(46,20)
-0.194861585875219170086704266	(46,21)
-0.219287446105685800638764608	(46,22)
-0.242963219072425771917364193	(46,23)
-0.26524061891493973313013515	(46,24)
-0.285516983626379637091197996	(46,25)
-0.303255776039325683164541693	(46,26)
-0.31800034188031197900777169	(46,27)
-0.329381911943786807853558021	(46,28)
-0.337123323504884749589143503	(46,29)
-0.34104006249216449521664094	(46,30)
-0.000026533127925147456936609	(47,1)
-0.0002384634878579711777747117	(47,2)
-0.000661873678978488949925368	(47,3)
-0.0013020488878517808274745228	(47,4)
-0.0021813894664741412854893582	(47,5)
-0.003354035202804247760272674	(47,6)
-0.0049209444850311160533545208	(47,7)
-0.0070420465622999821822093735	(47,8)
-0.0099419281978898927569615753	(47,9)
-0.0139059796357321759416743352	(47,10)
-0.0192651136926356611122529973	(47,11)
-0.02636902259467135209361243	(47,12)
-0.035550166393085339444233619	(47,13)
-0.047082814958950715785453378	(47,14)
-0.061142934010128978889971183	(47,15)
-0.077775057899941124935295986	(47,16)
-0.096871349652387476065898492	(47,17)
-0.118166000416675504623400982	(47,18)
-0.141245473846878816219642011	(47,19)
-0.165572513939114337559863252	(47,20)
-0.190519898794736020428724629	(47,21)
-0.215408988430802989798336563	(47,22)
-0.239548225155047018293453722	(47,23)
-0.262267681313146889605120018	(47,24)
-0.282947148713827993914704113	(47,25)
-0.301036750898643098750549587	(47,26)
-0.316070340774644328715925344	(47,27)
-0.327672854158083962435248211	(47,28)
-0.335563275959176039760053235	(47,29)
-0.33955497698233683585477963	(47,30)
-0.0000147597358895483465340274	(48,1)
-0.0001327030921722504991874345	(48,2)
-0.000369290724326656160030814	(48,3)
-0.0007324999085010278130230139	(48,4)
-0.0012496761751144700466591981	(48,5)
-0.0019830612787100578581554733	(48,6)
-0.0030457733884036236348244079	(48,7)
-0.0046146173208389788996276389	(48,8)
-0.006935932407731455881134476	(48,9)
-0.0103211879376743441496532881	(48,10)
-0.0151303269870220466570242548	(48,11)
-0.021742869172265884309819127	(48,12)
-0.030519198351598092603197066	(48,13)
-0.041756753927348581901528766	(48,14)
-0.055647401285512206395229046	(48,15)
-0.072242583598978528844290401	(48,16)
-0.091431771881652378895832751	(48,17)
-0.112937457461704942427153867	(48,18)
-0.136327042535325582688923051	(48,19)
-0.161039205638452998755431135	(48,20)
-0.186420287314697618102826489	(48,21)
-0.211765319324648159774579826	(48,22)
-0.23635852994117275851335353	(48,23)
-0.259509238439474564572077453	(48,24)
-0.280580598155835769149340446	(48,25)
-0.299010251851148713679932038	(48,26)
-0.314323317660370009712567465	(48,27)
-0.326139060902258961473478243	(48,28)
-0.334173087557482009373619688	(48,29)
-0.3382369691609034855832371	(48,30)
-3.4187452379209069556491e-6	(49,1)
-0.0000308270945817104360327391	(49,2)
-0.0000874563757763419151871439	(49,3)
-0.0001838903187573561288592338	(49,4)
-0.0003522769612334243465245657	(49,5)
-0.0006627457053031106644632753	(49,6)
-0.0012402726215408250240285934	(49,7)
-0.0022781337250517958479695259	(49,8)
-0.0040439024616413427806850923	(49,9)
-0.0068744889482061111502121483	(49,10)
-0.0111581119030694578179123283	(49,11)
-0.017303263431768541444985711	(49,12)
-0.025697328607926500828065617	(49,13)
-0.036659977402343295451237019	(49,14)
-0.050398088364655591691477073	(49,15)
-0.066969259526908421658385377	(49,16)
-0.086259728482846010531053641	(49,17)
-0.107980023488725205315701656	(49,18)
-0.131678537907062824046916016	(49,19)
-0.156770254565160006425262657	(49,20)
-0.182575727179495620540706689	(49,21)
-0.208364524338291504862436546	(49,22)
-0.233397655169417081847972091	(49,23)
-0.256964722629743038050841912	(49,24)
-0.278413241673095143061347792	(49,25)
-0.297169277138218084513445086	(49,26)
-0.312749978698110519774517617	(49,27)
-0.324769551430058151687253694	(49,28)
-0.332940672146800896501532128	(49,29)
-0.33707340672513965363036272	(49,30)
7.3970628582706759764507e-6	(50,1)
0.000066331073464994369333981	(50,2)
0.0001813241128443570148075608	(50,3)
0.0003392949852369996218333946	(50,4)
0.0005034810820107298397619055	(50,5)
0.0005961570035144905491728801	(50,6)
0.0004809100308112403459053197	(50,7)
-0.0000514343451589949851636691	(50,8)
-0.0012889471291617126900783626	(50,9)
-0.0035930810389862311497516368	(50,10)
-0.0073792915803379775977142343	(50,11)
-0.013083906531928051707482623	(50,12)
-0.021120141984961135312272864	(50,13)
-0.031828778149472888931659375	(50,14)
-0.0454307306071506129473272	(50,15)
-0.061989013882047056910359716	(50,16)
-0.081386209849079344926810832	(50,17)
-0.103320826413038328446227596	(50,18)
-0.127322565494615386870921709	(50,19)
-0.152783373858375718752748517	(50,20)
-0.178998951266798626267024547	(50,21)
-0.205214515898772325710967585	(50,22)
-0.230669048577897445934144902	(50,23)
-0.254633609979148029122319696	(50,24)
-0.276441157617002764774125457	(50,25)
-0.295507114674153615138769867	(50,26)
-0.311341427495759463502704239	(50,27)
-0.323553829473648829243670954	(50,28)
-0.331854488931104744392331796	(50,29)
-0.33605223400245707729148101	(50,30)
0.0000175947878393068242005664	(51,1)
0.0001579369100187673879956815	(51,2)
0.0004347425628369739878533662	(51,3)
0.000832565643139074720356094	(51,4)
0.0013102627828355258039253794	(51,5)
0.0017828828323289551777918356	(51,6)
0.0021031191924761261906361428	(51,7)
0.0020466429640676550997345936	(51,8)
0.0013058439735749329389481813	(51,9)
-0.0005041110899924148083766164	(51,10)
-0.00382458861910926719338126	(51,11)
-0.009118332663954844806458768	(51,12)
-0.016822975032649996637816475	(51,13)
-0.027299110669148665503447357	(51,14)
-0.040780635987250359673943946	(51,15)
-0.057335270925705151593242688	(51,16)
-0.076841650359302640808852773	(51,17)
-0.098986420485220989043669655	(51,18)
-0.123281180098255560552193129	(51,19)
-0.149095790735907311676506964	(51,20)
-0.175702309573687680101616783	(51,21)
-0.202322957046305761250961804	(51,22)
-0.228176061968512115769402369	(51,23)
-0.252515442442356708954770965	(51,24)
-0.27466064905171807015561014	(51,25)
-0.294017423076380539215318625	(51,26)
-0.310089263502636013378465579	(51,27)
-0.322481992969940187211004754	(51,28)
-0.330903658885855985424161947	(51,29)
-0.33516209143711111979683176	(51,30)
0.0000270829868333544549982818	(52,1)
0.0002431690088850954524254833	(52,2)
0.0006705270495480688270846514	(52,3)
0.001291502024285705439822468	(52,4)
0.0020608492614217409299230197	(52,5)
0.0028868405076435890806958419	(52,6)
0.0036119394196248004451584279	(52,7)
0.0039975780362111054723100368	(52,8)
0.0037177867969593083154502266	(52,9)
0.0023657764421440358887144942	(52,10)
-0.000524119782212334089216838	(52,11)
-0.005439364488078474270814439	(52,12)
-0.012840351279738033445645237	(52,13)
-0.02310602771288480086079593	(52,14)
-0.036482144642507336743679217	(52,15)
-0.053040453480322111402787132	(52,16)
-0.072655489971383283595429628	(52,17)
-0.095002418002929292572495308	(52,18)
-0.119575592934858789629264245	(52,19)
-0.145724028902421230360705244	(52,20)
-0.172697622080874117119545311	(52,21)
-0.199697176617582136607706122	(52,22)
-0.225921918677252833010399654	(52,23)
-0.250609837004394495209295281	(52,24)
-0.273068284556743715180082478	(52,25)
-0.292694295267012202650120621	(52,26)
-0.30898566117022968671191882	(52,27)
-0.321544823171951524605334841	(52,28)
-0.330078059632022048558010964	(52,29)
-0.33439241307417114550890998	(52,30)
0.0000357733029588800507224525	(53,1)
0.0003212336859612178881211744	(53,2)
0.0008864823525305988855689157	(53,3)
0.00171183388646260877091544	(53,4)
0.0027482662962415593036784423	(53,5)
0.0038977995197494094497901637	(53,6)
0.0049934503998012797099900214	(53,7)
0.0057834948586887379226637902	(53,8)
0.005925000264034855256191132	(53,9)
0.0049909023827385399482552338	(53,10)
0.002493121384997795900396632	(53,11)
-0.002078557230208282180464512	(53,12)
-0.009205406758836708197342473	(53,13)
-0.019283109366931608423623131	(53,14)
-0.032568083628496302240211601	(53,15)
-0.049135483194739724895587696	(53,16)
-0.068855735643635825267617839	(53,17)
-0.091393122078428129715467686	(53,18)
-0.116225880053045195164532376	(53,19)
-0.142683691410213624906752475	(53,20)
-0.169996030380144744573730525	(53,21)
-0.197344080881932979669579389	(53,22)
-0.223909674863587390347906298	(53,23)
-0.248916485996037025819308177	(53,24)
-0.271660927686152230317464462	(53,25)
-0.291532308584010156015270029	(53,26)
-0.308023433898806016365596848	(53,27)
-0.320733857272128378839959497	(53,28)
-0.329368402990493816630851511	(53,29)
-0.33373350631528717489472051	(53,30)
0.0000435821015576273739514386	(54,1)
0.000391379676753537451256722	(54,2)
0.001080530601503920221386782	(54,3)
0.0020895194088153343981735566	(54,4)
0.0033659132762248703417327896	(54,5)
0.0048060789341931388977514249	(54,6)
0.006234483067919973121836508	(54,7)
0.0073874889105960566719092617	(54,8)
0.0079068042202380472688617489	(54,9)
0.0073470155230688501513124963	(54,10)
0.005199780588074005890047629	(54,11)
0.0009343542621409295208355	(54,12)
-0.005949320427306243927812005	(54,13)
-0.015861899069172465029446027	(54,14)
-0.029069230444701786825882471	(54,15)
-0.045649290897559731259729965	(54,16)
-0.065468533367616842763806435	(54,17)
-0.088181169584508680173211639	(54,18)
-0.113250699520775237029415124	(54,19)
-0.139989250040383460700053081	(54,20)
-0.167607852960470154700695144	(54,21)
-0.195270065656314620019704175	(54,22)
-0.222142178070244850130456726	(54,23)
-0.247435151684562948032443325	(54,24)
-0.270435758090038622989567928	(54,25)
-0.290526564413407096469416709	(54,26)
-0.307196085858950989468006303	(54,27)
-0.320041447726892508987035657	(54,28)
-0.32876629849255392391959869	(54,29)
-0.3331766172708172218876913	(54,30)
0.0000504320698595731890111665	(55,1)
0.0004529125053726152194260641	(55,2)
0.0012507510128730805786748816	(55,3)
0.00242082245071215319098339	(55,4)
0.0039076892369518184727921753	(55,5)
0.005602731874456454327225148	(55,6)
0.0073228697166151266040042156	(55,7)
0.0087939465647939974094002159	(55,8)
0.0096441072871485888712090638	(55,9)
0.0094117428670200665314809851	(55,10)
0.007570643948023173860976447	(55,11)
0.003571991219356525318268927	(55,12)
-0.003100763949971693132178798	(55,13)
-0.012871360604084692915803822	(55,14)
-0.02601379840719294401985141	(55,15)
-0.04260834871744921730904834	(55,16)
-0.062517760832437274473771408	(55,17)
-0.085387192560045835424979097	(55,18)
-0.110667024013929180622909693	(55,19)
-0.137653846394338482339769405	(55,20)
-0.165542448194442869734256913	(55,21)
-0.193480932106754350719169302	(55,22)
-0.220622025721836811058150062	(55,23)
-0.246165657515396637784322036	(55,24)
-0.269390286564652046901415676	(55,25)
-0.289672719619969208778132967	(55,26)
-0.306497854039719219833365574	(55,27)
-0.319460810726683798302679536	(55,28)
-0.328264305369206534625246594	(55,29)
-0.33271398427526724555943059	(55,30)
0.0000562537356896390487689425	(56,1)
0.0005052081262798380114414408	(56,2)
0.0013954176143318504198660693	(56,3)
0.0027023858941346269154077886	(56,4)
0.0043681124899337923167109249	(56,5)
0.0062797205774405368695709205	(56,6)
0.0082476812145842810833675942	(56,7)
0.009988847810239263904193947	(56,8)
0.0111197740891952220712125495	(56,9)
0.0111650153514043653913270982	(56,10)
0.009583111036463214161752417	(56,11)
0.005809835489476977812749275	(56,12)
-0.000685384818338648016471735	(56,13)
-0.010337369506945554527088976	(56,14)
-0.023426956221039413591072733	(56,15)
-0.040036234843980660483465209	(56,16)
-0.060024649888261118305253394	(56,17)
-0.083029505494141014285566956	(56,18)
-0.108489894595368119267804187	(56,19)
-0.135689109092969437534309238	(56,20)
-0.16380808833146803556778008	(56,21)
-0.191981808765271058139658538	(56,22)
-0.219351525599219980544664033	(56,23)
-0.245107877781471675016261091	(56,24)
-0.26852236571668795372543281	(56,25)
-0.288967011477561854344989468	(56,26)
-0.305923742294984102798964782	(56,27)
-0.318986065667558226281905809	(56,28)
-0.327855974945918719912858861	(56,29)
-0.33233888153187045728231672	(56,30)
0.000060986862322054666197686	(57,1)
0.0005477254535011295710310918	(57,2)
0.0015130338922897402902082728	(57,3)
0.0029312989998098634826998574	(57,4)
0.0047424304735926725192943322	(57,5)
0.0068300771012358644779887046	(57,6)
0.0089994446942703851179917273	(57,7)
0.0109600438795364105605554136	(57,8)
0.0123189617434446517509910172	(57,9)
0.012589457473546671789429135	(57,10)
0.011217627150154916422226544	(57,11)
0.007626689737932956531074516	(57,12)
0.001274664049777922112382676	(57,13)
-0.008282251401865883070018261	(57,14)
-0.021330393152228438478029125	(57,15)
-0.037953240838116078119588469	(57,16)
-0.058007447037131246337944109	(57,17)
-0.081123825024611686599968391	(57,18)
-0.10673220066888963548225058	(57,19)
-0.134104990763379967090639663	(57,20)
-0.162411847171767866479149253	(57,21)
-0.1907770817318409440693867	(57,22)
-0.218332659822050218943707107	(57,23)
-0.24426172702807306887940073	(57,24)
-0.267830197475692369675517918	(57,25)
-0.288406277352690431378139416	(57,26)
-0.305469548706774733738209643	(57,27)
-0.318612267018809295249596493	(57,28)
-0.327535884899383891118986875	(57,29)
-0.33204565437725983129414934	(57,30)
0.0000645816794859964887426775	(58,1)
0.0005800174180532352268999742	(58,2)
0.0016023633688723382941421604	(58,3)
0.0031051568474566577320728552	(58,4)
0.0050267166837651969837379368	(58,5)
0.0072480451017414574121977336	(58,6)
0.0095703355307576195067449379	(58,7)
0.0116975019616093191026604583	(58,8)
0.0132294162365917164759766203	(58,9)
0.013670730129529700095690397	(58,10)
0.012458063186628539749890935	(58,11)
0.009005081220310278505323863	(58,12)
0.002761136247340097480107377	(58,13)
-0.006724378609597773334457555	(58,14)
-0.019741940026492129860392007	(58,15)
-0.036376030287743628582575316	(58,16)
-0.056481119159529008374093799	(58,17)
-0.079683027684539207958572719	(58,18)
-0.105404490317797866621137047	(58,19)
-0.132909627841535318671057397	(58,20)
-0.161359503551440028076436825	(58,21)
-0.18987033457223676604729874	(58,22)
-0.21756705347307488316712394	(58,23)
-0.243627150137970619580554341	(58,24)
-0.267312338341809819100417541	(58,25)
-0.287987970050037068840350108	(58,26)
-0.305131887233449198978780517	(58,27)
-0.318335429620683614372441984	(58,28)
-0.327299666463938831352335812	(58,29)
-0.33182974728323704334061743	(58,30)
0.0000669999147753481860133996	(59,1)
0.0006017402324969158238588216	(59,2)
0.0016624552208003958695182857	(59,3)
0.0032221101357652762291701638	(59,4)
0.0052179518764529313622459867	(59,5)
0.0075291985850608003278450945	(59,6)
0.009954338098924529456792914	(59,7)
0.0121935100294888798400637575	(59,8)
0.013841720346529678719180511	(59,9)
0.014397817167193888250544152	(59,10)
0.013292032820339792328993066	(59,11)
0.009931598471901856570244775	(59,12)
0.003760034838608193214372159	(59,13)
-0.005677834911498460329676142	(59,14)
-0.018675254909686296054010826	(59,15)
-0.035317356355422713180279065	(59,16)
-0.055457110594383126054946604	(59,17)
-0.078716950412738172106201479	(59,18)
-0.104514814490334250743779699	(59,19)
-0.13210922562476442064653052	(59,20)
-0.16065546230006743993814746	(59,21)
-0.18926429904763723014029604	(59,22)
-0.21705594868520183916310373	(59,23)
-0.243204113764362601564394401	(59,24)
-0.266967702993079092879426099	(59,25)
-0.287710169465957747395942854	(59,26)
-0.304908204340130144173821724	(59,27)
-0.31815254816575202452588499	(59,28)
-0.327144025385993412709926568	(59,29)
-0.3316877254183918889960777	(59,30)
0.0000682155952037669174816655	(60,1)
0.0006126605908293968683981611	(60,2)
0.0016926641887649886495241761	(60,3)
0.0032809038826428701801301999	(60,4)
0.0053140871672673520429446847	(60,5)
0.0076705341733265901075369714	(60,6)
0.0101473706482520113107704292	(60,7)
0.0124428358963333646053140893	(60,8)
0.0141494860717560801808431867	(60,9)
0.014763247659117023789545855	(60,10)
0.013711138328151778050608386	(60,11)
0.01039715199191546088066141	(60,12)
0.004261877574878109682659629	(60,13)
-0.005152156675471407798994989	(60,14)
-0.018139580776000885254744036	(60,15)
-0.034785844400909300002663122	(60,16)
-0.05494315653941406292441549	(60,17)
-0.078232237613770872187653589	(60,18)
-0.10406860777065657924964017	(60,19)
-0.131707970461897504025056077	(60,20)
-0.160302693925798470612881192	(60,21)
-0.188960817505150309863911135	(60,22)
-0.216800184769067279538849059	(60,23)
-0.242992599569560417728636356	(60,24)
-0.26679556667896186407573249	(60,25)
-0.287571590996674542620606699	(60,26)
-0.304796791100846879629926897	(60,27)
-0.318061611398901633890224228	(60,28)
-0.327066757197353333604860175	(60,29)
-0.33161729035989310041328059	(60,30)