b^1^2_1_(sigma,mu)
-0.0054618635072505839725455425	(1,1)
-0.0490669957925358351299923547	(1,2)
-0.1357996373978435900837927726	(1,3)
-0.2647101852101378874465792279	(1,4)
-0.4343882212135777341441991989	(1,5)
-0.6429789672399189265300662924	(1,6)
-0.8882046987248213076233022217	(1,7)
-1.1673907099973556751491441897	(1,8)
-1.477495370923100977559631999	(1,9)
-1.815143787612420459857784964	(1,10)
-2.176664577287235789752576025	(1,11)
-2.558129285860130742298298323	(1,12)
-2.955394010969767961820590382	(1,13)
-3.364142836412277465315028084	(1,14)
-3.779932728712955822735238566	(1,15)
-4.198239585700523584136944176	(1,16)
-4.614505153949156371273043744	(1,17)
-5.024184541965006155811794822	(1,18)
-5.422794046221576434987153599	(1,19)
-5.805958977210745992310415801	(1,20)
-6.169461124690332793931381397	(1,21)
-6.509285439726907771856879922	(1,22)
-6.82166544234191421641480104	(1,23)
-7.10312679529503335745254731	(1,24)
-7.350528425102662351225992748	(1,25)
-7.561100528897634884778835261	(1,26)
-7.73247878727584691497926865	(1,27)
-7.862734114195385705680946	(1,28)
-7.95039731834302154400041298	(1,29)
-7.9944781265592876865461584	(1,30)
-0.0054618607775496690927062353	(2,1)
-0.0490669712699588372045940958	(2,2)
-0.1357995695257038342615821288	(2,3)
-0.2647100528930148641771191001	(2,4)
-0.4343880040214847007854716468	(2,5)
-0.6429786455842059777207145542	(2,6)
-0.8882042540016848693275681138	(2,7)
-1.167390124698421163389482588	(2,8)
-1.47749462871610053993105666	(2,9)
-1.815142873398165273476672694	(2,10)
-2.176663477241653211118382517	(2,11)
-2.558127987471974376041881643	(2,12)
-2.955392503085650788665128056	(2,13)
-3.364141109300870159705903372	(2,14)
-3.779930774159440715784780556	(2,15)
-4.198237397140550150758638009	(2,16)
-4.614502726648430393463558127	(2,17)
-5.024181873246131906343405828	(2,18)
-5.422791135733877248887143371	(2,19)
-5.805955827231779568433621043	(2,20)
-6.169457740440272190622601212	(2,21)
-6.50928182966976635478052176	(2,22)
-6.821661618441866432516567773	(2,23)
-7.10312277319299575316901434	(2,24)
-7.350524224178862196282775927	(2,25)
-7.561096172190726394590999809	(2,26)
-7.73247430123827472766361461	(2,27)
-7.86272952827749766425402168	(2,28)
-7.95039266441359545450840961	(2,29)
-7.9944734381858535301930347	(2,30)
-0.0054618418611101994459855328	(3,1)
-0.0490668013321361387901177286	(3,2)
-0.1357990991846645096533238906	(3,3)
-0.2647091359782172809754535106	(3,4)
-0.4343864990175103058785299299	(3,5)
-0.6429764169008331730835827391	(3,6)
-0.8882011730431292800645711608	(3,7)
-1.1673860707254972894041488754	(3,8)
-1.477489489515592958466446462	(3,9)
-1.815136545792081396921340824	(3,10)
-2.176655867484109986837104103	(3,11)
-2.558119011592714588360962199	(3,12)
-2.955382087246378274763421841	(3,13)
-3.364129190233447380848550692	(3,14)
-3.779917299752807738707642685	(3,15)
-4.198222327234785041511284164	(3,16)
-4.614486034078154585380357032	(3,17)
-5.024163545150165820050168224	(3,18)
-5.422771175113310146603438783	(3,19)
-5.805934254695738761421465704	(3,20)
-6.169434596031114429165075825	(3,21)
-6.5092571746128010574840451	(3,22)
-6.82163553662632650007791347	(3,23)
-7.103095372168613420215589909	(3,24)
-7.350495635452974895363510996	(3,25)
-7.561066550638733506268950886	(3,26)
-7.73244382349610725472584893	(3,27)
-7.86269839006467651707604817	(3,28)
-7.95036107683119373013514511	(3,29)
-7.9944416231336183874468261	(3,30)
-0.0054617784120210940795902226	(4,1)
-0.0490662313312928108748585553	(4,2)
-0.13579752159290846026560154	(4,3)
-0.2647060605978435947007730259	(4,4)
-0.4343814514727702386025252212	(4,5)
-0.6429689431406400774503199496	(4,6)
-0.8881908432824404662070177941	(4,7)
-1.1673724827922907746149820058	(4,8)
-1.477472271619722614858264933	(4,9)
-1.815115358776671233093302712	(4,10)
-2.176630406657734238596080919	(4,11)
-2.558089008271246441483665129	(4,12)
-2.955347310157422615917572475	(4,13)
-3.364089446953143861787419603	(4,14)
-3.779872438351908983180331773	(4,15)
-4.198172238303323393181975693	(4,16)
-4.614430653269150374600651284	(4,17)
-5.024102856326384030697197472	(4,18)
-5.422705214093505525955854503	(4,19)
-5.805863113479952190268221559	(4,20)
-6.169358427247343959369622011	(4,21)
-6.509176195786171542698648594	(4,22)
-6.821550033749014720560651122	(4,23)
-7.103005701969037104712453052	(4,24)
-7.350402225748708271180330022	(4,25)
-7.560969898224593767275523427	(4,26)
-7.73234448917065046264012802	(4,27)
-7.86259699062476486796431322	(4,28)
-7.95025827414136613952713941	(4,29)
-7.9943381106699034937791441	(4,30)
-0.0054616252235046666631565081	(5,1)
-0.049064855149826334605341842	(5,2)
-0.1357937127706424208895505943	(5,3)
-0.2646986358513777961191377897	(5,4)
-0.4343692662790253647208044377	(5,5)
-0.6429509032623504966802304941	(5,6)
-0.888165915241217699878633626	(5,7)
-1.1673397031765634727831786104	(5,8)
-1.477430755181366750260642983	(5,9)
-1.815064305330608872872420434	(5,10)
-2.176569106854451804079082453	(5,11)
-2.558016848367115892677613137	(5,12)
-2.955263775965619471425403648	(5,13)
-3.363994127218618589816102344	(5,14)
-3.779765027850338316506785647	(5,15)
-4.198052541001848315464585839	(5,16)
-4.614298585886164276139008331	(5,17)
-5.023958452568090737845916341	(5,18)
-5.42254862971154519565474012	(5,19)
-5.805694632084499856935063194	(5,20)
-6.169178466538228772841291154	(5,21)
-6.508985313563706400827582238	(5,22)
-6.821348932784674165931629898	(5,23)
-7.102795232610018382501471341	(5,24)
-7.350183385053020879481285206	(5,25)
-7.56074382451327348267563269	(5,26)
-7.73211245115480746634290978	(5,27)
-7.86236037070041204256080391	(5,28)
-7.95001854599623983808936574	(5,29)
-7.9940968119408537940562583	(5,30)
-0.0054613192752369609221448527	(6,1)
-0.0490621066423852986029081079	(6,2)
-0.1357861058648919241714931602	(6,3)
-0.2646838077191802543150786213	(6,4)
-0.43434493255792658759264823	(6,5)
-0.6429148823041601830362246062	(6,6)
-0.8881161508276362443555045747	(6,7)
-1.1672742854148281262417720919	(6,8)
-1.477347939326541009266870353	(6,9)
-1.814962528314008933943484747	(6,10)
-2.176447001342910987724949314	(6,11)
-2.557873254251849812485668978	(6,12)
-2.95509774929528028804757474	(6,13)
-3.363804946750383549934364057	(6,14)
-3.779552199580329955771108693	(6,15)
-4.197815801218361762186208489	(6,16)
-4.614037903418740695872912905	(6,17)
-5.023674030931084980130862544	(6,18)
-5.422240909720664676661260084	(6,19)
-5.805364295240479170142431838	(6,20)
-6.168826439039038617090109792	(6,21)
-6.508612770279035328239991614	(6,22)
-6.820957299990319701307366053	(6,23)
-7.102386187840860136584426875	(6,24)
-7.349758852195827659032543948	(6,25)
-7.560305962305223891663151492	(6,26)
-7.73166363361682490132675818	(6,27)
-7.86190315869630667589009268	(6,28)
-7.94955564999132148409347627	(6,29)
-7.9936310470119186828945532	(6,30)
-0.0054607816220524226093164045	(7,1)
-0.049057276602819486181698334	(7,2)
-0.1357727381013738453265214131	(7,3)
-0.2646577505436512187053507622	(7,4)
-0.4343021736276597937522221823	(7,5)
-0.642851592932970550768343328	(7,6)
-0.8880287283886229254656782277	(7,7)
-1.1671593932442327115566365807	(7,8)
-1.477202543460168254337548895	(7,9)
-1.814783930323767012472068915	(7,10)
-2.176232866529247536261204417	(7,11)
-2.55762163452900833375365263	(7,12)
-2.954807100310751883727698441	(7,13)
-3.363474139113551556626745865	(7,14)
-3.779180524509310343452332556	(7,15)
-4.197402971382825536053150058	(7,16)
-4.613584050165817602871105446	(7,17)
-5.023179699326515749701788828	(7,18)
-5.421707052827638801335580073	(7,19)
-5.804792268743456666053169633	(7,20)
-6.168217996708642873759311944	(7,21)
-6.507970059944376613901756708	(7,22)
-6.820282858775538856466578699	(7,23)
-7.101682934610466798266740944	(7,24)
-7.349030074619953725730142747	(7,25)
-7.559555295847806804723156221	(7,26)
-7.73089503014372190371852319	(7,27)
-7.86112084328072439553335224	(7,28)
-7.94876406574843138994130336	(7,29)
-7.9928347892305816202487832	(7,30)
-0.0054599236699662062224125802	(8,1)
-0.0490495691434529198836867949	(8,2)
-0.1357514067888345545616845712	(8,3)
-0.2646161709165270449392649757	(8,4)
-0.4342339448990547770886301531	(8,5)
-0.6427506102358479491825163178	(8,6)
-0.8878892526859897357624451279	(8,7)
-1.1669761178837008487000390917	(8,8)
-1.476970656103224855494331581	(8,9)
-1.814499168767785835034853148	(8,10)
-2.175891566838855549662665385	(8,11)
-2.55722076997886810704966127	(8,12)
-2.954344309969674206953749584	(8,13)
-3.362947745482138347959384405	(8,14)
-3.778589540412112938534432908	(8,15)
-4.196747097200125555224709738	(8,16)
-4.612863663308758997134035236	(8,17)
-5.022395838431639625411835234	(8,18)
-5.420861399312664081233215076	(8,19)
-5.803887128027989738213725544	(8,20)
-6.167256280560025315630396949	(8,21)
-6.506955270169380464977014947	(8,22)
-6.819219071053084368691181524	(8,23)
-7.100574779924897560806172922	(8,24)
-7.347882714796838204932188344	(8,25)
-7.558374389353581931582912223	(8,26)
-7.72968668472051469450909756	(8,27)
-7.85989155314046438888303248	(8,28)
-7.94752063278837917779605394	(8,29)
-7.9915842297726119880816133	(8,30)
-0.0054586584828103534100002232	(9,1)
-0.0490382032655237544048812114	(9,2)
-0.1357199503649590264387462081	(9,3)
-0.2645548551102925746609398729	(9,4)
-0.4341333306887631565691970733	(9,5)
-0.6426016949179137295872365376	(9,6)
-0.8876835729191141362198547149	(9,7)
-1.1667058477707186844018612654	(9,8)
-1.47662869844280392644538038	(9,9)
-1.814079237297583299131861572	(9,10)
-2.175388257144122076001403232	(9,11)
-2.556629616867652173696972352	(9,12)
-2.953661829599433745152947715	(9,13)
-3.362171461380297323927910172	(9,14)
-3.777717993694120186718398734	(9,15)
-4.195779842588936061793536014	(9,16)
-4.611801253762309979881232731	(9,17)
-5.021239802023565539645931226	(9,18)
-5.419614212250502103319127986	(9,19)
-5.802552187189642552712961737	(9,20)
-6.165837877682191665184893918	(9,21)
-6.505458567993007260015823621	(9,22)
-6.817650079630735025608437747	(9,23)
-7.098940329330031030197351576	(9,24)
-7.346190419069546593050821968	(9,25)
-7.556632596022278200882525879	(9,26)
-7.72790440485019705085111821	(9,27)
-7.85807836856260965784553791	(9,28)
-7.94568657973231204683629831	(9,29)
-7.989739661126135489086938	(9,30)
-0.0054569162489308113183055015	(10,1)
-0.049022551800377534620211637	(10,2)
-0.1356766328445375041473189522	(10,3)
-0.2644704179026788122697485052	(10,4)
-0.4339947708923914012409264815	(10,5)
-0.642396603004539899884606494	(10,6)
-0.8874002687574954441710685021	(10,7)
-1.1663335081692073269971574608	(10,8)
-1.476157474174746018905706713	(10,9)
-1.81350035743653278700646007	(10,10)
-2.174694118549873394151520591	(10,11)
-2.555813856953494440098220081	(10,12)
-2.952719381168931096708847548	(10,13)
-3.361098589365135705822539532	(10,14)
-3.776512314961224881185696702	(10,15)
-4.194440331407658510912490231	(10,16)
-4.610328236734173205187191418	(10,17)
-5.019634946949765614787030484	(10,18)
-5.417880515265904607705567121	(10,19)
-5.80069396137595896228260821	(10,20)
-6.163860744329702357571710623	(10,21)
-6.503369448969627690158358385	(10,22)
-6.815457186392475490053302033	(10,23)
-7.096653141540025547297629529	(10,24)
-7.343819644163825955234059961	(10,25)
-7.554190100832158074181898131	(10,26)
-7.7254031117979794546404422	(10,27)
-7.85553211192474506875131982	(10,28)
-7.94310992163768574594022437	(10,29)
-7.9871476716965271782005723	(10,30)
-0.0054546611553304053818631589	(11,1)
-0.0490022929940237364589366912	(11,2)
-0.1356205632502373089064388781	(11,3)
-0.2643611195312421301555534633	(11,4)
-0.4338153992309500269113735585	(11,5)
-0.6421310600555951442882994029	(11,6)
-0.8870333621588922273515516111	(11,7)
-1.1658510945909153037060583894	(11,8)
-1.475546585912492083152325308	(11,9)
-1.812749311787423511195841847	(11,10)
-2.173792610201220947666970853	(11,11)
-2.554753034317464897611612166	(11,12)
-2.951491908415486467205131145	(11,13)
-3.359698696844495408112852321	(11,14)
-3.774935841663568822408802029	(11,15)
-4.192684763869642639846572077	(11,16)
-4.608392749074895297521533829	(11,17)
-5.017520446194532746933401503	(11,18)
-5.415589694563333374714895247	(11,19)
-5.798231361072320270398066294	(11,20)
-6.161232817313058472448956114	(11,21)
-6.50058462267321290257923776	(11,22)
-6.812525910006260552130993399	(11,23)
-7.093587904088445479700463948	(11,24)
-7.34063494789839570785615819	(11,25)
-7.550902375396285969347367073	(11,26)
-7.72203055804919139947944673	(11,27)
-7.85209446993153189864317959	(11,28)
-7.93962816457023962431592137	(11,29)
-7.9836436351341366532804174	(11,30)
-0.0054519052321134506933968855	(12,1)
-0.0489775348751910536427911962	(12,2)
-0.1355520397363663378692300736	(12,3)
-0.2642275359696774387858446447	(12,4)
-0.433596141234279293373337564	(12,5)
-0.6418063809651839841534521371	(12,6)
-0.8865845424245505293883511101	(12,7)
-1.1652605721279665174191068084	(12,8)
-1.474798059357146726319901696	(12,9)
-1.8118278211353953345257432	(12,10)
-2.172684601407046653077030227	(12,11)
-2.553446415959962537576046361	(12,12)
-2.949976109453553775763027768	(12,13)
-3.357964734753063548377971718	(12,14)
-3.772976409768577173342016973	(12,15)
-4.190494345357334013474096894	(12,16)
-4.605967762771502204856026009	(12,17)
-5.014859425671276546079629851	(12,18)
-5.412693497416613119170044262	(12,19)
-5.795103399568236244329872478	(12,20)
-6.157879295441998376364847225	(12,21)
-6.497014758769521945628177754	(12,22)
-6.808752119374772855007608194	(12,23)
-7.089625913518147238677693694	(12,24)
-7.336503814373230550348063099	(12,25)
-7.546624385247079682560581915	(12,26)
-7.71763099025961315266141585	(12,27)
-7.84760121778361830064312569	(12,28)
-7.93507122222011917931675467	(12,29)
-7.9790544685646339324580564	(12,30)
-0.0054487140483764111221657941	(13,1)
-0.0489488664231039396843093254	(13,2)
-0.1354726911725339354833919956	(13,3)
-0.2640728347232780707809933254	(13,4)
-0.4333421661067500716062283616	(13,5)
-0.6414301368128924562755348191	(13,6)
-0.8860640827809356256530835524	(13,7)
-1.1645750709353160883939750581	(13,8)
-1.473927839790825745896863125	(13,9)
-1.810754355577836794939208284	(13,10)
-2.171390501357571203683889042	(13,11)
-2.551915433609617886905755813	(13,12)
-2.94819317353946455980635601	(13,13)
-3.355916042004145159643375403	(13,14)
-3.770649589744351235963126797	(13,15)
-4.187878710837479607571307171	(13,16)
-4.603054650251654150079058148	(13,17)
-5.011642621276260924297343504	(13,18)
-5.409169733164121623889790829	(13,19)
-5.791272894149244887570212658	(13,20)
-6.153746303520217868767184717	(13,21)
-6.492588084427846116292925757	(13,22)
-6.80404554401590703206591412	(13,23)
-7.08465848742001515377890342	(13,24)
-7.331299965050993926155939233	(13,25)
-7.541213805103164569646888914	(13,26)
-7.71204828035752407041263217	(13,27)
-7.84188528287914878971706561	(13,28)
-7.92926443268419512918369629	(13,29)
-7.9732016253283836594055227	(13,30)
-0.0054452001686346014433841034	(14,1)
-0.0489172987855244096685492827	(14,2)
-0.1353853145059042735751313176	(14,3)
-0.2639024581140113635369704986	(14,4)
-0.4330623681685710494185471862	(14,5)
-0.6410153905764543327228101554	(14,6)
-0.8854897921798590502359150841	(14,7)
-1.1638175238038441989860862217	(14,8)
-1.472964095385424454110524482	(14,9)
-1.809562096287156602444025713	(14,10)
-2.169947887149463162304115433	(14,11)
-2.550201002855443947281430458	(14,12)
-2.946185834495484967150020975	(14,13)
-3.353595195146981963712551751	(14,14)
-3.767995412463316844767385256	(14,15)
-4.184872623150417812395918874	(14,16)
-4.59967996403600164296159956	(14,17)
-5.007885357106896860140741644	(14,18)
-5.405019569620800847730994281	(14,19)
-5.786724196032407569337437936	(14,20)
-6.14879915958290692983208953	(14,21)
-6.487249273805301026731966291	(14,22)
-6.798329345167152475129196211	(14,23)
-7.078587245364910242883633499	(14,24)
-7.324904342667198849831071533	(14,25)
-7.534532662122907349707293715	(14,26)
-7.70512814845235282685022449	(14,27)
-7.83477943492199110106654673	(14,28)
-7.92203157625593599679575062	(14,29)
-7.9659042816331127013114709	(14,30)
-0.0054415031439843373354092531	(15,1)
-0.0488840855355540618772151613	(15,2)
-0.1352933774364942675728168617	(15,3)
-0.2637231547342671950950988589	(15,4)
-0.4327677807708322726251538244	(15,5)
-0.6405783586580671802187640649	(15,6)
-0.8848838062818051930329195149	(15,7)
-1.163016491309411856174833874	(15,8)
-1.471942010846194320856505616	(15,9)
-1.808292668416229933173191854	(15,10)
-2.168404189376134874717274047	(15,11)
-2.548355222382510760570151061	(15,12)
-2.944009194906300522359235362	(15,13)
-3.351058119302196228472247306	(15,14)
-3.76506797603257015767642635	(15,15)
-4.181525325737048364381313056	(15,16)
-4.59588481625448310466379913	(15,17)
-5.003617250503018848633560516	(15,18)
-5.400257864715474748987190959	(15,19)
-5.781454434946159808394798013	(15,20)
-6.143014786549000607851822512	(15,21)
-6.48095323200905925467036318	(15,22)
-6.791535413817073407704567773	(15,23)
-7.071320987975356528897348924	(15,24)
-7.317203556481809431737577049	(15,25)
-7.526447248569924038809172864	(15,26)
-7.69671936347828718913745532	(15,27)
-7.8261185229279579225570265	(15,28)
-7.91319783828532510668372574	(15,29)
-7.9569826731187527555013987	(15,30)
-0.0054377587455837982737996196	(16,1)
-0.0488504462901413207208477452	(16,2)
-0.1352002537076644087697041903	(16,3)
-0.2635414901655848029344239328	(16,4)
-0.4324691374590641603337056416	(16,5)
-0.6401348151401772021488294699	(16,6)
-0.8842676531125231909103964892	(16,7)
-1.1621997422946176891821294636	(16,8)
-1.470895781582072426227959369	(16,9)
-1.806986503612781726597777313	(16,10)
-2.16680544276842986014171784	(16,11)
-2.546428604812963442992327009	(16,12)
-2.941716605393940713129301688	(16,13)
-3.348358859865403137055661305	(16,14)
-3.76191942433483863690965809	(16,15)
-4.17788410225110437691509301	(16,16)
-4.591708437726009681278305052	(16,17)
-4.998866213062388039796789059	(16,18)
-5.394898052567108752666126665	(16,19)
-5.775459708782863478973341924	(16,20)
-6.13636957397119109945540093	(16,21)
-6.4736549238043354339718336	(16,22)
-6.7835963674063880582967873	(16,23)
-7.062769953737834446848863183	(16,24)
-7.308086373610651617618194063	(16,25)
-7.516826702644558374339274951	(16,26)
-7.68667415471148511172147496	(16,27)
-7.81574135754895912374455691	(16,28)
-7.9025927204524544348468393	(16,29)
-7.9462615355066720387047115	(16,30)
-0.0054340636550066753741539376	(17,1)
-0.0488172495170731481430403424	(17,2)
-0.1351083454816251107904688119	(17,3)
-0.2633621378244830500062428878	(17,4)
-0.4321740731889157030716547587	(17,5)
-0.6396959656643099076979517028	(17,6)
-0.8836565916262915381963101132	(17,7)
-1.1613868898522438192509405379	(17,8)
-1.469849432531162213117823049	(17,9)
-1.805671791746430643071685303	(17,10)
-2.165183396199580357641817492	(17,11)
-2.544455453720909830643117869	(17,12)
-2.939343504804512976277418349	(17,13)
-3.345532168454972806163315729	(17,14)
-3.758581640930688821755021193	(17,15)
-4.173975507318810011475062615	(17,16)
-4.587169422535231336228603126	(17,17)
-4.993640210526514968703384543	(17,18)
-5.388934917710625732674368462	(17,19)
-5.768719340071716055375044851	(17,20)
-6.128825525238302712777430804	(17,21)
-6.465297734738582871842493753	(17,22)
-6.774436341271813162465885624	(17,23)
-7.052839134833867059770156005	(17,24)
-7.2974395225765437460555018	(17,25)
-7.505541131718328920877759469	(17,26)
-7.67484836250643638159886728	(17,27)
-7.80349248763257215297576265	(17,28)
-7.89005295313892875712804011	(17,29)
-7.9335736008299317278889829	(17,30)
-0.0054304433913333385919612451	(18,1)
-0.048784724418672970667101704	(18,2)
-0.1350182861750925628168202083	(18,3)
-0.2631863265613190699053191541	(18,4)
-0.4318845824498808756549619282	(18,5)
-0.6392647006755268460305155796	(18,6)
-0.8830544722146411870254140207	(18,7)
-1.1605827090514859928417884999	(18,8)
-1.468808492028252099273655763	(18,9)
-1.80435446989476891217117526	(18,10)
-2.163543845612693481401444561	(18,11)
-2.542440646354907809324025251	(18,12)
-2.93689283893148130555015541	(18,13)
-3.342577822625530582339032017	(18,14)
-3.755049806437675711179388692	(18,15)
-4.169788557184292402576067002	(18,16)
-4.582248988476054201957434435	(18,17)
-4.98791104824094554823492907	(18,18)
-5.382329354437141064878792793	(18,19)
-5.761182025645475884507254207	(18,20)
-6.120318156440750768124298739	(18,21)
-6.455803398119141948664946635	(18,22)
-6.763963124715432223657770408	(18,23)
-7.04142269304173299307863707	(18,24)
-7.285144343707949405594771113	(18,25)
-7.492460336754403834019217613	(18,26)
-7.66110196867054017971134191	(18,27)
-7.78922417448047516018574563	(18,28)
-7.8754254762418924731376482	(18,29)
-7.9187630949950767274493466	(18,30)
-0.0054268301957840544712351255	(19,1)
-0.0487522622665778998040542336	(19,2)
-0.1349283908046774107347844421	(19,3)
-0.2630107703559505982384519401	(19,4)
-0.4315952671254615334394933013	(19,5)
-0.6388330137524333724180465995	(19,6)
-0.8824501976954910506318985055	(19,7)
-1.1597725402028913904165604833	(19,8)
-1.467754272569882702284043124	(19,9)
-1.803011359488101789418791455	(19,10)
-2.161858657044042953579014288	(19,11)
-2.540350627518688185073524294	(19,12)
-2.934325167518246380389497234	(19,13)
-3.339450043554137656430877979	(19,14)
-3.7512713735800749544105243	(19,15)
-4.165263547584821162935780429	(19,16)
-4.576879947999348670469200327	(19,17)
-4.981603813473217202600953759	(19,18)
-5.374998588611242240559538106	(19,19)
-5.752757117644983060378809391	(19,20)
-6.110749070925025997955524429	(19,21)
-6.445066037943453793807546125	(19,22)
-6.752063777052309517130435009	(19,23)
-7.028401177295373241917315001	(19,24)
-7.271075558498661192463597623	(19,25)
-7.477454008266418481487382803	(19,26)
-7.64530052489081758015104221	(19,27)
-7.77279879958303711640783866	(19,28)
-7.85857052656779708410654971	(19,29)
-7.9016891731629564676148217	(19,30)
-0.005423054464675020879367655	(20,1)
-0.0487183394442414387433398531	(20,2)
-0.1348344430913224897057629069	(20,3)
-0.2628272539219834617352648513	(20,4)
-0.4312926587138567998913248652	(20,5)
-0.6383810046392872494843847882	(20,6)
-0.8818163605571519543615928212	(20,7)
-1.1589205266350607762011103839	(20,8)
-1.466641692359240252404196307	(20,9)
-1.801587575589243602057336715	(20,10)
-2.16006279141652528587012492	(20,11)
-2.538110103232489222405590255	(20,12)
-2.931555105653233609999693725	(20,13)
-3.336053787317068554428799488	(20,14)
-3.747142329297653504507109355	(20,15)
-4.160288419931357551710108286	(20,16)
-4.570943315962871029853770722	(20,17)
-4.974593857689972245810538887	(20,18)
-5.36681365421443364156669249	(20,19)
-5.743312693170097617408301125	(20,20)
-6.099984694055515640800669339	(20,21)
-6.432951610224427722313563981	(20,22)
-6.738604785086652833607360711	(20,23)
-7.01364237596856651591971153	(20,24)
-7.255102767199021613621765156	(20,25)
-7.460393795585054563119396976	(20,26)
-7.62731770056836518235563904	(20,27)
-7.75409178316199235045529313	(20,28)
-7.83936480886563622877518464	(20,29)
-7.8822292185741974237031462	(20,30)
-0.0054188495539692084898369786	(21,1)
-0.0486805606094604555367944915	(21,2)
-0.1347298149286018399962606172	(21,3)
-0.2626228656458845669393139111	(21,4)
-0.4309556008160383701108699953	(21,5)
-0.6378774460536530989357433334	(21,6)
-0.8811100273992539717449976081	(21,7)
-1.1579706484962927663451498063	(21,8)
-1.465400588403998176737774519	(21,9)
-1.79999814701264330863035722	(21,10)
-2.158056256409565605126104848	(21,11)
-2.535604344803495697556804925	(21,12)
-2.928453994368753094503649769	(21,13)
-3.332247787888104976135408679	(21,14)
-3.742510604953159499203016817	(21,15)
-4.15470251998407550704616881	(21,16)
-4.564272382612503751065862257	(21,17)
-4.966711133554014349324840367	(21,18)
-5.357603928872141863378715359	(21,19)
-5.73268021051361381548626878	(21,20)
-6.08786096479159739753804834	(21,21)
-6.419302543425421723333145472	(21,22)
-6.723436572213104465539893913	(21,23)
-6.997005628294336083294874689	(21,24)
-7.237094516760556221834696952	(21,25)
-7.441157111032064004932801141	(21,26)
-7.60703883084896200469098182	(21,27)
-7.73299491107768788646460146	(21,28)
-7.81770466047336045506791442	(21,29)
-7.860281921396011831050308	(21,30)
-0.0054138668443335792166742053	(22,1)
-0.0486357940292575823502775071	(22,2)
-0.1346058408843633600113086518	(22,3)
-0.2623807272389269132605737585	(22,4)
-0.4305564451586369750581553401	(22,5)
-0.6372815502843491779791071752	(22,6)
-0.8802751705969459134728697846	(22,7)
-1.1568499011420715019783198356	(22,8)
-1.463939706972913034765943059	(22,9)
-1.798132864166902247809953911	(22,10)
-2.155709833179929165786285961	(22,11)
-2.532685788442064150186284036	(22,12)
-2.924857336486615366304934798	(22,13)
-3.327852759486246680088369526	(22,14)
-3.737184941315055894543449715	(22,15)
-4.148305988201243914946099446	(22,16)
-4.556662461673128904088360912	(22,17)
-4.957750108498788130129316884	(22,18)
-5.347167004542541179447767121	(22,19)
-5.720664123603530819161413746	(22,20)
-6.074192488653826586223441456	(22,21)
-6.403946247014627563465453354	(22,22)
-6.706401215867195247658701179	(22,23)
-6.97834865260501833520390234	(22,24)
-7.216924199721384150721803168	(22,25)
-7.419632122542229120228744183	(22,26)
-7.58436508971571722039552367	(22,27)
-7.70941983402646983077687626	(22,28)
-7.79350907149365013297205391	(22,29)
-7.8357700501396657098800825	(22,30)
-0.005407696643920711226321291	(23,1)
-0.0485803593562507666650160867	(23,2)
-0.1344523378025793435763531952	(23,3)
-0.2620810059851165617692367466	(23,4)
-0.4300627104373016212835918475	(23,5)
-0.6365454182780482298386103185	(23,6)
-0.8792460368012542787381346863	(23,7)
-1.1554726928779886529466687113	(23,8)
-1.462152215678751761181957611	(23,9)
-1.795862960188668248932252965	(23,10)
-2.15287294529803315405031	(23,11)
-2.529183069733371073097850251	(23,12)
-2.920574929309295755911455819	(23,13)
-3.322662512708677899151067759	(23,14)
-3.730946825727363528312644187	(23,15)
-4.140872310606354117844704538	(23,16)
-4.547883808680905591283054834	(23,17)
-4.947482775046295996751403668	(23,18)
-5.335281498239337715519659368	(23,19)
-5.707054201555702787484491582	(23,20)
-6.058784092609266080098251706	(23,21)
-6.386705664912006377719444003	(23,22)
-6.68734181707280861691259943	(23,23)
-6.957535618652244546862269702	(23,24)
-7.194476795629126337577796441	(23,25)
-7.395723215223336342461745423	(23,26)
-7.55921780630440210779343076	(23,27)
-7.68330144941500650930928176	(23,28)
-7.76672240599568791706662387	(23,29)
-7.8086428308509774165492837	(23,30)
-0.0053998907486291857419419861	(24,1)
-0.0485102302944076113085178542	(24,2)
-0.1342581656009122697056552509	(24,3)
-0.2617020072109792315112939263	(24,4)
-0.42943887250304983388336993	(24,5)
-0.6356166822948718074067053173	(24,6)
-0.8779507808818952319865159318	(24,7)
-1.1537455876491456357105710074	(24,8)
-1.459921645000516819353292774	(24,9)
-1.793048307708347508817575658	(24,10)
-2.149382127307692202765441213	(24,11)
-2.524910735118958092851090139	(24,12)
-2.915401740385368899427542985	(24,13)
-3.316455863729341542649334477	(24,14)
-3.723563251837839287127845296	(24,15)
-4.132161697523311968336676334	(24,16)
-4.537695345795010631209648479	(24,17)
-4.935672418549452174126971272	(24,18)
-5.321720544296096207214036173	(24,19)
-5.691638429782568973997813699	(24,20)
-6.041442841903184614516557304	(24,21)
-6.367410157537056863375945232	(24,22)
-6.666112058302682862073088352	(24,23)
-6.934445268122548996868331348	(24,24)
-7.169655527572890205840995935	(24,25)
-7.369356248108827715268431903	(24,26)
-7.53154247477425869210990012	(24,27)
-7.65460089737752337570623433	(24,28)
-7.73731668296919190291461103	(24,29)
-7.7788778584391963915365585	(24,30)
-0.0053899836621101945535473122	(25,1)
-0.0484212252248425839766581132	(25,2)
-0.1340117547515973602691383554	(25,3)
-0.2612212018469388803302446369	(25,4)
-0.4286480481652836530085541483	(25,5)
-0.6344409914625834222470245948	(25,6)
-0.8763148836941729226826922693	(25,7)
-1.1515717652844836885334425198	(25,8)
-1.457127475342571753081188032	(25,9)
-1.789544185097766571413084576	(25,10)
-2.145068984607957271048461897	(25,11)
-2.51967836651923409377780128	(25,12)
-2.909128120371141562246785806	(25,13)
-3.309007808847260064612294498	(25,14)
-3.714798679345887573447926336	(25,15)
-4.121933605468720451392812687	(25,16)
-4.525857483343028109941000193	(25,17)
-4.922086447547772903660018906	(25,18)
-5.306264329102169350313357618	(25,19)
-5.674214948738334257546469272	(25,20)
-6.02198910573901357480621744	(25,21)
-6.345905459825691072001270044	(25,22)
-6.642584879043435018801438531	(25,23)
-6.908978206572179312990162621	(25,24)
-7.142387751840034420870525319	(25,25)
-7.340483108600601432629273091	(25,26)
-7.50131212345841987257167408	(25,27)
-7.62330796876548735043142385	(25,28)
-7.70529330775144437205313102	(25,29)
-7.7464824787998482612145721	(25,30)
-0.0053775108974589755530186184	(26,1)
-0.048309171615506063723185802	(26,2)
-0.1337015612198448102109410339	(26,3)
-0.2606161126728742353489267134	(26,4)
-0.4276534474318842336347963266	(26,5)
-0.6329641555133983519633396267	(26,6)
-0.8742640998314529182299269953	(26,7)
-1.1488548683374538006766900208	(26,8)
-1.453649955592567104759768723	(26,9)
-1.785207111619630440289794363	(26,10)
-2.139767057000047944740620446	(26,11)
-2.513298447117661431401549785	(26,12)
-2.901548602981133102810344246	(26,13)
-3.300099146281901490223024776	(26,14)
-3.704425321055461458359699298	(26,15)
-4.109957491604601797563649574	(26,16)
-4.512143109059059200968743929	(26,17)
-4.906507360614762681061675463	(26,18)
-5.28871076738550474087105037	(26,19)
-5.654602176558713489662603084	(26,20)
-6.000265885607235852110331603	(26,21)
-6.32206201392338852251540286	(26,22)
-6.616659665757790106796253678	(26,23)
-6.881062869169143499061431728	(26,24)
-7.112629690358653777797467104	(26,25)
-7.309085276630024815769364145	(26,26)
-7.46852984641324727273437781	(26,27)
-7.58944280225883788464146781	(26,28)
-7.67068418327741334550253444	(26,29)
-7.7114945980627301261114959	(26,30)
-0.0053620239545660657250258265	(27,1)
-0.0481700405672479925483072024	(27,2)
-0.1333164387653945895468550612	(27,3)
-0.2598650395752143810091477965	(27,4)
-0.4264195619189108843091308091	(27,5)
-0.6311338989846819149300514558	(27,6)
-0.8717268695479366599704920389	(27,7)
-1.1455021492356608732897659684	(27,8)
-1.449374044382183813122713409	(27,9)
-1.77989961856073390022942423	(27,10)
-2.133317427772273813930783279	(27,11)
-2.505592784535665200606683835	(27,12)
-2.892469082977140841089487617	(27,13)
-3.289524312210025923264054795	(27,14)
-3.6922315027099257341116208	(27,15)
-4.096021528381604801489967947	(27,16)
-4.496346459745579454859064189	(27,17)
-4.888741557683858436029829326	(27,18)
-5.268884028428277850259346854	(27,19)
-5.632646832131542316761501183	(27,20)
-5.976146138781490154864952076	(27,21)
-6.295781432337627544017974993	(27,22)
-6.588267741366211992224237023	(27,23)
-6.850659978965244446425335489	(27,24)
-7.080369860228135760697575605	(27,25)
-7.275176287844713894313704078	(27,26)
-7.43323041851197863768084773	(27,27)
-7.5530568180160693731400594	(27,28)
-7.63355216728151528499739086	(27,29)
-7.6739828948196347560484477	(27,30)
-0.0053431022998261087432336497	(28,1)
-0.0480000544309309514822768423	(28,2)
-0.1328459367249548318753227778	(28,3)
-0.2589476396117270084643249602	(28,4)
-0.4249131152478270772784805816	(28,5)
-0.6289012638098619722684022705	(28,6)
-0.8686362465793068690572299634	(28,7)
-1.141426984406458530097503914	(28,8)
-1.444192556073693412457726143	(28,9)
-1.773494053276206091816467885	(28,10)
-2.125573188738752908025313377	(28,11)
-2.496397612909191001269006935	(28,12)
-2.881712501522826275072918233	(28,13)
-3.277097564228717631956915416	(28,14)
-3.678028228323684144966034193	(28,15)
-4.079939406299348132506650575	(28,16)
-4.478289994583710937603119065	(28,17)
-4.868626103214897878122847886	(28,18)
-5.246641005551602274203927032	(28,19)
-5.608229936845508476337316864	(28,20)
-5.949538160127525732637389181	(28,21)
-6.267001140455211561796046316	(28,22)
-6.557376190394393908404494127	(28,23)
-6.817765522911528727644252101	(28,24)
-7.045631216550167667622816608	(28,25)
-7.23880310490004162483749345	(28,26)
-7.39548099774085690997240306	(28,27)
-7.51423288763629721684821093	(28,28)
-7.59399087272224626112372859	(28,29)
-7.6340464313784627969476804	(28,30)
-0.0053203629927190193635120888	(29,1)
-0.0477957732852833721903394187	(29,2)
-0.1322805392927792904273179303	(29,3)
-0.2578453930651371318918861913	(29,4)
-0.423103826444677292019266793	(29,5)
-0.6262217353811064760921684194	(29,6)
-0.8649314445913907181807209883	(29,7)
-1.1365508884331843404961884935	(29,8)
-1.438008676357217441293914544	(29,9)
-1.765875612954802169018128379	(29,10)
-2.116402988477979550984065445	(29,11)
-2.485567628411758639265728273	(29,12)
-2.869123316039365511586359147	(29,13)
-3.262657805923633159148885727	(29,14)
-3.661654254220187295365700344	(29,15)
-4.061555530020715546392578501	(29,16)
-4.457829569877904870619047458	(29,17)
-4.846033728570419875383393719	(29,18)
-5.221875997764257857771825936	(29,19)
-5.581271040555136716720343472	(29,20)
-5.920389240831112175967138507	(29,21)
-6.235697387851963413242368824	(29,22)
-6.523990179071760368414705473	(29,23)
-6.782412375011544989437746364	(29,24)
-7.0084721094714466514100664	(29,25)
-7.200046471802674199666777792	(29,26)
-7.35538096726501834620028489	(29,27)
-7.47308477518940636751005349	(29,28)
-7.55212383378595076102007032	(29,29)
-7.5918136800340203467569279	(29,30)
-0.0052934686302926248751468124	(30,1)
-0.0475541663033757269230551855	(30,2)
-0.1316118629758516947755786656	(30,3)
-0.2565419879515931864695219949	(30,4)
-0.4209650394637559739238310142	(30,5)
-0.6230561702848794170561505699	(30,6)
-0.8605591092949608010551138977	(30,7)
-1.130805166958015883843311583	(30,8)
-1.430738019512216939855736274	(30,9)
-1.756944813738620517766367406	(30,10)
-2.10569390164363540752131167	(30,11)
-2.472979225357317118750872469	(30,12)
-2.854571046427505871875548037	(30,13)
-3.246072363294930522247778901	(30,14)
-3.642979994618408119997880058	(30,15)
-4.040748935468257709604115873	(30,16)
-4.434858240306440597718845528	(30,17)
-4.820876389156833222284872183	(30,18)
-5.194523903367024977626838636	(30,19)
-5.551730950472376390678345344	(30,20)
-5.888687857403334738400303775	(30,21)
-6.201886853235506926702254735	(30,22)
-6.488153964687596120602417925	(30,23)
-6.744670729583868692672761057	(30,24)
-6.968986187583680637244904048	(30,25)
-7.159020354546055020184770794	(30,26)
-7.31306099498893181171187564	(30,27)
-7.42975590635002936971070956	(30,28)
-7.50810307990882293975591505	(30,29)
-7.5474409992408947883582586	(30,30)
-0.0052621341503103603457462209	(31,1)
-0.0472726728654180351936473972	(31,2)
-0.1308328256626976693395809154	(31,3)
-0.2550236491468644765848116696	(31,4)
-0.4184742616432863228761660524	(31,5)
-0.6193715887229317401840950406	(31,6)
-0.8554744024676667992981817502	(31,7)
-1.124132320084055067896165358	(31,8)
-1.422310365933556583365613894	(31,9)
-1.746619560856360940120888408	(31,10)
-2.093353811038914847447749664	(31,11)
-2.458533148327648315154895675	(31,12)
-2.837953133426233099811831609	(31,13)
-3.227239964776103373872081428	(31,14)
-3.621910521478001618529496905	(31,15)
-4.017436196307574840772122337	(31,16)
-4.409308955523958577691274483	(31,17)
-4.793107640637182016277812977	(31,18)
-5.164562180720433292608246369	(31,19)
-5.51961320501785982137015411	(31,20)
-5.85446461624609296307906461	(31,21)
-6.165627048506732825150818174	(31,22)
-6.449950777464667374997407889	(31,23)
-6.704647504031672069343473751	(31,24)
-6.927301382612465972191342883	(31,25)
-7.115870579183745341819475451	(31,26)
-7.26868140012627437429741806	(31,27)
-7.38441753720133508808315082	(31,28)
-7.46210717651179010052613984	(31,29)
-7.5011106116575626828332375	(31,30)
-0.0052261328493275937349642554	(32,1)
-0.0469492566182019023328950324	(32,2)
-0.1299377961595543547014487825	(32,3)
-0.2532794293659942565184983806	(32,4)
-0.4156136392919537514006897423	(32,5)
-0.6151418731218849404728139901	(32,6)
-0.8496419546749113593668935363	(32,7)
-1.116487269852838093918380306	(32,8)
-1.412671171161523404048918957	(32,9)
-1.734836928834730769715231436	(32,10)
-2.079313428744880466861686645	(32,11)
-2.442156702511336856054804676	(32,12)
-2.819197265245232169008837638	(32,13)
-3.206093092549919490958176813	(32,14)
-3.598387835265207240930820627	(32,15)
-3.991573502794063843802966191	(32,16)
-4.381156338853027481142359017	(32,17)
-4.762724022277581168910936485	(32,18)
-5.132011763183700224839742785	(32,19)
-5.484964476152310492956007268	(32,20)
-5.817792131235010276205768073	(32,21)
-6.127015690617050006668390619	(32,22)
-6.409501732130543740316034966	(32,23)
-6.662484854369419054268333263	(32,24)
-6.883578102946181842793690258	(32,25)
-7.070772778483250583844918337	(32,26)
-7.222429922173039723964132076	(32,27)
-7.33726640452069737831726686	(32,28)
-7.41433880426702665023485016	(32,29)
-7.4530281505814588435993947	(32,30)
-0.0051853017948493472159386765	(33,1)
-0.0465824540905215142888765609	(33,2)
-0.1289227286461651591240961228	(33,3)
-0.2513014706638947261341904326	(33,4)
-0.4123703845876691077708955804	(33,5)
-0.6103483938063788104419229219	(33,6)
-0.8430367152633496968342653225	(33,7)
-1.107838448841489672569943901	(33,8)
-1.401782892420164606860193503	(33,9)
-1.721554706937128696688902985	(33,10)
-2.063528020495228045614375141	(33,11)
-2.423805595170320890857246976	(33,12)
-2.798263253683029133669756384	(33,13)
-3.182599794259358111822229745	(33,14)
-3.5723925033321869335765771	(33,15)
-3.963158017127692499130004579	(33,16)
-4.350417659592806050113993505	(33,17)
-4.729765566164087180024072917	(33,18)
-5.096937053640448663953627775	(33,19)
-5.4478740311526846577027461	(33,20)
-5.778783968951819811592806731	(33,21)
-6.086189176904671129071656031	(33,22)
-6.366963902790500198358347348	(33,23)
-6.618357931789596441677582958	(33,24)
-6.838006756125754883143651376	(33,25)
-7.023929757189944321015779216	(33,26)
-7.174518991602134447488576828	(33,27)
-7.28852194703476989825160982	(33,28)
-7.36502195887241030800453681	(33,29)
-7.403419852686781018814086	(33,30)
-0.0051395466694694082207398395	(34,1)
-0.0461714182050456792109123067	(34,2)
-0.1277852829934124174944142935	(34,3)
-0.2490852382929655944864631004	(34,4)
-0.408737156799712596579631387	(34,5)
-0.6049805661888390597631893619	(34,6)
-0.835644705773709852924341472	(34,7)
-1.09816875796306850802173878	(34,8)
-1.389626142939822148417615229	(34,9)
-1.706752722608034716569584313	(34,10)
-2.045978849011444808033885179	(34,11)
-2.403465427527747900603343609	(34,12)
-2.775144483549156099967293025	(34,13)
-3.156764984758739157716892926	(34,14)
-3.543944703022973737970088645	(34,15)
-3.93222855174691070755633476	(34,16)
-4.317153056498309996423538259	(34,17)
-4.694315502372412724534286426	(34,18)
-5.059445081848420830905880257	(34,19)
-5.408472349754607669888240341	(34,20)
-5.737592768455071028729169407	(34,21)
-6.043320278885955978370976397	(34,22)
-6.322527680452109697012951014	(34,23)
-6.57247199997356324499967158	(34,24)
-6.790804716646266992852455092	(34,25)
-6.975568386092956808906955771	(34,26)
-7.125182604844695701849013616	(34,27)
-7.23842319265554950723390146	(34,28)
-7.31439886033630653095367198	(34,29)
-7.3525294827496252522442408	(34,30)
-0.0050888459868311566847582956	(35,1)
-0.045715956146267782149316127	(35,2)
-0.1265249294486334037064525328	(35,3)
-0.2466297240140422765751651572	(35,4)
-0.4047123931027024669276149486	(35,5)
-0.5990363325667237606448920083	(35,6)
-0.8274636674500959069428974702	(35,7)
-1.087476381671679835129530807	(35,8)
-1.376200659979262648773886127	(35,9)
-1.690433927084951983157630913	(35,10)
-2.026674319681907080723859618	(35,11)
-2.381152821190183101108311979	(35,12)
-2.749868922324710494692907201	(35,13)
-3.128631230311219367993886543	(35,14)
-3.513104670452775458185448864	(35,15)
-3.898865583258701456844312858	(35,16)
-4.281465039825204120963032819	(35,17)
-4.656499204395338386793455085	(35,18)
-5.01968388685402710040250386	(35,19)
-5.366928976362506387693947337	(35,20)
-5.69440763068973334685021163	(35,21)
-5.9986151615493773189924694	(35,22)
-6.276413527810157885193150283	(35,23)
-6.52505903063359630005309826	(35,24)
-6.742212855149504586410506079	(35,25)
-6.925936136289112844142681325	(35,26)
-7.07467290843377377779511437	(35,27)
-7.18722540982228685950011485	(35,28)
-7.26272666441930157947976347	(35,29)
-7.3006150799555693774459035	(35,30)
-0.0050332545608039035607663001	(36,1)
-0.0452165605191706383905212621	(36,2)
-0.1251430347427566380589268637	(36,3)
-0.2439376131351896842411882596	(36,4)
-0.4003005796503058544815371105	(36,5)
-0.5925225548921819485461858234	(36,6)
-0.8185035844233686653026825114	(36,7)
-1.075775437193401852054431777	(36,8)
-1.361526058477317862809797047	(36,9)
-1.6726252112419275848159802	(36,10)
-2.005650794280997582732676743	(36,11)
-2.356916144676180025384511921	(36,12)
-2.722499658496795599356159154	(36,13)
-3.098278990146543599364223706	(36,14)
-3.479972540336042854250267861	(36,15)
-3.863190601788320987889781961	(36,16)
-4.243497289529586447536346208	(36,17)
-4.616482412534106679145760158	(36,18)
-4.977840183067963486541756746	(36,19)
-5.323449685799910751203159369	(36,20)
-5.649450873117442818352318605	(36,21)
-5.952309836657639760630733858	(36,22)
-6.228868247699973637513437574	(36,23)
-6.476373896459735243385095234	(36,24)
-6.692491746412775557907536543	(36,25)
-6.87529736594055569496324422	(36,26)
-7.023256597714012484209488656	(36,27)
-7.13519662133962552251124757	(36,28)
-7.21027406899282826787811485	(36,29)
-7.2479456154323613477133402	(36,30)
-0.0049729060826872102461602898	(37,1)
-0.0446744324945049812698527159	(37,2)
-0.1236429260137136007323770933	(37,3)
-0.2410154082735964731875173797	(37,4)
-0.3955124515022755134491995246	(37,5)
-0.5854553018780070996198804299	(37,6)
-0.808787060158514475020810775	(37,7)
-1.063096429473365917233763856	(37,8)
-1.345642336566816489361827295	(37,9)
-1.653377913592984275139860796	(37,10)
-1.982973032326359894887723191	(37,11)
-2.330835800155208600093186954	(37,12)
-2.693134932806502445092285534	(37,13)
-3.065826287966608933958527969	(37,14)
-3.444687562224555656749354017	(37,15)
-3.825364798017076000723303339	(37,16)
-4.203432772061139506248777751	(37,17)
-4.574468779709301224753200744	(37,18)
-4.934136376515732047047318093	(37,19)
-5.278273049278306447220259185	(37,20)
-5.602974252767124158734407435	(37,21)
-5.904666164867588887627813183	(37,22)
-6.180160886146737208678965435	(37,23)
-6.426690283205050281098195708	(37,24)
-6.641917674234806514327036631	(37,25)
-6.823929470940451520879630399	(37,26)
-6.971211233444809101242592872	(37,27)
-7.08261407621691547011445914	(37,28)
-7.15731790471134487914017302	(37,29)
-7.1947976470711996014279535	(37,30)
-0.0049080146583050921078548085	(38,1)
-0.0440914956101193089209599391	(38,2)
-0.122029928868196807196174192	(38,3)
-0.2378735027000537742559941455	(38,4)
-0.3903651097955634279308133852	(38,5)
-0.5778600135588974947932291709	(38,6)
-0.798349524542900683554154849	(38,7)
-1.049486483493000493878546569	(38,8)
-1.328610099557412051957161117	(38,9)
-1.632767983494824024371881745	(38,10)
-1.958734221924496392162236565	(38,11)
-2.30302403432984231131638057	(38,12)
-2.661907632450108644227893783	(38,13)
-3.031427794017242073069504686	(38,14)
-3.407426688809313331119358687	(38,15)
-3.785587102462766706462240538	(38,16)
-4.161491211881252288845479549	(38,17)
-4.530696798387527878880568701	(38,18)
-4.888827011545263012219233282	(38,19)
-5.231666499534747763512728937	(38,20)
-5.55525477081779527041023119	(38,21)
-5.855967528459841131897698233	(38,22)
-6.130578394781653341152566015	(38,23)
-6.376296443489046789370294352	(38,24)
-6.590778549582889136490344344	(38,25)
-6.772119007149759587001628212	(38,26)
-6.918821574454342322471382432	(38,27)
-7.02976076894996199003069879	(38,28)
-7.10413979283995909200934185	(38,29)
-7.1414520509362990993802929	(38,30)
-0.004838875170420624943237734	(39,1)
-0.0434703990197075711973965932	(39,2)
-0.1203113762419282331725967385	(39,3)
-0.2345261967885316476604569499	(39,4)
-0.3848820456532272716246918892	(39,5)
-0.5697715281008300605498482317	(39,6)
-0.787239251396772572286610945	(39,7)
-1.03500932894836491740101518	(39,8)
-1.310510473514100113053857086	(39,9)
-1.61089576858475070299902396	(39,10)
-1.933055569735375449844894435	(39,11)
-2.273624247227044159930015298	(39,12)
-2.628984230312974936637611133	(39,13)
-2.995273312546630840763758773	(39,14)
-3.368402547988029391465721903	(39,15)
-3.744091608828989009487166673	(39,16)
-4.117925971429553219611334963	(39,17)
-4.485436184141418501226675285	(39,18)
-4.84219474319526214758971684	(39,19)
-5.183922006117042659826032226	(39,20)
-5.506590180261324309615205008	(39,21)
-5.806514301007006092481643853	(39,22)
-6.080421178140128517281843362	(39,23)
-6.325490912306911675426102309	(39,24)
-6.539369853120331083086044074	(39,25)
-6.720157884730723457627879787	(39,26)
-6.866376016174020844575725847	(39,27)
-6.97692208671594075659314514	(39,28)
-7.05102294382382586476274327	(39,29)
-7.0881908992125727117698169	(39,30)
-0.0047658623564402224654534937	(40,1)
-0.04281450920080885636202662	(40,2)
-0.1184965853291917264468808836	(40,3)
-0.230991652286162756468448247	(40,4)
-0.3790930622918632255785681098	(40,5)
-0.561233958589245066880118576	(40,6)
-0.775517170303591904710770937	(40,7)
-1.019745017797845577026471074	(40,8)
-1.291444686711936674013634635	(40,9)
-1.587885404511034940739191969	(40,10)
-1.90608543076648072138620584	(40,11)
-2.242809785896310530656940409	(40,12)
-2.594563166624669985222490204	(40,13)
-2.95758568654335396380796229	(40,14)
-3.327860828638276348903324122	(40,15)
-3.701144431775060241507559627	(40,16)
-4.073020410983756748604675416	(40,17)
-4.438983807104003048314950312	(40,18)
-4.794545943108460542656763748	(40,19)
-5.135351480589572314692318263	(40,20)
-5.457294322670145058900052813	(40,21)
-5.756619240486488950249639591	(40,22)
-6.029998647664799690920802267	(40,23)
-6.274578297404308014785315413	(40,24)
-6.487990704149458790193940499	(40,25)
-6.668339724625964230542264582	(40,26)
-6.814163213725478762680573235	(40,27)
-6.92438265359673969151019326	(40,28)
-6.99824915886966202060959872	(40,29)
-7.0352945434012115136720393	(40,30)
-0.0046894285227884446538148312	(41,1)
-0.0421278894160907003201996672	(41,2)
-0.1165968006335789017983230283	(41,3)
-0.2272917806427940954533584941	(41,4)
-0.3730340892929145199297408741	(41,5)
-0.5523004112445230907598372532	(41,6)
-0.76325646181488826858870811	(41,7)
-1.003789361999794617267230808	(41,8)
-1.271533305909069212583827249	(41,9)
-1.563883795671267620589779811	(41,10)
-1.877997971421410166435969143	(41,11)
-2.210782224699206235638535577	(41,12)
-2.558872686793063265371692874	(41,13)
-2.91861814915439310700828729	(41,14)
-3.286077127869316500951779706	(41,15)
-3.657040066577035614836040844	(41,16)
-4.027083815099582302232339788	(41,17)
-4.391659274814222421463013838	(41,18)
-4.746206055183859414858970997	(41,19)
-5.0862820352604793482584352	(41,20)
-5.407692419337431843041765017	(41,21)
-5.706602927354259336623732912	(41,22)
-5.97962489573860335671337288	(41,23)
-6.223865246617661516468008573	(41,24)
-6.436940145376285942668758988	(41,25)
-6.616956453911632619044329706	(41,26)
-6.762468954867183456826501811	(41,27)
-6.87242342789592720213239209	(41,28)
-6.9460960841547537158658912	(41,29)
-6.9830389490749466607939061	(41,30)
-0.0046100998526696532809426956	(42,1)
-0.0414152665393817168408641317	(42,2)
-0.1146251020703608863412388309	(42,3)
-0.2234520633511185123479680156	(42,4)
-0.3667468858103072516547500678	(42,5)
-0.5430325406619495394659242595	(42,6)
-0.750541930798152910168605683	(42,7)
-0.987253086228458245054148845	(42,8)
-1.250915123736023435950976382	(42,9)
-1.539059186966764831379046031	(42,10)
-1.848991372377553431278450604	(42,11)
-2.177769148622585255849143901	(42,12)
-2.522168165037759726080807596	(42,13)
-2.878651167429277310860812338	(42,14)
-3.243353323194322005518386712	(42,15)
-3.612097332130050747264865681	(42,16)
-3.980446983477841698553108149	(42,17)
-4.343800277309753704983785907	(42,18)
-4.69751482005309785920559661	(42,19)
-5.037051217219633705620935316	(42,20)
-5.358116435783105788002982543	(42,21)
-5.656789359021103614214147934	(42,22)
-5.929614590153252054148688577	(42,23)
-6.173656679591207743418456579	(42,24)
-6.386513717464672434385244926	(42,25)
-6.566295201382647920018970418	(42,26)
-6.71157333333099439274219425	(42,27)
-6.82131909463810211467302173	(42,28)
-6.89483475401912690150288717	(42,29)
-6.9316933156611655728562585	(42,30)
-0.0045284713010720952554650471	(43,1)
-0.0406819851915436963723810634	(43,2)
-0.1125962779739044163317896805	(43,3)
-0.2195013040454094611435611292	(43,4)
-0.360278632427457042861764568	(43,5)
-0.5334999420022452341459822523	(43,6)
-0.73746915861936133586366616	(43,7)
-0.970260698021222197087611662	(43,8)
-1.229745702967599592425992998	(43,9)
-1.513599337794944089454269434	(43,10)
-1.819285590606820641308944807	(43,11)
-2.144021469891158661205123433	(43,12)
-2.484728957741051033620311867	(43,13)
-2.837988837917153100955063584	(43,14)
-3.200013545487959260268180641	(43,15)
-3.56665498860678426636377206	(43,16)
-3.933457590400023615080687997	(43,17)
-4.295757807290565137508854911	(43,18)
-4.648821484743635038056982727	(43,19)
-4.98800233216989745323260471	(43,20)
-5.308900627286962505982747195	(43,21)
-5.607501797728931481662501274	(43,22)
-5.880279172969453214889967152	(43,23)
-6.124252353946141341275510828	(43,24)
-6.337000380090827283896606045	(43,25)
-6.516635538246953109910902487	(43,26)
-6.66174825774509009887816565	(43,27)
-6.77133578119940765170633204	(43,28)
-6.84472744631985857777556631	(43,29)
-6.8815180020777157617195055	(43,30)
-0.0044452001082571882212592433	(44,1)
-0.0399339494671107104379919121	(44,2)
-0.110526663792413869290300674	(44,3)
-0.215471313913634262334515449	(44,4)
-0.3536814143269767321148468881	(44,5)
-0.523779384384522617731688493	(44,6)
-0.724143440730940770622285864	(44,7)
-0.952949085340190960452658029	(44,8)
-1.208195592608427282368870137	(44,9)
-1.487709320134616370835178795	(44,10)
-1.789119711601775763801979717	(44,11)
-2.109810320453020514787337349	(44,12)
-2.446854842501010104036808664	(44,13)
-2.796954904518371761625214556	(44,14)
-3.156399837222957087159970842	(44,15)
-3.521067126451242226238874281	(44,16)
-3.886475418149386038175295214	(44,17)
-4.247891364881683026708545132	(44,18)
-4.600480105987625544268184239	(44,19)
-4.939479960449135897756165163	(44,20)
-5.260377357671060271394341498	(44,21)
-5.559058951118747531679912942	(44,22)
-5.831923428921829200766970349	(44,23)
-6.075943817152897637047038759	(44,24)
-6.288679818209912645509193779	(44,25)
-6.468247092167151560850290378	(44,26)
-6.613255316264801928602115056	(44,27)
-6.72272911040509497048603104	(44,28)
-6.79602586062876876516604525	(44,29)
-6.8327627671485296757320599	(44,30)
-0.004360997999426569388403015	(45,1)
-0.0391775528600250534966654733	(45,2)
-0.1084339481575405612037585893	(45,3)
-0.2113965337368482778583093932	(45,4)
-0.3470116013025004411831061873	(45,5)
-0.513953893917940312049523948	(45,6)
-0.710678521882248520226110544	(45,7)
-0.935465858682083976571923392	(45,8)
-1.186448239284128776117330396	(45,9)
-1.461608972280896775164297972	(45,10)
-1.758748933240297375460109255	(45,11)
-2.075423573267680246587452842	(45,12)
-2.408862108339584929171522584	(45,13)
-2.755888476576717896166989957	(45,14)
-3.112867585172313741479266731	(45,15)
-3.475698424314020142298519434	(45,16)
-3.839867566405620100111049416	(45,17)
-4.200564248554619182097828261	(45,18)
-4.552845043402647575219847984	(45,19)
-4.891825751850260798450930826	(45,20)
-5.212873265229788453415080972	(45,21)
-5.51177154509980804108769815	(45,22)
-5.784842468627477156424562399	(45,23)
-6.02901177621504453063819919	(45,24)
-6.241820154533854633969811764	(45,25)
-6.421387546957605313834808889	(45,26)
-6.566344002923791794750976436	(45,27)
-6.67574259291590614614388433	(45,28)
-6.74896961861071236997769741	(45,29)
-6.7856653229985129313216602	(45,30)
-0.0042766221728275645908647651	(46,1)
-0.0384195973072852309945500623	(46,2)
-0.1063369488746049497009299701	(46,3)
-0.2073135975357023501348655041	(46,4)
-0.3403291328496805712327610659	(46,5)
-0.504111698743035908472318771	(46,6)
-0.697195146436969397441249605	(46,7)
-0.917967461458489066380324108	(46,8)
-1.16469762516973310274441472	(46,9)
-1.435530048317368825239108322	(46,10)
-1.728441231474018375138906718	(46,11)
-2.041162053529350749517229207	(46,12)
-2.371079369251137060456051174	(46,13)
-2.715139529479942783119643651	(46,14)
-3.069780817686351501167265573	(46,15)
-3.430919370412741206474447674	(46,16)
-3.794003732104362685016504798	(46,17)
-4.154139022006844487439723228	(46,18)
-4.506266723303678355950125911	(46,19)
-4.845374567595055811764228333	(46,20)
-5.166705829809272142477330271	(46,21)
-5.465939328265748647909927558	(46,22)
-5.739319152075476340652166523	(46,23)
-5.983723898870606362771085904	(46,24)
-6.196676072678870321411197703	(46,25)
-6.376301025733526737728717199	(46,26)
-6.521250299127596994472608416	(46,27)
-6.63060634973648137118725862	(46,28)
-6.70378507606927191396686274	(46,29)
-6.7404501903652995186514484	(46,30)
-0.0041928652104612088229958423	(47,1)
-0.0376672025558580602593768496	(47,2)
-0.1042553621709010321486350084	(47,3)
-0.2032608443389879958300657295	(47,4)
-0.3336967190616931776142483766	(47,5)
-0.494345052050949514833376086	(47,6)
-0.683819446054652386770415983	(47,7)
-0.900617078253200232354281711	(47,8)
-1.143145670448982916154298764	(47,9)
-1.409713110617270094491145537	(47,10)
-1.698473765029670481781445655	(47,11)
-2.007335506941089904043001691	(47,12)
-2.333843177311935793371830432	(47,13)
-2.675064271205746062735153176	(47,14)
-3.027507454192180820203733219	(47,15)
-3.387101535239227113244781292	(47,16)
-3.749251643525760194120916154	(47,17)
-4.108973232288125749800094436	(47,18)
-4.461087736395120066309514822	(47,19)
-4.80045101837053167650368191	(47,20)
-5.122180374827593413583627764	(47,21)
-5.4218485272357991132258296	(47,22)
-5.695621959243661461123707214	(47,23)
-5.940333043219817849952998151	(47,24)
-6.153487340758647580548852378	(47,25)
-6.333216842735005503519536047	(47,26)
-6.478195593019514443149172933	(47,27)
-6.5875361464903310169770126	(47,28)
-6.66068442799488967065869503	(47,29)
-6.6973278371404476316780865	(47,30)
-0.0041105440741298109589884872	(48,1)
-0.0369277073148148929095352321	(48,2)
-0.1022094892482917138600536702	(48,3)
-0.1992777859615311474073282923	(48,4)
-0.3271789702723462149931915276	(48,5)
-0.484748952235976418043582952	(48,6)
-0.670681191179055010684170918	(48,7)
-0.883582375637429804030601997	(48,8)
-1.121999443973285569289844785	(48,9)
-1.384404218452284263695365037	(48,10)
-1.669129081525731045603194506	(48,11)
-1.974258395961106705647050754	(48,12)
-2.29749351307933750536847154	(48,13)
-2.636020456646030814988474823	(48,14)
-2.986414589252957834486360135	(48,15)
-3.344612974276748968295190611	(48,16)
-3.705972719355089136689747817	(48,17)
-4.065415438287264927928047884	(48,18)
-4.417639314207201527856924039	(48,19)
-4.75736642787087872992303374	(48,20)
-5.079587518611968229262367938	(48,21)
-5.379769753906556322701974983	(48,22)
-5.654003298020618992675448785	(48,23)
-5.899075898130068386881151023	(48,24)
-6.112477712838000878818741224	(48,25)
-6.292348598732597425105966461	(48,26)
-6.437385910862867425998417174	(48,27)
-6.54673271384660852866148196	(48,28)
-6.61986508157846857376982561	(48,29)
-6.6564940755227737392136521	(48,30)
-0.0040304883742331562387322834	(49,1)
-0.0362085638762121806074466746	(49,2)
-0.1002199447979509183162860754	(49,3)
-0.1954045398612927409671783778	(49,4)
-0.3208414702939829450894895516	(49,5)
-0.475419782054107370470078656	(49,6)
-0.657911936299984100934047167	(49,7)
-0.867033114407197418799339071	(49,8)
-1.101468230306800762519481463	(49,9)
-1.359851470119490749885846139	(49,10)
-1.640691190856269799197226342	(49,11)
-1.942245596699340923847046862	(49,12)
-2.262369230258068546441105622	(49,13)
-2.598362727601667332602491878	(49,14)
-2.946863885989417879940472203	(49,15)
-3.303813828240223819284586928	(49,16)
-3.664518009094707713164221068	(49,17)
-4.02380159189637459992194655	(49,18)
-4.376238210947262870058840361	(49,19)
-4.716416232815509626160813204	(49,20)
-5.039201071704295588971363267	(49,21)
-5.339956349419341488727383323	(49,22)
-5.614698225466254405271877139	(49,23)
-5.860172004840434821634956804	(49,24)
-6.07385417586732749461611337	(49,25)
-6.253893586993929623893438634	(49,26)
-6.399011428156508118033110302	(49,27)
-6.50838132315685381560306327	(49,28)
-6.58150926753673265169842166	(49,29)
-6.6181296888956225722830235	(49,30)
-0.0039535281190127341786673502	(50,1)
-0.0355172280704311588791454743	(50,2)
-0.098307352637778989621651375	(50,3)
-0.191681237115496649895114922	(50,4)
-0.3147498096520510927286935248	(50,5)
-0.466453890858855761359397746	(50,6)
-0.645643091760691733110227448	(50,7)
-0.851138675344232303543633012	(50,8)
-1.081760504667120719074331708	(50,9)
-1.336301458880288097851271168	(50,10)
-1.613441573460970576039869446	(50,11)
-1.911608069041516276794462714	(50,12)
-2.228803528932895742892216554	(50,13)
-2.56243805055820303405918395	(50,14)
-2.909207144566368529151394592	(50,15)
-3.26505217611287923699504133	(50,16)
-3.625224456402348668288631782	(50,17)
-3.984451797689792956913403538	(50,18)
-4.337184000335863145173768044	(50,19)
-4.677877813737155850647030354	(50,20)
-5.001276361408093718020814533	(50,21)
-5.302643136164767058784656501	(50,22)
-5.57792354713849902242057082	(50,23)
-5.823823121056103406327344318	(50,24)
-6.03780650254103654126872658	(50,25)
-6.218032471224080558065388034	(50,26)
-6.363246223856195545112038628	(50,27)
-6.47265158286618626279972499	(50,28)
-6.54578385712670077805413121	(50,29)
-6.5824002568184094511763587	(50,30)
-0.0038804811674612254133461318	(51,1)
-0.0348610465610148028415905609	(51,2)
-0.09649203401708209306479039	(51,3)
-0.1881474162946582224402197307	(51,4)
-0.3089685963950754925166061005	(51,5)
-0.457946145628349333736221473	(51,6)
-0.634003956928422780030105758	(51,7)
-0.836065542858356812572300541	(51,8)
-1.063080869390686769003443397	(51,9)
-1.313995704481836724177835812	(51,10)
-1.587655191308002887347514902	(51,11)
-1.882648570853797399392631918	(51,12)
-2.197119527432328525536100865	(51,13)
-2.528581317246309837516907887	(51,14)
-2.873782101434432032594121963	(51,15)
-3.228660183679857848147429775	(51,16)
-3.588411512490747200298627917	(51,17)
-3.947667461580562901869514397	(51,18)
-4.300756781699909597309563552	(51,19)
-4.642008736531142631919513219	(51,20)
-4.966048952232928239523654123	(51,21)
-5.268045538606715555918525922	(51,22)
-5.543877250841856866006044074	(51,23)
-5.790212882461921210867744338	(51,24)
-6.004507065855636131988793086	(51,25)
-6.184929193532102751636525942	(51,26)
-6.330248238640808182370810854	(51,27)
-6.4396974194300482504915121	(51,28)
-6.51284035073895952240316836	(51,29)
-6.5494561451897027858346702	(51,30)
-0.0038121406195647312479330079	(52,1)
-0.0342471435778448433450928876	(52,2)
-0.0947936943913091352880751607	(52,3)
-0.1848414145078439986722342032	(52,4)
-0.303560462837071905401135851	(52,5)
-0.44998847755835055772329851	(52,6)
-0.623119750805968729976385788	(52,7)
-0.821974792132208202036072833	(52,8)
-1.045627006485387540488386589	(52,9)
-1.293167122173014964059626167	(52,10)
-1.563596568217701215699327843	(52,11)
-1.855657484033917409969581532	(52,12)
-2.167625997480094093211102004	(52,13)
-2.497111165065994717044666129	(52,14)
-2.8409085047020196729872974	(52,15)
-3.194950578023725431702043206	(52,16)
-3.554378113323910821575148089	(52,17)
-3.913728825268093503285511975	(52,18)
-4.26721527660715573222588007	(52,19)
-4.609045373185559474316941733	(52,20)
-4.933733721231495758889179319	(52,21)
-5.236359026153140195586626914	(52,22)
-5.51273822562994795430897538	(52,23)
-5.759506712819916924730963511	(52,24)
-5.974110868760794602215659589	(52,25)
-6.154731069080022846988548256	(52,26)
-6.300159397402537577515416854	(52,27)
-6.40965720607442004802933127	(52,28)
-6.48281500375038149646606654	(52,29)
-6.519432628502546426959022	(52,30)
-0.0037492623827343300223440046	(53,1)
-0.0336823092340524778230389574	(53,2)
-0.0932311145972493922025301204	(53,3)
-0.1817997671335701308460740588	(53,4)
-0.298585086956393600567893296	(53,5)
-0.442668451460147356184614498	(53,6)
-0.613109676627158693982439147	(53,7)
-0.80901962566425852454610405	(53,8)
-1.02958670061863574041478407	(53,9)
-1.274036590026816714626616667	(53,10)
-1.541516003721741855478145886	(53,11)
-1.830908815993300543213974753	(53,12)
-2.140613321084602856126181053	(53,13)
-2.468326066182300525116828941	(53,14)
-2.810884500934577907772118529	(53,15)
-3.164213467112104247272329776	(53,16)
-3.523400022516343435957251094	(53,17)
-3.882892871808779372616411646	(53,18)
-4.236795286960536347466433798	(53,19)
-4.579201861431248553152303937	(53,20)
-4.904524240526590641893272016	(53,21)
-5.207758826606894913805689986	(53,22)
-5.484666213998268908572356012	(53,23)
-5.731851932369649165447756431	(53,24)
-5.946755741899768923225475956	(53,25)
-6.127569024345478080304778355	(53,26)
-6.273105856783472320318443774	(53,27)
-6.38265400354180478960427681	(53,28)
-6.45582905616814563678344202	(53,29)
-6.4924501119680808542782973	(53,30)
-0.0036925531531248940028096898	(54,1)
-0.033172891570578901376477653	(54,2)
-0.0918218523540305371336027191	(54,3)
-0.1790566277347870875673334591	(54,4)
-0.294098247126092761942314994	(54,5)
-0.436067885067497883522857802	(54,6)
-0.604085056654465436956608803	(54,7)
-0.79734300441728613519831863	(54,8)
-1.015134985585270288955843345	(54,9)
-1.256809673149502093045648011	(54,10)
-1.521645981165268555191702339	(54,11)
-1.80865643514310407885940108	(54,12)
-2.116349720959395093658747964	(54,13)
-2.442500725898866730262845612	(54,14)
-2.783983359289691346499675686	(54,15)
-3.136713513615203679426024875	(54,16)
-3.495727531963121607606918835	(54,17)
-3.855391578600134556506050544	(54,18)
-4.209708477863800503411382272	(54,19)
-4.552669357252511967778706878	(54,20)
-4.878592415450251148722143474	(54,21)
-5.182399856652731343027649614	(54,22)
-5.45980194462522019459940921	(54,23)
-5.707378014783786444542337868	(54,24)
-5.922562663687387473963079904	(54,25)
-6.103557937561621959253250744	(54,26)
-6.249198340348106900196460937	(54,27)
-6.35879587872256352993728584	(54,28)
-6.4319890342910715842758993	(54,29)
-6.4686144229284604865318844	(54,30)
-0.0036426590450566234016770077	(55,1)
-0.0327246944230137223104151474	(55,2)
-0.090581959878176560979224769	(55,3)
-0.176643219385015977009343638	(55,4)
-0.290150928390000991768846938	(55,5)
-0.430261544632181708346322498	(55,6)
-0.596147572302436969271387306	(55,7)
-0.787075417166990504737144761	(55,8)
-1.002431464978885715620709414	(55,9)
-1.241673560113836585852832436	(55,10)
-1.504197826398344449034926496	(55,11)
-1.789130593361456772567784855	(55,12)
-2.095077809466371922235584698	(55,13)
-2.419882823131228358239455694	(55,14)
-2.760450550550333383132931772	(55,15)
-3.11268746375603494808639595	(55,16)
-3.471583504535294712710970437	(55,17)
-3.831430487588450607334724604	(55,18)
-4.186141443710941063620690553	(55,19)
-4.529615531145879051326627959	(55,20)
-4.856088325420653113582089653	(55,21)
-5.160416816057814614800928113	(55,22)
-5.43826739440230685853545976	(55,23)
-5.686196945082668818894194478	(55,24)
-5.901636159532453853166140992	(55,25)
-6.082797042580954799157927607	(55,26)
-6.228532526604931426272844133	(55,27)
-6.33817626955055705979084586	(55,28)
-6.41138709494801144262731369	(55,29)
-6.4480171432258079512312925	(55,30)
-0.0036001550910840952098061945	(56,1)
-0.0323428831094614609208909266	(56,2)
-0.0895257231353072544868357113	(56,3)
-0.1745873281128145189226843103	(56,4)
-0.286788497638174774012177172	(56,5)
-0.425315941893932153922126568	(56,6)
-0.589387642880632908652259911	(56,7)
-0.77833282916425089932129097	(56,8)
-0.991617854537732967301610497	(56,9)
-1.228794262824399721976513515	(56,10)
-1.48935866834002489086601301	(56,11)
-1.772534782458172802044658451	(56,12)
-2.077011494383384057856380201	(56,13)
-2.400690118702369893642088823	(56,14)
-2.740501191562974104166515697	(56,15)
-3.092342025510065211837569359	(56,16)
-3.451161737767664623370230916	(56,17)
-3.811187558579163490896962185	(56,18)
-4.166255013713430549044263385	(56,19)
-4.510184258473601036306759443	(56,20)
-4.837140215654167101341171889	(56,21)
-5.141924394427624205372122551	(56,22)
-5.420166131470420333970556598	(56,23)
-5.668403634326689767372116589	(56,24)
-5.884064740554753186884542169	(56,25)
-6.065370360861494843776882075	(56,26)
-6.211189458329440806140944731	(56,27)
-6.32087436753772011701411211	(56,28)
-6.39410138566585279197967353	(56,29)
-6.4307359568731596843036667	(56,30)
-0.003565535819644697185165845	(57,1)
-0.0320318997979291742169862254	(57,2)
-0.0886654278629282371081256294	(57,3)
-0.172912848415486909018880602	(57,4)
-0.284049963795586256030703855	(57,5)
-0.421288255679435297630411434	(57,6)
-0.583882973731381020411706114	(57,7)
-0.771214847942392913801007884	(57,8)
-0.982815789546220076306564352	(57,9)
-1.218314126132260833203553944	(57,10)
-1.477288747090447112453949869	(57,11)
-1.759042965510761299000084182	(57,12)
-2.062333273414758989415931106	(57,13)
-2.38510795095422963377468729	(57,14)
-2.724317859967740609794594944	(57,15)
-3.075852085909994067934319781	(57,16)
-3.434625624328856549648431444	(57,17)
-3.794812270030803090388016945	(57,18)
-4.150183753248005978079660779	(57,19)
-4.49449545594045608393368137	(57,20)
-4.821854590710792850018194485	(57,21)
-5.127017543108099739617846012	(57,22)
-5.405583695197051127641062353	(57,23)
-5.654076351260278474783016531	(57,24)
-5.869921346389359647236693453	(57,25)
-6.051347130250386870184248301	(57,26)
-6.197235945290366856839763675	(57,27)
-6.30695549266017804577626176	(57,28)
-6.38019639721932302765541313	(57,29)
-6.4168349903448398559788317	(57,30)
-0.0035392070970151380770068386	(58,1)
-0.0317953902302545716111845725	(58,2)
-0.0880111569969339152608185475	(58,3)
-0.1716393898174354947693813698	(58,4)
-0.281967337547234167493846169	(58,5)
-0.418225399058941280211316103	(58,6)
-0.579697301390138030376547425	(58,7)
-0.765803140096533722128119947	(58,8)
-0.97612493584550307966203856	(58,9)
-1.210349687985601509923459405	(58,10)
-1.468119109251578297828978593	(58,11)
-1.7487972177661379042089749	(58,12)
-2.051191943422084500569193091	(58,13)
-2.373287132913289171221607359	(58,14)
-2.712048779971909796189572443	(58,15)
-3.063359254547700989844928994	(58,16)
-3.422107084083064299558463824	(58,17)
-3.782424932448872837137585238	(58,18)
-4.138035619713284334013609137	(58,19)
-4.48264501980751281007023939	(58,20)
-4.810316365359283770081176619	(58,21)
-5.115771769820040599615828185	(58,22)
-5.394587974174233728333119033	(58,23)
-5.643277136097009039464351674	(58,24)
-5.859263761374366381076627223	(58,25)
-6.0407822035427430632394252	(58,26)
-6.186724936375613981147126793	(58,27)
-6.29647143884976236006913512	(58,28)
-6.36972328829955202277060096	(58,29)
-6.4063651259543770027022886	(58,30)
-0.003521479395962614879273978	(59,1)
-0.0316361432609576946577888735	(59,2)
-0.0875706235301344626448818442	(59,3)
-0.1707819522755667377868901443	(59,4)
-0.280565103216696697356826172	(59,5)
-0.41616325021964726163870793	(59,6)
-0.576879359689337325993205665	(59,7)
-0.762160128223601232339135736	(59,8)
-0.971621437545735612049647011	(59,9)
-1.204989924846849720096580507	(59,10)
-1.461949723811601342869073424	(59,11)
-1.741905805689305232902746445	(59,12)
-2.043700744925998956689388813	(59,13)
-2.365342260989968059118185456	(59,14)
-2.703806377224107417895623036	(59,15)
-3.054970719482288984112327208	(59,16)
-3.413705743536504453910129443	(59,17)
-3.774116182207743851324552888	(59,18)
-4.129891735722428671689134073	(59,19)
-4.474704826619405333612787998	(59,20)
-4.802589034000390963833208683	(59,21)
-5.108243419551505589906713657	(59,22)
-5.387229549122081470007844343	(59,23)
-5.636052167085335628916466229	(59,24)
-5.852134978395672120273850143	(59,25)
-6.033716394270312301340662484	(59,26)
-6.179695841130147482660174648	(59,27)
-6.289460771985253056371133	(59,28)
-6.36272016541697268304073099	(59,29)
-6.3993642720328118806428833	(59,30)
-0.0035125626255375494143406976	(60,1)
-0.0315560444184622635602207083	(60,2)
-0.0873490421377496324008801933	(60,3)
-0.1703506768897056461782522626	(60,4)
-0.279859813235538379043242404	(60,5)
-0.415126062062666992168588635	(60,6)
-0.57546208653935239354993571	(60,7)
-0.760327992034396805388870176	(60,8)
-0.969356728544191880924970388	(60,9)
-1.202294910632045332830084655	(60,10)
-1.458848045444329197393964772	(60,11)
-1.738441726756013565883429271	(60,12)
-2.039935957532586239553616558	(60,13)
-2.361350441882178776534420445	(60,14)
-2.699666199474948304435592806	(60,15)
-3.050758402469160038270927149	(60,16)
-3.409488341156212916744934867	(60,17)
-3.769946628019711770707167078	(60,18)
-4.125806248113843784923544745	(60,19)
-4.470722763647696473054862494	(60,20)
-4.798714826610718270729392095	(60,21)
-5.104469911862206809556802198	(60,22)
-5.383541973833892134127359705	(60,23)
-5.632432056206227133921743111	(60,24)
-5.84856348977823752403177303	(60,25)
-6.030176751718841219890687396	(60,26)
-6.176174784769585251050139871	(60,27)
-6.2859490659461615383747646	(60,28)
-6.35921230456375305172970769	(60,29)
-6.3958575768999742199692486	(60,30)