b^1^2_2_(sigma,mu)
-0.000020000864532750929215549	(1,1)
-0.000019999866507404386715953	(1,2)
-0.000019993136953612707181996	(1,3)
-0.000019971473497332729217303	(1,4)
-0.000019921735258326219511518	(1,5)
-0.000019827637268553937459887	(1,6)
-0.000019670797712701407888948	(1,7)
-0.000019432009313839118339639	(1,8)
-0.000019092681928115028945999	(1,9)
-0.000018636375587394284054415	(1,10)
-0.000018050316758937414623149	(1,11)
-0.000017326771191525108442436	(1,12)
-0.000016464139788925910325321	(1,13)
-0.000015467653448610687041507	(1,14)
-0.000014349570291542888785325	(1,15)
-0.000013128822800150679437828	(1,16)
-0.000011830118675294800236136	(1,17)
-0.000010482560786740079716901	(1,18)
-9.117909927851350143056e-6	(1,19)
-7.768660436436974295892e-6	(1,20)
-6.466125524137764523808e-6	(1,21)
-5.238731269783089235073e-6	(1,22)
-4.1106940420979223014336e-6	(1,23)
-3.1012078976265116541534e-6	(1,24)
-2.2242022621019094633965e-6	(1,25)
-1.4886549123567024180368e-6	(1,26)
-8.993715609716854418506e-7	(1,27)
-4.580819065219405721613e-7	(1,28)
-1.646619662585719124895e-7	(1,29)
-1.82799507856530861002e-8	(1,30)
-0.000179925505233730565505925	(2,1)
-0.000179916527633872372405051	(2,2)
-0.000179855992856759126037712	(2,3)
-0.000179661122201572436820707	(2,4)
-0.000179213708631100388864726	(2,5)
-0.00017836726275613766405057	(2,6)
-0.000176956432951486532964225	(2,7)
-0.000174808441622097916791372	(2,8)
-0.000171756061444229845667659	(2,9)
-0.000167651405145109287363538	(2,10)
-0.000162379564315109753356702	(2,11)
-0.000155870958269156800308919	(2,12)
-0.000148111191665433644979811	(2,13)
-0.000139147305014326950025421	(2,14)
-0.000129089549447305556068379	(2,15)
-0.000118108213683187947774154	(2,16)
-0.000106425537444865071386097	(2,17)
-0.000094303299291441406288093	(2,18)
-0.000082027191512090934767009	(2,19)
-0.000069889511613771133647563	(2,20)
-0.00005817194080075576051723	(2,21)
-0.000047130198852165756121244	(2,22)
-0.0000369821472463614925645657	(2,23)
-0.0000279004787091014494059526	(2,24)
-0.0000200105356428546675508355	(2,25)
-0.0000133931227541469856453866	(2,26)
-8.0915162345599590689595e-6	(2,27)
-4.1213192932345461011384e-6	(2,28)
-1.4814536832281565835243e-6	(2,29)
-1.644639274465551787588e-7	(2,30)
-0.000499330408506557291735374	(3,1)
-0.000499305503627738904002269	(3,2)
-0.000499137573285868570745125	(3,3)
-0.00049859697980743645062871	(3,4)
-0.000497355802453626963864277	(3,5)
-0.000495007659367322198957028	(3,6)
-0.000491093836432352144758787	(3,7)
-0.000485135006972079587871781	(3,8)
-0.000476667221404615177270436	(3,9)
-0.000465280152364845481529983	(3,10)
-0.000450654921051276689592957	(3,11)
-0.000432598347096995700677444	(3,12)
-0.000411070291710015721635054	(3,13)
-0.000386201000728190896075661	(3,14)
-0.000358296039587396519651339	(3,15)
-0.000327827511400220790080212	(3,16)
-0.000295411652666563034314504	(3,17)
-0.000261774435772793464760481	(3,18)
-0.000227708261571546629199235	(3,19)
-0.000194023980696557254674134	(3,20)
-0.000161503149813877226820674	(3,21)
-0.000130855481758069510186672	(3,22)
-0.0001026858457413019727214349	(3,23)
-0.0000774739722723512445402948	(3,24)
-0.0000555683669323562646832671	(3,25)
-0.0000371940611394621535852297	(3,26)
-0.0000224719913621458962319246	(3,27)
-0.0000114462674715650757577121	(3,28)
-4.1145931792431990009956e-6	(3,29)
-4.567885937499515567337e-7	(3,30)
-0.000977255462544042161362909	(4,1)
-0.000977206782556392830266395	(4,2)
-0.000976878539675692950464051	(4,3)
-0.000975821874548204856972398	(4,4)
-0.000973395814772586417678248	(4,5)
-0.000968806008049275726967817	(4,6)
-0.00096115577173048455722993	(4,7)
-0.000949508056554360599708421	(4,8)
-0.00093295574323248023129486	(4,9)
-0.000910696338907018629242342	(4,10)
-0.000882105855225206907931786	(4,11)
-0.000846805708348308194025615	(4,12)
-0.000804716145813558754603125	(4,13)
-0.000756090167720568266213321	(4,14)
-0.000701523246098106833868193	(4,15)
-0.000641936288970887539174335	(4,16)
-0.000578532030691589118433009	(4,17)
-0.0005127280207310884085448	(4,18)
-0.000446072216622108829025289	(4,19)
-0.000380149437938829420495399	(4,20)
-0.000316488238953021779843063	(4,21)
-0.000256477860829524560850368	(4,22)
-0.0002013037509266955582078774	(4,23)
-0.0001519077977110477234600925	(4,24)
-0.0001089762170106979070707195	(4,25)
-0.0000729543739130385077235785	(4,26)
-0.0000440842501306568444662141	(4,27)
-0.0000224572877648988836346986	(4,28)
-8.0733988112242955394107e-6	(4,29)
-8.963205498784722940735e-7	(4,30)
-0.001611902462987358076598376	(5,1)
-0.00161182240639514796511513	(5,2)
-0.001611282594777687547836096	(5,3)
-0.001609544852831572234017779	(5,4)
-0.001605555045534857433886633	(5,5)
-0.001598006732526060414172793	(5,6)
-0.001585425034133530706276509	(5,7)
-0.001566268393285471850768042	(5,8)
-0.001539043990154846032288671	(5,9)
-0.001502430359200076304151747	(5,10)
-0.001455398661041847759933468	(5,11)
-0.00139732252697664657380934	(5,12)
-0.001328065849527017275477764	(5,13)
-0.001248038651181308259068679	(5,14)
-0.001158213348831942214761196	(5,15)
-0.001060097232659890271113786	(5,16)
-0.000955661445740336215853605	(5,17)
-0.000847231634375076013045324	(5,18)
-0.000737350065376832662104033	(5,19)
-0.000628622681560829473607243	(5,20)
-0.000523566690478164734198204	(5,21)
-0.000424474451762393149100155	(5,22)
-0.0003333075176708266510113443	(5,23)
-0.000251630871211173382506901	(5,24)
-0.0001805921735501646678066667	(5,25)
-0.0001209448866105644913371011	(5,26)
-0.0000731083175752853260661849	(5,27)
-0.0000372527833175678614641913	(5,28)
-0.0000133949325682218650478581	(5,29)
-1.4872709255384844624885e-6	(5,30)
-0.002399798114026684424488413	(6,1)
-0.002399679600036319758854282	(6,2)
-0.00239888047401552492793929	(6,3)
-0.002396307945159973857914155	(6,4)
-0.002390401424334052792070778	(6,5)
-0.002379226630487986333070789	(6,6)
-0.002360599494400411367080725	(6,7)
-0.002332236403690290524166894	(6,8)
-0.002291924513334613161156634	(6,9)
-0.002237702623216603969825943	(6,10)
-0.002168040066597750056191478	(6,11)
-0.002081998820358937569784834	(6,12)
-0.001979363262378679747217112	(6,13)
-0.001860723118996678955823435	(6,14)
-0.001727498345092623372774814	(6,15)
-0.001581899798086115624715063	(6,16)
-0.001426826093868725631173825	(6,17)
-0.001265704163902037970165258	(6,18)
-0.001102287785453300001293333	(6,19)
-0.000940433720198497196979365	(6,20)
-0.000783878197031917333965303	(6,21)
-0.000636036729333542353932258	(6,22)
-0.00049984748229010553667739	(6,23)
-0.0003776728697916137652798	(6,24)
-0.000271266459204733201482499	(6,25)
-0.0001818036286240378685045438	(6,26)
-0.0001099659747988661116045075	(6,27)
-0.0000560624344129338235808532	(6,28)
-0.000020165495846162346607916	(6,29)
-2.2394344781424168282302e-6	(6,30)
-0.003334241746037683541535555	(7,1)
-0.003334078666228462853513531	(7,2)
-0.003332979035808819797772318	(7,3)
-0.003329439102865721422154627	(7,4)
-0.003321311268413881986172489	(7,5)
-0.003305933282367500568259933	(7,6)
-0.003280298149762614213235532	(7,7)
-0.003241259925829864649365318	(7,8)
-0.003185766777857478656561804	(7,9)
-0.003111108363144770800476964	(7,10)
-0.003015160476222428030542777	(7,11)
-0.002896606937441865344623566	(7,12)
-0.002755117662289374002723988	(7,13)
-0.002591463374778426425063258	(7,14)
-0.002407551746285534892805085	(7,15)
-0.002206376631944843019612443	(7,16)
-0.001991880851734124012630694	(7,17)
-0.001768742543239159632151862	(7,18)
-0.00154210417925810376888823	(7,19)
-0.001317270542406920130067683	(7,20)
-0.001099406114836340058951832	(7,21)
-0.000893262698688709491423926	(7,22)
-0.000702964394347522928259482	(7,23)
-0.0005318696933296744834845762	(7,24)
-0.000382520325543707065191788	(7,25)
-0.0002566750160436902801364531	(7,26)
-0.0001554150780373076979028003	(7,27)
-0.0000792994204167597212898103	(7,28)
-0.0000285404538805123014053536	(7,29)
-3.1704506156990152674398e-6	(7,30)
-0.004403036322826079996121805	(8,1)
-0.00440282420467874759561251	(8,2)
-0.004401393909057958753031662	(8,3)
-0.004396789442038265555124166	(8,4)
-0.004386217069755445570457731	(8,5)
-0.004366212746244525872941333	(8,6)
-0.004332861888250172276404288	(8,7)
-0.004282065089852248640462542	(8,8)
-0.004209838590926721360371114	(8,9)
-0.004112632903009467952331433	(8,10)
-0.003987647899127627123282083	(8,11)
-0.003833118986558671962847639	(8,12)
-0.00364854773719317909620374	(8,13)
-0.003434852302433903825226636	(8,14)
-0.003194418378526485406316681	(8,15)
-0.002931040132207789575964173	(8,16)
-0.002649751481973593272901964	(8,17)
-0.002356560107962011673766668	(8,18)
-0.002058107889781583901874228	(8,19)
-0.001761290464311355035382976	(8,20)
-0.001472873811452859351934402	(8,21)
-0.001199146262486059648055654	(8,22)
-0.000945639801241233553134772	(8,23)
-0.0007169454571606322334421656	(8,24)
-0.0005166351375406490483331299	(8,25)
-0.0003472881217165106691973664	(8,26)
-0.0002106066420019235968423967	(8,27)
-0.0001075934942921964669532155	(8,28)
-0.0000387571309073784757981529	(8,29)
-4.3072924788537940535728e-6	(8,30)
-0.005585776675214236224009563	(9,1)
-0.005585513558529388391187462	(9,2)
-0.005583739374985965490510769	(9,3)
-0.00557802774457153030996221	(9,4)
-0.005564912593189526575390636	(9,5)
-0.005540094672046522518342165	(9,6)
-0.005498711871223846557947315	(9,7)
-0.005435665124530149037266105	(9,8)
-0.005345986085631982918241457	(9,9)
-0.005225226458768278410573121	(9,10)
-0.005069842979994551249104033	(9,11)
-0.004877547827911215146971983	(9,12)
-0.004647592884127663099736947	(9,13)
-0.004380958625490803810612406	(9,14)
-0.004080424837859189960971532	(9,15)
-0.003750510458173422917649923	(9,16)
-0.003397282668327026173568001	(9,17)
-0.003028049312667846873059304	(9,18)
-0.002650961887936444658790402	(9,19)
-0.002274566820991739661472528	(9,20)
-0.001907348852506563500692328	(9,21)
-0.001557311004829771209399809	(9,22)
-0.001231630527041780875781024	(9,23)
-0.0009364199335132543546716979	(9,24)
-0.0006766081337377573510667739	(9,25)
-0.0004559406460532674105250884	(9,26)
-0.0002770822663341050465375369	(9,27)
-0.0001417925670999963597234414	(9,28)
-0.0000511361066074277055479708	(9,29)
-5.6864523717288720522307e-6	(9,30)
-0.006851237201605183167692769	(10,1)
-0.006850924678510158893271523	(10,2)
-0.006848817334279401835368627	(10,3)
-0.006842032975196136984870572	(10,4)
-0.006826453539207774213982079	(10,5)
-0.006796968357517325088267644	(10,6)
-0.006747791195012025843101002	(10,7)
-0.006672840880238416203637572	(10,8)
-0.006566169209675824743083989	(10,9)
-0.006422413060326030011397241	(10,10)
-0.006237241415581591028933423	(10,11)
-0.006007763626036563526250424	(10,12)
-0.005732863933246361098704248	(10,13)
-0.005413429977431049690837382	(10,14)
-0.005052450016686653538407758	(10,15)
-0.004654964529984844592387028	(10,16)
-0.004227871672322799428730605	(10,17)
-0.003779601024113606897782813	(10,18)
-0.003319684209636606999130528	(10,19)
-0.002858262207531554195481268	(10,20)
-0.002405575813130972723341211	(10,21)
-0.001971486629130383245477644	(10,22)
-0.001565070872230008644469918	(10,23)
-0.0011943177979063161527204987	(10,24)
-0.0008659500904296982078559615	(10,25)
-0.0005853671751872087988399398	(10,26)
-0.0003566964190545005274927079	(10,27)
-0.0001829238709076101533057214	(10,28)
-0.0000660674401184274883154085	(10,29)
-7.3524228419318363598473e-6	(10,30)
-0.008155577952604428167686118	(11,1)
-0.008155222263251551325550062	(11,2)
-0.008152823822942190757882764	(11,3)
-0.008145102006506927021363685	(11,4)
-0.008127368046652507077650973	(11,5)
-0.008093798511488559478649084	(11,6)
-0.008037789439041029508812845	(11,7)
-0.007952378793446051001842575	(11,8)
-0.00783071884529636669594518	(11,9)
-0.007666573609109527291011354	(11,10)
-0.007454810653145682309778402	(11,11)
-0.007191852646539298262627643	(11,12)
-0.006876053061344766640409058	(11,13)
-0.006507963311018956201720001	(11,14)
-0.006090465556332439577279997	(11,15)
-0.005628756062947774328398817	(11,16)
-0.005130177309107357225143068	(11,17)
-0.00460391143476830524325944	(11,18)
-0.004060561205777159178601559	(11,19)
-0.003511655545498972423384208	(11,20)
-0.002969123284532023218365386	(11,21)
-0.002444780109425429856075221	(11,22)
-0.001949869533427948413006179	(11,23)
-0.0014946896603735552492191348	(11,24)
-0.0010883248854137171507252527	(11,25)
-0.0007384873079156055766963995	(11,26)
-0.0004514585853872685313890755	(11,27)
-0.0002321112088515214148108838	(11,28)
-0.0000839803278366370886132281	(11,29)
-9.3542939202497142576911e-6	(11,30)
-0.00944210088330933983049016	(12,1)
-0.009441713907169168852571118	(12,2)
-0.00943910445632654249089931	(12,3)
-0.009430702798788807114228112	(12,4)
-0.00941140468333264746869322	(12,5)
-0.00937486346280626465622445	(12,6)
-0.009313864675340746724471071	(12,7)
-0.00922076848671436149609095	(12,8)
-0.009088000261441464023806814	(12,9)
-0.008908564438302590538913366	(12,10)
-0.008676552594369601178573956	(12,11)
-0.008387613942562216124219117	(12,12)
-0.008039356303899140669011707	(12,13)
-0.007631648364219735104663561	(12,14)
-0.00716679991059467219751724	(12,15)
-0.00664960541081592047681838	(12,16)
-0.006087246939627044540747452	(12,17)
-0.005489063877496043588204058	(12,18)
-0.0048662076206166438195372	(12,19)
-0.004231208380272028277012565	(12,20)
-0.003597486910296969398868199	(12,21)
-0.002978846024972110843466719	(12,22)
-0.002388974952433571276894193	(12,23)
-0.0018409943668252698673591148	(12,24)
-0.001347062279306313276477939	(12,25)
-0.0009180520655519623119157463	(12,26)
-0.0005633050788633778841382818	(12,27)
-0.0002904527433397024193872579	(12,28)
-0.0001052976599920884414231624	(12,29)
-0.000011740621460281953133353	(12,30)
-0.01064309144923469731273749	(13,1)
-0.01064269140413950652487834	(13,2)
-0.010639993762465455049017155	(13,3)
-0.010631307393574639557003673	(13,4)
-0.010611350901468238343510263	(13,5)
-0.010573546179365442334664104	(13,6)
-0.010510388955805313507327422	(13,7)
-0.010413879415611973066647687	(13,8)
-0.010275992954513814767693537	(13,9)
-0.010089168908194113047507887	(13,10)
-0.009846793845042883135931534	(13,11)
-0.009543655867473763293011925	(13,12)
-0.009176347424571197075054394	(13,13)
-0.00874359641713936172497109	(13,14)
-0.008246508787950717782713031	(13,15)
-0.0076887101304022771321938	(13,16)
-0.007076378807361166928160417	(13,17)
-0.006418168271783996496797876	(13,18)
-0.005725021338816584975977954	(13,19)
-0.005009883753351329972593547	(13,20)
-0.004287328319809089497593133	(13,21)
-0.003573104042695568256854633	(13,22)
-0.002883627220079016814088076	(13,23)
-0.0022354333608223854749812296	(13,24)
-0.001644610281374861929750104	(13,25)
-0.0011262338285696910645350284	(13,26)
-0.0006938283058317339747525435	(13,27)
-0.0003588736717203312020372486	(13,28)
-0.0001303806842900283750715643	(13,29)
-0.0000145531477004092331059518	(13,30)
-0.011683877512017594199291843	(14,1)
-0.011683489185868566899529931	(14,2)
-0.011680870469616206178781349	(14,3)
-0.011672437062489124718549045	(14,4)
-0.011653054933358531442384291	(14,5)
-0.011616312266722696804829445	(14,6)
-0.011554853422033132346571907	(14,7)
-0.011460755678461343086751193	(14,8)
-0.011325930138032293780276145	(14,9)
-0.011142530721053680142098345	(14,10)
-0.010903358897570396750898793	(14,11)
-0.010602255639746284528369056	(14,12)
-0.010234475032377817920819232	(14,13)
-0.0097970352249471302864383	(14,14)
-0.009289041506157358704596793	(14,15)
-0.008711973270445953622416538	(14,16)
-0.00806992207208257682940036	(14,17)
-0.007369762815105050584103076	(14,18)
-0.006621235691500911401710743	(14,19)
-0.005836914127204718801641738	(14,20)
-0.005032034940275911465482567	(14,21)
-0.004224171974799322584276571	(14,22)
-0.003432743867590304307373118	(14,23)
-0.0026783598368179693397950663	(14,24)
-0.0019820232305733908565739149	(14,25)
-0.0013642292056266421756149584	(14,26)
-0.000844008108347650681128454	(14,27)
-0.0004379776287134799299024975	(14,28)
-0.0001594726270633492970783063	(14,29)
-0.0000178203727212899646493879	(14,30)
-0.012488703045995031587624534	(15,1)
-0.012488357446115956842831519	(15,2)
-0.012486026704166364489642048	(15,3)
-0.012478518870652060712340523	(15,4)
-0.012461253374986691530214592	(15,5)
-0.012428482834463752418509122	(15,6)
-0.012373550288428532211693593	(15,7)
-0.012289160399646364101855561	(15,8)
-0.012167649214287252328078474	(15,9)
-0.012001246699742551550473135	(15,10)
-0.011782337250799446701426705	(15,11)
-0.011503732954354541815544601	(15,12)
-0.011158979976895435198489891	(15,13)
-0.010742717954493254876047716	(15,14)
-0.010251104780770220501574679	(15,15)
-0.009682305141204461731550645	(15,16)
-0.009037022385848677383399175	(15,17)
-0.008319032907692050216521338	(15,18)
-0.007535663859656095638565455	(15,19)
-0.006698142644967606202513522	(15,20)
-0.00582174339641284931110919	(15,21)
-0.004925663636891296607331683	(15,22)
-0.004032583832613491719750239	(15,23)
-0.003167892102719660736411738	(15,24)
-0.0023585926917231335795546583	(15,25)
-0.0016319553773619577342272135	(15,26)
-0.001013998529692778830799748	(15,27)
-0.0005279259079062075310313782	(15,28)
-0.0001926522146996062156369787	(15,29)
-0.0000215522194118296189600048	(15,30)
-0.012987499598612317152903254	(16,1)
-0.012987233002551638418117233	(16,2)
-0.012985434816928806613674303	(16,3)
-0.012979639516542372713192293	(16,4)
-0.012966295236589041266329001	(16,5)
-0.012940902292364797013377716	(16,6)
-0.012898147176108532619116263	(16,7)
-0.012832008495634915591055143	(16,8)
-0.012735824900202908769599831	(16,9)
-0.012602334342119327543524222	(16,10)
-0.012423714871075992555748411	(16,11)
-0.012191674518083894824497907	(16,12)
-0.011897646812530814918334967	(16,13)
-0.011533145405483807265310557	(16,14)
-0.011090314549377863210419075	(16,15)
-0.010562682836196699328139249	(16,16)
-0.009946089324777393576873876	(16,17)
-0.009239709895773234369006509	(16,18)
-0.00844707453108259974620541	(16,19)
-0.007576940428923173908794597	(16,20)
-0.006643877368189483216129434	(16,21)
-0.005668434046526990207811125	(16,22)
-0.004676787591911459197539321	(16,23)
-0.0036998300549623995952969266	(16,24)
-0.0027717093530214646158276719	(16,25)
-0.0019279095928601644356347439	(16,26)
-0.0012030177101247562880889431	(16,27)
-0.0006283710971397894901404238	(16,28)
-0.0002298072333905792792522165	(16,29)
-0.0000257369505072787540246725	(16,30)
-0.013122329487945467349655852	(17,1)
-0.013122181992541858862822937	(17,2)
-0.013121186696076618342039646	(17,3)
-0.013117973758477844255403222	(17,4)
-0.013110545394345153557251615	(17,5)
-0.013096294629518196928508139	(17,6)
-0.013071964989332395079624496	(17,7)
-0.013033525722742072457187299	(17,8)
-0.012975960548514451021605693	(17,9)
-0.01289299972676979110654463	(17,10)
-0.012776858824121646906830882	(17,11)
-0.012618074816760939591628285	(17,12)
-0.012405543390230102236494919	(17,13)
-0.012126854636589779447965173	(17,14)
-0.011768995409605200423362042	(17,15)
-0.011319437228748625053290207	(17,16)
-0.010767564996356927233309723	(17,17)
-0.010106333592168946504795338	(17,18)
-0.009333978261373139365765677	(17,19)
-0.008455562142431075145907534	(17,20)
-0.007484129590409056785966705	(17,21)
-0.006441252423925521975551347	(17,22)
-0.005356808015643443657764191	(17,23)
-0.004267908068563211836675812	(17,24)
-0.0032169951397302214612125451	(17,25)
-0.0022492274853325872326685827	(17,26)
-0.0014093674010892816687641777	(17,27)
-0.0007384606334010157709373721	(17,28)
-0.0002706342069986939893075714	(17,29)
-0.0000303410415664502242049092	(17,30)
-0.012852307641022669951194382	(18,1)
-0.012852321400743932754284242	(18,2)
-0.012852413199679384428865317	(18,3)
-0.012852697104385988493605148	(18,4)
-0.012853281808022495752511304	(18,5)
-0.012854131394920352634798495	(18,6)
-0.01285479726414343335148668	(18,7)
-0.012853994223446502945712554	(18,8)
-0.012849029319841556059472217	(18,9)
-0.012835139267026794595479105	(18,10)
-0.012804841567027808643682115	(18,11)
-0.012747443840272461907165335	(18,12)
-0.012648874117315755527187933	(18,13)
-0.012491983469144814172231168	(18,14)
-0.012257427982656959238695402	(18,15)
-0.011925162674600284603469232	(18,16)
-0.011476484819478237377232806	(18,17)
-0.01089646280963260876460062	(18,18)
-0.010176496264437763602798879	(18,19)
-0.009316690502117937252458662	(18,20)
-0.008327707013536677986951105	(18,21)
-0.007231778465909424423322885	(18,22)
-0.0060626516515819411946419156	(18,23)
-0.0048643365874144942504846897	(18,24)
-0.0036886800583149344770275804	(18,25)
-0.0025919284655922201806739338	(18,26)
-0.0016305777694670580670899833	(18,27)
-0.0008569091925930740968557733	(18,28)
-0.0003146640832584704778863487	(18,29)
-0.0000353120136570450420793313	(18,30)
-0.012156189973542112849588496	(19,1)
-0.012156407366435210117416835	(19,2)
-0.012157871974872159046638304	(19,3)
-0.012162572058902907790921271	(19,4)
-0.012173278155152594166986462	(19,5)
-0.012193207482962318969528665	(19,6)
-0.012225474498887710310140408	(19,7)
-0.012272299319319666727415133	(19,8)
-0.01233399584591949512179766	(19,9)
-0.0124078271802609543007047	(19,10)
-0.012486883787981742774698651	(19,11)
-0.012559193638413493024859743	(19,12)
-0.01260729754704109026034272	(19,13)
-0.012608505614803666312559686	(19,14)
-0.012535987500716461441098569	(19,15)
-0.012360744644523550165357412	(19,16)
-0.012054379728338347641532506	(19,17)
-0.011592437937923376546490765	(19,18)
-0.010957969873444834262155998	(19,19)
-0.010144880414266035180106432	(19,20)
-0.009160599428535008996695567	(19,21)
-0.008027648203756426228560227	(19,22)
-0.0067837785301931497355984536	(19,23)
-0.005480517634401061502024118	(19,24)
-0.0041801411844002214132869385	(19,25)
-0.0029512926772191693283774486	(19,26)
-0.0018636437910110574930122871	(19,27)
-0.000982122672463049740854793	(19,28)
-0.0003613077093085229715004741	(19,29)
-0.0000405835340589204483255152	(19,30)
-0.011032404686119055951601409	(20,1)
-0.011032866635238699172038113	(20,2)
-0.011035979957743184464481629	(20,3)
-0.011045983994976369914342943	(20,4)
-0.011068847429598137132368492	(20,5)
-0.011111699295553311176039906	(20,6)
-0.011181946429987101175849457	(20,7)
-0.011286048110620806096071409	(20,8)
-0.011427985625244695463084928	(20,9)
-0.011607551635026355474504112	(20,10)
-0.011818673584567071614193126	(20,11)
-0.012048055643786638708101536	(20,12)
-0.012274454074212415084626195	(20,13)
-0.012468876293712159463819456	(20,14)
-0.012595908548980135008591474	(20,15)
-0.012616237115623092237821628	(20,16)
-0.01249025129637151310327383	(20,17)
-0.012182430424849676008115029	(20,18)
-0.011666053404816173902504809	(20,19)
-0.010927658427036215834229889	(20,20)
-0.009970645521620174460443363	(20,21)
-0.008817466782313113501461948	(20,22)
-0.0075099855713074175602246611	(20,23)
-0.0061077901974532790717548297	(20,24)
-0.0046844920588318684074914885	(20,25)
-0.0033222894805374953994509943	(20,26)
-0.0021053020975420858376579695	(20,27)
-0.0011123465786202330782706189	(20,28)
-0.0004099110332604421525979027	(20,29)
-0.0000460816512009561297904642	(20,30)
-0.009496880631155905723692957	(21,1)
-0.009497625250874616797827844	(21,2)
-0.009502644255409403879682819	(21,3)
-0.009518779083268368160766788	(21,4)
-0.009555696030119011700007397	(21,5)
-0.009625049320745779849993007	(21,6)
-0.009739217193872183628880705	(21,7)
-0.009909581078134626926382822	(21,8)
-0.010144404041378501269977144	(21,9)
-0.010446475935325168494988797	(21,10)
-0.010810806292973588103728864	(21,11)
-0.011222734706786399641523554	(21,12)
-0.01165686575215384385540437	(21,13)
-0.012077202212517026404174733	(21,14)
-0.012438739367144455314442827	(21,15)
-0.012690602685935671429763189	(21,16)
-0.012780584944324661930985317	(21,17)
-0.012660701825144186969480431	(21,18)
-0.012293178333931687146628194	(21,19)
-0.011656140360115342620762907	(21,20)
-0.010748245124371357348783905	(21,21)
-0.0095915541242069092521344576	(21,22)
-0.0082321274025127371597414113	(21,23)
-0.0067380761740602723185890173	(21,24)
-0.0051951166038412529606807389	(21,25)
-0.0036999784803379068032628967	(21,26)
-0.0023522962859161626495933078	(21,27)
-0.0012458105843202556202312837	(21,28)
-0.000459809444202385187027733	(21,29)
-0.00005173096325604175256634	(21,30)
-0.007579408799893002699435504	(22,1)
-0.007580470453968590656250203	(22,2)
-0.007587626820912699027282208	(22,3)
-0.007610637899699272817978858	(22,4)
-0.00766331785370497917066932	(22,5)
-0.007762398893960464823000429	(22,6)
-0.007925842280060096825525745	(22,7)
-0.008170566142170106276938467	(22,8)
-0.008509667094967631956229391	(22,9)
-0.008949350554717123795855101	(22,10)
-0.009485925081118926465340191	(22,11)
-0.010103324967157132342936714	(22,12)
-0.010771669949541933575821599	(22,13)
-0.01144732743929687850406235	(22,14)
-0.0120748026526266543612817	(22,15)
-0.01259055629032777383609255	(22,16)
-0.012928567881964162539107706	(22,17)
-0.013027170056501703392256764	(22,18)
-0.012836425771335344041011976	(22,19)
-0.012325154392743425885066536	(22,20)
-0.011486667924038887119257877	(22,21)
-0.010342370136020222483799299	(22,22)
-0.0089425906372904438852928513	(22,23)
-0.0073643438074809184890000734	(22,24)
-0.0057060744236565431094557567	(22,25)
-0.0040798258102179456849262075	(22,26)
-0.0026015917035972775689687218	(22,27)
-0.0013808476227862877920752422	(22,28)
-0.0005103730228377309928993079	(22,29)
-0.0000574597813454100638408245	(22,30)
-0.005319384791732958794344089	(23,1)
-0.005320793569578779535065135	(23,2)
-0.005330290160328644126914156	(23,3)
-0.005360830205611422000139444	(23,4)
-0.005430769886176334549781877	(23,5)
-0.005562403079394627509577412	(23,6)
-0.005779808668203714530075531	(23,7)
-0.006105977587086621971966916	(23,8)
-0.006559319521524701832182427	(23,9)
-0.007149816192623797229437418	(23,10)
-0.007875257663651152416808708	(23,11)
-0.008718128836362280584897145	(23,12)
-0.009643765502583399321366592	(23,13)
-0.010600344129623734794221198	(23,14)
-0.011521097159757002582479591	(23,15)
-0.012328869861124891280631656	(23,16)
-0.012942792896771750350042768	(23,17)
-0.01328649156656750339970225	(23,18)
-0.013296950259057453930072354	(23,19)
-0.012932956103444133568408752	(23,20)
-0.0121819994813919408100796478	(23,21)
-0.0110646263831857002354227205	(23,22)
-0.0096355062376666550670317008	(23,23)
-0.0079808615266025846052626208	(23,24)
-0.0062123474572629759482258993	(23,25)
-0.0044579090734693303022769482	(23,26)
-0.0028505202389596799494200231	(23,27)
-0.0015159762097840217906643059	(23,28)
-0.0005610382925145388038646569	(23,29)
-0.0000632037779067622580426909	(23,30)
-0.002761663297152082030584277	(24,1)
-0.0027634448548357429617043	(24,2)
-0.002775454639491388207685272	(24,3)
-0.002814080167928948268620825	(24,4)
-0.002902555575400034348000505	(24,5)
-0.003069148325940860496692154	(24,6)
-0.003344509448697535810327829	(24,7)
-0.003758156982873633078199136	(24,8)
-0.004334217449401601217107372	(24,9)
-0.005086748436409897660486054	(24,10)
-0.006015166098373982672909981	(24,11)
-0.007100455336504055177751784	(24,12)
-0.00830290025711692460189689	(24,13)
-0.009562003972841674432960543	(24,14)
-0.010799058706299423811490859	(24,15)
-0.011922496889220642146795908	(24,16)
-0.012835746982006221746979314	(24,17)
-0.013446900305046031033639303	(24,18)
-0.013679141613772510756742291	(24,19)
-0.0134806737249683707315665136	(24,20)
-0.0128328213852345235630595724	(24,21)
-0.0117551474234039486653061151	(24,22)
-0.0103067374660313382379399463	(24,23)
-0.0085832615329071654234211056	(24,24)
-0.0067099357518166823935232854	(24,25)
-0.0048310124110002210157652956	(24,26)
-0.0030968540586905540384397192	(24,27)
-0.0016499446673794469263279297	(24,28)
-0.0006113257948269610208207777	(24,29)
-0.0000689080339021382637977605	(24,30)
0.000046984812828205208164069	(25,1)
0.000044809132864500300389958	(25,2)
0.000030142268571311535241144	(25,3)
-0.000017031654484518600801771	(25,4)
-0.000125104002601569410023222	(25,5)
-0.000328657852965452408030151	(25,6)
-0.000665292793617792854256627	(25,7)
-0.001171428252022584184200474	(25,8)
-0.001877236838051610929875235	(25,9)
-0.002801090713102675245980299	(25,10)
-0.003944137843895795045179906	(25,11)
-0.005285803431992195007977232	(25,12)
-0.00678107920395695418986833	(25,13)
-0.008360379644658450725848283	(25,14)
-0.009932497119103003150421948	(25,15)
-0.011390798677778033500302648	(25,16)
-0.01262233086677425196972916	(25,17)
-0.013519013907305788810664551	(25,18)
-0.013989700686582549343300314	(25,19)
-0.0139716270160869997036773296	(25,20)
-0.0134397393274074751592878567	(25,21)
-0.0124125693806715324415361198	(25,22)
-0.0109537085476521180225292053	(25,23)
-0.0091684596231067141217683787	(25,24)
-0.0071958339147782445198090848	(25,25)
-0.0051966317375527125899660942	(25,26)
-0.0033388198402821633085057862	(25,27)
-0.0017817429045106666795974841	(25,28)
-0.0006608454663071799914760577	(25,29)
-0.0000745277010764691559168735	(25,30)
0.003060580142657435207181656	(26,1)
0.003057993007004406997410158	(26,2)
0.003040552208269657274966491	(26,3)
0.002984453978564170245126253	(26,4)
0.002855923122598385666961243	(26,5)
0.002613783949820180884540379	(26,6)
0.002213184676797982962247641	(26,7)
0.00161050496756797458778455	(26,8)
0.000769266861916032576230848	(26,9)
-0.000333397296183514914340358	(26,10)
-0.001700435064607157650880755	(26,11)
-0.003309641344109284262016697	(26,12)
-0.005110496900922961898716337	(26,13)
-0.007023971312071674343585046	(26,14)
-0.008945894154782252490016018	(26,15)
-0.010754045980833735545361819	(26,16)
-0.012318570536957129508972563	(26,17)
-0.013514754436217871533603864	(26,18)
-0.0142367616776047549006094859	(26,19)
-0.0144106369392161977904390464	(26,20)
-0.0140048603777179816459157425	(26,21)
-0.0130369610020097915852692878	(26,22)
-0.0115751434991719027193126738	(26,23)
-0.0097344855794384122513189511	(26,24)
-0.007667928548577205599290577	(26,25)
-0.0055529179474374626440963188	(26,26)
-0.0035750707308607619125622835	(26,27)
-0.0019105907088887888383587614	(26,28)
-0.0007092930798429089829972273	(26,29)
-0.0000800276441454745492264519	(26,30)
0.00623578092173849897109022	(27,1)
0.006232768601221621844850253	(27,2)
0.006212461315041820567257838	(27,3)
0.006147141085034044288043538	(27,4)
0.005997469665248472166128916	(27,5)
0.005715460271817882697816637	(27,6)
0.005248770877218589082059372	(27,7)
0.004546348279406524777048309	(27,8)
0.003565213480086563543217694	(27,9)
0.002277875421294168282889379	(27,10)
0.000679554848566309292004354	(27,11)
-0.0012058303595882135079861	(27,12)
-0.003322048803143601569647154	(27,13)
-0.005580319161820681237072983	(27,14)
-0.00786312952945017324032836	(27,15)
-0.010032268642890165319158792	(27,16)
-0.011940597645351665823926305	(27,17)
-0.0134464631723216622724250809	(27,18)
-0.0144291409916637418292761127	(27,19)
-0.0148034042660028648430155504	(27,20)
-0.0145312932753405746481594509	(27,21)
-0.0136294343956690456197536301	(27,22)
-0.0121707737361407687264768449	(27,23)
-0.0102802727276734916236323221	(27,24)
-0.0081248545242245031263796674	(27,25)
-0.0058985852660773480894091153	(27,26)
-0.0038046334134361113047092771	(27,27)
-0.002035911794841533921679633	(27,28)
-0.0007564411722333824002862203	(27,29)
-0.0000853814483563155297341266	(27,30)
0.009532971014715568050184834	(28,1)
0.009529522946215992979977799	(28,2)
0.009506277967116624263517277	(28,3)
0.009431506754980911091864143	(28,4)
0.009260170421439271324922861	(28,5)
0.008937304062775296955440165	(28,6)
0.008402895099945453728529134	(28,7)
0.00759828513233452048069629	(28,8)
0.006473854792761234536790323	(28,9)
0.004997409116863665044862505	(28,10)
0.003162337597507303563357903	(28,11)
0.000994365394336834961364306	(28,12)
-0.001444376096851519097628017	(28,13)
-0.004055090825674524028512128	(28,14)
-0.006706618763799756944765115	(28,15)
-0.0092444516116341863994655463	(28,16)
-0.0115039108980105161722033197	(28,17)
-0.0133262335315373963777651448	(28,18)
-0.014575746304436589865716571	(28,19)
-0.0151559974564899254493066937	(28,20)
-0.0150227155620012474888453547	(28,21)
-0.014191789544035688254140062	(28,22)
-0.0127410558715003469775052805	(28,23)
-0.0108054429646416461937327835	(28,24)
-0.0085658395869962719328944572	(28,25)
-0.006232806602346919247852888	(28,26)
-0.0040268445897017416991256224	(28,27)
-0.0021573013447189120295481909	(28,28)
-0.0008021273519755058589365032	(28,29)
-0.0000905701201419311201732177	(28,30)
0.012916752042150240699384275	(29,1)
0.012912860403940278457105127	(29,2)
0.012886625010741301620163983	(29,3)
0.012802233331926527365244277	(29,4)
0.012608844299809715047508396	(29,5)
0.012244392447626644144141918	(29,6)
0.01164106441739511138743042	(29,7)
0.010732476085787146598102092	(29,8)
0.009462277516738040703524567	(29,9)
0.007793530917033852869880539	(29,10)
0.005717823925895501091159954	(29,11)
0.00326279489195001919818062	(29,12)
0.00049665261172184356266077	(29,13)
-0.002471563588420977952722139	(29,14)
-0.00549680016098039957718461	(29,15)
-0.0084080322360576352272004817	(29,16)
-0.0110228902802540556646104881	(29,17)
-0.013165449475503358824049269	(29,18)
-0.0146851465304921813033239272	(29,19)
-0.0154744610841864676082135449	(29,20)
-0.0154830263108961572941413052	(29,21)
-0.0147262156292246111828094734	(29,22)
-0.013286923998332281862485978	(29,23)
-0.0113101101943406875088188615	(29,24)
-0.0089905568949048011069942543	(29,25)
-0.0065551109458088742560719772	(29,26)
-0.0042412869740594778807420927	(29,27)
-0.002274492594275334247450334	(29,28)
-0.0008462420849516593724936196	(29,29)
-0.0000955807195922884446758119	(29,30)
0.016356010280536881055984669	(30,1)
0.016351669610032350186521156	(30,2)
0.016322406988522819061034502	(30,3)
0.01622827656037562722384993	(30,4)
0.016012564572464274389714339	(30,5)
0.015606020930139870238664083	(30,6)
0.014932944396596374785447045	(30,7)
0.01391914925104572416747109	(30,8)
0.012501507185887635496305211	(30,9)
0.010638334623663826773948119	(30,10)
0.008319471918543635781168205	(30,11)
0.005574586639466687982475983	(30,12)
0.0024781337565853064444464999	(30,13)
-0.0008504056022228733564708545	(30,14)
-0.0042518913223717531181720758	(30,15)
-0.007538635765433596162650016	(30,16)
-0.0105105171850069007456882983	(30,17)
-0.0129744975634214888597558385	(30,18)
-0.0147652842300877390870170767	(30,19)
-0.0157645375195175133098886933	(30,20)
-0.0159160857871858279924839924	(30,21)
-0.0152350564457969769887932074	(30,22)
-0.0138095870711376680449664522	(30,23)
-0.0117947138203815644778043806	(30,24)
-0.0093989963297689323957338773	(30,25)
-0.0068652915846179881920960813	(30,26)
-0.0044477308954714427476386505	(30,27)
-0.0023873258904231448426899848	(30,28)
-0.0008887172714572253934792512	(30,29)
-0.0001004050751809314279212837	(30,30)
0.0198237087595384584454781058	(31,1)
0.0198189156281175466049980345	(31,2)
0.0197866026784194817166693054	(31,3)
0.0196826593619653513802938951	(31,4)
0.0194444554845589388626733324	(31,5)
0.0189955053362321211114623883	(31,6)
0.0182521698548017063206767367	(31,7)
0.0171324242767605808401470853	(31,8)
0.0155663505486623711978359583	(31,9)
0.0135075471513670873784814127	(31,10)
0.0109441831014595052355920106	(31,11)
0.0079080795082680446681377881	(31,12)
0.0044800983132379199665937801	(31,13)
0.0007903345381446418199931533	(31,14)
-0.0029878376474499439347614111	(31,15)
-0.0066499849625563207351527719	(31,16)
-0.0099782496756368171807415627	(31,17)
-0.0127626145152456101889588639	(31,18)
-0.0148233037884299992211616823	(31,19)
-0.0160314850887299892800319239	(31,20)
-0.0163255332768938515557570769	(31,21)
-0.0157206371590533773116243001	(31,22)
-0.0143103726912376096577525876	(31,23)
-0.0122598858479917476748941298	(31,24)
-0.0097913588859811639682110899	(31,25)
-0.0071633291018038539338184219	(31,26)
-0.0046460844615281326627283686	(31,27)
-0.0024957219555181867125077525	(31,28)
-0.0009295162955274110123240131	(31,29)
-0.0001050386596331436288033869	(31,30)
0.0232965230430395544884991192	(32,1)
0.0232912757923754084916774979	(32,2)
0.0232559013509912556315575291	(32,3)
0.0231421094265166377413382282	(32,4)
0.0228813329011800605014522453	(32,5)
0.0223898282172340671299098695	(32,6)
0.0215760007851428250181301627	(32,7)
0.0203499825992788394112787257	(32,8)
0.0186350858148464454418259765	(32,9)
0.016380244999058140416130909	(32,10)
0.0135720514758314874701720715	(32,11)
0.0102446102316739371450611167	(32,12)
0.006485342633292836574308578	(32,13)
0.0024351052610351736074498432	(32,14)
-0.0017183869747830356035297515	(32,15)
-0.0057539278982565653052969846	(32,16)
-0.0094360068550155730360945757	(32,17)
-0.012537833791849316585634309	(32,18)
-0.0148654676931523696795032199	(32,19)
-0.016279972849666407889766746	(32,20)
-0.0167146698232771679331692294	(32,21)
-0.016185144408273138430885534	(32,22)
-0.0147906132012926337453939151	(32,23)
-0.0127063501339614663162526243	(32,24)
-0.0101679742063702835020560514	(32,25)
-0.0074493298837326679596353435	(32,26)
-0.0048363530890352459850995915	(32,27)
-0.0025996599152432506069460001	(32,28)
-0.0009686257838991780241138948	(32,29)
-0.000109479655404841996331434	(32,30)
0.026754406272288448410707445	(33,1)
0.0267487048100025192470379473	(33,2)
0.0267102682717713302549103492	(33,3)
0.026586626000787138973458908	(33,4)
0.0263032740438769140613656286	(33,5)
0.0257692141415498614340788991	(33,6)
0.0248849068444412487403118322	(33,7)
0.0235526657806857935452167325	(33,8)
0.0216890803625176744130044219	(33,9)
0.0192384974255238627291092342	(33,10)
0.0161860384349757540435195501	(33,11)
0.0125682260090899789966356633	(33,12)
0.008479183814562676395917206	(33,13)
0.0040706538499956242828991549	(33,14)
-0.0004552393996303933578797987	(33,15)
-0.0048605396171308427264961806	(33,16)
-0.0088922247631275937575568959	(33,17)
-0.0123070002007186594574820755	(33,18)
-0.0148971361438186855729788321	(33,19)
-0.0165140328937011294726933189	(33,20)
-0.0170863917569971680849364879	(33,21)
-0.0166305498219880653663294335	(33,22)
-0.0152515674998666297863792024	(33,23)
-0.0131348497201698118387270442	(33,24)
-0.0105292389782244571792781275	(33,25)
-0.0077234789995708201265042965	(33,26)
-0.0050186079177170730249080012	(33,27)
-0.0026991599285195786704649103	(33,28)
-0.0010060490379250156471361891	(33,29)
-0.0001137282069266523091170223	(33,30)
0.0301801405818261783876354527	(34,1)
0.0301739862304054070421753949	(34,2)
0.0301324965295413235281103012	(34,3)
0.0299990328718735692606093309	(34,4)
0.0296931731214856621946622289	(34,5)
0.0291166903161714173684472365	(34,6)
0.0281621362411698216500582019	(34,7)
0.0267240568582582590721212648	(34,8)
0.0247123895388976922165086688	(34,9)
0.0220669882448801974144042641	(34,10)
0.0187716233019580608234914392	(34,11)
0.0148653693091147814228364873	(34,12)
0.0104491836044698853979055551	(34,13)
0.0056857931474927399376619047	(34,14)
0.0007917644205868996520149906	(34,15)
-0.0039782650306998681464596534	(34,16)
-0.00835395532253186424894965	(34,17)
-0.0120758282103444570494974199	(34,18)
-0.0149227897240867123576590973	(34,19)
-0.0167370537255040706741157179	(34,20)
-0.0174431620700997182477169643	(34,21)
-0.0170585670945353753105120145	(34,22)
-0.0156943713741020136385366023	(34,23)
-0.0135460972246613152887991384	(34,24)
-0.0108755728738188432765923216	(34,25)
-0.0079860054157330685258804142	(34,26)
-0.0051929619756491867042072559	(34,27)
-0.0027942698843165681229212748	(34,28)
-0.0010418009565846282942319651	(34,29)
-0.0001177858400307544463493956	(34,30)
0.0335589098409659756080277045	(35,1)
0.0335523052320054610049747946	(35,2)
0.0335077801287067590522842563	(35,3)
0.0333645524426360625569908659	(35,4)
0.0330363176589559147572332202	(35,5)
0.0324176671648228759681631041	(35,6)
0.031393303356173141171871616	(35,7)
0.0298500785918024407795488568	(35,8)
0.0276913698110493118118123063	(35,9)
0.0248526486560347303346596918	(35,10)
0.0213164608301323149219055735	(35,11)
0.0171245649034040975352493236	(35,12)
0.0123848693220787018897066855	(35,13)
0.0072711598462989394534817962	(35,14)
0.0020144412196872676166630964	(35,15)
-0.0031140804295152204713009071	(35,16)
-0.0078269879926738520180656826	(35,17)
-0.0118489859911177619149133082	(35,18)
-0.0149460795488863692109993746	(35,19)
-0.0169518015106521721313254778	(35,20)
-0.0177870087265912250762286302	(35,21)
-0.0174706338863341002955465753	(35,22)
-0.0161200095956787568062164343	(35,23)
-0.0139407432869856032796183348	(35,24)
-0.0112073885222261633049780454	(35,25)
-0.0082371572466660024323995415	(35,26)
-0.00535955273836950998594588	(35,27)
-0.0028850554871711718080066078	(35,28)
-0.0010759042103964860276112863	(35,29)
-0.0001216550221061952293617089	(35,30)
0.0368779127111861946006273143	(36,1)
0.036870861716451536856028302	(36,2)
0.0368233273317423508355740284	(36,3)
0.0366704198727981720830493696	(36,4)
0.0363200044695623106938567565	(36,5)
0.035659557754650449364965387	(36,6)
0.034566013898981171296899197	(36,7)
0.0329186272761110982479524041	(36,8)
0.0306143247408273358182284124	(36,9)
0.0275843193205116304657915239	(36,10)
0.0238100635446045267855639102	(36,11)
0.0193361265882594727690617464	(36,12)
0.0142774687416640100917977027	(36,13)
0.0088189806954727764209012751	(36,14)
0.0032060649342856597916270003	(36,15)
-0.0022736588640408241213974339	(36,16)
-0.0073159803611428536952658284	(36,17)
-0.0116301925205291149750277695	(36,18)
-0.014969893458642672762392487	(36,19)
-0.0171604591027458536725669309	(36,20)
-0.0181195412338814252399748121	(36,21)
-0.0178679113136680885503737648	(36,22)
-0.0165293039646911392090535489	(36,23)
-0.0143193585954520383116421501	(36,24)
-0.0115250722585230609845364771	(36,25)
-0.0084771848424537490773888261	(36,26)
-0.0055185297444993874273326596	(36,27)
-0.0029715930479517018857309534	(36,28)
-0.0011083864201318837259634487	(36,29)
-0.0001253388356445936396621684	(36,30)
0.0401260242459907219534442319	(37,1)
0.040118531937034481898801472	(37,2)
0.0400680224801208133653802317	(37,3)
0.0399055455193440040994047646	(37,4)
0.0395332035160466520574722281	(37,5)
0.0388314443394336172114406556	(37,6)
0.0376695359046879116937914192	(37,7)
0.0359192504788322243050727353	(37,8)
0.0334711922206861799912154158	(37,9)
0.0302524502230553923245991338	(37,10)
0.0262435175753705229334742124	(37,11)
0.0214918923715504190944616655	(37,12)
0.0161196678384185698818978456	(37,13)
0.0103228556190690832567143755	(37,14)
0.0043611774153827326222930931	(37,15)
-0.0014615303953383651859103047	(37,16)
-0.0068245888357002318265118522	(37,17)
-0.0114223192272582326580902662	(37,18)
-0.0149964302108884332612701901	(37,19)
-0.0173646754424069976405455529	(37,20)
-0.018441978859066557101420972	(37,21)
-0.0182512953193858143870536784	(37,22)
-0.0169229125693499278238132621	(37,23)
-0.0146824257558921503114479371	(37,24)
-0.0118289728623744423621748243	(37,25)
-0.0087063297888125825370352755	(37,26)
-0.0056700460773923775126742961	(37,27)
-0.0030539643630677919194657069	(37,28)
-0.0011392781161574624009268213	(37,29)
-0.0001288407401546730948862105	(37,30)
0.0432935074656271271063154241	(38,1)
0.0432855800943861587041416153	(38,2)
0.0432321377314751522316306017	(38,3)
0.0430602271289777351467815814	(38,4)
0.042666271147873809822326848	(38,5)
0.041923793571396673077235462	(38,6)
0.0406945182309877905242335899	(38,7)
0.0388428705253967456703068854	(38,8)
0.036253275018672282960259605	(38,9)
0.032848840660954157374216422	(38,10)
0.0286092346969857222399333659	(38,11)
0.0235849912723480460022620971	(38,12)
0.0179053950223151461937242072	(38,13)
0.0117775618704122454088930661	(38,14)
0.0054754146404076238190034151	(38,15)
-0.0006812322005555763311766997	(38,16)
-0.0063555941155131164257094535	(38,17)
-0.0112274906937939912742913648	(38,18)
-0.0150272762058614041769282796	(38,19)
-0.0175656200686136906738425578	(38,20)
-0.0187551856132607469786477154	(38,21)
-0.0186214355830646358479156523	(38,22)
-0.0173013365671486964793735114	(38,23)
-0.0150303380166478177597917943	(38,24)
-0.0121193960191968429765753254	(38,25)
-0.008924818230550387820976834	(38,26)
-0.0058142527176157059599139567	(38,27)
-0.0031322531616274885055807454	(38,28)
-0.0011686112880236920981169781	(38,29)
-0.0001321644011273278834695383	(38,30)
0.046371772377686448153821238	(39,1)
0.0463634173713963278228099268	(39,2)
0.0463070921910591625615474894	(39,3)
0.0461259092804355712286833123	(39,4)
0.0457107102576074761497480509	(39,5)
0.0449282180098903451657165893	(39,6)
0.0436327543249272054788144407	(39,7)
0.0416815517136260949681166787	(39,8)
0.0389530129135521255876104548	(39,9)
0.0353664180355060630173100251	(39,10)
0.0309007397365685204610219998	(39,11)
0.0256096414716786861535297509	(39,12)
0.0196296322445845993692470158	(39,13)
0.0131788802916028214511452019	(39,14)
0.0065453501794024865465098832	(39,15)
0.0000645538564742495326194046	(39,16)
-0.0059110185117316250394815324	(39,17)
-0.0110471810856886487085255137	(39,18)
-0.0150634811808625152080141731	(39,19)
-0.0177640391268304822689032969	(39,20)
-0.0190597085172892783702740303	(39,21)
-0.0189787587710602829944184967	(39,22)
-0.0176649316987635085777695817	(39,23)
-0.0153634025524779109078959846	(39,24)
-0.0123966027320169289094189722	(39,25)
-0.009132857260680490267015945	(39,26)
-0.00595129497054415872256799	(39,27)
-0.0032065427012412295752221615	(39,28)
-0.0011964183701610833314005519	(39,29)
-0.0001353135687478865785073101	(39,30)
0.0493531778648236320054794509	(40,1)
0.0493444038295664503977747265	(40,2)
0.0492852538663322516411461031	(40,3)
0.0490949855267307444502471136	(40,4)
0.0486589728552007877785375424	(40,5)
0.0478372795175738535383590236	(40,6)
0.0464769870021095469415375211	(40,7)
0.0444283072299872606302642895	(40,8)
0.0415637927127430498450759311	(40,9)
0.037799052159831974327480242	(40,10)
0.0331124905885575445652402632	(40,11)
0.0275609776718130772052518714	(40,12)
0.0212882515289490788211538833	(40,13)
0.0145234429706409958005965187	(40,14)
0.0075683559539713280879870587	(40,15)
0.0007738769353349544475796396	(40,16)
-0.0054922337486597152195389038	(40,17)
-0.0108823044394208216917968176	(40,18)
-0.0151056306580081303648480671	(40,19)
-0.0179603104767356161171894587	(40,20)
-0.0193558167329663500271246491	(40,21)
-0.0193234938385309661928012073	(40,22)
-0.0180139224928492172933485615	(40,23)
-0.0156818465942248342339863011	(40,24)
-0.0126608103433381868814950295	(40,25)
-0.0093306334123836543235952863	(40,26)
-0.0060813103544194978489644225	(40,27)
-0.0032769141863899164457401789	(40,28)
-0.0012227315432712321235172089	(40,29)
-0.000138291992807579430663543	(40,30)
0.052230871034259690144543796	(41,1)
0.0522216877624260448085345548	(41,2)
0.0521597790467968103413904072	(41,3)
0.0519606378603760516174479431	(41,4)
0.0515042997311733305415582633	(41,5)
0.0506443293053736550658897342	(41,6)
0.0492207491490719488546956835	(41,7)
0.0470769409031242687934415705	(41,8)
0.044079791602749403247618762	(41,9)
0.0401414009445876499911311181	(41,10)
0.0352397272085395167789328007	(41,11)
0.0294349046377963385003449349	(41,12)
0.0228778745746177503723381104	(41,13)
0.0158086006596906306837195465	(41,14)
0.008542479375723715492005826	(41,15)
0.0014454059859286452822549846	(41,16)
-0.0051000588535244410246115459	(41,17)
-0.010733297908094300779898808	(41,18)
-0.01515391386647813244163612	(41,19)
-0.0181544963841617034676057081	(41,20)
-0.0196435399477981715165911151	(41,21)
-0.0196556978007958645622900117	(41,22)
-0.0183484177126303962789182785	(41,23)
-0.0159858251646670102588362144	(41,24)
-0.0129121951821935398417538279	(41,25)
-0.0095183125380835429770078241	(41,26)
-0.0062044274876836593545952472	(41,27)
-0.0033434457629867116094523627	(41,28)
-0.001247582260015100487703258	(41,29)
-0.0001411033635070542545082503	(41,30)
0.0549986585350376426074918385	(42,1)
0.0549890770128860235135460551	(42,2)
0.0549244836220454640407274487	(42,3)
0.0547167080341047567777009555	(42,4)
0.0542405917860063948347066371	(42,5)
0.0533433792879232632938425212	(42,6)
0.0518582351499891001314823916	(42,7)
0.0496219188052917083863300481	(42,8)
0.0464958491344453605051227792	(42,9)
0.0423887831450835266992230023	(42,10)
0.0372783457403068209142694659	(42,11)
0.031227973626801240803451282	(42,12)
0.0243957527508373742009769264	(42,13)
0.0170323079248931918164780538	(42,14)
0.0094663354892823287128764381	(42,15)
0.002078330821264838970015966	(42,16)
-0.0047348483251025953213550578	(42,17)
-0.0106001976847419895345271311	(42,18)
-0.0152081864966752594228646558	(42,19)
-0.0183463929082994599580425867	(42,20)
-0.0199227049917823404872630848	(42,21)
-0.0199752809238920097406705514	(42,22)
-0.0186684260521247406742229565	(42,23)
-0.0162754295521247785905356243	(42,24)
-0.0131508961341367198403295658	(42,25)
-0.0096960405581617435606637485	(42,26)
-0.0063207656385553845037778479	(42,27)
-0.0034062119076587231875541599	(42,28)
-0.0012710009273216540467951012	(42,29)
-0.0001437512704998014032193975	(42,30)
0.0576509046718765777715858478	(43,1)
0.0576409370841909768995575531	(43,2)
0.0575737411731917252881452884	(43,3)
0.0573575955899860641652468534	(43,4)
0.0568623079192285261154673276	(43,5)
0.0559289997192837289017679437	(43,6)
0.0543841981334563474083358013	(43,7)
0.0520582659861684983668784799	(43,8)
0.0488073633895831624557289701	(43,9)
0.0445370740568045407384997898	(43,10)
0.0392247940812865229338778772	(43,11)
0.0329372784970810608274952431	(43,12)
0.025839664812916980248570527	(43,13)
0.0181930239236851162269079508	(43,14)
0.01033901258203000986776346	(43,15)
0.0026722744963183452562953859	(43,16)
-0.0043965710968385985340596488	(43,17)
-0.0104827077084477007047503983	(43,18)
-0.0152680280674713239919986111	(43,19)
-0.0185355755326390950899221593	(43,20)
-0.0201929700914137863617430158	(43,21)
-0.0202820306777534178904095386	(43,22)
-0.0189738714335017888994337821	(43,23)
-0.0165506959362528985207027468	(43,24)
-0.0133770186495304069791297882	(43,25)
-0.0098639447157691172059542214	(43,26)
-0.0064304346968395007504750888	(43,27)
-0.0034652830812291629545153678	(43,28)
-0.0012930166963249323313641651	(43,29)
-0.000146239174618132640701507	(43,30)
0.0601824516688688761204108231	(44,1)
0.0601721113984401018007218011	(44,2)
0.0601024031965381810814206245	(44,3)
0.059878177971491977131622848	(44,4)
0.0593643848886793649384509957	(44,5)
0.058396238586948259961002242	(44,6)
0.0567938686285533782588395749	(44,7)
0.05438148409437485030458251	(44,8)
0.0510102073134024729915057762	(44,9)
0.0465826204410642271898986952	(44,10)
0.0410759855299463530147737931	(44,11)
0.0345603685578070301738030947	(44,12)
0.0272078298587699212321004578	(44,13)
0.0192896268058567127553512078	(44,14)
0.0111599897305004693439382403	(44,15)
0.0032272159107065794343395517	(44,16)
-0.0040848809736050278702189811	(44,17)
-0.0103802614878788914470258675	(44,18)
-0.0153327939631552323543990604	(44,19)
-0.0187214408875467001138561611	(44,20)
-0.0204538564676057319255716073	(44,21)
-0.020575634079936377205816521	(44,22)
-0.0192646075093863493491189034	(44,23)
-0.0168116137905343446824859713	(44,24)
-0.0135906388685632928103627837	(44,25)
-0.01002213509037856958273671	(44,26)
-0.0065335354016088337284127221	(44,27)
-0.0035207255547298593379972036	(44,28)
-0.0013136573252256198086397724	(44,29)
-0.0001485703883285881777614685	(44,30)
0.0625885580331310816418009429	(45,1)
0.0625778596534185031408682471	(45,2)
0.0625057374144785023938465616	(45,3)
0.0622737486871861397551085024	(45,4)
0.0617421751398925462589640886	(45,5)
0.0607405588227551459351711581	(45,6)
0.0590828907852535633763201223	(45,7)
0.0565874861853455155946662223	(45,8)
0.0531006617094477565749491094	(45,9)
0.048522171430599227316662446	(45,10)
0.0428292275717478275894994629	(45,11)
0.0360951755670848385848346626	(45,12)
0.0284988333136785802154064217	(45,13)
0.0203213399185461376640555306	(45,14)
0.0119290648497410469860617035	(45,15)
0.00374342156457903921967631	(45,16)
-0.0037991792858382060740337145	(45,17)
-0.0102920775039741499175403855	(45,18)
-0.0154016623692184196060160295	(45,19)
-0.0189032446115459020716182822	(45,20)
-0.0207047771918862140721165103	(45,21)
-0.0208556982580334899409445328	(45,22)
-0.0195404311542055273101244527	(45,23)
-0.017058133837838244436327693	(45,24)
-0.0137918076603806641226418271	(45,25)
-0.0101707062081119367042820059	(45,26)
-0.0066301597128536088327820099	(45,27)
-0.0035726013451317474862527885	(45,28)
-0.0013329490910202623476297843	(45,29)
-0.0001507480621610140433814743	(45,30)
0.0648648515629449295492593704	(46,1)
0.0648538108228168417807627941	(46,2)
0.0647793807223604247101398154	(46,3)
0.0645399700864872333183194474	(46,4)
0.0639913991928455914407747857	(46,5)
0.0629577899681744062749218667	(46,6)
0.0612472728789784673403550979	(46,7)
0.05867254555749519202755705	(46,8)
0.0550753619056038618883896448	(46,9)
0.0503528226372771489451703057	(46,10)
0.0444821632813081888099398694	(46,11)
0.0375399526449100405537674824	(46,12)
0.0297115640201057384007997623	(46,13)
0.0212876682083882719580155394	(46,14)
0.0126462919473029348902971195	(46,15)
0.004221385457935278240569315	(46,16)
-0.0035386705105327306612003315	(46,17)
-0.0102172087140354856332049556	(46,18)
-0.0154736764370828429741133643	(46,19)
-0.0190801355247042293028775562	(46,20)
-0.0209450633525454074016221701	(46,21)
-0.0211217691947523761174896067	(46,22)
-0.019801094853197353107754238	(46,23)
-0.0172901754417313170229904765	(46,24)
-0.0139805544579427808716455532	(46,25)
-0.0103097386479001777251834364	(46,26)
-0.0067203912544073429872936685	(46,27)
-0.0036209682188830000538342143	(46,28)
-0.001350916733783619636690705	(46,29)
-0.0001527751752280001373922582	(46,30)
0.0670072940969386049687386289	(47,1)
0.0669959278968465928770720492	(47,2)
0.0669193038713979433306028359	(47,3)
0.0666728378574921661990647228	(47,4)
0.0661081097186634209787430647	(47,5)
0.0650440914688537584148660226	(47,6)
0.0632833493433683162747710103	(47,7)
0.060633255962994823493734292	(47,8)
0.0569312555767880803751975401	(47,9)
0.0520719711235824907569836385	(47,10)
0.0460327232117630979124444649	(47,11)
0.0388932232064423411558907859	(47,12)
0.0308451607864959421682818107	(47,13)
0.0221883434256857164144182948	(47,14)
0.0133119264293325194016415534	(47,15)
0.0046617762071272278116046753	(47,16)
-0.0033024115801853180435988489	(47,17)
-0.0101545866963938121502103584	(47,18)
-0.0155477820587799329566217452	(47,19)
-0.0192511863608331299195062575	(47,20)
-0.0211739876673242743587136668	(47,21)
-0.021373348706837659149327377	(47,22)
-0.0200463179797434887050487483	(47,23)
-0.0175076333877067993739009489	(47,24)
-0.014156890827773382796214343	(47,25)
-0.0104393005847896922142896199	(47,26)
-0.0068043057828999323806222893	(47,27)
-0.0036658797360893860366955941	(47,28)
-0.0013675834226807893272567797	(47,29)
-0.0001546545285718134171696531	(47,30)
0.069012155592187974537130802	(48,1)
0.0690004819515098379880383882	(48,2)
0.0689217854784467501304470388	(48,3)
0.0686686548458786760244912781	(48,4)
0.0680886649240216597101922261	(48,5)
0.0669959252511712621651229256	(48,6)
0.0651877520411345739875369138	(48,7)
0.0624665009871416650918806663	(48,8)
0.0586655696321521095691678176	(48,9)
0.0536772792890040687855020866	(48,10)
0.0474790859912077173609184453	(48,11)
0.0401537383226107288694863356	(48,12)
0.0318989669985338143552808723	(48,13)
0.0230232769306114551078006636	(48,14)
0.0139263774477342427277914991	(48,15)
0.0050653905438597053039785197	(48,16)
-0.0030893555529886692001015924	(48,17)
-0.0101030609629977182565271802	(48,18)
-0.0156228616482538842669277083	(48,19)
-0.0194154213399928133201445116	(48,20)
-0.0213907857254592690887876909	(48,21)
-0.0216099097600201898569198994	(48,22)
-0.0202757970019871672777409382	(48,23)
-0.0177103840538572826216270699	(48,24)
-0.0143208137512795807295457743	(48,25)
-0.0105594492398423907277533345	(48,26)
-0.0068819716560595211195339984	(48,27)
-0.0037073853182685914732843228	(48,28)
-0.0013829707366751897686925734	(48,29)
-0.0001563887405057693674262758	(48,30)
0.070875995544394921372136779	(49,1)
0.0708640335599884112324872513	(49,2)
0.0707833933781809677526488342	(49,3)
0.0705240122170820294874945451	(49,4)
0.0699297092806275805399015005	(49,5)
0.0688100356465194140325606342	(49,6)
0.0669573888848905995428549061	(49,7)
0.0641694307760122786889726514	(49,8)
0.0602757844378701500991932975	(49,9)
0.0551666460567467522224818917	(49,10)
0.048819646145422858646467961	(49,11)
0.0413204411745161897686990783	(49,12)
0.0328724921128288544712740349	(49,13)
0.0237925190742025892869250703	(49,14)
0.0144901664079385014682381237	(49,15)
0.0054331124540056770158013515	(49,16)
-0.002898390259055693662127684	(49,17)
-0.0100614339364288698364519549	(49,18)
-0.0156977643168794792394473981	(49,19)
-0.0195718408698728798149619741	(49,20)
-0.0215946750600350002677919811	(49,21)
-0.0218309102468099867848327165	(49,22)
-0.0204892146868320719431236563	(49,23)
-0.017898290996804711115165564	(49,24)
-0.0144723086171882019128188324	(49,25)
-0.0106702322238592049808320872	(49,26)
-0.0069534502857350328570050023	(49,27)
-0.0037455303292829386026381775	(49,28)
-0.0013970986554318328521577532	(49,29)
-0.0001579802434059340434493396	(49,30)
0.072595650124384759290875448	(50,1)
0.0725834199206371632180444166	(50,2)
0.0725009716937918026532158741	(50,3)
0.0722357763431180121441912003	(50,4)
0.0716281599931249554560842954	(50,5)
0.0704834350790066597404178451	(50,6)
0.0685894282599889793626354778	(50,7)
0.0657394446176910195253635217	(50,8)
0.0617596139524267384224833545	(50,9)
0.0565381840270184611553928032	(50,10)
0.0500529879173100637663864749	(50,11)
0.0423924374863851938742162598	(50,12)
0.033765379036788858020864469	(50,13)
0.0244962242765656846201399513	(50,14)
0.01500389087442935709343693	(50,15)
0.0057658773024551212441541302	(50,16)
-0.0027283724733523035955743115	(50,17)
-0.0100284920445812034451317323	(50,18)
-0.015771332804666060544672876	(50,19)
-0.019719443652298296401857826	(50,20)
-0.0217848722499555981337604268	(50,21)
-0.0220358053599808884347636492	(50,22)
-0.0206862483801970629139682268	(50,23)
-0.0180712099914933711411741692	(50,24)
-0.0146113519371087288763869006	(50,25)
-0.0107716887725642629996719755	(50,26)
-0.0070187965683975300089217032	(50,27)
-0.0037803561632690230595615673	(50,28)
-0.0014099855575442837059364739	(50,29)
-0.0001594312815964285691024922	(50,30)
0.0741682237075964215291360725	(51,1)
0.0741557463784395648482263764	(51,2)
0.0740716323043096441812926347	(51,3)
0.0738010800961450859437259041	(51,4)
0.0731811978966162946219272416	(51,5)
0.0720133942247485804926156364	(51,6)
0.0700812879851604658364591544	(51,7)
0.0671741781533605177939011347	(51,8)
0.0631149906051664436944007929	(51,9)
0.0577902014956897852282317093	(51,10)
0.0511778640613687740169485128	(51,11)
0.0433689710031092169953345582	(51,12)
0.0345773765527321289270028943	(51,13)
0.0251346210531911297944379405	(51,14)
0.0154681932161694154750377738	(51,15)
0.0060646403745415743650840641	(51,16)
-0.002578158099579651885770569	(51,17)
-0.010003033335346256394490933	(51,18)
-0.0158424274913849228105900088	(51,19)
-0.0198572464459046804573751023	(51,20)
-0.0219606082359898556574173805	(51,21)
-0.0222240586881555615790779349	(51,22)
-0.0208665774421702845657310862	(51,23)
-0.0182289935671073748778910991	(51,24)
-0.0147379138016065632130025991	(51,25)
-0.0108638508762263301881253069	(51,26)
-0.0070780592900357520532397395	(51,27)
-0.0038119003358840899778052728	(51,28)
-0.0014216482242098489561848163	(51,29)
-0.0001607439100877535107632859	(51,30)
0.0755910837240952604088788218	(52,1)
0.0755783812675884777164512115	(52,2)
0.0754927496371085597014769203	(52,3)
0.0752173174802021938023598644	(52,4)
0.0745862617218041556777985207	(52,5)
0.07339743559301502238832031	(52,6)
0.0714306277812208407772307228	(52,7)
0.068471494217951399233039385	(52,8)
0.064340053957634705538572668	(52,9)
0.0589211884280429364766741414	(52,10)
0.0521931787623419891055060805	(52,11)
0.0442494032281254789547721583	(52,12)
0.0353083160734254062976672318	(52,13)
0.025707986350492093813539819	(52,14)
0.0158837334276376851652654091	(52,15)
0.006330349343769150621813985	(52,16)
-0.0024466287827609596993843864	(52,17)
-0.0099838919588394931651119475	(52,18)
-0.0159099477682122166117671833	(52,19)
-0.0199843017031233457426552379	(52,20)
-0.022121142012458252962206482	(52,21)
-0.0223951521457781123754796757	(52,22)
-0.0210298899085948953781033638	(52,23)
-0.0183714950792302473066726625	(52,24)
-0.0148519600949690675841726267	(52,25)
-0.0109467443087134421849801023	(52,26)
-0.0071312815043749661214944908	(52,27)
-0.0038401965765416246467709334	(52,28)
-0.0014321018470463292579505488	(52,29)
-0.00016191999399542260723146231	(52,30)
0.0768618579633001192283833684	(53,1)
0.0768489532094720399261060153	(53,2)
0.0767619579204681660295544973	(53,3)
0.0764821407379093842853622545	(53,4)
0.0758410448689100478604231465	(53,5)
0.0746333296785904791888005361	(53,6)
0.0726353444106665789825250607	(53,7)
0.0696294764932052575069271879	(53,8)
0.065433142358123166656845753	(53,9)
0.0599298056335395398366146828	(53,10)
0.0530979739672521782288514445	(53,11)
0.0450331967611718340791269356	(53,12)
0.0359580921247088550722197277	(53,13)
0.0262166236466930669448367757	(53,14)
0.0162511656447738312416272596	(53,15)
0.006563920249310060106241915	(53,16)
-0.0023327153035740589067111673	(53,17)
-0.0099699598090112875523089313	(53,18)
-0.0159728510042274944678033141	(53,19)
-0.0200997132631393477119825175	(53,20)
-0.0222657728292575004058486628	(53,21)
-0.0225485948316308268196139627	(53,22)
-0.0211758884397489651543845872	(53,23)
-0.0184985723529152656451031401	(53,24)
-0.0149534544849388919413083775	(53,25)
-0.0110203895609694749537951069	(53,26)
-0.007178500884021599950868748	(53,27)
-0.0038652749199302830785433407	(53,28)
-0.0014413600390374381687813734	(53,29)
-0.00016296120850283115829146713	(53,30)
0.077978433637104522433892786	(54,1)
0.0779653501697950336526147483	(54,2)
0.0778771502002639365189129607	(54,3)
0.0775934592372995480976556612	(54,4)
0.0769434939980612134947504083	(54,5)
0.0757190929978197063580485212	(54,6)
0.0736935688086303365578726329	(54,7)
0.070646425305865159884075777	(54,8)
0.0663927869396499016914977005	(54,9)
0.0608148765155663300498416205	(54,10)
0.0538914185354523807069567826	(54,11)
0.0457199016784865776832918175	(54,12)
0.0365266460427747467682843913	(54,13)
0.0266608443567175499619329164	(54,14)
0.0165711179499104451719040481	(54,15)
0.0067662166347819477537666728	(54,16)
-0.0022354180460915181693587237	(54,17)
-0.009960205562422796776564746	(54,18)
-0.0160301692963081471047815769	(54,19)
-0.0202026502456574608124900717	(54,20)
-0.0223938510111404382109982927	(54,21)
-0.0226839308906465507007818461	(54,22)
-0.0213042956044392652278080231	(54,23)
-0.018610090924386969347607689	(54,24)
-0.0150423602004192016981888312	(54,25)
-0.0110848026827977730840729183	(54,26)
-0.0072197500440474381534099717	(54,27)
-0.0038871617953027355290729611	(54,28)
-0.0014494348477231286672329857	(54,29)
-0.00016386903925005359835671831	(54,30)
0.0789389576437304793475999592	(55,1)
0.0789257197171939672554138166	(55,2)
0.078836478563277595944158599	(55,3)
0.0785494395817063276426912128	(55,4)
0.0778918088800878391986751846	(55,5)
0.0766529874542899996012493289	(55,6)
0.0746036646547324444578462351	(55,7)
0.071520855026525801041493616	(55,8)
0.0672177074264558218761546703	(55,9)
0.0615753808757634767367860417	(55,10)
0.054572799707312866010164897	(55,11)
0.0463091444848308414375076633	(55,12)
0.0370139524524728195295883348	(55,13)
0.0270409521519930183135679548	(55,14)
0.0168441751266811780444751476	(55,15)
0.0069380315618098456358095704	(55,16)
-0.002153824773897718183447685	(55,17)
-0.0099536913015745846891422527	(55,18)
-0.0160810241479984784694745531	(55,19)
-0.0202923592555577743447135371	(55,20)
-0.0225047874747348791694935402	(55,21)
-0.0228007464350368292763886772	(55,22)
-0.0214148585356119153878783665	(55,23)
-0.0187059269018980918146839706	(55,24)
-0.0151186416064530733306967302	(55,25)
-0.0111399960352815889272305407	(55,26)
-0.0072550568370797291958158645	(55,27)
-0.0039058801119960101997018228	(55,28)
-0.0014563367697934476371040495	(55,29)
-0.00016464478303791668031368766	(55,30)
0.0797418375880395856185683649	(56,1)
0.0797284700390664492550919831	(56,2)
0.0796383551228210605688977174	(56,3)
0.0793485064983210989280791535	(56,4)
0.0786844430631972635185436469	(56,5)
0.0774335205894845058363394379	(56,6)
0.0753642279413496867861824762	(56,7)
0.0722514926258757584788778014	(56,8)
0.0679068093092417600753597362	(56,9)
0.0622104503407551666462192079	(56,10)
0.0551415164732076496584208004	(56,11)
0.0468006192410231646832227205	(56,12)
0.0374200081615270256603550636	(56,13)
0.0273572298698341252356158812	(56,14)
0.0170708640855492554240484834	(56,15)
0.007080072267477702495329056	(56,16)
-0.0020871258986519443487989501	(56,17)
-0.0099495868650242011809449798	(56,18)
-0.0161246391845607723844922064	(56,19)
-0.0203681749775564484011511645	(56,20)
-0.022598062000228295655896266	(56,21)
-0.0228986755639924509881049834	(56,22)
-0.021507352982537545398109719	(56,23)
-0.0187859694596356454000566866	(56,24)
-0.0151822655822512252466850863	(56,25)
-0.0111859789545890391166798836	(56,26)
-0.007284444618426533723552389	(56,27)
-0.0039214493395454469056631796	(56,28)
-0.0014620747662531561514888396	(56,29)
-0.00016528954874021030205722703	(56,30)
0.0803857432069150575787417265	(57,1)
0.0803722713632072991143259559	(57,2)
0.0802814534151242326787164917	(57,3)
0.0799893441534205906806132737	(57,4)
0.0793201050025469001157110584	(57,5)
0.0780594463637633902936746075	(57,6)
0.0759740871814144716852167596	(57,7)
0.072837277029236191315193014	(57,8)
0.068459182029215264069555326	(57,9)
0.0627193650539912019314372715	(57,10)
0.0555970744941968760927905588	(57,11)
0.047194080535488609905322548	(57,12)
0.0377448231659635779086361804	(57,13)
0.027609928743598339201075757	(57,14)
0.0172516417334626727397448566	(57,15)
0.0071929472837032808186991974	(57,16)
-0.0020346273808540378828308211	(57,17)
-0.0099471820276950490558407357	(57,18)
-0.016160350978783256183517123	(57,19)
-0.0204295292138832317917152502	(57,20)
-0.0226732302948935288544702111	(57,21)
-0.0229774055071790874173857432	(57,22)
-0.0215815867753631078831450759	(57,23)
-0.0188501229729811694629226745	(57,24)
-0.0152332027050501404906292225	(57,25)
-0.0112227583265612607358159606	(57,26)
-0.0073079324793084805583995758	(57,27)
-0.0039338855806716134032059394	(57,28)
-0.0014666562773334812681034899	(57,29)
-0.00016580425832017083487576032	(57,30)
0.0808696079247790232214548232	(58,1)
0.0808560575102838725264578348	(58,2)
0.0807647099313052411945278237	(58,3)
0.080470897618405190915427339	(58,4)
0.07979775937535521434505284	(58,5)
0.0785297661876870141865028362	(58,6)
0.0764323039719844601701448985	(58,7)
0.0732773589812550924241956903	(58,8)
0.0688740978791803171391430974	(58,9)
0.0631015513402927755136374988	(58,10)
0.0559390822871183715412166547	(58,11)
0.0474893380259858705053131055	(58,12)
0.0379884135160696564516916852	(58,13)
0.0277992597351537262132098231	(58,14)
0.017386885107603775791635842	(58,15)
0.0072771558787240634567455068	(58,16)
-0.0019957613652711737722550845	(58,17)
-0.0099458965828371734692047403	(58,18)
-0.0161876180358116815193455409	(58,19)
-0.0204759583972628748849974781	(58,20)
-0.0227299298701075734851054702	(58,21)
-0.0230366809062845673816558418	(58,22)
-0.0216374027106095279302467191	(58,23)
-0.0188983087991065947516040996	(58,24)
-0.0152714282403073201869930421	(58,25)
-0.0112503390705046768807135372	(58,26)
-0.0073255354459831640481365522	(58,27)
-0.0039432016354065238660114462	(58,28)
-0.0014700872363573900553250961	(58,29)
-0.0001661896478527434240295465	(58,30)
0.081192630327757728124954866	(59,1)
0.0811790273656266830558380244	(59,2)
0.081087325573153447110227294	(59,3)
0.080792374274097335201523361	(59,4)
0.0801166283672656961317000638	(59,5)
0.0788437299863335638590390227	(59,6)
0.0767381736917453946034483187	(59,7)
0.0735711011934779466696417812	(59,8)
0.0691510113893071414000847143	(59,9)
0.0633565801082095655829948361	(59,10)
0.056167248441966241893764759	(59,11)
0.0476862523299995567963217582	(59,12)
0.0381507958411521258807623867	(59,13)
0.0279253867962062989227993099	(59,14)
0.0174768836337045492204125388	(59,15)
0.0073330797164083357238397855	(59,16)
-0.0019700946232217430208518765	(59,17)
-0.0099452883721322303926519296	(59,18)
-0.0162060279653606966019503283	(59,19)
-0.0205071095961839063159180826	(59,20)
-0.0227678847422375812284713513	(59,21)
-0.0230763072409877858232050882	(59,22)
-0.0216746808610574314307918383	(59,23)
-0.0189304667038689828713055645	(59,24)
-0.0152969229372332259323363689	(59,25)
-0.0112687245300532167082197111	(59,26)
-0.0073372646424779064557385515	(59,27)
-0.0039494070547076047326599319	(59,28)
-0.0014723720818259604774744661	(59,29)
-0.00016644626846280540185950682	(59,30)
0.081354275398368191680900044	(60,1)
0.08134064611217280161733419	(60,2)
0.0812487668743203969209863082	(60,3)
0.0809532449941246918753582581	(60,4)
0.0802761927690741033161416008	(60,5)
0.0790008371326817433095275161	(60,6)
0.0768912261640235845594031489	(60,7)
0.0737180786008249226239747284	(60,8)
0.0692895590181907792742107156	(60,9)
0.0634841658074962796689911539	(60,10)
0.0562813796901862413031270874	(60,11)
0.0477847320906700128237213143	(60,12)
0.0382319833763135415009658954	(60,13)
0.0279884219254868748936741163	(60,14)
0.0175218334045175515636408687	(60,15)
0.0073609766584522816359749502	(60,16)
-0.0019573348502915496510314191	(60,17)
-0.0099450592920588605322363015	(60,18)
-0.0162153028557727527500064782	(60,19)
-0.0205227450192032605907434595	(60,20)
-0.0227869089604335771973089345	(60,21)
-0.0230961534006809299399574492	(60,22)
-0.0216933403102472121228331362	(60,23)
-0.0189465559341670385988835036	(60,24)
-0.015309673627882426356779581	(60,25)
-0.0112779167688253695091314273	(60,26)
-0.0073431274147944965899424275	(60,27)
-0.0039525081820908622702392991	(60,28)
-0.0014735137670887810518018195	(60,29)
-0.00016657448710190013478354842	(60,30)