b^1^2_3_(sigma,mu)
-1.00584672007493e-15	(1,1)
-9.03540996840357e-15	(1,2)
-2.499409195796646e-14	(1,3)
-4.864092007899558e-14	(1,4)
-7.95208900270045e-14	(1,5)
-1.1687122367938313e-13	(1,6)
-1.5952648702510678e-13	(1,7)
-2.0584605780040133e-13	(1,8)
-2.5368898594317388e-13	(1,9)
-3.0045864677525425e-13	(1,10)
-3.4323184794425814e-13	(1,11)
-3.7897429441428308e-13	(1,12)
-4.0482793536129653e-13	(1,13)
-4.1843843053134461e-13	(1,14)
-4.1827642713043897e-13	(1,15)
-4.0389835082626803e-13	(1,16)
-3.7609402485125116e-13	(1,17)
-3.3688098357511301e-13	(1,18)
-2.893278731259373e-13	(1,19)
-2.3721843716191263e-13	(1,20)
-1.845979312053928e-13	(1,21)
-1.3526912987471371e-13	(1,22)
-9.231955568707872e-14	(1,23)
-5.776115168297122e-14	(1,24)
-3.234722363472787e-14	(1,25)
-1.560134859430706e-14	(1,26)
-6.05444954990931e-15	(1,27)
-1.64683905852936e-15	(1,28)
-2.1976983468063e-16	(1,29)
-2.7531817485e-18	(1,30)
-7.3228701289765895e-13	(2,1)
-6.5780533389328795e-12	(2,2)
-1.819645932259967722e-11	(2,3)
-3.541206951250967518e-11	(2,4)
-5.789362675504598217e-11	(2,5)
-8.508580499358519578e-11	(2,6)
-1.1614013216213166653e-10	(2,7)
-1.4986218438959318138e-10	(2,8)
-1.8469328370025405837e-10	(2,9)
-2.1874300705509620901e-10	(2,10)
-2.4988318041714152389e-10	(2,11)
-2.7590474418958256149e-10	(2,12)
-2.9472695087768134553e-10	(2,13)
-3.0463577083920331153e-10	(2,14)
-3.0451779169175716277e-10	(2,15)
-2.9405008184046900967e-10	(2,16)
-2.7380766108806963155e-10	(2,17)
-2.452593599026657052e-10	(2,18)
-2.1063924878399213793e-10	(2,19)
-1.7270200893701232987e-10	(2,20)
-1.3439270776414212816e-10	(2,21)
-9.84798770050483124e-11	(2,22)
-6.721132168265941439e-11	(2,23)
-4.205179195659035763e-11	(2,24)
-2.35497127093380526e-11	(2,25)
-1.135823080867735976e-11	(2,26)
-4.4078130767189524e-12	(2,27)
-1.19894601489446763e-12	(2,28)
-1.599987271540382e-13	(2,29)
-2.00439502497008e-15	(2,30)
-1.565653351210063411e-11	(3,1)
-1.406409108253310545e-10	(3,2)
-3.8904619193907373473e-10	(3,3)
-7.5712150132393262401e-10	(3,4)
-1.23778442802355627742e-9	(3,5)
-1.81916186635978516364e-9	(3,6)
-2.48311311449889802275e-9	(3,7)
-3.20410086539875595678e-9	(3,8)
-3.94879990561247447441e-9	(3,9)
-4.67679219321074778889e-9	(3,10)
-5.34257652249371707265e-9	(3,11)
-5.89892241148074187754e-9	(3,12)
-6.30134287078730206091e-9	(3,13)
-6.51319163626099095411e-9	(3,14)
-6.51066402238097138169e-9	(3,15)
-6.28685622892430928417e-9	(3,16)
-5.85406301218812844889e-9	(3,17)
-5.24368903301235946719e-9	(3,18)
-4.50349984260214938388e-9	(3,19)
-3.69239152019306749575e-9	(3,20)
-2.8733303163085423204e-9	(3,21)
-2.10550777469011937549e-9	(3,22)
-1.43698192633790376658e-9	(3,23)
-8.9906879476164484597e-10	(3,24)
-5.0349320931142779542e-10	(3,25)
-2.4283894165009144345e-10	(3,26)
-9.423896516903812782e-11	(3,27)
-2.563343065032517045e-11	(3,28)
-3.42076683799112207e-12	(3,29)
-4.285388312365091e-14	(3,30)
-1.1749444864236974185e-10	(4,1)
-1.05543964932464923978e-9	(4,2)
-2.91959692403040372319e-9	(4,3)
-5.68181761564972325695e-9	(4,4)
-9.28895114759036413061e-9	(4,5)
-1.365189447018631160117e-8	(4,6)
-1.863450839806099557955e-8	(4,7)
-2.404514486383139133595e-8	(4,8)
-2.963371059084934924788e-8	(4,9)
-3.509688389214980721071e-8	(4,10)
-4.009319720110580183424e-8	(4,11)
-4.426820762502405338276e-8	(4,12)
-4.728806417997494648108e-8	(4,13)
-4.887776095701895480284e-8	(4,14)
-4.885866622680300680192e-8	(4,15)
-4.71789846017651651363e-8	(4,16)
-4.393099783197161416013e-8	(4,17)
-3.935039654899806527708e-8	(4,18)
-3.379564706454973332334e-8	(4,19)
-2.770873748468367172484e-8	(4,20)
-2.156219205226635093581e-8	(4,21)
-1.580019999765500276431e-8	(4,22)
-1.078339406925827500621e-8	(4,23)
-6.74676563175244453502e-9	(4,24)
-3.7782872816702550473e-9	(4,25)
-1.82229428759164245566e-9	(4,26)
-7.0717957611533900547e-10	(4,27)
-1.9235575069340188436e-10	(4,28)
-2.566973560110793088e-11	(4,29)
-3.2157911822030623e-13	(4,30)
-5.2870508206421676341e-10	(5,1)
-4.74929930874530092494e-9	(5,2)
-1.313769026111752683141e-8	(5,3)
-2.556721152931167956577e-8	(5,4)
-4.179868798992202917732e-8	(5,5)
-6.143115710884924432126e-8	(5,6)
-8.385199166077496987958e-8	(5,7)
-1.0819877278103231718614e-7	(5,8)
-1.3334607900117157441462e-7	(5,9)
-1.5792896709120770031578e-7	(5,10)
-1.8041085136341015505013e-7	(5,11)
-1.9919678054001549889827e-7	(5,12)
-2.1278449864122254450526e-7	(5,13)
-2.1993658804357660602063e-7	(5,14)
-2.1984934619661925301735e-7	(5,15)
-2.1228985075081645921392e-7	(5,16)
-1.9767351851711308869962e-7	(5,17)
-1.7706106742958584870658e-7	(5,18)
-1.5206563694544455324589e-7	(5,19)
-1.246761247080354836917e-7	(5,20)
-9.701874740615764188963e-8	(5,21)
-7.109213826939991451131e-8	(5,22)
-4.851888789172976698195e-8	(5,23)
-3.035621156265154797241e-8	(5,24)
-1.699979995094862990984e-8	(5,25)
-8.19907043089100277031e-9	(5,26)
-3.18180481361309638395e-9	(5,27)
-8.654604673982323463e-10	(5,28)
-1.1549475235463695931e-10	(5,29)
-1.4468652506422316e-12	(5,30)
-1.75519065487996721381e-9	(6,1)
-1.576668348703046678848e-8	(6,2)
-4.361438977029432216228e-8	(6,3)
-8.487778924780163817992e-8	(6,4)
-1.3876282871621270664222e-7	(6,5)
-2.0393830753106473101501e-7	(6,6)
-2.7837027838828091363927e-7	(6,7)
-3.591954672695523879938e-7	(6,8)
-4.426774285843809148059e-7	(6,9)
-5.2428453568690540889704e-7	(6,10)
-5.9891539265798801733559e-7	(6,11)
-6.6127497671556466990034e-7	(6,12)
-7.0637621810414930923638e-7	(6,13)
-7.301115446841987376311e-7	(6,14)
-7.2981353085409724657586e-7	(6,15)
-7.0470986516559557416998e-7	(6,16)
-6.5618069185545008855762e-7	(6,17)
-5.8774832798895825403041e-7	(6,18)
-5.0476870821376827502927e-7	(6,19)
-4.1384472433370169697083e-7	(6,20)
-3.2203457650922292227286e-7	(6,21)
-2.3597240106248125644993e-7	(6,22)
-1.6104361637785880168418e-7	(6,23)
-1.0075664666087117488673e-7	(6,24)
-5.642401428862502282775e-8	(6,25)
-2.721319627848783229075e-8	(6,26)
-1.056049089122399362096e-8	(6,27)
-2.87246288090105555292e-9	(6,28)
-3.8332499237605072664e-10	(6,29)
-4.8021066469227758e-12	(6,30)
-4.7613863380315915909e-9	(7,1)
-4.277100608391166371391e-8	(7,2)
-1.1831474483561529243442e-7	(7,3)
-2.3025177293657858031856e-7	(7,4)
-3.7642783476626965111799e-7	(7,5)
-5.532313147955012068987e-7	(7,6)
-7.5514393082038937084702e-7	(7,7)
-9.7439732447706031878896e-7	(7,8)
-1.2008541799537857944181e-6	(7,9)
-1.42221997139321644231052e-6	(7,10)
-1.62465475342920017115204e-6	(7,11)
-1.7937939381427436511074e-6	(7,12)
-1.91610936302980689055467e-6	(7,13)
-1.98046004662811878954393e-6	(7,14)
-1.97961314801651229800049e-6	(7,15)
-1.91147790287023895805294e-6	(7,16)
-1.77980309247667819158386e-6	(7,17)
-1.59414824462281752305895e-6	(7,18)
-1.36904561891065450052842e-6	(7,19)
-1.12240794406493949900457e-6	(7,20)
-8.7338050692785835360496e-7	(7,21)
-6.3995586374509624162289e-7	(7,22)
-4.3673758213546958121645e-7	(7,23)
-2.7323711947308150853654e-7	(7,24)
-1.530100277746283337134e-7	(7,25)
-7.37949466067682259074e-8	(7,26)
-2.86367545723458507752e-8	(7,27)
-7.78912012413411390858e-9	(7,28)
-1.03943470642259641954e-9	(7,29)
-1.302146664087461462e-11	(7,30)
-1.118168896949930426163e-8	(8,1)
-1.0044387105784131973682e-7	(8,2)
-2.7785151969505497481833e-7	(8,3)
-5.4072526265427639345054e-7	(8,4)
-8.8400533042941368067607e-7	(8,5)
-1.29920869272613168295043e-6	(8,6)
-1.77337361814694378932786e-6	(8,7)
-2.28825309914587366880996e-6	(8,8)
-2.82003588307442881135448e-6	(8,9)
-3.33984439165996202347884e-6	(8,10)
-3.81517256577781870730454e-6	(8,11)
-4.2122845138572442074954e-6	(8,12)
-4.49941234287827335751369e-6	(8,13)
-4.65039905855067369684056e-6	(8,14)
-4.64827062427435884460163e-6	(8,15)
-4.48813274824690011844061e-6	(8,16)
-4.17880652781705661317228e-6	(8,17)
-3.74275753482247494362796e-6	(8,18)
-3.21412424744359129556258e-6	(8,19)
-2.63497585521313252392298e-6	(8,20)
-2.05026674625171984046982e-6	(8,21)
-1.5022356883455224875876e-6	(8,22)
-1.02515715125108403722903e-6	(8,23)
-6.4134614970200294904681e-7	(8,24)
-3.591344873981335104127e-7	(8,25)
-1.7320091220281102042308e-7	(8,26)
-6.721031799714215085316e-8	(8,27)
-1.82806538102918252278e-8	(8,28)
-2.43946455937780363016e-9	(8,29)
-3.05600562136330091e-11	(8,30)
-2.355361869359054667868e-8	(9,1)
-2.1157953534163562039625e-7	(9,2)
-5.8527893227655020168412e-7	(9,3)
-1.1390071398099132569857e-6	(9,4)
-1.86210392012857108190568e-6	(9,5)
-2.73669574524836469824641e-6	(9,6)
-3.73547170676691861338845e-6	(9,7)
-4.81998417926881434999862e-6	(9,8)
-5.94006183621097160590319e-6	(9,9)
-7.03486046727781660547803e-6	(9,10)
-8.03589509598840031077672e-6	(9,11)
-8.87209699844881923452844e-6	(9,12)
-9.47655427614716019324877e-6	(9,13)
-9.79418873862043837713631e-6	(9,14)
-9.78928092185894347258351e-6	(9,15)
-9.45156896227580741668624e-6	(9,16)
-8.79968699490629802080046e-6	(9,17)
-7.88100578995205187570736e-6	(9,18)
-6.76746890976206996532694e-6	(9,19)
-5.54770114034847951928261e-6	(9,20)
-4.31637634097722977554659e-6	(9,21)
-3.16242212253107230052701e-6	(9,22)
-2.15797284432822106070411e-6	(9,23)
-1.34996763056522500689033e-6	(9,24)
-7.5590199425264928869339e-7	(9,25)
-3.6453465944223152278457e-7	(9,26)
-1.4145169203442734720694e-7	(9,27)
-3.847256790129026005817e-8	(9,28)
-5.13387475036952087308e-9	(9,29)
-6.431325604710394856e-11	(9,30)
-4.55401589619464261511e-8	(10,1)
-4.0908216007020193443272e-7	(10,2)
-1.13161744309723324840723e-6	(10,3)
-2.2022303217777268138849e-6	(10,4)
-3.60030399043351573355493e-6	(10,5)
-5.29126868809803691075418e-6	(10,6)
-7.22229920948768467053548e-6	(10,7)
-9.31902842007585442796223e-6	(10,8)
-0.0000114844140603587212674946	(10,9)
-0.00001360077570220997828400144	(10,10)
-0.00001553566618680799422389506	(10,11)
-0.00001715166084238451220202385	(10,12)
-0.00001831940211097405473118981	(10,13)
-0.00001893245130722835788151039	(10,14)
-0.00001892183975723359679980949	(10,15)
-0.00001826785268341086415512799	(10,16)
-0.00001700665870413626903436398	(10,17)
-0.00001522997528292309985147389	(10,18)
-0.00001307698939806446030918991	(10,19)
-0.0000107190760962546763541577	(10,20)
-8.33923089470687071593107e-6	(10,21)
-6.10927055923075949047872e-6	(10,22)
-4.16849804790191931934488e-6	(10,23)
-2.60749351286786557486089e-6	(10,24)
-1.45993867410140455575098e-6	(10,25)
-7.0401345931336251394483e-7	(10,26)
-2.731667101156065491596e-7	(10,27)
-7.4293935527851843088e-8	(10,28)
-9.91369527781339458118e-9	(10,29)
-1.2418946765523618265e-10	(10,30)
-8.208424760664186064275e-8	(11,1)
-7.3735357942378903119764e-7	(11,2)
-2.03969251577086673115743e-6	(11,3)
-3.96942149615585880119106e-6	(11,4)
-6.48936639977139342046433e-6	(11,5)
-9.53718861929373275339296e-6	(11,6)
-0.00001301762461252481027025756	(11,7)
-0.00001679656009191349847899736	(11,8)
-0.00002069899155361040681763055	(11,9)
-0.00002451271018223092247701678	(11,10)
-0.00002799890599355001562562349	(11,11)
-0.00003090983998250635631430462	(11,12)
-0.00003301238473384014410749332	(11,13)
-0.0000341148147518348866688137	(11,14)
-0.00003409303839138097249435742	(11,15)
-0.00003291181865314306236084585	(11,16)
-0.0000306366787614583594841924	(11,17)
-0.00002743323672066435654396937	(11,18)
-0.00002355257497591069006219161	(11,19)
-0.00001930364118414183082156965	(11,20)
-0.00001501615088677411474262501	(11,21)
-0.00001099950868970988121631115	(11,22)
-7.50440937270240845862453e-6	(11,23)
-4.69370674394905774570919e-6	(11,24)
-2.62776813897787842230683e-6	(11,25)
-1.26706252912039107318974e-6	(11,26)
-4.9160396675091427649595e-7	(11,27)
-1.3369591486400740574815e-7	(11,28)
-1.783958567550236050616e-8	(11,29)
-2.2347351947544271041e-10	(11,30)
-1.3941462896132278968181e-7	(12,1)
-1.25234585871633300245864e-6	(12,2)
-3.46427980242231810700699e-6	(12,3)
-6.74178239511023230013439e-6	(12,4)
-0.00001102168754952269923537925	(12,5)
-0.00001619805704884274919865345	(12,6)
-0.00002210898836782259932704126	(12,7)
-0.00002852654566843968289881914	(12,8)
-0.0000351533063475695779327897	(12,9)
-0.00004162864451133582802615031	(12,10)
-0.00004754678679389671275259486	(12,11)
-0.00005248688637801260968632089	(12,12)
-0.0000560530657241578089339275	(12,13)
-0.00005791996243545456835232306	(12,14)
-0.00005787729113187681000658375	(12,15)
-0.00005586584422639538761497392	(12,16)
-0.00005199761851114907516736748	(12,17)
-0.00004655455083696920478418173	(12,18)
-0.00003996352422856645404158472	(12,19)
-0.00003274937448148618414214687	(12,20)
-0.00002547182932896418937981098	(12,21)
-0.00001865577314304247623935942	(12,22)
-0.00001272615082249097192705374	(12,23)
-7.95867269608085118352848e-6	(12,24)
-4.45513457562499144966631e-6	(12,25)
-2.14796486026318408976912e-6	(12,26)
-8.3331126874458434792103e-7	(12,27)
-2.266110920700975944642e-7	(12,28)
-3.023626283118586448278e-8	(12,29)
-3.7875593110192100905e-10	(12,30)
-2.2481100875482677121429e-7	(13,1)
-2.01945169276957446722706e-6	(13,2)
-5.58626922331497223680618e-6	(13,3)
-0.00001087133089595829630207593	(13,4)
-0.00001777272308459878818638065	(13,5)
-0.00002611949737449607245423146	(13,6)
-0.00003565037479763686015256215	(13,7)
-0.00004599750049973174961677469	(13,8)
-0.00005668089230960343887477602	(13,9)
-0.00006711862581895147630078323	(13,10)
-0.0000766560399751701307914116	(13,11)
-0.00008461434947053931471380135	(13,12)
-0.00009035533493468159990890242	(13,13)
-0.00009335487472288044895192248	(13,14)
-0.00009327481937728143275903401	(13,15)
-0.000090020961906691890488894	(13,16)
-0.0000837753056776572067276442	(13,17)
-0.0000749937600384327661823726	(13,18)
-0.00006436554956099010413198064	(13,19)
-0.0000527372026939669771935285	(13,20)
-0.00004101075896867347047874209	(13,21)
-0.0000300313872043995427536102	(13,22)
-0.00002048265736642086517008168	(13,23)
-0.00001280741096045331252819793	(13,24)
-7.16834783060679496201248e-6	(13,25)
-3.45565698296061254052203e-6	(13,26)
-1.34049443691274685728626e-6	(13,27)
-3.6450503835351085447131e-7	(13,28)
-4.863247207329412084204e-8	(13,29)
-6.0917972686582091546e-10	(13,30)
-3.4604976023538814134377e-7	(14,1)
-3.10852522993302003194951e-6	(14,2)
-8.59889109647529643819675e-6	(14,3)
-0.00001673409394578497199363358	(14,4)
-0.00002735715546246390094409451	(14,5)
-0.00004020471597566457781833034	(14,6)
-0.00005487421180359569030809841	(14,7)
-0.00007079885292972823123805614	(14,8)
-0.00008723910991294932944823756	(14,9)
-0.00010329848919951433085218002	(14,10)
-0.00011796865519048152689843393	(14,11)
-0.00013020447480962136131860278	(14,12)
-0.00013902381566345503192878377	(14,13)
-0.0001436208938952091655938653	(14,14)
-0.000143476940331262254045934	(14,15)
-0.0001384492810073217549767137	(14,16)
-0.0001288206612081986879783889	(14,17)
-0.0001152952081124746288485434	(14,18)
-0.0000989354205137975301483334	(14,19)
-0.0000810447372079310945187953	(14,20)
-0.00006301065660355503083833983	(14,21)
-0.00004613187722784488390985487	(14,22)
-0.0000314575372244184572645788	(14,23)
-0.00001966607519732018676589145	(14,24)
-0.00001100526830089300074416726	(14,25)
-5.30452613256176297987937e-6	(14,26)
-2.05743573272607079720142e-6	(14,27)
-5.5939996162339880156496e-7	(14,28)
-7.463049938519630796096e-8	(14,29)
-9.3480450736938805413e-10	(14,30)
-5.104946427835600098034e-7	(15,1)
-4.5857140846456735237135e-6	(15,2)
-0.0000126851212966589535283734	(15,3)
-0.0000246861342742503327720742	(15,4)
-0.00004035699818143416505060356	(15,5)
-0.00005930882145770997459870113	(15,6)
-0.00008094708240340490942379758	(15,7)
-0.00010443468844297182988875914	(15,8)
-0.00012867947359141052371672925	(15,9)
-0.00015235763968105215264685764	(15,10)
-0.00017398060912091972789419166	(15,11)
-0.00019200610564079577566137351	(15,12)
-0.0002049857601949042225622093	(15,13)
-0.0002117326005910295999990556	(15,14)
-0.0002114843579429801446992409	(15,15)
-0.0002040346122078810315974676	(15,16)
-0.0001898049544213075577737054	(15,17)
-0.0001698381804019619046287258	(15,18)
-0.0001457044214693053767141872	(15,19)
-0.0001193271699803389887069686	(15,20)
-0.0000927515207096826866515191	(15,21)
-0.00006788939488635203785825304	(15,22)
-0.00004628316155927506341994322	(15,23)
-0.00002892808290326248560623116	(15,24)
-0.00001618507857242716218460572	(15,25)
-7.79980566776695363888298e-6	(15,26)
-3.02481814801126561091379e-6	(15,27)
-8.2232919652523999186496e-7	(15,28)
-1.0969977088244207739891e-7	(15,29)
-1.37401978426348351648e-9	(15,30)
-7.2386254728281070614694e-7	(16,1)
-6.50237215859272214451127e-6	(16,2)
-0.00001798701137365188189901871	(16,3)
-0.00003500386315327979979209139	(16,4)
-0.00005722401318099638351845938	(16,5)
-0.00008409540113487021017450101	(16,6)
-0.00011477393874322341886037296	(16,7)
-0.00014807108403349985379123629	(16,8)
-0.00018243620553960016047590387	(16,9)
-0.00021599009960041768207624332	(16,10)
-0.00024662025888396737645613173	(16,11)
-0.0002721389955119228657583205	(16,12)
-0.0002904933686364058834765215	(16,13)
-0.0003000031331372559031056157	(16,14)
-0.0002995923829279035109010831	(16,15)
-0.0002889750695516129894143889	(16,16)
-0.0002687563369955114643819148	(16,17)
-0.0002404214751771655011932597	(16,18)
-0.00020620131702134816070545	(16,19)
-0.0001688243440903852393791549	(16,20)
-0.000131187532384442756249505	(16,21)
-0.00009599546993557427288683446	(16,22)
-0.00006542645709887804155302478	(16,23)
-0.00004088262473100500072452156	(16,24)
-0.00002286823049673847022752627	(16,25)
-0.00001101825039788954029903708	(16,26)
-4.27222393766892832986308e-6	(16,27)
-1.16129634455217685596047e-6	(16,28)
-1.5490446354212559205651e-7	(16,29)
-1.94013237081973477234e-9	(16,30)
-9.8876176925176535714358e-7	(17,1)
-8.88192911776942902882763e-6	(17,2)
-0.00002456936655424314462742335	(17,3)
-0.00004781335521606789494000117	(17,4)
-0.00007816415429653747982133151	(17,5)
-0.00011486669833811030244568421	(17,6)
-0.00015676632061224836428412167	(17,7)
-0.00020223707201188646713856877	(17,8)
-0.0002491577762175576146426357	(17,9)
-0.00029495824829775281411767759	(17,10)
-0.00033675016718021698822253375	(17,11)
-0.0003715440237376717000232858	(17,12)
-0.0003965368502188824560384006	(17,13)
-0.0004094379526469167569332783	(17,14)
-0.0004087854450057154011606276	(17,15)
-0.0003941989644136020358110241	(17,16)
-0.0003665165424305773144350347	(17,17)
-0.0003277773385645011620034319	(17,18)
-0.0002810354454723534990993357	(17,19)
-0.0002300194096927834739415699	(17,20)
-0.0001786818131447215434554571	(17,21)
-0.0001307069320647456949767315	(17,22)
-0.00008905664264272755962814059	(17,23)
-0.00005563202756754850637200412	(17,24)
-0.00003111022739340542088914261	(17,25)
-0.00001498587128716497046589522	(17,26)
-5.80950260044904742428278e-6	(17,27)
-1.5789291401495863471486e-6	(17,28)
-2.1059058154516463254768e-7	(17,29)
-2.63744727325447989713e-9	(17,30)
-1.30314517983463883318782e-6	(18,1)
-0.00001170599542781845187195655	(18,2)
-0.00003238130951606330101607087	(18,3)
-0.00006301555128657130832710887	(18,4)
-0.0001030152976053397975648802	(18,5)
-0.00015138394969543011517825585	(18,6)
-0.00020659720224430839398014367	(18,7)
-0.0002665084672549056775549183	(18,8)
-0.00032831753273008595781743024	(18,9)
-0.00038863212715318699701785782	(18,10)
-0.0004436415076563832112586477	(18,11)
-0.0004894038173537105646254414	(18,12)
-0.0005222267549349348387485551	(18,13)
-0.0005390979208696561905003511	(18,14)
-0.0005381021654903237827378253	(18,15)
-0.0005187536115725859339717972	(18,16)
-0.0004821737326290806697955078	(18,17)
-0.0004310653536359970553973447	(18,18)
-0.0003694637904740667091743245	(18,19)
-0.0003022853543474500725862146	(18,20)
-0.0002347325415513435122497985	(18,21)
-0.0001716460763201763234992416	(18,22)
-0.0001169094160666482415798328	(18,23)
-0.00007300711979335789164693987	(18,24)
-0.00004081440122019728737509763	(18,25)
-0.0000196552335514652518749337	(18,26)
-7.61798499758876824392658e-6	(18,27)
-2.07009474563162153513096e-6	(18,28)
-2.7606818381674277447221e-7	(18,29)
-3.45728973361334795596e-9	(18,30)
-1.65882734349424447756498e-6	(19,1)
-0.00001490104184508720177028613	(19,2)
-0.00004121943379381871921915161	(19,3)
-0.00008021455824202703411478011	(19,4)
-0.00013113004794993508652354173	(19,5)
-0.00019269521894991285142705496	(19,6)
-0.00026296615406885488807102321	(19,7)
-0.00033920516674628093211064133	(19,8)
-0.00041784121643891025854443636	(19,9)
-0.00049454920570176861883608473	(19,10)
-0.000564472522641783668666272	(19,11)
-0.0006225908660363615503194826	(19,12)
-0.0006642068834394397603906336	(19,13)
-0.0006854954550749863931226736	(19,14)
-0.0006840351794369200360995102	(19,15)
-0.0006592295122081183700777263	(19,16)
-0.0006125301433351473676232251	(19,17)
-0.0005473992829222618766063417	(19,18)
-0.0004689879614986343606360127	(19,19)
-0.0003835574098656907240080985	(19,20)
-0.0002977202671272864160382422	(19,21)
-0.0002176171266842931347887956	(19,22)
-0.0001481627667562848682410975	(19,23)
-0.00009249016434117236634634204	(19,24)
-0.0000516890774236118110325722	(19,25)
-0.00002488493404789101991632191	(19,26)
-9.64256354984241603030023e-6	(19,27)
-2.61975490159080391680634e-6	(19,28)
-3.493260088713638631496e-7	(19,29)
-4.37443559773471777656e-9	(19,30)
-2.04018514909410184988028e-6	(20,1)
-0.00001832672742625726383938146	(20,2)
-0.00005069551808994939680020626	(20,3)
-0.00009865482928638495754276406	(20,4)
-0.00016127308036374469356952313	(20,5)
-0.00023698463912030997118164386	(20,6)
-0.00032339383235531925803170156	(20,7)
-0.0004171265014039296656402581	(20,8)
-0.000513781744288974296870075	(20,9)
-0.000608030713280916379444234	(20,10)
-0.0006938924690481752941106585	(20,11)
-0.0007651891426661190294268803	(20,12)
-0.0008161472619842600399920345	(20,13)
-0.0008420753128117286249337786	(20,14)
-0.000840017694451087048453515	(20,15)
-0.0008092705965863826700789458	(20,16)
-0.0007516522048546252068626839	(20,17)
-0.0006714500233387430929940418	(20,18)
-0.0005750185492995818258176029	(20,19)
-0.0004700623823081563715075298	(20,20)
-0.0003647008318784902568929046	(20,21)
-0.0002664570610928530586314311	(20,22)
-0.0001813368538470234816413117	(20,23)
-0.00011315320721118769682574559	(20,24)
-0.00006321355410183974567054407	(20,25)
-0.00003042340607056844341344235	(20,26)
-0.00001178547628254888496959382	(20,27)
-3.2012896673262234247709e-6	(20,28)
-4.2680909840203752411779e-7	(20,29)
-5.34433385423118696633e-9	(20,30)
-2.42311333721736981737744e-6	(21,1)
-0.00002176651728925675304700381	(21,2)
-0.00006021057544991533513247961	(21,3)
-0.0001171706779230865935154658	(21,4)
-0.00019153866574422311460855126	(21,5)
-0.0002814513761327896001720493	(21,6)
-0.00038405716746706045087452266	(21,7)
-0.00049533935857976589052663724	(21,8)
-0.00061005947373904320838153861	(21,9)
-0.0007218762432927758050325984	(21,10)
-0.0008236760373790199731107037	(21,11)
-0.000908117071299482880308017	(21,12)
-0.0009683472470524506257185064	(21,13)
-0.0009988114665217567499650598	(21,14)
-0.0009960286628983626501836771	(21,15)
-0.0009592017568197189764863112	(21,16)
-0.0008905326605713367357122889	(21,17)
-0.0007951515255009471336278185	(21,18)
-0.0006806302694384579342008392	(21,19)
-0.0005561243836503200327592666	(21,20)
-0.0004312592671118214843849692	(21,21)
-0.0003149322024873577530170008	(21,22)
-0.0002142258228471636070957046	(21,23)
-0.00013361681640004766384175337	(21,24)
-0.0000746157053132709752212891	(21,25)
-0.0000358984162853537898805231	(21,26)
-0.00001390232727004089568843922	(21,27)
-3.77543520166199827487118e-6	(21,28)
-5.0327888230358610803459e-7	(21,29)
-6.30136549113174848882e-9	(21,30)
-2.7742613639568697257172e-6	(22,1)
-0.00002492082764278392586357123	(22,2)
-0.00006893589447371699971683224	(22,3)
-0.00013414940543735856871756057	(22,4)
-0.0002192904764194161445409396	(22,5)
-0.00032222140315405384332368214	(22,6)
-0.00043966948850345336933922071	(22,7)
-0.00056702458467225933516222346	(22,8)
-0.00069827481297054331082667931	(22,9)
-0.0008261448700605087068364779	(22,10)
-0.0009424778212718315271105715	(22,11)
-0.0010388626382198396567280011	(22,12)
-0.0011074605680759692286967897	(22,13)
-0.0011419325958033429203446093	(22,14)
-0.0011383294421613716335948333	(22,15)
-0.0010957864603735744690245775	(22,16)
-0.0010168769347514495289963609	(22,17)
-0.000907520954157179838778203	(22,18)
-0.0007764178278464492542954676	(22,19)
-0.0006340552991674617193730767	(22,20)
-0.0004914312828001839899944643	(22,21)
-0.0003586855083648363763023768	(22,22)
-0.0002438649743861601669378535	(22,23)
-0.00015203137078676564936272042	(22,24)
-0.00008486242804890520782271288	(22,25)
-0.0000408128455496511579211444	(22,26)
-0.00001580057407335510406494625	(22,27)
-4.28989847425522654059478e-6	(22,28)
-5.7176413080573262159902e-7	(22,29)
-7.1582440470140537701e-9	(22,30)
-3.05055129411415702219073e-6	(23,1)
-0.00002740269533165137376847933	(23,2)
-0.00007580106505159922103812428	(23,3)
-0.00014750802791251585615934921	(23,4)
-0.00024112365117142174228285335	(23,5)
-0.00035429206226931214929212932	(23,6)
-0.00048340556754055102016257983	(23,7)
-0.0006233816755128112696034487	(23,8)
-0.0007675932363409082419535025	(23,9)
-0.0009080229279158975009639313	(23,10)
-0.0010356871202317886965267462	(23,11)
-0.0011413311040884573962947021	(23,12)
-0.0012163429732332694483576987	(23,13)
-0.0012537770797862754153881472	(23,14)
-0.0012493330242337112207538011	(23,15)
-0.0012021156741862059286880236	(23,16)
-0.0011150150512392635881867859	(23,17)
-0.0009945943719516007961088771	(23,18)
-0.0008504536826133870326691011	(23,19)
-0.0006941309872521763650385784	(23,20)
-0.0005376931301504125347284731	(23,21)
-0.0003922351192249812781152093	(23,22)
-0.0002665336502955101805778205	(23,23)
-0.00016608111208824363660553683	(23,24)
-0.00009266304194929977228139805	(23,25)
-0.00004454680099075458678925751	(23,26)
-0.00001724049861760236906027544	(23,27)
-4.67965293201433903663821e-6	(23,28)
-6.236032672651627273327e-7	(23,29)
-7.80656375286249300318e-9	(23,30)
-3.19897088735171964671112e-6	(24,1)
-0.00002873591947156913581334396	(24,2)
-0.00007948884363470940171506791	(24,3)
-0.00015468332083323362828688572	(24,4)
-0.00025284865957749506736313991	(24,5)
-0.00037150873943492698080036727	(24,6)
-0.00050687066820497644052021916	(24,7)
-0.00065359058247395933443209026	(24,8)
-0.000804701275002321257686471	(24,9)
-0.0009517767787651160440605227	(24,10)
-0.0010853811870959962248859349	(24,11)
-0.001195803254154674252578197	(24,12)
-0.0012740202866937202924208152	(24,13)
-0.0013127752156368715976570831	(24,14)
-0.0013076035209284348265612891	(24,15)
-0.0012576257843821323016227975	(24,16)
-0.0011659368241424778288256771	(24,17)
-0.0010394757453506903113876508	(24,18)
-0.0008883456286162350017756022	(24,19)
-0.0007246513243528613065047663	(24,20)
-0.000561018196202502349308701	(24,21)
-0.0004090228208030341831054851	(24,22)
-0.0002777928142600225255773646	(24,23)
-0.00017301025251741857294414879	(24,24)
-0.000096485208528974495552171	(24,25)
-0.0000463658337146602747589598	(24,26)
-0.00001793856828935223749112414	(24,27)
-4.86788852853056957206022e-6	(24,28)
-6.4857437756392874833251e-7	(24,29)
-8.1184486195821130776e-9	(24,30)
-3.15664531700867775798667e-6	(25,1)
-0.00002835570606854476654671968	(25,2)
-0.00007843694344139343428508351	(25,3)
-0.00015263534707974867088198017	(25,4)
-0.00024949723524518290180258934	(25,5)
-0.00036657404470230099809737734	(25,6)
-0.00050011412386956922064143405	(25,7)
-0.00064483129219201967584214991	(25,8)
-0.000793834256778885505171061	(25,9)
-0.000938791422423283762118878	(25,10)
-0.0010703777965072314764774118	(25,11)
-0.0011790050044134701415363526	(25,12)
-0.0012557775384987034066664948	(25,13)
-0.0012935590611744936784966097	(25,14)
-0.0012879859402235816233661836	(25,15)
-0.0012382451122466906752599237	(25,16)
-0.0011474494606407916518883531	(25,17)
-0.0010224979878350368094238343	(25,18)
-0.0008733925949120560696517758	(25,19)
-0.0007120823121031969458880391	(25,20)
-0.0005509985530448176676026002	(25,21)
-0.0004015108173555778749775143	(25,22)
-0.0002725560245511706623601418	(25,23)
-0.00016967019479070511764619451	(25,24)
-0.00009458277350912179113876292	(25,25)
-0.00004543494476277315770645564	(25,26)
-0.00001757305421993205913965618	(25,27)
-4.76757781228523346046513e-6	(25,28)
-6.3510760904749278958288e-7	(25,29)
-7.94923473608081050468e-9	(25,30)
-2.85120517597426805522786e-6	(26,1)
-0.00002561197420047259850200099	(26,2)
-0.0000708471880776519523658454	(26,3)
-0.00013786532047589882582683501	(26,4)
-0.00022535176674305419063842573	(26,5)
-0.0003310915266245876805080887	(26,6)
-0.00045169018685078156471518562	(26,7)
-0.00058236466130207323221127452	(26,8)
-0.0007168799855797855387692799	(26,9)
-0.0008476997477949371750999129	(26,10)
-0.00096639236408409079418156	(26,11)
-0.0010642937781815454029945876	(26,12)
-0.0011333744657597829530612115	(26,13)
-0.0011672047603190411831322515	(26,14)
-0.0011618703659678753889042951	(26,15)
-0.001116672149688835293639729	(26,16)
-0.0010344595740133349577831573	(26,17)
-0.0009214969110334738357694664	(26,18)
-0.0007868385331736948628871714	(26,19)
-0.0006412793802184960341597	(26,20)
-0.0004960301617654786824551438	(26,21)
-0.0003613253952014030997206118	(26,22)
-0.0002451925118268183502748131	(26,23)
-0.0001525868681104134401387816	(26,24)
-0.00008503487479443946306769975	(26,25)
-0.00004083801946234659815519938	(26,26)
-0.00001579175309886040916689487	(26,27)
-4.28361330120358056722602e-6	(26,28)
-5.7057371147070551339951e-7	(26,29)
-7.14110577387145984997e-9	(26,30)
-2.20147932130922463013901e-6	(27,1)
-0.00001977558022024643117946764	(27,2)
-0.00005470273767567339569700606	(27,3)
-0.00010644918284719575612059694	(27,4)
-0.00017400039135800623416066846	(27,5)
-0.00025564719920642229273950436	(27,6)
-0.00034877057473607211874380198	(27,7)
-0.00044968012069641758039867	(27,8)
-0.0005535651077708507773371555	(27,9)
-0.0006546101366924232106428697	(27,10)
-0.0007463080048432964622004822	(27,11)
-0.0008219703222527107093783226	(27,12)
-0.0008753958608473774545894135	(27,13)
-0.0009016151321722000140242402	(27,14)
-0.0008975971636996344014933298	(27,15)
-0.0008627906236877516083574676	(27,16)
-0.0007993830153407032647558381	(27,17)
-0.0007121998047367752587600546	(27,18)
-0.00060822464241726788375723	(27,19)
-0.0004957910221461426847027541	(27,20)
-0.0003835602084769776679211468	(27,21)
-0.0002794457356593928888772672	(27,22)
-0.0001896607576135602646657585	(27,23)
-0.0001180469295479040326418064	(27,24)
-0.00006579548912486571015918858	(27,25)
-0.00003160223755994466106417218	(27,26)
-0.00001222161944113294299345612	(27,27)
-3.31545995078071342505195e-6	(27,28)
-4.4164088646091256016633e-7	(27,29)
-5.52758143897122697175e-9	(27,30)
-1.11854424049013589106396e-6	(28,1)
-0.00001004774455902602884640005	(28,2)
-0.0000277941742936692560488457	(28,3)
-0.00005408842272814267620524693	(28,4)
-0.00008842027891970381034658838	(28,5)
-0.00012993250607949333067578871	(28,6)
-0.00017731359106852531787171491	(28,7)
-0.0002287164034141952970314684	(28,8)
-0.0002817315035396039676339233	(28,9)
-0.000333440713114229588266972	(28,10)
-0.0003805674094508947682258699	(28,11)
-0.0004197249362884820055463402	(28,12)
-0.0004477452668542737454641218	(28,13)
-0.0004620499722044613935561691	(28,14)
-0.0004610091039810564585563194	(28,15)
-0.0004442253754626497603187973	(28,16)
-0.0004126844768201303103023867	(28,17)
-0.0003687286882944873968690459	(28,18)
-0.0003158384140875222741756593	(28,19)
-0.0002582402035205017349308388	(28,20)
-0.0002003935447401635985487755	(28,21)
-0.0001464349106921894030888546	(28,22)
-0.0000996700583952308437698986	(28,23)
-0.0000622009708374443557939548	(28,24)
-0.00003475223080128871722744361	(28,25)
-0.00001672682602397653249726279	(28,26)
-6.48004310039557497332826e-6	(28,27)
-1.76024649765907672775523e-6	(28,28)
-2.34689405006894471733e-7	(28,29)
-2.93872448858793723197e-9	(28,30)
4.928438937694731023686e-7	(29,1)
4.42708384811599459258278e-6	(29,2)
0.00001224490390428877207133113	(29,3)
0.00002382060406936696077655779	(29,4)
0.00003890884837294609316673863	(29,5)
0.00005708831111376850048825032	(29,6)
0.00007770622082724818850027256	(29,7)
0.0000998397753687289889875267	(29,8)
0.0001222915398035561846690077	(29,9)
0.000143633453353081533455708	(29,10)
0.0001623070117457823433584364	(29,11)
0.00017677581016902365377845	(29,12)
0.0001857128486195938082662224	(29,13)
0.0001881922857005254796909825	(29,14)
0.0001838478484980527867994863	(29,15)
0.0001729613102135597413664127	(29,16)
0.0001564555608199153394128394	(29,17)
0.0001357859358687674152028013	(29,18)
0.000112745867759306593702365	(29,19)
0.0000892223437273948136561967	(29,20)
0.0000669474988164899534897979	(29,21)
0.0000472919548124947762842274	(29,22)
0.000031133874139809215137588	(29,23)
0.0000188190426854003279242963	(29,24)
0.0000102073012439896883045081	(29,25)
4.78472951646216313789838e-6	(29,26)
1.8125907950194734773278e-6	(29,27)
4.8380710054133571609088e-7	(29,28)
6.373009019340988086324e-8	(29,29)
7.9311242851562179707e-10	(29,30)
2.73242111462876334542927e-6	(30,1)
0.00002454480549251798547186177	(30,2)
0.00006789244840925432915360365	(30,3)
0.00013209821189460779756647026	(30,4)
0.00021585993075897310971441428	(30,5)
0.00031696497503393448814303247	(30,6)
0.00043200599987720166027746158	(30,7)
0.0005561748605003611784037682	(30,8)
0.0006832170062150687708395546	(30,9)
0.0008056179902265235693220969	(30,10)
0.0009150630939620392434676727	(30,11)
0.0010031613035047428818509173	(30,12)
0.0010623634034406501114920901	(30,13)
0.0010869444343626014273573923	(30,14)
0.0010738801131625552115998467	(30,15)
0.0010234400730465411552821512	(30,16)
0.0009393554828405353024547385	(30,17)
0.0008284909911832024800743154	(30,18)
0.0007000457903574394842068518	(30,19)
0.0005644031935202006419918534	(30,20)
0.0004318190735394905061717986	(30,21)
0.0003111698709193790733909896	(30,22)
0.0002089649200266637194461437	(30,23)
0.0001287719206072989396982161	(30,24)
0.00007112390814904128607441913	(30,25)
0.00003389017167952241293514002	(30,26)
0.00001301952632994334643334503	(30,27)
3.51375675858608639258435e-6	(30,28)
4.6641235391953433032721e-7	(30,29)
5.82722457917281384641e-9	(30,30)
5.70219594247600687172302e-6	(31,1)
0.00005122173054479679055691363	(31,2)
0.00014168279744272191360182549	(31,3)
0.00027567400256221320457149969	(31,4)
0.00045048290226352625824247436	(31,5)
0.00066150268033208622110175577	(31,6)
0.0009016410256498034816422785	(31,7)
0.0011608908992554068649508133	(31,8)
0.0014262339207471063217726331	(31,9)
0.0016820250295684528672813174	(31,10)
0.0019109437606608754770216503	(31,11)
0.0020954946506327893823270987	(31,12)
0.0022199122341729817337171351	(31,13)
0.0022722029367083128766615165	(31,14)
0.0022459717411607590549943392	(31,15)
0.0021416667523081394056368761	(31,16)
0.0019669452847365118569170293	(31,17)
0.0017360133062376854172534982	(31,18)
0.001467984998002022705588742	(31,19)
0.0011845045408288044228372633	(31,20)
0.0009070202051389142544193982	(31,21)
0.0006541665247780374344957354	(31,22)
0.0004396814394358672033170651	(31,23)
0.0002711737783368842346365155	(31,24)
0.00014989270819973688591436184	(31,25)
0.00007147305277471460870224944	(31,26)
0.00002747400131050425870965138	(31,27)
7.41824975968482936935344e-6	(31,28)
9.8500815234237348184819e-7	(31,29)
1.230843931785730773508e-8	(31,30)
9.50386299101395966627736e-6	(32,1)
0.00008537134545987836455353803	(32,2)
0.00023614240492194975403777545	(32,3)
0.00045946177558709063448976319	(32,4)
0.00075080014190188840078976883	(32,5)
0.00110246134688377907452260677	(32,6)
0.0015025939352919721791137024	(32,7)
0.0019344749810181031262546815	(32,8)
0.0023763526662600967994733434	(32,9)
0.0028020966980755832565747465	(32,10)
0.0031827986185017433049960837	(32,11)
0.0034892904461705364482698301	(32,12)
0.003695336003224466254356355	(32,13)
0.0037810426713033457764131304	(32,14)
0.003735901241541062641420234	(32,15)
0.003560839977980947273034903	(32,16)
0.0032688013660807552260223759	(32,17)
0.0028836020609857557190398695	(32,18)
0.0024371646022611279112620499	(32,19)
0.0019655347908281487095052379	(32,20)
0.0015043413013787307485165813	(32,21)
0.001084457233373687814221531	(32,22)
0.0007285685980033236008912955	(32,23)
0.000449164471405616064447027	(32,24)
0.00024818975281040961091644959	(32,25)
0.00011830796547904697366446031	(32,26)
0.00004546596288907932820679035	(32,27)
0.0000122739563234768754199623	(32,28)
1.62955221652820983719995e-6	(32,29)
2.036122914104207048463e-8	(32,30)
0.00001423589601513760914150415	(33,1)
0.0001278782002435666996435486	(33,2)
0.00035371760823071222413869284	(33,3)
0.00068821896860110848303672604	(33,4)
0.00112457672198079177834586166	(33,5)
0.00165121807752886280913389799	(33,6)
0.0022503142740078017521328064	(33,7)
0.0028967056901947044866311442	(33,8)
0.0035576746101634743243155899	(33,9)
0.0041939420655363788183880297	(33,10)
0.0047621012777310678854461653	(33,11)
0.00521843475990444833104846	(33,12)
0.0055237357836033857108555941	(33,13)
0.0056484419426770698376145471	(33,14)
0.005577179876406362922809707	(33,15)
0.0053117948741084922917761748	(33,16)
0.0048721338393848183374740554	(33,17)
0.0042942400201563909275689317	(33,18)
0.003626117774060800093157844	(33,19)
0.0029217135702164236348954227	(33,20)
0.0022341145717939940344312024	(33,21)
0.0016091056715372285772896788	(33,22)
0.0010801274121470710531069148	(33,23)
0.0006653798088928624302958357	(33,24)
0.00036740265393903243158351853	(33,25)
0.00017502802518703987357176169	(33,26)
0.00006722975650284221164415744	(33,27)
0.0000181422863570647300937575	(33,28)
2.40803107854988572499289e-6	(33,29)
3.008433582619983455076e-8	(33,30)
0.00001999038682825849981583739	(34,1)
0.00017956951313312640781591888	(34,2)
0.00049669608630429618670124527	(34,3)
0.00096639384664006838627056578	(34,4)
0.00157907073317014228816711879	(34,5)
0.00231840062851313522938114874	(34,6)
0.0031592191471599729901270013	(34,7)
0.0040660106810039355704598739	(34,8)
0.0049926037978900268294500492	(34,9)
0.0058836091565481848671944084	(34,10)
0.0066778978963121727423769833	(34,11)
0.0073140365686322156509548901	(34,12)
0.0077371268325585467963720344	(34,13)
0.0079060528045440402814859384	(34,14)
0.0077998479459576908941889501	(34,15)
0.007421869545594893308250713	(34,16)
0.0068007617131803096481161787	(34,17)
0.005987756168238424390738644	(34,18)
0.0050505761729604163321948632	(34,19)
0.0040648950270510681571453964	(34,20)
0.0031047850927869849975581373	(34,21)
0.0022337641298645719954487569	(34,22)
0.001497879865783377798792247	(34,23)
0.0009218353473706215143367667	(34,24)
0.00050856843403772821181333532	(34,25)
0.00024209613233072816073489882	(34,26)
0.00009293337342832414929736872	(34,27)
0.00002506654876439991409165029	(34,28)
3.32601161314738224159859e-6	(34,29)
4.154616533554354796084e-8	(34,30)
0.00002684971475907305844714142	(35,1)
0.00024118525330471100691812841	(35,2)
0.00066712411265384467011148282	(35,3)
0.0012979645397913785769964826	(35,4)
0.0021207704022134894402347017	(35,5)
0.0031135018009907834727418303	(35,6)
0.0042421685843614193377451844	(35,7)
0.0054587931016312868674381961	(35,8)
0.0067010228423158268373342138	(35,9)
0.0078941186652183577526672948	(35,10)
0.0089557179780729899666327287	(35,11)
0.0098032456505161425070249391	(35,12)
0.0103632028325602565940841425	(35,13)
0.0105809571705480335162844384	(35,14)
0.0104292703711465584991190556	(35,15)
0.0099137849265349549278426548	(35,16)
0.0090741141929956997957844164	(35,17)
0.0079799742017071210185720838	(35,18)
0.0067227777683877712247350108	(35,19)
0.0054040334418506339714279422	(35,20)
0.0041225209167110618243687696	(35,21)
0.0029624064840895028115501001	(35,22)
0.0019841988459777003322239402	(35,23)
0.0012198270663133043038694345	(35,24)
0.00067232146824666139954935475	(35,25)
0.00031978135307872676166190541	(35,26)
0.00012266976059311195238776394	(35,27)
0.00003306968683318570960574963	(35,28)
4.38634777714399019604198e-6	(35,29)
5.478117051412857151129e-8	(35,30)
0.00003488314657723450551446692	(36,1)
0.00031334759928208277218219657	(36,2)
0.00086672208686790771619212686	(36,3)
0.00168627476463765008582429741	(36,4)
0.00275512591583381541709335741	(36,5)
0.0040444864068995742541510554	(36,6)
0.0055099315727610124786386437	(36,7)
0.0070887475540831508029684866	(36,8)
0.0086994586616238423347522318	(36,9)
0.0102444899854077192532359742	(36,10)
0.0116164826932097737431372684	(36,11)
0.0127080762186072386972796838	(36,12)
0.0134241168742071805008307089	(36,13)
0.0136944526350344244548060571	(36,14)
0.0134849755358959868145946822	(36,15)
0.0128045802672274137440235533	(36,16)
0.0117062970426942454295620286	(36,17)
0.0102819311155619566126452579	(36,18)
0.0086508446675245611082179205	(36,19)
0.0069447137803753249601702083	(36,20)
0.0052908790666699237601465296	(36,21)
0.0037971055869382106920758804	(36,22)
0.0025401704339267603950585548	(36,23)
0.0015598533520258878434534342	(36,24)
0.00085885384287436923963907021	(36,25)
0.00040814147102620972585872427	(36,26)
0.00015645057839637594520751324	(36,27)
0.00004215268974089288570169283	(36,28)
5.58897844683815927789049e-6	(36,29)
6.978738031117005516865e-8	(36,30)
0.00004414347839222931475634272	(37,1)
0.00039653077468067072361658957	(37,2)
0.00109680111540904269813483916	(37,3)
0.00213387162214483455339557819	(37,4)
0.00348628476836223776504870714	(37,5)
0.0051174037716022933019579836	(37,6)
0.0069706604591417723267502698	(37,7)
0.008966188436668383195861365	(37,8)
0.0110002662261618438692135594	(37,9)
0.012948792890943254691135003	(37,10)
0.0146754487302313790517820592	(37,11)
0.0160442780877522166431284178	(37,12)
0.0169353234888505307243365579	(37,13)
0.0172609132346954293471472436	(37,14)
0.0169795817592261515975960288	(37,15)
0.0161046459753787453882864345	(37,16)
0.0147052614748779674761705438	(37,17)
0.0128991979185946837727804437	(37,18)
0.0108382569108962888561346583	(37,19)
0.008688767033852256296375539	(37,20)
0.0066105416439332736187119717	(37,21)
0.0047378645766972035074696634	(37,22)
0.003165494392484549935020352	(37,23)
0.0019415615584538049234211584	(37,24)
0.00106788975963556399830454538	(37,25)
0.00050701240982318285090240147	(37,26)
0.00019420265017421794428120456	(37,27)
0.00005229374053615444736357755	(37,28)
6.93082386912792999915751e-6	(37,29)
8.652516625748761797806e-8	(37,30)
0.00005466383839224598416132541	(38,1)
0.00049103232903874222867463762	(38,2)
0.00135818359507229338917306721	(38,3)
0.00264235121771893740755172379	(38,4)
0.0043168400196512187227999684	(38,5)
0.0063360195492059375292999493	(38,6)
0.0086293924790216538305565441	(38,7)
0.0110974147800347993117971025	(38,8)
0.0136108598540189642558926043	(38,9)
0.0160152595491418149154071389	(38,10)
0.0181412268121257622054584498	(38,11)
0.0198202978420766346100664629	(38,12)
0.0209045260375312071069956441	(38,13)
0.0212867695272921608123123423	(38,14)
0.0209178539676330454086254142	(38,15)
0.0198168928097180879762900146	(38,16)
0.0180721095631818509827513081	(38,17)
0.0158313305488620477314659666	(38,18)
0.0132834440861072280338077684	(38,19)
0.0106339862795286568175546539	(38,20)
0.0080791328485448436115817931	(38,21)
0.0057825088425628227770659238	(38,22)
0.0038584266723666378352191013	(38,23)
0.0023637210795659028132979711	(38,24)
0.00129867483766637375207037213	(38,25)
0.00061600484076413473885064235	(38,26)
0.00023576719417081131445989755	(38,27)
0.00006344811885158421401416469	(38,28)
8.40578258013402361137014e-6	(38,29)
1.0491726574562852668073e-7	(38,30)
0.00006645477207224295139298098	(39,1)
0.00059694695646122245182156598	(39,2)
0.00165113082117516615342922358	(39,3)
0.00321221798047404337185928821	(39,4)
0.0052476010555797288919219145	(39,5)
0.0077014809040237599455816189	(39,6)
0.0104875974934385387327622514	(39,7)
0.0134841359934933234474726431	(39,8)
0.0165330217797914648477166086	(39,9)
0.0194454914662832837471098069	(39,10)
0.022014913472595349434515221	(39,11)
0.0240363712868923654873268644	(39,12)
0.0253307717628183356396141117	(39,13)
0.0257696494425522129804587283	(39,14)
0.0252959292955447877552444213	(39,15)
0.0239360917866323169636886041	(39,16)
0.0218005649862669219331099175	(39,17)
0.0190714736727740322443619988	(39,18)
0.0159795113916179025507146492	(39,19)
0.012773954687865319547746897	(39,20)
0.0096911237709995741261047043	(39,21)
0.0069266423341155071890143304	(39,22)
0.0046157655921724436582721265	(39,23)
0.0028242234759957355659454869	(39,24)
0.001549980373133721471221911	(39,25)
0.00073450790401398316323477183	(39,26)
0.00028090177883113004273615713	(39,27)
0.0000755488357754029016710949	(39,28)
0.00001000482520091816598848441	(39,29)
1.2485001350695608726946e-7	(39,30)
0.00007950172959619562977759457	(40,1)
0.00071414392677710445225240563	(40,2)
0.00197528059229970445510148882	(40,3)
0.00384276345853110492562208267	(40,4)
0.0062773962704844984687153593	(40,5)
0.009212028832134695653634252	(40,6)
0.0125427905753200344426389062	(40,7)
0.0161229822605997971991156779	(40,8)
0.0197623166926613590474430058	(40,9)
0.0232337944435388504569446572	(40,10)
0.0262893725187143322950306067	(40,11)
0.0286837855017920814579899593	(40,12)
0.0302037329423491366493423405	(40,13)
0.030697716572403863286881946	(40,14)
0.0301007447279798479475608887	(40,15)
0.0284484129391778020728013337	(40,16)
0.0258766314085270419280415583	(40,17)
0.0226061336468795237520213298	(40,18)
0.0189141108587291296344193554	(40,19)
0.01509799157050758482611343	(40,20)
0.0114378276651020035963484127	(40,21)
0.0081636687934364470086003681	(40,22)
0.0054328812049817414624630831	(40,23)
0.0033201088590377743437814472	(40,24)
0.001820121872131136120699148	(40,25)
0.00086169961778806741172691109	(40,26)
0.00032928480669235263856975246	(40,27)
0.00008850794193952219809252401	(40,28)
0.00001171617671677294535305888	(40,29)
1.4617567284777314534056e-7	(40,30)
0.00009376306810932097508676878	(41,1)
0.00084224914254579816208510738	(41,2)
0.00232959761328601012752799587	(41,3)
0.00453197003378226630916522058	(41,4)
0.0074029165371565115281378798	(41,5)
0.0108627705592700972653418113	(41,6)
0.0147882268897940262493141661	(41,7)
0.0190051216728780084542125373	(41,8)
0.0232876387263285155745925578	(41,9)
0.0273666717215112148537205028	(41,10)
0.030948698899776139310458717	(41,11)
0.0337443442099369467812521406	(41,12)
0.0355032070611129335932668791	(41,13)
0.0360492361972216491769661808	(41,14)
0.0353096928667692061985009391	(41,15)
0.0333311836702008728468455325	(41,16)
0.0302784534161809792012654355	(41,17)
0.026415129945353947683419103	(41,18)
0.0220694622296957698720383679	(41,19)
0.0175912173723334321273770718	(41,20)
0.0133074843574210750233016167	(41,21)
0.0094848755467931203334530803	(41,22)
0.0063037853995135693853388729	(41,23)
0.0038476165425960626345655826	(41,24)
0.0021069905283632638501031435	(41,25)
0.00099656325073476974796307392	(41,26)
0.00038052222025916735398595746	(41,27)
0.00010221842038709844135276183	(41,28)
0.00001352557499995733778846398	(41,29)
1.6871571059998613054926e-7	(41,30)
0.00010916867029845418341751026	(42,1)
0.00098063273176899577353237544	(42,2)
0.00271233921160845141507425872	(42,3)
0.0052764444398566209597572647	(42,4)
0.0086186074074982162088122279	(42,5)
0.0126455235746509560674964912	(42,6)
0.0172126943871371686761626478	(42,7)
0.0221160036160137959514876337	(42,8)
0.0270909140578714831044391662	(42,9)
0.0318225013203423349249266815	(42,10)
0.0359678926155051576730227003	(42,11)
0.0391900641578079746387638198	(42,12)
0.041198862025348512575463154	(42,13)
0.0417923917396933780213329167	(42,14)
0.0408905238557924702754464975	(42,15)
0.0385528793130360935319023466	(42,16)
0.0349763871191211728780238768	(42,17)
0.0304717272521531235515030668	(42,18)
0.0254225218932504873670906962	(42,19)
0.0202347335969743871261471689	(42,20)
0.0152854287478187958591331841	(42,21)
0.0108795749048750107242689336	(42,22)
0.0072212386183529407559033372	(42,23)
0.0044022569998627603663675121	(42,24)
0.0024080958101055648541627353	(42,25)
0.00113790870556157250932012983	(42,26)
0.00043415604094073889908633512	(42,27)
0.00011655655466705830535507302	(42,28)
0.00001541659063585328746063974	(42,29)
1.9226482667506925607422e-7	(42,30)
0.00012561926460587970084095111	(43,1)
0.00112840294338758195565671934	(43,2)
0.00312103848706573989435985563	(43,3)
0.0060713851963954576074325821	(43,4)
0.0099166167213585055766153082	(43,5)
0.0145487409846772597128767779	(43,6)
0.019800417231687718291033697	(43,7)
0.0254352445071577941420217508	(43,8)
0.0311469779515888862406453964	(43,9)
0.0365714182990282148632694478	(43,10)
0.0413127640408404706058953011	(43,11)
0.044983123029894504829013018	(43,12)
0.0472502445060550559008871361	(43,13)
0.0478853658868580536680202013	(43,14)
0.0468015028731886081609640312	(43,15)
0.044073350106688742822433694	(43,16)
0.0399332797441433356368588066	(43,17)
0.0347429435953841307980641005	(43,18)
0.0289452926482876879799381365	(43,19)
0.0230059092987433845674377381	(43,20)
0.0173543352139447155268195525	(43,21)
0.0123352961239460742286035902	(43,22)
0.0081768877929016712733264313	(43,23)
0.0049789014512893135969793199	(43,24)
0.0027206169721764740018622634	(43,25)
0.00128439781493307127853865	(43,26)
0.0004896743020164245345649455	(43,27)
0.00013138465044259712545944288	(43,28)
0.00001737099162370580299361831	(43,29)
2.1659553130984652328125e-7	(43,30)
0.00014298651271868275125234456	(44,1)
0.00128440693492481293720163739	(44,2)
0.00355250652296186070915303505	(44,3)
0.0069105871148507235940395367	(44,4)
0.011286802731724203934683542	(44,5)
0.016557525554882903965150891	(44,6)
0.0225310797096167794839797442	(44,7)
0.0289366678413471944177972551	(44,8)
0.0354236399222544615107275649	(44,9)
0.041575416463371472645991189	(44,10)
0.0469400848729991058691947965	(44,11)
0.0510760714134459227433042949	(44,12)
0.0536070608870646425557471803	(44,13)
0.0542766917290281991859925026	(44,14)
0.0529918238190446192656043767	(44,15)
0.0498442805369616656114440037	(44,16)
0.0451049501862775754777591673	(44,17)
0.0391900237136898272153000945	(44,18)
0.0326052621852995313838508219	(44,19)
0.0258787621843644681254915295	(44,20)
0.0194945272906001209978923503	(44,21)
0.0138380193584593105629402317	(44,22)
0.0091614292373480936881280543	(44,23)
0.0055718849817486647970257574	(44,24)
0.0030414611235168655405781716	(44,25)
0.0014345723843931027751202262	(44,26)
0.00054652191822861809663351807	(44,27)
0.00014655398543122330774767183	(44,28)
0.00001936913619742074610042858	(44,29)
2.4146305987732437485178e-7	(44,30)
0.00016111390692603976888350126	(45,1)
0.00144723883476305122496147934	(45,2)
0.0040028547146709527822932575	(45,3)
0.0077864849171699752919162548	(45,4)
0.0127168060330033052087223108	(45,5)
0.018653737130511212864695641	(45,6)
0.0253799767011706549070902644	(45,7)
0.0325885057844886709192121487	(45,8)
0.0398819448775254591126119668	(45,9)
0.0467886771818263175619799947	(45,10)
0.052797991104351467613647411	(45,11)
0.0574123128125528802567164593	(45,12)
0.0602097313747018487859630883	(45,13)
0.0609058703302674903389468534	(45,14)
0.0594022712980659581780074989	(45,15)
0.0558098692719772369346768677	(45,16)
0.0504408558880497064315177579	(45,17)
0.0437690615631431425030994491	(45,18)
0.0363659542441165584562183532	(45,19)
0.0288244196760708993853449056	(45,20)
0.0216843403244952193247858059	(45,21)
0.0153724421183147481988295286	(45,22)
0.0101647898165373559510498637	(45,23)
0.0061751189310681873360239852	(45,24)
0.0033673254509670724691409653	(45,25)
0.00158688382545294833302913605	(45,26)
0.00060411204499052333953848361	(45,27)
0.00016190786677461695801130925	(45,28)
0.0000213903777122202602770289	(45,29)
2.6661042471550268958517e-7	(45,30)
0.00017981849444370177821782984	(46,1)
0.00161525523254512591447879267	(46,2)
0.0044675376381344604783093452	(46,3)
0.0086902367768929549055624581	(46,4)
0.0141921865679573495210294839	(46,5)
0.0208161951779119316311084178	(46,6)
0.0283182927968532762415711141	(46,7)
0.0363537644182049879734302795	(46,8)
0.0444766318440137337053560343	(46,9)
0.0521581256807794449083211846	(46,10)
0.0588266362944033521102825021	(46,11)
0.0639268470285580806884049545	(46,12)
0.0669902089681242991373708173	(46,13)
0.0677042425397531156073764639	(46,14)
0.0659661150723137203292435245	(46,15)
0.0619077110439712984052707764	(46,16)
0.0558849258362531497328054018	(46,17)
0.0484317516825980970912374119	(46,18)
0.040187573539107557465798497	(46,19)
0.0318116435458107662645694656	(46,20)
0.0239005239135836031303957408	(46,21)
0.0169222684122511999807353266	(46,22)
0.0111763196766623070918347576	(46,23)
0.0067822083966187307522750457	(46,24)
0.0036947613056787564345012024	(46,25)
0.00173972329401176969041445695	(46,26)
0.00066183751453390692676523828	(46,27)
0.0001772846855530784091475489	(46,28)
0.00002341346707130964189160928	(46,29)
2.9177342326431700068697e-7	(46,30)
0.00019889341874321163147131296	(47,1)
0.00178659800811251377053729176	(47,2)
0.0049414162086769062423448565	(47,3)
0.0096118472856733608419697097	(47,4)
0.0156966248588342024320097614	(47,5)
0.0230209750751615840446127193	(47,6)
0.0313135079250567703875003564	(47,7)
0.0401907493834101049499900844	(47,8)
0.0491567854147266713900906795	(47,9)
0.0576242077564976558749803093	(47,10)
0.0649590852627141092884965244	(47,11)
0.0705472637065191409700493149	(47,12)
0.073873046530656046980954557	(47,13)
0.0745960949025761730598405397	(47,14)
0.0726102141293108374571872116	(47,15)
0.06806985603344639160503156	(47,16)
0.0613765350678398828164831363	(47,17)
0.0531262461294643172841564914	(47,18)
0.0440277237686321220200618932	(47,19)
0.0348074009191317927833023096	(47,20)
0.0261186707795260406656667262	(47,21)
0.018470510954518295952329083	(47,22)
0.0121849901493365112537830116	(47,23)
0.0073865709881251346248708831	(47,24)
0.0040202380737041107038222543	(47,25)
0.00189145137077650347950953851	(47,26)
0.00071908198872383405649078817	(47,27)
0.00019252087343669672413988375	(47,28)
0.00002541694029325056650347848	(47,29)
3.1668544897803854151039e-7	(47,30)
0.00021811124026771556354071613	(48,1)
0.001959224160985270646694426	(48,2)
0.0054188401937584157103602997	(48,3)
0.0105403280141368590620896344	(48,4)
0.0172121844362592445392404391	(48,5)
0.0252417936134145202658472907	(48,6)
0.0343299230935588701818636192	(48,7)
0.0440537432797225726371893714	(48,8)
0.0538666686134383113796539039	(48,9)
0.0631218725323131670381831203	(48,10)
0.0711224304499804916265930549	(48,11)
0.0771949648036985036462838564	(48,12)
0.0807766874420253171150189737	(48,13)
0.0814999725003332345087111091	(48,14)
0.0792563015919322682012095455	(48,15)
0.0742240177462694909407070733	(48,16)
0.0668515929376221519519377971	(48,17)
0.0577980918851600283416882502	(48,18)
0.0478421772989741242258248141	(48,19)
0.0377774644876878487713941155	(48,20)
0.0283136592000377187200207386	(48,21)
0.0199997974480424627230859326	(48,22)
0.0131795910382419733174015513	(48,23)
0.0079815534334617764829034314	(48,24)
0.0043402050463102043207780245	(48,25)
0.00204042647582550939323447979	(48,26)
0.00077523053248754760613145915	(48,27)
0.00020745368466362169846743908	(48,28)
0.00002737948131005872075452002	(48,29)
3.4108198303008755199987e-7	(48,30)
0.00023722797168416544976250404	(49,1)
0.0021309420577930094473145857	(49,2)
0.0058937484671758562876116237	(49,3)
0.0114638925233712913975897477	(49,4)
0.0187196303053362810668228441	(49,5)
0.0274504760668721469807149989	(49,6)
0.0373292956855654449969844589	(49,7)
0.0478938209538804555412977173	(49,8)
0.0585467196882813847865861437	(49,9)
0.0685817399694318521749568599	(49,10)
0.077239105874415798344935215	(49,11)
0.0837865874397725087300451354	(49,12)
0.0876149484981931104603758716	(49,13)
0.0883301656486276270937441764	(49,14)
0.0858224170273614040447545853	(49,15)
0.0802948971052476457999925439	(49,16)
0.0722437155152961518379943726	(49,17)
0.0623912229448384356277337839	(49,18)
0.0515856753283880345684762399	(49,19)
0.040687025537220269052894148	(49,20)
0.0304600971233759293999803773	(49,21)
0.0214926729297279703622104652	(49,22)
0.0141489222942821193491431505	(49,23)
0.0085605431970222839253556217	(49,24)
0.0046511498475392491657019461	(49,25)
0.00218503138361533750356184852	(49,26)
0.00082967938182980883537179492	(49,27)
0.00022192374601067737627514459	(49,28)
0.00002928025271840293974776357	(49,29)
3.6470467799619259862802e-7	(49,30)
0.0002559877370346903895951416	(50,1)
0.0022994532834562929396810771	(50,2)
0.0063597847521331868420546061	(50,3)
0.0123701814414026158255655791	(50,4)
0.0201987962720201416164159648	(50,5)
0.0296174942646216608740828047	(50,6)
0.040271569846824655172685225	(50,7)
0.0516597839438810243037448349	(50,8)
0.0631346896457508942049266698	(50,9)
0.0739314255516167157174872209	(50,10)
0.0832283670922322898445034995	(50,11)
0.0902355922700942557783796869	(50,12)
0.0942986580512891112779911862	(50,13)
0.0949983327343776021548551528	(50,14)
0.0922244493565466018250403312	(50,15)
0.0862055884951737627297549844	(50,16)
0.0774854517723385082110744293	(50,17)
0.0668489816254567143585036818	(50,18)
0.0552127383444815773920843544	(50,19)
0.0435013047405110124035365825	(50,20)
0.0325327574627407940602027961	(50,21)
0.0229318913619861600745611853	(50,22)
0.0150819760004387702511088116	(50,23)
0.0091170728881010341171760089	(50,24)
0.004949652337548847420439139	(50,25)
0.00232369738366576257716150853	(50,26)
0.00088184475090227764558817455	(50,27)
0.00023577733674048258059306956	(50,28)
0.00003109918979259229602519393	(50,29)
3.8730497713605375799935e-7	(50,30)
0.0002741279407932203578598171	(51,1)
0.0024623990721424578709486886	(51,2)
0.0068104260209707811929007213	(51,3)
0.0132465120951089686765866308	(51,4)
0.0216289921308244917850091505	(51,5)
0.0317125624624988708225999471	(51,6)
0.043115683999846152569421424	(51,7)
0.0552991910156558212210735891	(51,8)
0.0675668923215498691468023865	(51,9)
0.079096989123798702480095511	(51,10)
0.0890079000636867562041668431	(51,11)
0.0964539773641440483121146176	(51,12)
0.10073740797954832598965911	(51,13)
0.1014152181582390745568037996	(51,14)
0.0983777515181055015633346567	(51,15)
0.0918790327298968523006798138	(51,16)
0.0825095335602129467518035825	(51,17)
0.0711151447845772658998714742	(51,18)
0.0586784683115439694869862576	(51,19)
0.0461861474161528196634214811	(51,20)
0.0345069956834944309725001785	(51,21)
0.0243006909717086612492859806	(51,22)
0.0159681055471651606010046668	(51,23)
0.0096449158596611849023761742	(51,24)
0.0052324332652400831408809441	(51,25)
0.00245492580418305589518203024	(51,26)
0.00093117058918524248836473844	(51,27)
0.00024886837852129340372946148	(51,28)
0.00003281725545853309209657487	(51,29)
4.0864724274229150727342e-7	(51,30)
0.000291384812817063949778363	(52,1)
0.0026174101142514020575639841	(52,2)
0.0072391202227408282045711743	(52,3)
0.0140801462258418157920530423	(52,4)
0.0229894401578169742672294152	(52,5)
0.0337052755686649468657430169	(52,6)
0.0458204345567355182101071553	(52,7)
0.0587594580954193524358277028	(52,8)
0.0717795346341913058274840697	(52,9)
0.0840044704537620824812413447	(52,10)
0.094495517495511898034938608	(52,11)
0.1023540737005844393918480029	(52,12)
0.1068413750203572456480931762	(52,13)
0.1074924223634954187280804641	(52,14)
0.1041987872386546233791643714	(52,15)
0.0972394822272798225672165291	(52,16)
0.0872501206018728841149680502	(52,17)
0.0751349324504843359010230784	(52,18)
0.0619393260770692738053189592	(52,19)
0.0487085919486198208632924652	(52,20)
0.0363591425178527760379719273	(52,21)
0.0255830491764948490425461994	(52,22)
0.0167971798187676812332017822	(52,23)
0.0101381719895789835850416767	(52,24)
0.0054963972724764806478924873	(52,25)
0.00257730677193310048791172411	(52,26)
0.0009771352592412237158060551	(52,27)
0.00026106013117917630045092556	(52,28)
0.00003441665601505879862112932	(52,29)
4.2851139297377171666529e-7	(52,30)
0.0003074991793051977938406131	(53,1)
0.0027621583930924114290560516	(53,2)
0.0076394296160251665519116276	(53,3)
0.0148585685547936559947656622	(53,4)
0.0242597291221492530909787109	(53,5)
0.0355657725104331808428742191	(53,6)
0.0483453725871302084470523541	(53,7)
0.0619889980980396570855893769	(53,8)
0.0757100915267680004714323455	(53,9)
0.0885814708462628824671236655	(53,10)
0.0996108981958832739867119666	(53,11)
0.107850375885682156138871415	(53,12)
0.1125231653089278504427911004	(53,13)
0.1131441802375939223462233821	(53,14)
0.1096067705972096584127714496	(53,15)
0.1022139449245370935656540475	(53,16)
0.0916440136299226783175086103	(53,17)
0.0788559786261862568304072051	(53,18)
0.06495386978633981606281755	(53,19)
0.0510374021495160281232565594	(53,20)
0.0380668663523485702727179326	(53,21)
0.0267639142158562463415183527	(53,22)
0.0175597210788800616451624652	(53,23)
0.0105913431674483078700996445	(53,24)
0.0057386701400330362315473494	(53,25)
0.00268953521541634286632349845	(53,26)
0.00101925715551833555234850475	(53,27)
0.00027222660331753285497023557	(53,28)
0.00003588101910627349698896459	(53,29)
4.4669506783623819304256e-7	(53,30)
0.0003222222987892617892302003	(54,1)
0.0028944096053628883773847665	(54,2)
0.0080051757096084451071823246	(54,3)
0.0155697684331247954070914199	(54,4)
0.0254202731751532845373278048	(54,5)
0.0372654063128725389271664963	(54,6)
0.0506517086226801436866883916	(54,7)
0.0649383692847409510136465179	(54,8)
0.0792986880810180117020676535	(54,9)
0.0927587381693524718695304178	(54,10)
0.1042773233113003999024180018	(54,11)
0.1128613605916537240367171398	(54,12)
0.1176996356137433888381103214	(54,13)
0.1182891046800687448295625655	(54,14)
0.1145252604056606985370412996	(54,15)
0.1067335754657491398786262036	(54,16)
0.0956318112134914497121842328	(54,17)
0.082229246556858475960532301	(54,18)
0.0676834424741047563389761627	(54,19)
0.0531435563806710080621806778	(54,20)
0.0396095014356359306039610811	(54,21)
0.0278294117579429500867633344	(54,22)
0.0182470260003462338946316118	(54,23)
0.0109993984598147495112172155	(54,24)
0.0059566304027433217037914434	(54,25)
0.00279042422605239970203036667	(54,26)
0.00105709932412259656154916113	(54,27)
0.00028225369705816690867554982	(54,28)
0.0000371955367651087336660355	(54,29)
4.6301536116422131970872e-7	(54,30)
0.0003353215963719919182944323	(55,1)
0.0030120746673643115294032209	(55,2)
0.0083305816697816815618869342	(55,3)
0.0162025165350163156069009521	(55,4)
0.0264527625349254674705152793	(55,5)
0.0387774018430579197627965027	(55,6)
0.0527032000085292525371174447	(55,7)
0.067561399923756436580936411	(55,8)
0.0824894504554499755552487291	(55,9)
0.096471712008219066616489972	(55,10)
0.1084233630415995158481926971	(55,11)
0.1173112454793559261452660566	(55,12)
0.1222936456815682555116721519	(55,13)
0.1228518537251339973661944242	(55,14)
0.118883673604210452605178294	(55,15)
0.1107349847651315435852189268	(55,16)
0.0991589885374762813090353057	(55,17)
0.0852098733722767302528172772	(55,18)
0.070092799321012263043781616	(55,19)
0.055000688149067803227165781	(55,20)
0.0409683394739410271562753657	(55,21)
0.0287670257342107428481298692	(55,22)
0.018851269906416651905208631	(55,23)
0.0113578292832512560708266486	(55,24)
0.00614793564329971609334433	(55,25)
0.00287891597211390177295623861	(55,26)
0.00109027317199479594951525213	(55,27)
0.00029104011337749477667872305	(55,28)
0.00003834707726290432267954832	(55,29)
4.7731016660684008897952e-7	(55,30)
0.0003465861291815023073021961	(56,1)
0.0031132588066970174706144092	(56,2)
0.008610408047335679155812073	(56,3)
0.0167466285428980817119981878	(56,4)
0.0273405928779662754303095268	(56,5)
0.0400774821870920786831378158	(56,6)
0.0544669952806538939961355032	(56,7)
0.0698162572112970541641220137	(56,8)
0.0852317876846121363623304902	(56,9)
0.0996619863534797984884236955	(56,10)
0.1119844685318950061207056055	(56,11)
0.1211316429602243122561591372	(56,12)
0.1262356982028919751396510747	(56,13)
0.1267646821546720760520614105	(56,14)
0.1226186847294282127535229043	(56,15)
0.1141614420227394343642748395	(56,16)
0.1021768792680358904133183956	(56,17)
0.0877579315899753582302705209	(56,18)
0.0721506672070888471128160519	(56,19)
0.0565854745416162021002963902	(56,20)
0.042126883368114948605199392	(56,21)
0.0295657534373793319769441751	(56,22)
0.0193655947630985113902963007	(56,23)
0.0116626951733486699006285666	(56,24)
0.0063105438999324785610417999	(56,25)
0.00295409041282721917676867262	(56,26)
0.00111844137183596535387637937	(56,27)
0.00029849804885977380791172511	(56,28)
0.00003932427003335486964382269	(56,29)
4.8943919201071683817368e-7	(56,30)
0.0003558316214140180078180467	(57,1)
0.0031963067877306266611461791	(57,2)
0.0088400778118052688520019263	(57,3)
0.0171932080370159794973640895	(57,4)
0.0280692607835965674941759073	(57,5)
0.0411444452769088127742491663	(57,6)
0.0559144109610309085582142081	(57,7)
0.0716664296370638563189750521	(57,8)
0.0874815679674119089422660243	(57,9)
0.1022786492271335784389443529	(57,10)
0.1149044260609388960477710259	(57,11)
0.1242630659773077957085128091	(57,12)
0.1294654260649456541905118229	(57,13)
0.1299688418956660898742759932	(57,14)
0.1256754818989619623330205673	(57,15)
0.1169639464915775537003123863	(57,16)
0.1046435445208022539995259998	(57,17)
0.0898390973808182528362573303	(57,18)
0.0738302310849295576716977594	(57,19)
0.0578779702430697819039093799	(57,20)
0.0430710627717703785737012865	(57,21)
0.0302162354901736877286503539	(57,22)
0.019784181784212039545076132	(57,23)
0.0119106608999049018562842548	(57,24)
0.0064427306949786523134131449	(57,25)
0.00301517208701195067608118964	(57,26)
0.001141320077222796456689693	(57,27)
0.00030455371641512598605474911	(57,28)
0.00004011756812755342588630854	(57,29)
4.992846986927195689847e-7	(57,30)
0.0003629049182680736132981442	(58,1)
0.0032598429173337742312134232	(58,2)
0.0090157869521359935308817542	(58,3)
0.0175348613300965322200483816	(58,4)
0.0286267134410746062815133689	(58,5)
0.0419606736539330373091191384	(58,6)
0.0570216178956297959610427583	(58,7)
0.0730815942121272469559441469	(58,8)
0.0892021558169185440520130934	(58,9)
0.1042794618792929075993187635	(58,10)
0.1171366342913988154307725774	(58,11)
0.1266562469302942733431226823	(58,12)
0.1319328906420573890896045368	(58,13)
0.1324157995241958512414571539	(58,14)
0.1280088535315738424892947776	(58,15)
0.1191021496404875371034321018	(58,16)
0.1065245157398269327492420747	(58,17)
0.0914252176806973126089280059	(58,18)
0.0751095432833718285397006897	(58,19)
0.0588618859483733758750961502	(58,20)
0.0437894118066017903081759994	(58,21)
0.0307108616556597503939541345	(58,22)
0.0201023096871214138604437067	(58,23)
0.0120990257504618477818610232	(58,24)
0.0065431022136443360309379013	(58,25)
0.00306153525442503992109998821	(58,26)
0.00115868056174802514746493901	(58,27)
0.0003091477219360506045409369	(58,28)
0.00004071929254488781144122951	(58,29)
5.067520204750588253132e-7	(58,30)
0.0003676877241989547301471479	(59,1)
0.003302804622192742267696144	(59,2)
0.0091345973034365694643005873	(59,3)
0.0177658777660934363797173802	(59,4)
0.0290036420972334408263770662	(59,5)
0.0425125621078576856942906137	(59,6)
0.0577702167591451794233720002	(59,7)
0.0740383431464748482261970924	(59,8)
0.0903652802533935530300897889	(59,9)
0.1056318445454057319567322052	(59,10)
0.1186451700959184995145033916	(59,11)
0.1282732358001685307969739916	(59,12)
0.1335996597435345135739798795	(59,13)
0.134068243762459843002254354	(59,14)
0.1295840840653048674272061869	(59,15)
0.1205451117297657728762961837	(59,16)
0.1077934009271927217324893879	(59,17)
0.0924947701390768413348774672	(59,18)
0.0759718531208082003875300094	(59,19)
0.0595248107410996057190866052	(59,20)
0.0442732096682997380764735349	(59,21)
0.031043853627702466482903552	(59,22)
0.0203163996806928821011988476	(59,23)
0.0122257457953299668957990111	(59,24)
0.0066106051410620921677519532	(59,25)
0.0030927076517393447465498292	(59,26)
0.00117035038798760365979649635	(59,27)
0.00031223532635002089592803141	(59,28)
0.00004112366242079746277337136	(59,29)
5.1176991262882160632002e-7	(59,30)
0.000370099511717205485601484	(60,1)
0.0033244685758284195925493007	(60,2)
0.009194508775789132247191927	(60,3)
0.0178823700044788079256359751	(60,4)
0.0291937103527173701594729183	(60,5)
0.04279085030082065454208382	(60,6)
0.0581476855340007030958928738	(60,7)
0.0745207485662782292890318971	(60,8)
0.0909517089738859199127334642	(60,9)
0.1063136410984629366499470318	(60,10)
0.1194056141754940281553167971	(60,11)
0.1290882492966252516137836956	(60,12)
0.1344396393575059026837896903	(60,13)
0.1349008608346096931685803605	(60,14)
0.1303776411552842065409423412	(60,15)
0.1212718801516994178383733252	(60,16)
0.1084323461010963273732111508	(60,17)
0.0930332115184337612088777294	(60,18)
0.0764058551659198714176697326	(60,19)
0.0598583784829191243551738148	(60,20)
0.0445165850183325791009717695	(60,21)
0.0312113259341440532657092772	(60,22)
0.0204240481949901665660732727	(60,23)
0.0122894498690640945336239481	(60,24)
0.0066445336079335600125969667	(60,25)
0.00310837309222826564479189194	(60,26)
0.00117621419797448067986497239	(60,27)
0.00031378661843294105330855803	(60,28)
0.00004132681448562929365192615	(60,29)
5.1429077364961419147704e-7	(60,30)