b^2^1_1_(sigma,mu)
-0.00003999494752454820168561002	(1,1)
-0.00035929708796353124819296165	(1,2)
-0.00099440302776257201203224665	(1,3)
-0.00193835441328767365467083893	(1,4)
-0.00318080911546687429186512278	(1,5)
-0.00470815454023972352605502758	(1,6)
-0.00650365677089825706599443075	(1,7)
-0.00854764390829872329055533239	(1,8)
-0.0108177216002445164568555911	(1,9)
-0.0132890183986680455465695076	(1,10)
-0.0159344582564366850382703928	(1,11)
-0.0187250571782563093528876586	(1,12)
-0.0216302407755034685957678658	(1,13)
-0.0246181792457840099849954649	(1,14)
-0.027656136107101782043319683	(1,15)
-0.0307108268658182220358675505	(1,16)
-0.0337487836887437373029672968	(1,17)
-0.0367367220839176903861902579	(1,18)
-0.0396419055726264470738871084	(1,19)
-0.0424325043572195022637774609	(1,20)
-0.045077944055070864219919506	(1,21)
-0.0475492406778755585422543114	(1,22)
-0.0498193181861763446749972844	(1,23)
-0.0518633051399317993413989246	(1,24)
-0.0536588071949714853224978737	(1,25)
-0.0551861524598270381745676295	(1,26)
-0.0564286070247796480441149615	(1,27)
-0.0573725583017663264345488202	(1,28)
-0.0580076641664587627199640661	(1,29)
-0.05832696626850548012378825	(1,30)
-0.00003999867219219417022213576	(2,1)
-0.00035933054870271247259325249	(2,2)
-0.00099449563405196748295396566	(2,3)
-0.00193853492235968448132558129	(2,4)
-0.00318110530889982389719086143	(2,5)
-0.00470859290478925615651063743	(2,6)
-0.00650426218648215879575101287	(2,7)
-0.00854843934708387151105363134	(2,8)
-0.0108187278417941622746840933	(2,9)
-0.0132902537669487483497806539	(2,10)
-0.0159359383850244370417317552	(2,11)
-0.0187267948102136435390549715	(2,12)
-0.0216322456040541744816066188	(2,13)
-0.0246204578010661348793136118	(2,14)
-0.0276586916929595756502629133	(2,15)
-0.0307136595488752974188709059	(2,16)
-0.0337518903400016687171422704	(2,17)
-0.0367400964709977998280517074	(2,18)
-0.0396455384986875761925033833	(2,19)
-0.0424363838407137440350481046	(2,20)
-0.0450820555430012966009085566	(2,21)
-0.0475535672842243748961483179	(2,22)
-0.0498238409467655244481411469	(2,23)
-0.0518680032751973803570182435	(2,24)
-0.0536636583729567521635854221	(2,25)
-0.0551911330530550675871581704	(2,26)
-0.0564336923564287453707749899	(2,27)
-0.0573777228785824344090036808	(2,28)
-0.0580128818979133023453117408	(2,29)
-0.0583322106736553512503513	(2,30)
-0.00004002292442842341074480443	(3,1)
-0.00035954841987650846219247977	(3,2)
-0.00099509861638069753844737502	(3,3)
-0.00193971026010096766623204	(3,4)
-0.0031830338905594863418682783	(3,5)
-0.00471144718140452523182077732	(3,6)
-0.00650820413485311065329934934	(3,7)
-0.00855361850384903108318429404	(3,8)
-0.0108252794411087774905090335	(3,9)
-0.013298297020257701656472478	(3,10)
-0.0159455749451305256848165608	(3,11)
-0.0187381074628023212551552985	(3,12)
-0.0216452972275779543370576012	(3,13)
-0.0246352906302571910735263378	(3,14)
-0.0276753269124071570503647851	(3,15)
-0.0307320972315857929691422347	(3,16)
-0.0337721097324542602465310936	(3,17)
-0.0367620566119381414114452981	(3,18)
-0.0396691791449124989883728322	(3,19)
-0.0424616266605563756327816215	(3,20)
-0.0451088055281993188600325069	(3,21)
-0.0475817143242172091159338384	(3,22)
-0.0498532615068062427187672792	(3,23)
-0.0518985621212226225533959009	(3,24)
-0.0536952102917979261159545819	(3,25)
-0.0552235245257928482551927936	(3,26)
-0.0564667631546595592440573577	(3,27)
-0.057411307566995604662131528	(3,28)
-0.0580468112406303167528594193	(3,29)
-0.058366312954975262292870694	(3,30)
-0.00004009667057254815304036507	(4,1)
-0.00036021092198664484742043097	(4,2)
-0.00099693216250446691564151366	(4,3)
-0.00194328421584270046650741901	(4,4)
-0.00318889827940732476007069505	(4,5)
-0.00472012633649298592018639061	(4,6)
-0.00652019047902484976003437976	(4,7)
-0.00856936653771178478060591898	(4,8)
-0.0108452000411408919061101637	(4,9)
-0.0133227521677707928697548564	(4,10)
-0.0159748730191593208833086693	(4,11)
-0.0187724992334218006549437912	(4,12)
-0.0216849726792272598730202739	(4,13)
-0.0246803767268631297099472987	(4,14)
-0.0277258863880224988178239455	(4,15)
-0.0307881284535313394198595511	(4,16)
-0.0338335476411576116395163369	(4,17)
-0.0368287746960839208366290392	(4,18)
-0.0397409923658526367141005458	(4,19)
-0.0425382951999269907410132342	(4,20)
-0.0451900392008020656885933241	(4,21)
-0.0476671774772566192706143564	(4,22)
-0.0499425782184179461034712398	(4,23)
-0.0519913215166493706865752346	(4,24)
-0.0537909718141293377840995005	(4,25)
-0.0553218230282502837926599774	(4,26)
-0.056567113720295560029073258	(4,27)
-0.0575132100058869567711063223	(4,28)
-0.0581497542601728548760828551	(4,29)
-0.058469778041599181730479082	(4,30)
-0.00004025315072425277003638199	(5,1)
-0.00036161666895368364956748442	(5,2)
-0.00100082271591807331677060961	(5,3)
-0.00195086767927997054061272167	(5,4)
-0.00320134166682200469820944027	(5,5)
-0.00473854204596821403298385945	(5,6)
-0.00654562301288544718983314242	(5,7)
-0.008602779641044757177294759	(5,8)
-0.010887464482815765504012187	(5,9)
-0.0133746344319294634184290802	(5,10)
-0.0160370252042021723958411799	(5,11)
-0.0188454504643674986820098388	(5,12)
-0.0217691223244632899769830617	(5,13)
-0.0247759896705366066650480412	(5,14)
-0.0278330905459571888094793718	(5,15)
-0.0309069146373635520757785537	(5,16)
-0.0339637717782805590342569999	(5,17)
-0.0369701623095268878348049459	(5,18)
-0.0398931451168802219894193683	(5,19)
-0.0427006992055372107884309569	(5,20)
-0.0453620747663425068374445128	(5,21)
-0.0478481298375007617254863589	(5,22)
-0.0501316488629628146369315358	(5,23)
-0.0521876396891517892646957784	(5,24)
-0.0539936058186501551315408673	(5,25)
-0.0555297910460543249392484201	(5,26)
-0.056779393930675118632364895	(5,27)
-0.0577287499068840437345641938	(5,28)
-0.0583674791902723104772540403	(5,29)
-0.058688599002048687456915986	(5,30)
-0.000040520947876586564056498	(6,1)
-0.00036402243716366531428481021	(6,2)
-0.0010074809267100070020217342	(6,3)
-0.00196384581307369306921464975	(6,4)
-0.00322263677285143075098638973	(6,5)
-0.00477005746398068136490431606	(6,6)
-0.00658914545659836054710964741	(6,7)
-0.00865995694462455384643839057	(6,8)
-0.0109597844113689456241241516	(6,9)
-0.0134634050415401661406750923	(6,10)
-0.0161433572938146321295819549	(6,11)
-0.0189702426805904408028905488	(6,12)
-0.0219130494545160577052648015	(6,13)
-0.0249394945857775809811152164	(6,14)
-0.0280163801411919472369015142	(6,15)
-0.0311099599565275491002781417	(6,16)
-0.0341863123363078899947773356	(6,17)
-0.0372117144275121505598862717	(6,18)
-0.0401530138990311903718915332	(6,19)
-0.0429779936181528731955836608	(6,20)
-0.0456557251460456566952994435	(6,21)
-0.0481569070703108348806038556	(6,22)
-0.0504541844455924967069558647	(6,23)
-0.0525224459123608315975875582	(6,24)
-0.0543390953975479937225227179	(6,25)
-0.0558842956567234509911362471	(6,26)
-0.0571411812846638148515427421	(6,27)
-0.0580960391897607565519561406	(6,28)
-0.058738454890184796709381194	(6,29)
-0.05906142334117907685175077	(6,30)
-0.00004091627760481192151513437	(7,1)
-0.00036757389948317623128727492	(7,2)
-0.00101730994998932338732950477	(7,3)
-0.00198300438432804606324588663	(7,4)
-0.00325407269419462378540700902	(7,5)
-0.00481657974071439135997081317	(7,6)
-0.00665339010501701077119432731	(7,7)
-0.00874435367734049447781698218	(7,8)
-0.0110665248255632186757578873	(7,9)
-0.0135944130784286161982494111	(7,10)
-0.0163002628348643848898741167	(7,11)
-0.0191543591806659508869452014	(7,12)
-0.02212535647310243850173053	(7,13)
-0.0251806259608894389565067863	(7,14)
-0.028286618360574497285236546	(7,15)
-0.0314092370290580764022348501	(7,16)
-0.0345142171716406992493791786	(7,17)
-0.0375675064176163945371848709	(7,18)
-0.0405356420878831055006663535	(7,19)
-0.0433861205723529602081230227	(7,20)
-0.0460877544241643619188688236	(7,21)
-0.0486110130522498599445800262	(7,22)
-0.0509283432384003022849710931	(7,23)
-0.0530144661008891952593353415	(7,24)
-0.0548466475535107080046218431	(7,25)
-0.0564049397460645278688339209	(7,26)
-0.0576723914011488579843946995	(7,27)
-0.0586352253671349015233776219	(7,28)
-0.0592829820774091499001203374	(7,29)
-0.059608627935635749578199771	(7,30)
-0.00004143828123317037934400938	(8,1)
-0.00037226334124267572760032075	(8,2)
-0.00103028842125588150806303314	(8,3)
-0.00200830166567036752011432764	(8,4)
-0.00329558064656269326143433322	(8,5)
-0.00487800619323275854599216737	(8,6)
-0.00673821310800680699569155797	(8,7)
-0.00885577674674196031667822579	(8,8)
-0.0112074340599824836386899491	(8,9)
-0.013767337248630703493706076	(8,10)
-0.0165073376961924443828217495	(8,11)
-0.019397297316026433431622448	(8,12)
-0.0224054239210995723163853787	(8,13)
-0.0254986267145996344097240579	(8,14)
-0.0286428875433715971340157912	(8,15)
-0.0318036431825176859205701804	(8,16)
-0.0349461736547431024920771991	(8,17)
-0.0380359914517823287255983642	(8,18)
-0.0410392265286820747652566922	(8,19)
-0.0439230020863502651934311127	(8,20)
-0.0466557964351517321552012875	(8,21)
-0.0492077866247005098723983137	(8,22)
-0.0515511700069033392260260213	(8,23)
-0.0536604604398604480339818048	(8,24)
-0.0555127564059097975073465703	(8,25)
-0.0570879788747804840509587631	(8,26)
-0.0583690772627020001440242562	(8,27)
-0.0593422022965167318167916563	(8,28)
-0.059996844972383090785081363	(8,29)
-0.060325941094666295786872428	(8,30)
-0.0000420685009419362865720775	(9,1)
-0.00037792494497992107447751207	(9,2)
-0.00104595740912490304286674731	(9,3)
-0.0020388430204340215480222386	(9,4)
-0.0033456923263684175761767275	(9,5)
-0.00495216286137860932710440677	(9,6)
-0.00684061002766386766499910476	(9,7)
-0.0089902746283945938432497822	(9,8)
-0.0113775060066525290428660154	(9,9)
-0.0139760192516613915989175614	(9,10)
-0.0167571843487950757465308746	(9,11)
-0.0196903444974232234294986476	(9,12)
-0.022743160137656341759726735	(9,13)
-0.0258819745576896218975367996	(9,14)
-0.0290721963452122102120123199	(9,15)
-0.0322786934454321287728679654	(9,16)
-0.0354661932349477802482501489	(9,17)
-0.0385996828452491679631569623	(9,18)
-0.041644803989147833669345252	(9,19)
-0.0445682367599243532328577719	(9,20)
-0.0473380672729597345241238564	(9,21)
-0.0499241345752196335185360505	(9,22)
-0.0522983529194873076338027584	(9,23)
-0.0544350062398419524353412348	(9,24)
-0.0563110124210045506557977485	(9,25)
-0.0579061556763352747225425926	(9,26)
-0.0592032859926281551680950421	(9,27)
-0.0601884851292062669192235419	(9,28)
-0.060851199051608622622873737	(9,29)
-0.061184336928223479657523902	(9,30)
-0.00004277522889644608259807065	(10,1)
-0.00038427386128736001713409949	(10,2)
-0.00106352855246456141479150917	(10,3)
-0.00207309171131305986598792359	(10,4)
-0.00340188592276751087788327472	(10,5)
-0.00503531688589519836288321129	(10,6)
-0.00695542412402351668648359674	(10,7)
-0.0091410692718608543025621825	(10,8)
-0.0115681613573092047327051716	(10,9)
-0.0142099179411614457705692757	(10,10)
-0.017037160273608867310124243	(10,11)
-0.0200186398089851956189645728	(10,12)
-0.0231213925419776518190409711	(10,13)
-0.0263111167533974865256366774	(10,14)
-0.0295525689503902007226557577	(10,15)
-0.0328099721218411564562090922	(10,16)
-0.0360474299633185985980356056	(10,17)
-0.0392293405011659772082193752	(10,18)
-0.0423208025869139677295882139	(10,19)
-0.0452880090434746555650212938	(10,20)
-0.0480986208033414859818405509	(10,21)
-0.0507221171450339681241372494	(10,22)
-0.053130118049002268764983403	(10,23)
-0.0552966756883268714946192286	(10,24)
-0.0571985330681074307369440862	(10,25)
-0.0588153487578545478121878524	(10,26)
-0.0601298874597096026776181447	(10,27)
-0.0611281767726687333798530699	(10,28)
-0.061799630918661261703824028	(10,29)
-0.062137142380941148089076249	(10,30)
-0.00004352298902764146832646127	(11,1)
-0.00039099138913645811021553588	(11,2)
-0.00108211981141920300289032213	(11,3)
-0.00210932846036830604197212749	(11,4)
-0.00346134031977173051472867495	(11,5)
-0.00512329305973463238171274101	(11,6)
-0.00707688917617590434669684497	(11,7)
-0.0093005847309030251980273976	(11,8)
-0.0117698166715025551873428779	(11,9)
-0.0144572680813846869293079817	(11,10)
-0.0173331698638692440506236754	(11,11)
-0.0203656363492268991035301956	(11,12)
-0.0235210312015638091049620883	(11,13)
-0.0267643588806818209248369034	(11,14)
-0.0300596758772513455471778419	(11,15)
-0.0333705150803264307168866565	(11,16)
-0.0366603160351851378004665301	(11,17)
-0.0398928535671270966427706462	(11,18)
-0.0430326573166885958626985621	(11,19)
-0.0460454151564138778773429533	(11,20)
-0.0488983542100396294439354957	(11,21)
-0.0515605942140292794393034922	(11,22)
-0.0540034691678658224195617228	(11,23)
-0.0562008145170165415535042906	(11,24)
-0.0581292183985961211237353634	(11,25)
-0.0597682366557293545454526887	(11,26)
-0.0611005723065324184195223529	(11,27)
-0.0621122208720833796779299376	(11,28)
-0.062792583385380755301614001	(11,29)
-0.063134549009779977491533886	(11,30)
-0.00004428676860606974222350519	(12,1)
-0.00039785282617967232806590533	(12,2)
-0.00110110931173056304752317822	(12,3)
-0.00214634119401590395674147226	(12,4)
-0.0035220669902983730957456843	(12,5)
-0.00521314932299616416286712126	(12,6)
-0.00720094415973443478711559862	(12,7)
-0.0094634897366363844144642748	(12,8)
-0.0119757357748117873791298458	(12,9)
-0.0147098128886632177685004257	(12,10)
-0.0176353410797783894672126227	(12,11)
-0.0207197749747540291283688067	(12,12)
-0.0239287820919721216488671387	(12,13)
-0.0272266490249226582792909861	(12,14)
-0.0305767091319037871318676969	(12,15)
-0.0339417842449350408778124152	(12,16)
-0.0372846321601913138008174052	(12,17)
-0.0405683913270721072793311905	(12,18)
-0.0437570142564268933466715567	(12,19)
-0.046815681723060204533608288	(12,20)
-0.0497111908046233931429973147	(12,21)
-0.0524123111017930127227201254	(12,22)
-0.0548901050165174256334505582	(12,23)
-0.057118209599843660904260452	(12,24)
-0.0590730790850705384204062495	(12,25)
-0.0607341886680707486055668595	(12,26)
-0.0620842012745117058067041305	(12,27)
-0.0631090998806611048268135777	(12,28)
-0.063798288381994341269846101	(12,29)
-0.064144664021173486775215569	(12,30)
-0.00004506958861219638039625341	(13,1)
-0.00040488531316352658195676852	(13,2)
-0.00112057219858019205687045647	(13,3)
-0.00218427657533106239190467299	(13,4)
-0.00358430730454258890582493594	(13,5)
-0.00530524490408498544410819434	(13,6)
-0.00732808981741139417605076702	(13,7)
-0.0096304514815804790212273067	(13,8)
-0.0121867794601406620441385619	(13,9)
-0.0149686371096843312235692579	(13,10)
-0.0179450170794400458210614325	(13,11)
-0.0210826964786285215474602201	(13,12)
-0.024346627901193409643187701	(13,13)
-0.0277003608133448694289733167	(13,14)
-0.0311064862402518541955603846	(13,15)
-0.0345270963851510035752166358	(13,16)
-0.0379242499088263350854310054	(13,17)
-0.0412604331879049981934744932	(13,18)
-0.044499008010041729522828583	(13,19)
-0.047604636855128634522331349	(13,20)
-0.0505436781046431924013256497	(13,21)
-0.0532845451195968743516711854	(13,22)
-0.0557980249975064834919789157	(13,23)
-0.0580575548029406896997369523	(13,24)
-0.0600394549990530484825086474	(13,25)
-0.061723121531667506007126775	(13,26)
-0.0630911793981632192044036623	(13,27)
-0.064129601470399683114473418	(13,28)
-0.064827796776741607032593449	(13,29)
-0.065178672372071104148124811	(13,30)
-0.00004592075439710848206536725	(14,1)
-0.00041253178952535226643050806	(14,2)
-0.001141734399341451467517925	(14,3)
-0.00222552446733063172257697823	(14,4)
-0.00365198376839810276635416591	(14,5)
-0.0054053879806663123172545816	(14,6)
-0.00746635436858099063539233962	(14,7)
-0.0098120314242132364748108021	(14,8)
-0.0124163323611129442493712651	(14,9)
-0.0152502134747304246802966667	(14,10)
-0.0182819970542892683192768288	(14,11)
-0.021477736844391917618586585	(14,12)
-0.0248016221465924460212833508	(14,13)
-0.028216414689708375430753602	(14,14)
-0.0316839105661335364599364906	(14,15)
-0.0351654180095664586942350486	(14,16)
-0.0386222407341713095303085834	(14,17)
-0.0420161560828120739509859213	(14,18)
-0.0453098774057683866887633433	(14,19)
-0.0484674909134077390271601955	(14,20)
-0.0514548586569749078019711147	(14,21)
-0.0542399811753338539369961028	(14,22)
-0.0567933155424287521298489545	(14,23)
-0.0590880468729092146280202989	(14,24)
-0.0611003135952994489632634795	(14,25)
-0.0628093887969161823866636286	(14,26)
-0.0641978215235869664509506812	(14,27)
-0.065251542962696914456475317	(14,28)
-0.065959942883749805878147397	(14,29)
-0.066315921545390259193566475	(14,30)
-0.00004695122243280003480252696	(15,1)
-0.00042178904092244598145297491	(15,2)
-0.00116735467704819549644376011	(15,3)
-0.00227546258313453427452757132	(15,4)
-0.00373392170720834041273509126	(15,5)
-0.00552664321313772891897289985	(15,6)
-0.0076337885810844968885740835	(15,7)
-0.010031960937620674903733897	(15,8)
-0.0126944420679804184099130202	(15,9)
-0.0155914766044609016586011716	(15,10)
-0.0186906034092199044673827838	(15,11)
-0.0219570322807751999162935992	(15,12)
-0.025354061966611627625324419	(15,13)
-0.0288435332512211012952939988	(15,14)
-0.0323863088189314430091910286	(15,15)
-0.035942769869174613885052484	(15,16)
-0.0394733182674796649306055325	(15,17)
-0.0429388724817535607040303536	(15,18)
-0.046301345752769966149616692	(15,19)
-0.0495240958831612667879590686	(15,20)
-0.0525723376329562596999318895	(15,21)
-0.0554135108501718232798141899	(15,22)
-0.0580175999598924634921550274	(15,23)
-0.0603574030703415635628682367	(15,24)
-0.0624087515047475212250296948	(15,25)
-0.0641506828197207278818157345	(15,26)
-0.0655655721420626288300641827	(15,27)
-0.066639227811565237847435864	(15,28)
-0.067360957781039676573033195	(15,29)
-0.06772361298383201203584694	(15,30)
-0.00004834262463021260881113918	(16,1)
-0.00043428876887301071583701782	(16,2)
-0.00120194898512669031188729523	(16,3)
-0.00234289370968331402785575373	(16,4)
-0.00384456635480046241012295161	(16,5)
-0.00569039207345793876009332282	(16,6)
-0.0078599279552012626653303159	(16,7)
-0.0103290579880206117395468754	(16,8)
-0.0130702357153034027315592201	(16,9)
-0.0160527764842459643300985347	(16,10)
-0.019243199572380301786338333	(16,11)
-0.0226056184079491384234683268	(16,12)
-0.026102174739811122835426432	(16,13)
-0.0296935101753963026050619617	(16,14)
-0.0333392662219669616893971772	(16,15)
-0.036998602063438436438049785	(16,16)
-0.0406307179801980404237290587	(16,17)
-0.0441953717208325463875333348	(16,18)
-0.0476533753442403522952557138	(16,19)
-0.0509670610741001541566937905	(16,20)
-0.0541007064732828603718430089	(16,21)
-0.0570209116106118459766011431	(16,22)
-0.0596969236563979839520256998	(16,23)
-0.0621009072691876124887364957	(16,24)
-0.0642081619731820137010212091	(16,25)
-0.065997290233457177254563894	(16,26)
-0.067450321907430997921165609	(16,27)
-0.068552802031164750097132269	(16,28)
-0.069293849398632129776271919	(16,29)
-0.06966619309376492557911692	(16,30)
-0.00005034788955432706163717687	(17,1)
-0.00045230317041269250836986715	(17,2)
-0.00125180588991902563729931581	(17,3)
-0.00244007564524470462774071326	(17,4)
-0.00400403150896923214684004778	(17,5)
-0.00592640354187638862799083813	(17,6)
-0.0081858873313042252668072333	(17,7)
-0.010757345352533318752930999	(17,8)
-0.0136120585288644452052821356	(17,9)
-0.0167180302535862815801343526	(17,10)
-0.0200403433900788962047014747	(17,11)
-0.0235415685129046197842275197	(17,12)
-0.027182219081262454637022606	(17,13)
-0.0309212465772883534007888143	(17,14)
-0.0347165661457619560127614501	(17,15)
-0.038525601183998569122335728	(17,16)
-0.0423058338661502039793987128	(17,17)
-0.0460153479075252971188557771	(17,18)
-0.0496133500747350128349260878	(17,19)
-0.053060658038701742976096865	(17,20)
-0.056320144078462112171587712	(17,21)
-0.0593571267247737031721390518	(17,22)
-0.0621397054696237258729410239	(17,23)
-0.0646390369021876417537791998	(17,24)
-0.0668295537853566265685268915	(17,25)
-0.0686891313887790538387787221	(17,26)
-0.070199207607093699971274176	(17,27)
-0.071344864834402424597939109	(17,28)
-0.07211488212957318772832162	(17,29)
-0.07250176586540729906606922	(17,30)
-0.00005328365148911864606989663	(18,1)
-0.00047867674327550781362045954	(18,2)
-0.00132479781025029141962030282	(18,3)
-0.0025823531167380964711279538	(18,4)
-0.00423749499080517167098560413	(18,5)
-0.00627193781534801769392036362	(18,6)
-0.0086631194079182131884336494	(18,7)
-0.0113844121764219008250660395	(18,8)
-0.014405387991491209649648342	(18,9)
-0.0176921394971085959068422186	(18,10)
-0.0212076586541615820850600801	(18,11)
-0.0249122708211817577952698768	(18,12)
-0.0287641198317083790785142876	(18,13)
-0.0327196965822944698071282405	(18,14)
-0.0367344008731352316583498997	(18,15)
-0.0407631239126586577170824	(18,16)
-0.0447608372445750824456441455	(18,17)
-0.0486831730626269903519358003	(18,18)
-0.0524869810532736969024353334	(18,19)
-0.0561308480728479159919219073	(18,20)
-0.0595755690556986934772490336	(18,21)
-0.0627845604083913067481782226	(18,22)
-0.0657242105415141756768873283	(18,23)
-0.0683641658388797610758459764	(18,24)
-0.0706775539488388833559641976	(18,25)
-0.072641149490672133539461685	(18,26)
-0.07423548982005892436956838	(18,27)
-0.075444950172008514710300916	(18,28)
-0.076257788160982466254745171	(18,29)
-0.07666616722629647200468427	(18,30)
-0.00005751676288099658921783696	(19,1)
-0.00051670511833805051783171561	(19,2)
-0.00143004564647391835368243611	(19,3)
-0.0027875039059442349784768905	(19,4)
-0.00457412509351611369179371889	(19,5)
-0.0067701557094753980489364484	(19,6)
-0.0093512139689523850102233261	(19,7)
-0.0122885143462828509239000258	(19,8)
-0.015549151159783636218871245	(19,9)
-0.0190964447141672418219278508	(19,10)
-0.0228903512963240646554387408	(19,11)
-0.0268879354376802984710826138	(19,12)
-0.0310438995568021656022923608	(19,13)
-0.0353111626729907531513989997	(19,14)
-0.0396414766507570265418177879	(19,15)
-0.0439860657047383785266096371	(19,16)
-0.0482962729385532699841411573	(19,17)
-0.0525241967233731152712489394	(19,18)
-0.0566232998762350135477634203	(19,19)
-0.0605489759121326614896929631	(19,20)
-0.064259059051430245246395476	(19,21)
-0.0677142679952701630537834632	(19,22)
-0.0708785774735218894154201893	(19,23)
-0.0737195158877031252272969699	(19,24)
-0.076208391639065570918082451	(19,25)
-0.078320454569149444631295034	(19,26)
-0.080035002000857110333920481	(19,27)
-0.081335440878042862874946262	(19,28)
-0.082209318286685526105274593	(19,29)
-0.08264833214535636249579838	(19,30)
-0.0000634483077250772929502441	(20,1)
-0.00056999144156389652712179958	(20,2)
-0.00157752127352611955962302715	(20,3)
-0.00307496384863942143959116546	(20,4)
-0.00504580823504890153778885385	(20,5)
-0.00746823372760919477401854754	(20,6)
-0.0103152903493676862338886566	(20,7)
-0.0135551399041529244334100038	(20,8)
-0.0171513643137390705177490571	(20,9)
-0.0210633462904254949630979417	(20,10)
-0.0252467246506668943724251775	(20,11)
-0.0296539229835021251213711235	(20,12)
-0.0342347462577977314223452554	(20,13)
-0.0389370356559396528960433443	(20,14)
-0.0437073678572442914324105214	(20,15)
-0.048491781552307117641682558	(20,16)
-0.0532365114973244901192748905	(20,17)
-0.0578887091887994477855204952	(20,18)
-0.0623971294271938572571875648	(20,19)
-0.066712763695347907038323384	(20,20)
-0.0707894043233032914836733951	(20,21)
-0.074584127631240144961081086	(20,22)
-0.0780576893011377128727161622	(20,23)
-0.0811748306959502902652823491	(20,24)
-0.0839045002389000004143242615	(20,25)
-0.086219998796089657152338228	(20,26)
-0.088099061830706538978995304	(20,27)
-0.089523893568271407296012244	(20,28)
-0.090481169312203401206415221	(20,29)
-0.09096202131270256747090933	(20,30)
-0.00007149825785326878200381868	(21,1)
-0.0006423085314203915472279222	(21,2)
-0.00177766601696200470651891752	(21,3)
-0.00346508297991652023067427133	(21,4)
-0.00568592768778599327233818647	(21,5)
-0.00841555464015560830340063401	(21,6)
-0.0116234939960403241233944504	(21,7)
-0.0152737108553981845433799937	(21,8)
-0.0193249444917288144717500791	(21,9)
-0.0237311354537288951841678911	(21,10)
-0.0284419447872596166853211685	(21,11)
-0.0334033647684981476510730623	(21,12)
-0.0385584149127709025082033084	(21,13)
-0.0438479111507098181676298305	(21,14)
-0.049211290505896104909466049	(21,15)
-0.0545874689177586991741338977	(21,16)
-0.059915706520239412504403151	(21,17)
-0.0651364530919647872328404428	(21,18)
-0.0701921467703358388904694532	(21,19)
-0.0750279415256771857153870687	(21,20)
-0.0795923431861041587189988632	(21,21)
-0.0838377396644483809030448293	(21,22)
-0.0877208179765058246066287443	(21,23)
-0.0912028680461529123401000326	(21,24)
-0.0942499804995064398857645479	(21,25)
-0.096833152000190295154227658	(21,26)
-0.09892831659449144711968178	(21,27)
-0.100516324582783976766756376	(21,28)
-0.101582891358789066558075084	(21,29)
-0.1021185374108543456067949	(21,30)
-0.00008209272149101183966511963	(22,1)
-0.00073748432402652576326237813	(22,2)
-0.00204107357952268172702349087	(22,3)
-0.00397850730187364614879999047	(22,4)
-0.00652834841970397510273079828	(22,5)
-0.00966220305361679754773718347	(22,6)
-0.0133449141218789798616038166	(22,7)
-0.0175348380063610040904793107	(22,8)
-0.0221842202229118150355930162	(22,9)
-0.0272396830486848009779419324	(22,10)
-0.0326428328363671207665924756	(22,11)
-0.0383309877143949438700927691	(22,12)
-0.044238018168308037467786568	(22,13)
-0.0502952844093295516249963172	(22,14)
-0.0564326463251173432672618518	(22,15)
-0.0625795150250513292828645624	(22,16)
-0.0686659102874655708782243884	(22,17)
-0.0746234861545506319463642665	(22,18)
-0.0803864878184768060254466765	(22,19)
-0.0858926068242645505519496978	(22,20)
-0.091083708202207774866180086	(22,21)
-0.0959064118750670026607998984	(22,22)
-0.1003125207771422931934170211	(22,23)
-0.1042592986465317711219731412	(22,24)
-0.10770961044106076772488301	(22,25)
-0.11063194687971461177139122	(22,26)
-0.11300036097968525422597307	(22,27)
-0.114794348125914943447007366	(22,28)
-0.115998701921956671661420719	(22,29)
-0.11660337584631741176393081	(22,30)
-0.00009565432159000312327773558	(23,1)
-0.00085931543479655902663215735	(23,2)
-0.00237825078312983240881031379	(23,3)
-0.00463571222941210874743440618	(23,4)
-0.00760665081926394999848972824	(23,5)
-0.0112578293226488694231968029	(23,6)
-0.0155480100665171715097537729	(23,7)
-0.0204282441829562499747114231	(23,8)
-0.0258422878157641976376239505	(23,9)
-0.0317271665588536857933455165	(23,10)
-0.0380139016670124252172432959	(23,11)
-0.0446284010072263539756002337	(23,12)
-0.0514925052870336013268348989	(23,13)
-0.0585251670528434109211270102	(23,14)
-0.0656437276829500367404369977	(23,15)
-0.0727652474787173524687111609	(23,16)
-0.0798078371758242117206856642	(23,17)
-0.0866919366194792677446794659	(23,18)
-0.0933414883938740229441728607	(23,19)
-0.0996849607837045616032753527	(23,20)
-0.1056561849914450223539583146	(23,21)
-0.1111949850255439326816978583	(23,22)
-0.1162475937955522848651492068	(23,23)
-0.1207668642430390515608325325	(23,24)
-0.124712298376752102494805589	(23,25)
-0.128049928630484436868362069	(23,26)
-0.130752094093316968018821363	(23,27)
-0.132797158319007705033094084	(23,28)
-0.134169215436158673490726977	(23,29)
-0.13485782734089224138571783	(23,30)
-0.00011259518648800829673284192	(24,1)
-0.00101150418811820530802106239	(24,2)
-0.00279944326242812764910172607	(24,3)
-0.00545666264759340293465241051	(24,4)
-0.00895357220249105156014226557	(24,5)
-0.0132508210583106502252510357	(24,6)
-0.0182994626602034459151212035	(24,7)
-0.0240412462438620859142778741	(24,8)
-0.0304090752837664133887171015	(24,9)
-0.037327667246098919667006394	(24,10)
-0.0447144373600827773268645419	(24,11)
-0.0524806130128194082026299964	(24,12)
-0.0605325663025716923475455673	(24,13)
-0.0687733322524509691842510013	(24,14)
-0.0771042614451596955345369423	(24,15)
-0.085426740624057029146507567	(24,16)
-0.0936439050311526163064275608	(24,17)
-0.1016622632410992953058338297	(24,18)
-0.1093931595345262077363178508	(24,19)
-0.1167540100937794849090369166	(24,20)
-0.1236692663343723607406268787	(24,21)
-0.1300710796887481460210652298	(24,22)
-0.1358996649285273776865858312	(24,23)
-0.141103381355505037396422548	(24,24)
-0.145638570824119811907335887	(24,25)
-0.1494692069270232693577405	(24,26)
-0.15256641969939832300797308	(24,27)
-0.154907964401893390787847024	(24,28)
-0.156477701406480074990240672	(24,29)
-0.1572651474587764588759511	(24,30)
-0.00013331155269632976020868588	(25,1)
-0.00119761012981603183911595299	(25,2)
-0.00331450124393438192500494544	(25,3)
-0.00646055112247331822058542345	(25,4)
-0.01060057662935025765094894262	(25,5)
-0.0156876647279549889534224204	(25,6)
-0.0216632885734950256639563146	(25,7)
-0.0284575835528416131488019541	(25,8)
-0.0359898462713352286556907133	(25,9)
-0.0441693104512830352603297686	(25,10)
-0.0528962362825849290627289555	(25,11)
-0.0620633253149142087092962917	(25,12)
-0.0715574438702502414868998341	(25,13)
-0.0812616073624906086190779401	(25,14)
-0.0910571494696446970031549075	(25,15)
-0.1008259774168271699778841868	(25,16)
-0.1104528007353939854433087485	(25,17)
-0.1198272177600288525249422184	(25,18)
-0.1288455524295591608855462106	(25,19)
-0.1374123528049337327562873244	(25,20)
-0.1454414899100931974035976781	(25,21)
-0.1528568278720215509113567718	(25,22)
-0.159592470260298879754952252	(25,23)
-0.165592619463400952162292042	(25,24)
-0.170811112902250637819886775	(25,25)
-0.175210719756152886313884754	(25,26)
-0.178762293547874447362638476	(25,27)
-0.181443879239380536650621808	(25,28)
-0.183239869030694045673231317	(25,29)
-0.18414028994969597918736038	(25,30)
-0.00015817898008476142890854361	(26,1)
-0.00142100704138548976943457096	(26,2)
-0.00393276055692834610395537831	(26,3)
-0.00766556583310161654671177276	(26,4)
-0.01257747360720959870207228948	(26,5)
-0.0186123799406838091802344176	(26,6)
-0.0257000558251250021451622568	(26,7)
-0.033756380930889418843499659	(26,8)
-0.0426838769837114724851347393	(26,9)
-0.0523726231961788150069931749	(26,10)
-0.0627016103484240516060995764	(26,11)
-0.073540553480263282647911588	(26,12)
-0.0847521393379996413063707126	(26,13)
-0.0961946386844840450350448749	(26,14)
-0.1077247710774250509090684756	(26,15)
-0.1192006764476203666804979007	(26,16)
-0.1304848284975902578956128262	(26,17)
-0.1414467225319030576603105526	(26,18)
-0.151965185434261898363576481	(26,19)
-0.1619301862903845433285816261	(26,20)
-0.1712440686842635203187560361	(26,21)
-0.179822174647198894355076508	(26,22)
-0.187592879830245366292278228	(26,23)
-0.194497104375113432562843739	(26,24)
-0.200487400034180233025917169	(26,25)
-0.205526738791133990160566245	(26,26)
-0.209587140674119947342008159	(26,27)
-0.212648279175864651931223662	(26,28)
-0.214696193251313310127490392	(26,29)
-0.21572221733009234352069963	(26,30)
-0.0001875474474316150400481566	(27,1)
-0.00168483887986998086061399673	(27,2)
-0.00466292067821105374466163292	(27,3)
-0.00908865276755561764810761928	(27,4)
-0.0149120275545948070148412106	(27,5)
-0.0220659405424873045864058229	(27,6)
-0.0304660821958306177688500501	(27,7)
-0.0400110914195929555984110918	(27,8)
-0.0505831117242757891997979007	(27,9)
-0.0620488725156758466338772446	(27,10)
-0.0742613802564782902840039142	(27,11)
-0.0870622503045842204031878229	(27,12)
-0.1002846454536701433792454873	(27,13)
-0.1137567192072291515196358459	(27,14)
-0.1273053995060723659509693363	(27,15)
-0.1407603008136126607382536068	(27,16)
-0.1539575263361032882539474498	(27,17)
-0.1667431219303476845526570689	(27,18)
-0.1789759693252405521556728221	(27,19)
-0.1905299551446448161078399005	(27,20)
-0.201295317145171954927695366	(27,21)
-0.211179141446412171997374568	(27,22)
-0.220105055388978459609176567	(27,23)
-0.228012222234883147963619809	(27,24)
-0.234853790697004611608563687	(27,25)
-0.240594981449185464680660941	(27,26)
-0.245211004143432917157138434	(27,27)
-0.248684993915442970219865188	(27,28)
-0.251006139007105556412394829	(27,29)
-0.25216814450022229500706694	(27,30)
-0.00022173593438079181293031234	(28,1)
-0.00199197110436419538702683627	(28,2)
-0.00551291001844351062337549385	(28,3)
-0.01074525311042148365543441338	(28,4)
-0.0176295267845681948394554255	(28,5)
-0.0260856364393787603605757138	(28,6)
-0.0360125532608137656293478295	(28,7)
-0.0472883364139868655248485931	(28,8)
-0.0597706940236463762321794888	(28,9)
-0.0732982601472108221702092917	(28,10)
-0.0876927109128450092169404502	(28,11)
-0.1027617650306478900934925893	(28,12)
-0.1183030199481648728174978479	(28,13)
-0.1341084764604514331113277894	(28,14)
-0.149969515075879918833728359	(28,15)
-0.165682020196558902540119452	(28,16)
-0.1810513138691560021389823945	(28,17)
-0.1958965653606858427735685392	(28,18)
-0.2100543859025589047628524253	(28,19)
-0.223381393350909292370236761	(28,20)
-0.235755628205250234033874161	(28,21)
-0.247076806889711896507263443	(28,22)
-0.257265497023985952208105359	(28,23)
-0.266261381608463791399249122	(28,24)
-0.274020837561927985523165726	(28,25)
-0.28051408623325800901825549	(28,26)
-0.28572218065482594603289721	(28,27)
-0.289634080519416151282849351	(28,28)
-0.292244036654422824945595626	(28,29)
-0.2935494677275077104369769	(28,30)
-0.00026102638708805279567955701	(29,1)
-0.00234493646649232989417143352	(29,2)
-0.00648973589875699832821685869	(29,3)
-0.01264901086268150304408548844	(29,4)
-0.0207523039232272009271235447	(29,5)
-0.0307043643307763612851064127	(29,6)
-0.042384544057677394335614762	(29,7)
-0.0556466228383486359195674805	(29,8)
-0.0703193488493700724683551988	(29,9)
-0.0862079454504836149250870406	(29,10)
-0.1030967583215937440579144184	(29,11)
-0.1207531067250522852933943019	(29,12)
-0.1389322689873260161418290795	(29,13)
-0.1573833924836572891233540147	(29,14)
-0.1758559924020789282129476151	(29,15)
-0.1941066110299474307790013928	(29,16)
-0.2119051657120878362070391931	(29,17)
-0.2290405268799941281083944242	(29,18)
-0.245324936152234609742561172	(29,19)
-0.260596987821190756754157313	(29,20)
-0.274723037613957907284046932	(29,21)
-0.287597049905771152498953164	(29,22)
-0.299139029067564747582359126	(29,23)
-0.309292287313025049655561499	(29,24)
-0.318019871723601358680406921	(29,25)
-0.325300505327481283021938883	(29,26)
-0.331124395127375352815140209	(29,27)
-0.335489231409550801291624388	(29,28)
-0.338396656507978429668710924	(29,29)
-0.33984942583249548862681117	(29,30)
-0.00030565716715191469175677486	(30,1)
-0.00274587615968779187937397477	(30,2)
-0.00759932169614566776636893222	(30,3)
-0.014811455537555362531880318	(30,4)
-0.0242992157576733882211334932	(30,5)
-0.0359498593149684283113970386	(30,6)
-0.0496199612080546792806673177	(30,7)
-0.0651349600521905911185461471	(30,8)
-0.0822896456414143471499977467	(30,9)
-0.1008499347655724055861169764	(30,10)
-0.1205561762467477856854514493	(30,11)
-0.1411280720349552050715867941	(30,12)
-0.162271114556856612340414894	(30,13)
-0.1836842456900079057924137179	(30,14)
-0.2050682687645344157298360398	(30,15)
-0.2261344203239444542965440098	(30,16)
-0.2466124549137343584727951378	(30,17)
-0.266257624226868059035076809	(30,18)
-0.284856037660625262592675558	(30,19)
-0.3022280574468343767415947	(30,20)
-0.318229581228385600545305307	(30,21)
-0.332751267953651843637119557	(30,22)
-0.345715941671879254277475933	(30,23)
-0.357074542336428605788745804	(30,24)
-0.366801073355749155926528006	(30,25)
-0.374887022752620502172587887	(30,26)
-0.381335716640920592501359958	(30,27)
-0.386157013053519403158939298	(30,28)
-0.389362674738659208252753955	(30,29)
-0.39096268339276830928636554	(30,30)
-0.00035581620033643415180718446	(31,1)
-0.00319647827236271847339517517	(31,2)
-0.00884633654246328033582458714	(31,3)
-0.0172416704383133819549860894	(31,4)
-0.0282850997896176577994291593	(31,5)
-0.0418438930383913659208421507	(31,6)
-0.0577484411821692000184129464	(31,7)
-0.075791423838018231697434681	(31,8)
-0.0957282028782621592780388629	(31,9)
-0.1172789130109754589573317408	(31,10)
-0.140132575313971502746704294	(31,11)
-0.1639533485845113016173273122	(31,12)
-0.1883887771817795278554882065	(31,13)
-0.2130796273639801831897020884	(31,14)
-0.2376706683332215175265547697	(31,15)
-0.2618215896304051294290919277	(31,16)
-0.285217183536016474252800091	(31,17)
-0.307575972731087580666206768	(31,18)
-0.328656621782347392752561049	(31,19)
-0.348261708937660633101636779	(31,20)
-0.366238712322267801656780947	(31,21)
-0.382478338349240293792374606	(31,22)
-0.396910552068139252964108997	(31,23)
-0.40949883380875008935744725	(31,24)
-0.420233273779662673199174488	(31,25)
-0.429123130595155470691686673	(31,26)
-0.436189435822305522683376548	(31,27)
-0.441458144549585295236887976	(31,28)
-0.444954231805608223564136206	(31,29)
-0.44669703287498529057253455	(31,30)
-0.00041163409463604358791217693	(32,1)
-0.00369791596653955862583140609	(32,2)
-0.01023402428001451713761017139	(32,3)
-0.0199459595899905828021475314	(32,4)
-0.0327202289680002602719652145	(32,5)
-0.0484014702352998797498952322	(32,6)
-0.0667902488374461481487598059	(32,7)
-0.087641725738993957752395398	(32,8)
-0.110665908366081726188033033	(32,9)
-0.1355301093337550113524381979	(32,10)
-0.1618640455260580652205658999	(32,11)
-0.1892677254290694520210171151	(32,12)
-0.2173219267077030105514918048	(32,13)
-0.2456007070801394662907628657	(32,14)
-0.2736850775184557868414644998	(32,15)
-0.3011767537969361356426035233	(32,16)
-0.327710831654521461130934382	(32,17)
-0.352966318095968959197197328	(32,18)
-0.376673682326296709828657166	(32,19)
-0.398618923302215632543842792	(32,20)
-0.418644028874255503040239833	(32,21)
-0.43664406292474827954645768	(32,22)
-0.45256141096182123052173345	(32,23)
-0.466377909864553871958679879	(32,24)
-0.478105674939496648612116998	(32,25)
-0.48777742805588909245782793	(32,26)
-0.495437048642788700754799209	(32,27)
-0.501130944501682740076515598	(32,28)
-0.504900699893740765102195166	(32,29)
-0.50677732593665927279947336	(32,30)
-0.0004731775093429904127619319	(33,1)
-0.00425078791227432626952505461	(33,2)
-0.0117640386770399519412970347	(33,3)
-0.0229275269779661375492005228	(33,4)
-0.0376097870110709013653298953	(33,5)
-0.0556300568453159638285197474	(33,6)
-0.0767552221076697004457935589	(33,7)
-0.1006978480923937086218218057	(33,8)
-0.1271162316783681496393561603	(33,9)
-0.1556172907044506658253823345	(33,10)
-0.1857628546111111091385181049	(33,11)
-0.2170795421145921260045812853	(33,12)
-0.2490719517885858951410520858	(33,13)
-0.2812384159212791567143225537	(33,14)
-0.3130881566703865822084576187	(33,15)
-0.344158413029241245478454965	(33,16)
-0.374030032336275985504590336	(33,17)
-0.402340159279786154523618301	(33,18)
-0.428790984437818053663730149	(33,19)
-0.453153972438263514069511288	(33,20)
-0.475269494516597308019646208	(33,21)
-0.495042257991277396665707049	(33,22)
-0.512433289605869172763452538	(33,23)
-0.527449453454201520673010354	(33,24)
-0.540131561770462916601613611	(33,25)
-0.550542089238025745092856599	(33,26)
-0.558753366027451432429033203	(33,27)
-0.564836943938399405636776349	(33,28)
-0.568854641811840218260557647	(33,29)
-0.57085160843785407891195399	(33,30)
-0.00054044304554630835981848733	(34,1)
-0.00485506340725836102539926798	(34,2)
-0.01343629162622248804152378815	(34,3)
-0.0261861811952313838401700522	(34,4)
-0.0429533858050499336144501214	(34,5)
-0.0635288714765887758406166678	(34,6)
-0.087641806635321737176836187	(34,7)
-0.1149568021190440010951880392	(34,8)
-0.1450737009470312868364148208	(34,9)
-0.1775309714097343411877586444	(34,10)
-0.2118134263335322428293587429	(34,11)
-0.24736449643184419564545779	(34,12)
-0.2836026830888135650784766307	(34,13)
-0.3199411953756186952880306029	(34,14)
-0.355809245681547045953645582	(34,15)
-0.390673141075477850620429174	(34,16)
-0.424055235098454426272585632	(34,17)
-0.455549017160878328038189038	(34,18)
-0.484829075470873384287322935	(34,19)
-0.511655286611657481388338786	(34,20)
-0.535871246312915716392538409	(34,21)
-0.557397549685508065951021471	(34,22)
-0.576220970689578387758769666	(34,23)
-0.592380837431950645591073157	(34,24)
-0.605953953290243694442947134	(34,25)
-0.617039309505672855445911745	(34,26)
-0.625743627633585132074693535	(34,27)
-0.632168518423648294070233444	(34,28)
-0.636399796916236260642747334	(34,29)
-0.63849928570124305127559224	(34,30)
-0.00061335190517079512689499026	(35,1)
-0.0055100344014378999310077948	(35,2)
-0.0152488204685189191206375133	(35,3)
-0.0297180774625101012853701553	(35,4)
-0.0487446444789587608236848528	(35,5)
-0.0720882691305540842536227377	(35,6)
-0.0994362200670973063403941714	(35,7)
-0.1303995608091209474441195582	(35,8)
-0.1645126086122564924331994741	(35,9)
-0.201236916270984309431634129	(35,10)
-0.2399706895300993621879361275	(35,11)
-0.2800639134667254543503138475	(35,12)
-0.3208386825656409294829688747	(35,13)
-0.3616134308444358931285615361	(35,14)
-0.401729084584921898189446566	(35,15)
-0.440574747206717083036586622	(35,16)
-0.477610465524220674838539634	(35,17)
-0.512384939420580683138635457	(35,18)
-0.544546663613197787409908714	(35,19)
-0.573847806876900869651646263	(35,20)
-0.600140985658883257199120726	(35,21)
-0.623369828712779154815250811	(35,22)
-0.643554752188091860573226539	(35,23)
-0.660775624780729825947872722	(35,24)
-0.675153012781488219775819227	(35,25)
-0.686829511164561812727221998	(35,26)
-0.695952366635038845190274044	(35,27)
-0.70265825946927759907162283	(35,28)
-0.70706079574375758317045912	(35,29)
-0.70924101031009858327509875	(35,30)
-0.00069174553652326404916975395	(36,1)
-0.00621427638465036607528481707	(36,2)
-0.0171976798590355128808599705	(36,3)
-0.0335155075653528946695199869	(36,4)
-0.0549708474035334586898453488	(36,5)
-0.0812892425635153727173586801	(36,6)
-0.1121117807039516148758658402	(36,7)
-0.1469902114613441959057485511	(36,8)
-0.1853860015365078983214988037	(36,9)
-0.2266750033094052211812820552	(36,10)
-0.270158872893999721023348429	(36,11)
-0.3150835583124848623442137547	(36,12)
-0.3606641854895844476892884556	(36,13)
-0.406114656476453026806311343	(36,14)
-0.45067943051224759926007906	(36,15)
-0.493664461556736071805845286	(36,16)
-0.534464231600813320317159559	(36,17)
-0.572582265710447643917787781	(36,18)
-0.607643354582555333698783148	(36,19)
-0.639396772608991726952872844	(36,20)
-0.667710857335326740716909017	(36,21)
-0.69256022123237414013516317	(36,22)
-0.714007471601138924077299061	(36,23)
-0.732181573225012867412959356	(36,24)
-0.747254931332643763967621655	(36,25)
-0.759420982734684173947004149	(36,26)
-0.768873666225748499049097972	(36,27)
-0.775789699941444752613732923	(36,28)
-0.780314200315857216656673538	(36,29)
-0.78254988043203375932608213	(36,30)
-0.00077538245241416133856176216	(37,1)
-0.00696561980866028622779891315	(37,2)
-0.0192768627975268869357165729	(37,3)
-0.0375667466987499763568860644	(37,4)
-0.0616126957917135022309909712	(37,5)
-0.0911030627969038394648153823	(37,6)
-0.1256284297259734296561488479	(37,7)
-0.1646753652756898152279872891	(37,8)
-0.2076250009783378407459259768	(37,9)
-0.2537584986402314637966708804	(37,10)
-0.3022708038723411745015013942	(37,11)
-0.3522930536412913838137311817	(37,12)
-0.4029227553306428362959454701	(37,13)
-0.453259585316753827397200581	(37,14)
-0.502443612723957675040858592	(37,15)
-0.5496921663054887345989737	(37,16)
-0.594331572675335352467354835	(37,17)
-0.635820615165042457606588859	(37,18)
-0.673763668084171548952674059	(37,19)
-0.707912820209743966274421433	(37,20)
-0.738159643642974288289408501	(37,21)
-0.764518352213676150240631709	(37,22)
-0.787102776964766817920396381	(37,23)
-0.806099823326877573854224004	(37,24)
-0.821741920919584997040167409	(37,25)
-0.834280550807856331596201031	(37,26)
-0.843962376324330801974606003	(37,27)
-0.851008938714888865020356908	(37,28)
-0.855600399759048575014806781	(37,29)
-0.85786347048075438590265746	(37,30)
-0.00086393637356285637987685048	(38,1)
-0.0077611334152438488446826898	(38,2)
-0.0214782546157186746845316265	(38,3)
-0.041855964586008522985053056	(38,4)
-0.0686441648941449430489020107	(38,5)
-0.1014910762611188706809927227	(38,6)
-0.1399324705264211010873839861	(38,7)
-0.1833838536840871321928791708	(38,8)
-0.231138487731060379150160123	(38,9)
-0.282373783181267620955162076	(38,10)
-0.3361677532246218055465447174	(38,11)
-0.3915259422252426939400194451	(38,12)
-0.447417685574835109098500895	(38,13)
-0.50281898715858535727940686	(38,14)
-0.556758029898431071528639749	(38,15)
-0.608358651655830401212331284	(38,16)
-0.656877197685665079728508022	(38,17)
-0.701729004134624374443235885	(38,18)
-0.742502197777100683974255098	(38,19)
-0.778958208910986902881878648	(38,20)
-0.811020039990535573008355222	(38,21)
-0.838750618442084981871153037	(38,22)
-0.862324314947910099470366072	(38,23)
-0.881994897500678208204395656	(38,24)
-0.89806290682232233172370497	(38,25)
-0.910844842669594470833041862	(38,26)
-0.920645823452382742031291426	(38,27)
-0.927736678823539148270183776	(38,28)
-0.93233586314479011937055965	(38,29)
-0.9345961898984941710963806	(38,30)
-0.00095699581565308777846296942	(39,1)
-0.0085971205334213224238647617	(39,2)
-0.0237916228589948239153096939	(39,3)
-0.0463632065682571231388570169	(39,4)
-0.0760324760254630075700620633	(39,5)
-0.1124046719299430911361297736	(39,6)
-0.1549565428827656601526453724	(39,7)
-0.2030267332687493320377485332	(39,8)
-0.2558131774641803522684989353	(39,9)
-0.3123805576004225512446326803	(39,10)
-0.3716798502327780305479250137	(39,11)
-0.4325804140392657292142706878	(39,12)
-0.493913157738657617604895756	(39,13)
-0.554521407069340471201923819	(39,14)
-0.613314559811257308755541266	(39,15)
-0.669318837193995124516860871	(39,16)
-0.72171961742324016184602989	(39,17)
-0.769890957765494970079575539	(39,18)
-0.81340973348124047722491134	(39,19)
-0.852053945647247064108276889	(39,20)
-0.885786737345439599320362787	(39,21)
-0.914729152185696506788173424	(39,22)
-0.939125476471620562564715184	(39,23)
-0.959305114835174017432946879	(39,24)
-0.975644494416933088112995048	(39,25)
-0.988531690760297352492149086	(39,26)
-0.998335546575272850970503539	(39,27)
-1.005380198847377000565499246	(39,28)
-1.00992526096334840605816228	(39,29)
-1.01215147743499043655473319	(39,30)
-0.0010540652032804861398634116	(40,1)
-0.0094691290933639589390414121	(40,2)
-0.0262046451260614796410063405	(40,3)
-0.0510644486540470017666335491	(40,4)
-0.0837381898435125023833924487	(40,5)
-0.123785427603063358815841162	(40,6)
-0.1706198438134834470780640046	(40,7)
-0.2234976132411741046519047481	(40,8)
-0.2815141010847695934289937202	(40,9)
-0.343612538993880189862947293	(40,10)
-0.4086070775441357431283091614	(40,11)
-0.4752206981830253391854351294	(40,12)
-0.542136141886374212550991275	(40,13)
-0.608055691070524456694463931	(40,14)
-0.671763821866535588847439213	(40,15)
-0.732185867116372730535936014	(40,16)
-0.788436142191686860342466465	(40,17)
-0.839850445917951690260976174	(40,18)
-0.886000133300252501279923397	(40,19)
-0.926687553950818875183417886	(40,20)
-0.961925015864636007781248375	(40,21)
-0.991901142998643509157528595	(40,22)
-1.016939335507522577307630322	(40,23)
-1.037453031231243407169319135	(40,24)
-1.053901799444078498658270198	(40,25)
-1.066751252996776956512173089	(40,26)
-1.076438622426574312058014558	(40,27)
-1.083344814245263047806200516	(40,28)
-1.08777300796296744759361946	(40,29)
-1.08993338184543055259456773	(40,30)
-0.0011545675583145252013164719	(41,1)
-0.0103719757835953987521888277	(41,2)
-0.0287029760417183739809506476	(41,3)
-0.055931728784582714623829572	(41,4)
-0.0917154244506697754186769385	(41,5)
-0.1355654402505023800550724186	(41,6)
-0.1868286010616538077830867463	(41,7)
-0.2446733116065507406290571205	(41,8)
-0.3080854948714164143369456047	(41,9)
-0.3758786502478629228190226124	(41,10)
-0.4467208394107518438730701121	(41,11)
-0.519179101866118363637827084	(41,12)
-0.591779005275621093284442143	(41,13)
-0.663074262441684224832243205	(41,14)
-0.73171920830013605813221029	(41,15)
-0.79653596261335539556063038	(41,16)
-0.856568591941112569119630007	(41,17)
-0.911118452293441584645928096	(41,18)
-0.959757716306322621097579191	(41,19)
-1.002321221290124930521817516	(41,20)
-1.038879551686752272532464336	(41,21)
-1.069698192309394244868334124	(41,22)
-1.095188434190048226969611059	(41,23)
-1.115855542361672317951203739	(41,24)
-1.132248769004322503703946865	(41,25)
-1.144916470371121108678322972	(41,26)
-1.154368199129641096271801795	(41,27)
-1.161044446835924784279940254	(41,28)
-1.16529384583765667601807889	(41,29)
-1.16735714784787749252948629	(41,30)
-0.0012578487741672785836601614	(42,1)
-0.011299784454425561863274073	(42,2)
-0.0312703536419511057960787068	(42,3)
-0.0609333548232190781893960655	(42,4)
-0.0999121990179636103449356955	(42,5)
-0.1476678410823817059570957554	(42,6)
-0.203476799267007212276260553	(42,7)
-0.2664148384023582146036661706	(42,8)
-0.3353520953466214633886510431	(42,9)
-0.4089646910641494370666212179	(42,10)
-0.4857660828954006575194300217	(42,11)
-0.56415866241205467272836428	(42,12)
-0.642502776726333871840523172	(42,13)
-0.719197072996974787632995648	(42,14)
-0.792761580658194004221996108	(42,15)
-0.861913896735516640044826354	(42,16)
-0.925629550890564142112142495	(42,17)
-0.983179975309400016569686518	(42,18)
-1.034144942697348271246952761	(42,19)
-1.078400063839709451318301588	(42,20)
-1.116083153105897643163457245	(42,21)
-1.147545400247316362093741673	(42,22)
-1.173294103091082648021275292	(42,23)
-1.193933333364391626586135468	(42,24)
-1.210107676895347820977893719	(42,25)
-1.222452548413822796914016156	(42,26)
-1.231552929431187614487007428	(42,27)
-1.237910998771473110180427165	(42,28)
-1.24192216620677899955695862	(42,29)
-1.24385851006420276119028843	(42,30)
-0.001363183451527096766911494	(43,1)
-0.0122460385477471719194015143	(43,2)
-0.0338887445573275840859450293	(43,3)
-0.0660341880378847671367241884	(43,4)
-0.1082709007819097218191997425	(43,5)
-0.1600074918009213740948564345	(43,6)
-0.2204471531098735428415080993	(43,7)
-0.2885686968778734936510048326	(43,8)
-0.3631208244816797813839736475	(43,9)
-0.4426354684016000912246066959	(43,10)
-0.525463938669398916922884012	(43,11)
-0.609836363914280942546730022	(43,12)
-0.693940999207578733176156556	(43,13)
-0.776016138708368194160497414	(43,14)
-0.854444514529578564395451934	(43,15)
-0.927838946305944680002423782	(43,16)
-0.99510899246598802664511534	(43,17)
-1.055501259424489581149782803	(43,18)
-1.10861015651096213212365677	(43,19)
-1.154360265225843813181118125	(43,20)
-1.192965170224837324758923954	(43,21)
-1.224869922780315114045477588	(43,22)
-1.25068505474899914102608977	(43,23)
-1.271119418436637779743872384	(43,24)
-1.286917545163495009189683835	(43,25)
-1.298805225069541133018868844	(43,26)
-1.307445077057294546549057617	(43,27)
-1.313402314226669860741180544	(43,28)
-1.3171198643209959677641506	(43,29)
-1.31890148921043257533694321	(43,30)
-0.001469782235789739600729407	(44,1)
-0.0132036470160002620921152114	(44,2)
-0.0365385265029047826085326571	(44,3)
-0.0711959991369811340123231185	(44,4)
-0.1167288704720308589875565135	(44,5)
-0.1724918543904238037003970498	(44,6)
-0.2376123161195458591227072364	(44,7)
-0.310968486287789172827963253	(44,8)
-0.3911828420174242736223506942	(44,9)
-0.4766373537806969626927970497	(44,10)
-0.565514836533425522106977732	(44,11)
-0.655866858032107521598367807	(44,12)
-0.745704091149934390594754752	(44,13)
-0.833100558321772252832780245	(44,14)
-0.916299967414697326217627883	(44,15)
-0.993811171552095011693005701	(44,16)
-1.064481102353851388956505515	(44,17)
-1.127537065035996837501628576	(44,18)
-1.182595184184669772954364556	(44,19)
-1.229636873730460392961500816	(44,20)
-1.268959360316235543871772389	(44,21)
-1.301108785497972285723110915	(44,22)
-1.326805046393610465377147209	(44,23)
-1.346866580004923739091476736	(44,24)
-1.362141317714287787276036498	(44,25)
-1.373447667642860339115570689	(44,26)
-1.381527154593416897347511319	(44,27)
-1.387008600393305542084316389	(44,28)
-1.39038260454443122879201694	(44,29)
-1.3919845765190544199164441	(44,30)
-0.0015768005622923308367426011	(45,1)
-0.0141650228865658655217917844	(45,2)
-0.039198705735185134812281758	(45,3)
-0.0763778922715990664804424422	(45,4)
-0.1252190985406489335542184272	(45,5)
-0.1850220228739543468172065293	(45,6)
-0.2548363085298040283018469633	(45,7)
-0.3334367832287812840168845968	(45,8)
-0.4193159335807237144883887978	(45,9)
-0.5107012256803931607893714669	(45,10)
-0.605602040918007693297906866	(45,11)
-0.701886618589871212118182671	(45,12)
-0.797384128191582055356045886	(45,13)
-0.890001907069385925437342815	(45,14)
-0.977844241759971096992991086	(45,15)
-1.059317876500907176371835783	(45,16)
-1.133211136556502694532939824	(45,17)
-1.19873780216262732463260853	(45,18)
-1.255542608286170011010789011	(45,19)
-1.303671077891079689894277905	(45,20)
-1.343511035967349845258535588	(45,21)
-1.375715794106709540992073701	(45,22)
-1.401119469531676001488781649	(45,23)
-1.420653585707332483478864299	(45,24)
-1.435271685958122410775462911	(45,25)
-1.445885919915668433146279257	(45,26)
-1.453317032895241738365005088	(45,27)
-1.458257263139589417400664892	(45,28)
-1.46124446376542058201535701	(45,29)
-1.4626452781080478844984639	(45,30)
-0.001683348683159383584082263	(46,1)
-0.015122173337768923526612534	(46,2)
-0.0418471663348125164061889073	(46,3)
-0.0815367908600914135377005994	(46,4)
-0.1336710220352763529486236265	(46,5)
-0.1974939017845251396494917639	(46,6)
-0.2719761426318868208125452632	(46,7)
-0.3557872722718669352977240548	(46,8)
-0.447287196016904315687037315	(46,9)
-0.5445457472676158709606001298	(46,10)
-0.645395543488305294816724295	(46,11)
-0.747518452206842527152537986	(46,12)
-0.848559951413772127930672038	(46,13)
-0.946259895004320879758880996	(46,14)
-1.038584117094950952476852901	(46,15)
-1.123840110973892686707487701	(46,16)
-1.200762166252516033108138572	(46,17)
-1.268556376093804736303223599	(46,18)
-1.326902567251764079455649843	(46,19)
-1.375916820497740229445943427	(46,20)
-1.416083371219527555478429996	(46,21)
-1.44816743703454553372840616	(46,22)
-1.473120785435022196526138459	(46,23)
-1.491990127580109218116087932	(46,24)
-1.50583553615769457290284386	(46,25)
-1.515662892660336141028053675	(46,26)
-1.522371535701380657479255288	(46,27)
-1.526716187246444254012361129	(46,28)
-1.52928099389257737877228071	(46,29)
-1.5304630661977360115339734	(46,30)
-0.0017885028197482248740603	(47,1)
-0.016066799884828166921892192	(47,2)
-0.0444609474336173746021384299	(47,3)
-0.0866279776560130995921018796	(47,4)
-0.1420114096276598020475630267	(47,5)
-0.2097995127353006914064826233	(47,6)
-0.2888836196133574651358685977	(47,7)
-0.3778270911470543981761204311	(47,8)
-0.4748559750618311098441127866	(47,9)
-0.577880923049101354371046441	(47,10)
-0.684556243658369469626908308	(47,11)
-0.792376282126246360048675603	(47,12)
-0.898802505464628541178905845	(47,13)
-1.001408180511903093305960543	(47,14)
-1.098023031232002410885041127	(47,15)
-1.186859087229103636129453118	(47,16)
-1.266601580587567312836054772	(47,17)
-1.336454620148993297014800019	(47,18)
-1.396138966626042754355851342	(47,19)
-1.445846652904679385408785819	(47,20)
-1.486162789239979970983545439	(47,21)
-1.517967729127998447246801372	(47,22)
-1.542332783123206154514080738	(47,23)
-1.560420488075697261609941944	(47,24)
-1.573397049933260135717874878	(47,25)
-1.582360953227778133550168533	(47,26)
-1.588288595637512125488680555	(47,27)
-1.591995553399917958447209178	(47,28)
-1.59411080654131206938468304	(47,29)
-1.5950608458183632139871865	(47,30)
-0.0018913172579580627797237519	(48,1)
-0.0169904070340962825508482743	(48,2)
-0.0470165438417852350203460927	(48,3)
-0.0916056801970644259640684676	(48,4)
-0.1501653202401293354129289567	(48,5)
-0.2218284074953839900397305874	(48,6)
-0.305407267966235281194464843	(48,7)
-0.399359351018387997131071381	(48,8)
-0.5017770052412116940324442708	(48,9)
-0.610411872795774589291345893	(48,10)
-0.72274034332805649054531476	(48,11)
-0.836070119640055502843626542	(48,12)
-0.947680310058905639185823811	(48,13)
-1.054980233710654298329855669	(48,14)
-1.155667199862856790117279931	(48,15)
-1.247862399819377123711999294	(48,16)
-1.330207240771958147263054306	(48,17)
-1.401909219799037774623624169	(48,18)
-1.462735022908953928206043758	(48,19)
-1.512956772896186876939707831	(48,20)
-1.553263400963451323858439881	(48,21)
-1.584651994588973700224263569	(48,22)
-1.608313687532141799498211431	(48,23)
-1.625525989374474319179225128	(48,24)
-1.6375595409994443461868992	(48,25)
-1.645603220647571826132505956	(48,26)
-1.65070809738702867586196189	(48,27)
-1.653748332524355074298572662	(48,28)
-1.65539583048588547647404205	(48,29)
-1.6561050926078088027613731	(48,30)
-0.0019908371806237429813196931	(49,1)
-0.017884417557003837429122669	(49,2)
-0.0494902249597118815934140872	(49,3)
-0.0964236916686055035880460263	(49,4)
-0.1580571189333790329950815298	(49,5)
-0.2334691634463462640954874593	(49,6)
-0.3213943902750912331179420916	(49,7)
-0.4201857885285031862956143061	(49,8)
-0.5278036977797522658998655262	(49,9)
-0.641842757296107936326728135	(49,10)
-0.759603879452587891907894346	(49,11)
-0.878211136863504382005484279	(49,12)
-0.994764970843583325987230487	(49,13)
-1.106515151185265428282371218	(49,14)
-1.211031575778324061123407361	(49,15)
-1.306349954934240795605923462	(49,16)
-1.391073202598616817548492585	(49,17)
-1.464417061942397918771954184	(49,18)
-1.526198095765961126849094124	(49,19)
-1.576771228037067646888195725	(49,20)
-1.616930505573809863946917167	(49,21)
-1.647789630107122791048996616	(49,22)
-1.670658188472167310951967759	(49,23)
-1.686926324424119665540482037	(49,24)
-1.697966151504728537068168431	(49,25)
-1.705053710913224501760036146	(49,26)
-1.709311569929229545260690208	(49,27)
-1.711669632306606425486341274	(49,28)
-1.71284042534263648511309586	(49,29)
-1.713304849461035921955852	(49,30)
-0.0020861120123682319480098684	(50,1)
-0.018740292365889787141220058	(50,2)
-0.0518583663922814504410005454	(50,3)
-0.1010360163150005238015632183	(50,4)
-0.1656115322786854476412951851	(50,5)
-0.2446109352624389934983140793	(50,6)
-0.3366931826180789789532645872	(50,7)
-0.4401095033544500055428326468	(50,8)
-0.5526915193725938784621904347	(50,9)
-0.67188078814371970086481014	(50,10)
-0.794807317053426736118414647	(50,11)
-0.918416755884167740493960123	(50,12)
-1.039636640144095354695625012	(50,13)
-1.15556333218507656126610888	(50,14)
-1.263645562492178354945737823	(50,15)
-1.361839534260437880425119997	(50,16)
-1.44871494838833119902327944	(50,17)
-1.52349997160151728226997356	(50,18)
-1.586063796458455185780996482	(50,19)
-1.63684530093323179069335975	(50,20)
-1.676743199223171194829794339	(50,21)
-1.706985924383809183115226196	(50,22)
-1.728998494800504988761543458	(50,23)
-1.744279899701195121234107512	(50,24)
-1.754299560147066357724397421	(50,25)
-1.76041650302323059069110341	(50,26)
-1.763820912914200492923018982	(50,27)
-1.765495091644558326558365884	(50,28)
-1.76618955419663817145523473	(50,29)
-1.7664097881875948570325755	(50,30)
-0.0021762090380711597178644883	(51,1)
-0.0195496528462659828616295643	(51,2)
-0.0540977883315707058885922528	(51,3)
-0.1053975278559217230731374452	(51,4)
-0.1727547243636615288640614662	(51,5)
-0.2551450351667066725692396434	(51,6)
-0.351154888978804164576587636	(51,7)
-0.4589377330424573226896793872	(51,8)
-0.5762014029321070178633786823	(51,9)
-0.700240252818290298406553799	(51,10)
-0.828020125852358373579214846	(51,11)
-0.956315672237587117578425057	(51,12)
-1.081889344227510906285923265	(51,13)
-1.201691936451278583464777213	(51,14)
-1.313058411436984813965356102	(51,15)
-1.413871937211543963469522252	(51,16)
-1.502674092250775210266356508	(51,17)
-1.578708824471853970730580018	(51,18)
-1.64189938869326520720756586	(51,19)
-1.692768122044416172167734371	(51,20)
-1.732316167154394672806484757	(51,21)
-1.761883037372970115590664982	(51,22)
-1.783004542785168097913791881	(51,23)
-1.797283341051427753720947233	(51,24)
-1.806280872145028563305269527	(51,25)
-1.811434110862141497916482756	(51,26)
-1.813996353712521481544619253	(51,27)
-1.814998527750933749218665928	(51,28)
-1.81522622514730379066051536	(51,29)
-1.8152075487041571568711867	(51,30)
-0.0022602270468624317499774496	(52,1)
-0.0203044034170560572452723719	(52,2)
-0.0561860945456643866332783017	(52,3)
-0.109464628928549201476076867	(52,4)
-0.1794153738980611003061761085	(52,5)
-0.2649665131968821955888889079	(52,6)
-0.3646359520063127685476423318	(52,7)
-0.4764846158992261420111828718	(52,8)
-0.59810313086481656253411172	(52,9)
-0.726646486710190158111799363	(52,10)
-0.858925265700319139648050962	(52,11)
-0.99155273496179680396334025	(52,12)
-1.121136101000410194196309426	(52,13)
-1.244490054598811914845024954	(52,14)
-1.358844246350985576628630478	(52,15)
-1.46201566334480821859755905	(52,16)
-1.552522543457617724858609687	(52,17)
-1.629627046671832929114883489	(52,18)
-1.693306521838163823579841409	(52,19)
-1.744164579003521672753156873	(52,20)
-1.78330075606760560332508603	(52,21)
-1.812160261599215896977674099	(52,22)
-1.832383503320967412207970826	(52,23)
-1.845670325916011612877040806	(52,24)
-1.853667869305926261160380468	(52,25)
-1.857885250611040809525560424	(52,26)
-1.859633833191251188520659698	(52,27)
-1.859989039703711610526132829	(52,28)
-1.85976840911396801636523272	(52,29)
-1.8595205647901801571407223	(52,30)
-0.00233730974950156611552261	(53,1)
-0.0209968520540470679730164831	(53,2)
-0.058102005712038440936849295	(53,3)
-0.1131958993909590358070446019	(53,4)
-0.1855257326106327817101418506	(53,5)
-0.2739757085876605427515565004	(53,6)
-0.3770001211896975479772937953	(53,7)
-0.4925738927115422897731776585	(53,8)
-0.618178632022653822612463451	(53,9)
-0.750839725376379796949610438	(53,10)
-0.887223509200200462293091011	(53,11)
-1.023793610864491394039528695	(53,12)
-1.157013760075950872417411211	(53,13)
-1.283573532915605091241472224	(53,14)
-1.400606672317849228698093033	(53,15)
-1.505871113161841442788260062	(53,16)
-1.597866130917549561377025929	(53,17)
-1.675873532052238938163932696	(53,18)
-1.739923355126291191727814069	(53,19)
-1.790696608583976101262090647	(53,20)
-1.829385438250707432269709754	(53,21)
-1.857533699309104529892555705	(53,22)
-1.876878740294772395015247773	(53,23)
-1.889209908964463654861428316	(53,24)
-1.896252798341946811776266284	(53,25)
-1.899582189836013834839888343	(53,26)
-1.900562011804961536445256351	(53,27)
-1.900307763498736979813785006	(53,28)
-1.8996656309574834571508367	(53,29)
-1.8992025743661683938833262	(53,30)
-0.0024066587182730034077819215	(54,1)
-0.0216198265232516294321272892	(54,2)
-0.0598256808666883467472097605	(54,3)
-0.1165527213920608599411667223	(54,4)
-0.191022645266517404267024115	(54,5)
-0.2820797436457914569372374819	(54,6)
-0.3881204800319147599955168377	(54,7)
-0.5070414990254197173211138142	(54,8)
-0.636225135156164541062763297	(54,9)
-0.772578773088599850429875124	(54,10)
-0.912637534200381480416276741	(54,11)
-1.052729166813050495195672862	(54,12)
-1.189187505504416728737399324	(54,13)
-1.3185894050624273352595797	(54,14)
-1.437982939598163322465679594	(54,15)
-1.54507429970817202714537011	(54,16)
-1.638347706708346033464860816	(54,17)
-1.717105022150604258909919602	(54,18)
-1.781426144911725806340680242	(54,19)
-1.832063968629153404841922037	(54,20)
-1.870295787105965149546598898	(54,21)
-1.897755493728863786156531468	(54,22)
-1.916268373072373436041631878	(54,23)
-1.927704505012796385984765648	(54,24)
-1.933859868881182316203603091	(54,25)
-1.936367854564136682777756613	(54,26)
-1.936639075160515783201427304	(54,27)
-1.935824459251986882943124339	(54,28)
-1.93479541523586001078847737	(54,29)
-1.9341349958487950423331522	(54,30)
-0.0024675456051156152598868333	(55,1)
-0.0221667841300999765653944535	(55,2)
-0.0613390209047959344207414398	(55,3)
-0.119499869438778614207352535	(55,4)
-0.1958485121851630931623972793	(55,5)
-0.2891939323548737472665241427	(55,6)
-0.397881355097515652767672781	(55,7)
-0.5197380016037622283765016373	(55,8)
-0.6520581244040734862924161	(55,9)
-0.791644427523451714465606173	(55,10)
-0.934915723975036419695982736	(55,11)
-1.078079510563163450404932454	(55,12)
-1.217354969820797041917587207	(55,13)
-1.349219893057362931066275744	(55,14)
-1.470647643475671721174034027	(55,15)
-1.579300075048941606582333243	(55,16)
-1.673649758059863910482918174	(55,17)
-1.75301800418826120932051514	(55,18)
-1.817530375336164790475077735	(55,19)
-1.868004592781211498214729479	(55,20)
-1.905794085905136108928988311	(55,21)
-1.932612751284453101176158794	(55,22)
-1.950363591002871203665777376	(55,23)
-1.960987684549342827157761427	(55,24)
-1.966342620931132593739460587	(55,25)
-1.968112856292791770935773507	(55,26)
-1.967749501695620731092051226	(55,27)
-1.966434093068500619297464938	(55,28)
-1.96505974871415784562022498	(55,29)
-1.9642233324088471959938379	(55,30)
-0.0025193234054931107291943752	(56,1)
-0.0226319128963041194156393103	(56,2)
-0.062625948362260508877297215	(56,3)
-0.1220060542656926973988251302	(56,4)
-0.199952176090253503582121004	(56,5)
-0.2952430773789027220725170158	(56,6)
-0.4061800718392015871941465399	(56,7)
-0.530530835444866567271346003	(56,8)
-0.665514045999670714102265421	(56,9)
-0.807842605120844725348004931	(56,10)
-0.953835618729065934031665799	(56,11)
-1.099597637641439848096376226	(56,12)
-1.241249916139101997791634875	(56,13)
-1.375185948802685569986959806	(56,14)
-1.498315950539881050054206594	(56,15)
-1.608264884577866192178534258	(56,16)
-1.703496564991811007456640101	(56,17)
-1.783350188480806262266732998	(56,18)
-1.847991516219056627860701128	(56,19)
-1.898294631260896436699709412	(56,20)
-1.935678688681103944752345626	(56,21)
-1.961926285304901754535628623	(56,22)
-1.979006858225439313237351304	(56,23)
-1.988921924597919729057524123	(56,24)
-1.993581306377823012426712397	(56,25)
-1.994712583574778186940242897	(56,26)
-1.993800936143927382131735689	(56,27)
-1.992053555914653140183647091	(56,28)
-1.99038170078080987396757216	(56,29)
-1.9893937446032695347635656	(56,30)
-0.0025614365522669598080675697	(57,1)
-0.0230102222267559507553974561	(57,2)
-0.063672658124018931340380437	(57,3)
-0.1240444101245103783178076648	(57,4)
-0.2032897164561125357070110981	(57,5)
-0.3001626311068629249205236358	(57,6)
-0.4129285248325040326572750937	(57,7)
-0.5393063013162814035250082877	(57,8)
-0.676452719865849844327701163	(57,9)
-0.821007117075189304389063236	(57,10)
-0.969206968406466865960833775	(57,11)
-1.117072638895625345194083058	(57,12)
-1.26064545260256934225806197	(57,13)
-1.396250315053308302191852564	(57,14)
-1.520746348980248182288690421	(57,15)
-1.631729068145322928261477329	(57,16)
-1.727655945058661254717604981	(57,17)
-1.807881628508272858056994586	(57,18)
-1.872605491029985572897747316	(57,19)
-1.922748276898354625049426567	(57,20)
-1.959783244950498609336720396	(57,21)
-1.985549301480102575838895788	(57,22)
-2.002070134052787557147731262	(57,23)
-2.011396442249804775367423698	(57,24)
-2.015480411735791865974058258	(57,25)
-2.016084483903310460071397773	(57,26)
-2.0147212923810006242379479	(57,27)
-2.012618640938632170819632339	(57,28)
-2.01070232151899756921343943	(57,29)
-2.0095899102030109128249011	(57,30)
-0.0025934296452096225445650603	(58,1)
-0.0232976213208362685639822526	(58,2)
-0.0644678342361514536440409562	(58,3)
-0.1255929161436971163968630489	(58,4)
-0.2058251362016786138527168704	(58,5)
-0.3038996988533164419590732709	(58,6)
-0.4180545334078917335830209574	(58,7)
-0.5459712880610526162515917081	(58,8)
-0.684759415006470745566527469	(58,9)
-0.831002051999230118042092678	(58,10)
-0.980874343498850706519926613	(58,11)
-1.130332430372026671620873081	(58,12)
-1.275356750440674291835894552	(58,13)
-1.412220091030863670091808725	(58,14)
-1.537742925541812894459808675	(58,15)
-1.649498730240671424869662383	(58,16)
-1.745940627549501292556503375	(58,17)
-1.826435545035259008409194584	(58,18)
-1.891208932972976319667960675	(58,19)
-1.941217467783999103533654114	(58,20)
-1.977975889279597233098764991	(58,21)
-2.00336613210322802998243827	(58,22)
-2.019453218788349643142680077	(58,23)
-2.028325221021451583126342157	(58,24)
-2.031966430841677972732889821	(58,25)
-2.032165642116848356219158226	(58,26)
-2.030456189064939545364800928	(58,27)
-2.028081380066976913986044141	(58,28)
-2.0259779163099492251457741	(58,29)
-2.024770269050594620745791	(58,30)
-0.0026149546473445823819874955	(59,1)
-0.0234909838119916551416400082	(59,2)
-0.065002828633169562902261568	(59,3)
-0.1266347436407152937305179267	(59,4)
-0.2075309275880946541675417471	(59,5)
-0.3064138652503449348093460996	(59,6)
-0.4215029575954103508333673717	(59,7)
-0.5504546888778864832495196464	(59,8)
-0.690346553477033195254252814	(59,9)
-0.837723727897120358470044532	(59,10)
-0.988719267527705776918007746	(59,11)
-1.139245974069538485171664175	(59,12)
-1.28524324311923487951304882	(59,13)
-1.422948792848079759964904486	(59,14)
-1.549157174868057621409362493	(59,15)
-1.661427202125788233676725948	(59,16)
-1.758209297353074280875707092	(59,17)
-1.838878910536594313817936543	(59,18)
-1.90367929908524121648335691	(59,19)
-1.953591546980124055314993505	(59,20)
-1.990158483313197317414397459	(59,21)
-2.015291110698051611400934906	(59,22)
-2.031082317825590417366181207	(59,23)
-2.039645322046448941581674966	(59,24)
-2.042985977277815613455683823	(59,25)
-2.042910742182682247732488451	(59,26)
-2.040966801887577278828373705	(59,27)
-2.038407821008236684563766743	(59,28)
-2.03617777612120603607625291	(59,29)
-2.0349057310559447705416513	(59,30)
-0.0026257764084787511682684375	(60,1)
-0.0235881973815117378849531931	(60,2)
-0.065271798316159566380681821	(60,3)
-0.1271585226745322566051301325	(60,4)
-0.2083885064571338508219891648	(60,5)
-0.3076778281738331697683864104	(60,6)
-0.4232365537090738384454848141	(60,7)
-0.5527084862670025599110636914	(60,8)
-0.693155014125350292097476269	(60,9)
-0.84110218309376034730454218	(60,10)
-0.992661842017344878854092647	(60,11)
-1.143724964795495386598213941	(60,12)
-1.290210289598649005382233495	(60,13)
-1.428337902604611378623265828	(60,14)
-1.554889348213916417620240396	(60,15)
-1.667416117183076924586631489	(60,16)
-1.764367343933098696537333858	(60,17)
-1.845122842279577778786352275	(60,18)
-1.909934901419199488688953254	(60,19)
-1.959796946354100948445180251	(60,20)
-1.996265982451588265805690222	(60,21)
-2.021267661673065030161899892	(60,22)
-2.036908898904279474005783324	(60,23)
-2.045315553561806545976303064	(60,24)
-2.048504307533128893851445174	(60,25)
-2.048290480446250975631850146	(60,26)
-2.046228197622719268308744397	(60,27)
-2.043576307354094157146095931	(60,28)
-2.04128242435755041982417109	(60,29)
-2.039977907258258847282473	(60,30)