b^3^1_1_(sigma,mu)
0.46805986894892892211789814	(1,1)
0.468059868293030316482230553	(1,2)
0.468059863870071752179247463	(1,3)
0.468059849628103803909687804	(1,4)
0.468059816907312495754385928	(1,5)
0.46805975492019302054988761	(1,6)
0.468059651356873514466628082	(1,7)
0.468059493087666741075400835	(1,8)
0.468059266930341941842515196	(1,9)
0.468058960446464013863830086	(1,10)
0.468058562729583501759016908	(1,11)
0.468058065148150189249179774	(1,12)
0.468057462007764364839690343	(1,13)
0.468056751100699612140660078	(1,14)
0.468055934115386399196085409	(1,15)
0.468055016884530855337881533	(1,16)
0.468054009457497834022375441	(1,17)
0.468052925990208785174326172	(1,18)
0.468051784453760659051975225	(1,19)
0.468050606170914554338920844	(1,20)
0.468049415197184768789086761	(1,21)
0.46804823757014829991672641	(1,22)
0.468047100456489507470257975	(1,23)
0.468046031230935480872119229	(1,24)
0.468045056524419946688090538	(1,25)
0.468044201280395965495402816	(1,26)
0.468043487858128437465237178	(1,27)
0.468042935220037531903127983	(1,28)
0.46804255823680727586476657	(1,29)
0.46804236713916292139361495	(1,30)
0.477002518370792383718354651	(2,1)
0.4770025124027645735127909	(2,2)
0.477002472158221456943885881	(2,3)
0.477002342570416194345997062	(2,4)
0.477002044843617013831217367	(2,5)
0.477001480822212676114379076	(2,6)
0.477000538498559618635842335	(2,7)
0.476999098405506926282518344	(2,8)
0.476997040597810851544552002	(2,9)
0.476994251898033307261502606	(2,10)
0.476990633068290830035930669	(2,11)
0.476986105570033007921774565	(2,12)
0.476980617589873354385414008	(2,13)
0.476974149039702293469908823	(2,14)
0.476966715282581603776049896	(2,15)
0.4769583693903783408822344	(2,16)
0.476949202802377309780917108	(2,17)
0.476939344323458665475513393	(2,18)
0.4769289574728162769217378	(2,19)
0.476918236266461347793212838	(2,20)
0.476907399585744009681188802	(2,21)
0.476896684346812206708965466	(2,22)
0.47688633773956273964360778	(2,23)
0.476876608846866212334639251	(2,24)
0.476867739983803206335510348	(2,25)
0.476859958111047281093849866	(2,26)
0.476853466675718368941547664	(2,27)
0.476848438217016653293215082	(2,28)
0.47684500804340267792963057	(2,29)
0.47684326924431759152486424	(2,30)
0.494601833792750594451796334	(3,1)
0.494601816852468064347655065	(3,2)
0.494601702618092825785814744	(3,3)
0.494601334782340794588052536	(3,4)
0.494600489683086950947596977	(3,5)
0.494598888705149518223296674	(3,6)
0.494596213914450313764059069	(3,7)
0.494592126203400824956469606	(3,8)
0.494586285107914373108462753	(3,9)
0.494578369375195470437336271	(3,10)
0.494568097321051682817437662	(3,11)
0.494555246017763576466465932	(3,12)
0.494539668398513737814521452	(3,13)
0.494521307450121357660538037	(3,14)
0.494500206788666732640886993	(3,15)
0.494476517067199986693280628	(3,16)
0.494450497844389431100744097	(3,17)
0.494422514739849243867487071	(3,18)
0.494393031907400793946528349	(3,19)
0.494362600062685571760535751	(3,20)
0.494331840497383611393652327	(3,21)
0.494301425690220669094437833	(3,22)
0.494272057277165018405569262	(3,23)
0.494244442263030619949044527	(3,24)
0.494219268438835772088184523	(3,25)
0.494197180010072305756530962	(3,26)
0.494178754438675240255246743	(3,27)
0.494164481455980428754544484	(3,28)
0.4941547451172289248874716	(3,29)
0.49414980964392596195799879	(3,30)
0.520319709092054454672451502	(4,1)
0.520319674816513927318533562	(4,2)
0.520319443684305900746073617	(4,3)
0.520318699436480281298879102	(4,4)
0.520316989534164085003389551	(4,5)
0.520313750251690811738732587	(4,6)
0.520308338310242720409652365	(4,7)
0.520300067592978411016459154	(4,8)
0.520288249242848492376615203	(4,9)
0.520272233279763212996350908	(4,10)
0.520251449791869605117388902	(4,11)
0.52022544776020586072106102	(4,12)
0.520193929666919263493716188	(4,13)
0.520156780210752524736697161	(4,14)
0.520114087702171656732010222	(4,15)
0.520066157023555128368260534	(4,16)
0.520013513403664994434634222	(4,17)
0.519956896654296329757636721	(4,18)
0.519897245933115051385722106	(4,19)
0.519835675512021716331704388	(4,20)
0.519773442426712754659425979	(4,21)
0.519711907243064171548967009	(4,22)
0.519652489483736292836598561	(4,23)
0.519596619500472935776656837	(4,24)
0.519545688743297841311937728	(4,25)
0.519501000459882926551140698	(4,26)
0.519463722853112446802102911	(4,27)
0.519434846632430572538007305	(4,28)
0.51941514871886013396675879	(4,29)
0.51940516361214934729235014	(4,30)
0.553420807290068746562767639	(5,1)
0.55342074824964881835109403	(5,2)
0.553420350119029174392469797	(5,3)
0.553419068134938611293932244	(5,4)
0.553416122789519257194613359	(5,5)
0.553410543055477363679051306	(5,6)
0.553401220879033340427635678	(5,7)
0.553386974427818722744256447	(5,8)
0.553366617167412025248303164	(5,9)
0.55333902955618748690998404	(5,10)
0.553303230006442188752540298	(5,11)
0.553258441767030916745145394	(5,12)
0.553204152539100407453382319	(5,13)
0.553140163935520208471074473	(5,14)
0.553066628323469254265473828	(5,15)
0.552984071129773285007160999	(5,16)
0.552893397316426739969578798	(5,17)
0.552795881421752793423652019	(5,18)
0.552693141280614763829874235	(5,19)
0.552587096253386421847738423	(5,20)
0.552479911476472958717761486	(5,21)
0.552373930266981731607825731	(5,22)
0.552271597343427781844101321	(5,23)
0.552175375939907542271338681	(5,24)
0.552087662174810563750360198	(5,25)
0.552010700174505445156992975	(5,26)
0.551946501441497416880576929	(5,27)
0.551896771795820712433676266	(5,28)
0.55186284891488706948406035	(5,29)
0.55184565306378621273172898	(5,30)
0.593028697135459007545388514	(6,1)
0.593028604469771462694631938	(6,2)
0.593027979592010487408088832	(6,3)
0.59302596748057313866944082	(6,4)
0.593021344677532403852532672	(6,5)
0.593012587136643794080299167	(6,6)
0.592997955761243078730513468	(6,7)
0.592975595689088912332466038	(6,8)
0.592943644730957361698823432	(6,9)
0.592900345922266756280388084	(6,10)
0.592844158922761865215047826	(6,11)
0.592773865009201236837732237	(6,12)
0.592688660650680187120447921	(6,13)
0.592588235125862820229847167	(6,14)
0.592472828316055203627523407	(6,15)
0.592343265658480052540958201	(6,16)
0.592200968233007450374796571	(6,17)
0.592047937039266179206911047	(6,18)
0.591886711651430195081259343	(6,19)
0.591720304564813239141550056	(6,20)
0.591552113621665680993414329	(6,21)
0.591385815875715288178048503	(6,22)
0.591225247083182712241263066	(6,23)
0.591074271656003872125453206	(6,24)
0.590936648352765186825595147	(6,25)
0.590815897195707215822177795	(6,26)
0.590715173079419837586679094	(6,27)
0.590637151280144502595315498	(6,28)
0.5905839295955602195948896	(6,29)
0.59055695116459555586612521	(6,30)
0.638165188313448146741430134	(7,1)
0.638165051390838582140311369	(7,2)
0.638164128072966497127145671	(7,3)
0.638161154983014785920446611	(7,4)
0.638154324348907594205069823	(7,5)
0.638141384267019524068815567	(7,6)
0.638119765115822212989670216	(7,7)
0.638086726295899243193064072	(7,8)
0.638039516508797512345746635	(7,9)
0.637975540121703825008739146	(7,10)
0.637892521829181942075508185	(7,11)
0.637788661834288295118719491	(7,12)
0.637662774131194518340379722	(7,13)
0.637514401166213807763107937	(7,14)
0.637343899154725027569776162	(7,15)
0.637152489594494619050676489	(7,16)
0.636942273985451829627942959	(7,17)
0.636716210376329230763827573	(7,18)
0.636478052037233458970589501	(7,19)
0.6362322502284335927084637	(7,20)
0.635983824624215988143615743	(7,21)
0.635738206385491341617884307	(7,22)
0.63550106009245029891035217	(7,23)
0.635278091695924477181607338	(7,24)
0.635074850282959101227980688	(7,25)
0.634896531752496428027183041	(7,26)
0.63474779245016382132267892	(7,27)
0.634632580421260630699958415	(7,28)
0.63455399122696071305719333	(7,29)
0.6345141542626150492067048	(7,30)
0.687764101571166486141783736	(8,1)
0.687763907713458980249504407	(8,2)
0.687762600462150200397600725	(8,3)
0.687758391106067107047482479	(8,4)
0.687748720179882564763330978	(8,5)
0.687730399443724859600993081	(8,6)
0.687699790910138418791051672	(8,7)
0.687653014678523559188952057	(8,8)
0.687586175965793881295496187	(8,9)
0.687495600771004123489760339	(8,10)
0.687378069127150667293134964	(8,11)
0.687231034901601025903805373	(8,12)
0.687052821612410913769101528	(8,13)
0.6868427847131981840328507	(8,14)
0.686601432223692482253434935	(8,15)
0.686330497384669258248685346	(8,16)
0.686032959114067381758614526	(8,17)
0.685713008340098354165527301	(8,18)
0.685375960681361506824617168	(8,19)
0.685028118323027723413969843	(8,20)
0.684676586192862215829918919	(8,21)
0.68432904956890740029174928	(8,22)
0.683993521961746653631282882	(8,23)
0.683678073434426412478207045	(8,24)
0.683390550397779154666442346	(8,25)
0.683138298314836952467588991	(8,26)
0.682927898653961694996780849	(8,27)
0.682764930856338299447423575	(8,28)
0.68265376905955396750873904	(8,29)
0.6825974218927394729760749	(8,30)
0.74066364302159657467191774	(9,1)
0.740663377347937936909830577	(9,2)
0.740661585816536920239177271	(9,3)
0.740655817080140936613157367	(9,4)
0.740642563527269899915945321	(9,5)
0.740617455904805916251231086	(9,6)
0.7405755087570209794435523	(9,7)
0.740511405398510406111101166	(9,8)
0.7404198092466776097206434	(9,9)
0.740295687019612165623052011	(9,10)
0.740134628623885187407622592	(9,11)
0.739933148554127033878799401	(9,12)
0.739688954312642775192179871	(9,13)
0.739401168711097044346659572	(9,14)
0.739070494883126712880991735	(9,15)
0.738699315330976095480485013	(9,16)
0.738291719237446583744227358	(9,17)
0.737853455460908994776912114	(9,18)
0.737391811945177322504130456	(9,19)
0.736915425560545655843517136	(9,20)
0.736434029492617295155804343	(9,21)
0.735958148068316626687687197	(9,22)
0.735498751229247530055114721	(9,23)
0.735066882632018070314166757	(9,24)
0.734673276503176069908206994	(9,25)
0.734327978864054068276003687	(9,26)
0.734039988560226033291432537	(9,27)
0.733816932702728968143200263	(9,28)
0.73366478970096501155663707	(9,29)
0.7335876711094855475565905	(9,30)
0.795593363717872519377539891	(10,1)
0.795593009158474630819124549	(10,2)
0.795590618239715633628509682	(10,3)
0.795582919481413796765465431	(10,4)
0.795565231784387061467275672	(10,5)
0.795531724246495223018086553	(10,6)
0.795475743873987208611999102	(10,7)
0.795390196147924147616373663	(10,8)
0.795267960859193623459865839	(10,9)
0.795102323835617819879070683	(10,10)
0.794887404245464409746601764	(10,11)
0.794618557133914430830321693	(10,12)
0.794292731753348676696022793	(10,13)
0.793908768060842804960727052	(10,14)
0.79346761640667959241011345	(10,15)
0.792972468810267012439637326	(10,16)
0.79242879415805787317303095	(10,17)
0.791844273972587320115106879	(10,18)
0.791228639881452929252444956	(10,19)
0.790593418340004793738877584	(10,20)
0.78995159231669681920615234	(10,21)
0.789317193338693951541887258	(10,22)
0.788704840350304221067045461	(10,23)
0.788129244129241685663574819	(10,24)
0.787604697450168702144556913	(10,25)
0.787144571740887616086031372	(10,26)
0.78676084064654745401749608	(10,27)
0.786463649742538492128332533	(10,28)
0.7862609496910165933887903	(10,29)
0.7861582075182954129415725	(10,30)
0.851178016736225386182963538	(11,1)
0.851177554239594658682756431	(11,2)
0.851174435463083202831291534	(11,3)
0.851164393014475128211770188	(11,4)
0.851141320817110070173708651	(11,5)
0.851097613149275636549732467	(11,6)
0.851024592373686427911689923	(11,7)
0.85091300576588583152283378	(11,8)
0.850753568494052959402546683	(11,9)
0.850537527421173598578425629	(11,10)
0.850257219126766301200253017	(11,11)
0.849906595469830586993161624	(11,12)
0.849481691175310575495238292	(11,13)
0.848981010300300222713416116	(11,14)
0.84840581193524315242624414	(11,15)
0.847760279966160078251311099	(11,16)
0.847051566953859948714163597	(11,17)
0.846289707914776449372513547	(11,18)
0.845487405723715212318149884	(11,19)
0.844659695697836205788583327	(11,20)
0.843823502369228829458178539	(11,21)
0.842997106245118306730348956	(11,22)
0.84219954227050564207349235	(11,23)
0.841449954585987334104076874	(11,24)
0.840766933915469460269787352	(11,25)
0.840167864490235233506098541	(11,26)
0.839668306841920170802940477	(11,27)
0.839281441151778825336872916	(11,28)
0.83901759324014009668447608	(11,29)
0.8388838618579571008923201	(11,30)
0.905978393372973115430893908	(12,1)
0.905977802277866186340884068	(12,2)
0.905973816318375727404994079	(12,3)
0.905960981561780057774644645	(12,4)
0.905931494231777112432161659	(12,5)
0.905875634216951065495047869	(12,6)
0.90578231212368783779115081	(12,7)
0.905639704877692137265705071	(12,8)
0.905435950534682446397486602	(12,9)
0.905159869845189052617896194	(12,10)
0.904801680415318020041663401	(12,11)
0.904353669148178624376269386	(12,12)
0.903810790104883635931881251	(12,13)
0.903171157973185870980259889	(12,14)
0.902436411868587748328223188	(12,15)
0.901611930017401068383010391	(12,16)
0.900706882698865625890960287	(12,17)
0.899734118300374179294964064	(12,18)
0.898709885067713564462174964	(12,19)
0.897653398697336149324186181	(12,20)
0.896586272922348222027705493	(12,21)
0.895531836335924146302980772	(12,22)
0.894514363592566786040652693	(12,23)
0.893558252632032159208527609	(12,24)
0.892687181578162347815719852	(12,25)
0.891923279460312007341628448	(12,26)
0.891286343952402694861426625	(12,27)
0.890793137050305490281399126	(12,28)
0.89045678618207669810679997	(12,29)
0.8902863138620400033434065	(12,30)
0.958577709047561937165371258	(13,1)
0.958576967526659267899724085	(13,2)
0.958571967196055075828664182	(13,3)
0.958555866199412030783953942	(13,4)
0.958518874969539916881087209	(13,5)
0.958448800352398216750900184	(13,6)
0.958331732457992102867008455	(13,7)
0.958152842944315640783690219	(13,8)
0.957897257911528813425415579	(13,9)
0.957550964568392703738586964	(13,10)
0.957101708585224299270260705	(13,11)
0.956539838760735545001281301	(13,12)
0.955859057411544055812186387	(13,13)
0.955057038741204542317901324	(13,14)
0.954135883233644051381965386	(13,15)
0.953102383587542868773878843	(13,16)
0.951968086486370788502209051	(13,17)
0.950749144108522785734971948	(13,18)
0.949465959185635799902710616	(13,19)
0.948142637057645948333778845	(13,20)
0.946806267020102075415749652	(13,21)
0.945486062851922889319813952	(13,22)
0.944212398393181067948469205	(13,23)
0.943015778180783808753908123	(13,24)
0.941925785345007625003488836	(13,25)
0.940970049245539475942026254	(13,26)
0.940173273809852397966812349	(13,27)
0.93955636443363249057526938	(13,28)
0.93913568686240424678510084	(13,29)
0.9389224859619031151265581	(13,30)
1.007704187941001868859734606	(14,1)
1.007703273374955385434864956	(14,2)
1.007697106144618214197084649	(14,3)
1.007677247784744878571694465	(14,4)
1.007631624421884216994872357	(14,5)
1.007545198298632643085295904	(14,6)
1.007400815743515929081910575	(14,7)
1.007180193080082532868664779	(14,8)
1.006864995034675953611551584	(14,9)
1.006437955097120890001625231	(14,10)
1.005883984356531057688385769	(14,11)
1.005191214852007723380595546	(14,12)
1.004351925614122076518536112	(14,13)
1.003363304352916370556288106	(14,14)
1.002228005026829155588249063	(14,15)
1.000954470979721805462583982	(14,16)
0.999557004466160601586386936	(14,17)
0.998055575567185447286742704	(14,18)
0.996475376012117476837086583	(14,19)
0.99484613552475985241662248	(14,20)
0.993201229305732952340127215	(14,21)
0.991576614552054707591009666	(14,22)
0.990009641057764042263763394	(14,23)
0.988537785672448524760445744	(14,24)
0.987197362639980191882263423	(14,25)
0.986022261688175634784496369	(14,26)
0.985042763416989800555917523	(14,27)
0.98428447735430065924704154	(14,28)
0.98376744237355859321921431	(14,29)
0.9835054223557756767676228	(14,30)
1.052362829766590736075538087	(15,1)
1.052361718906014957981754072	(15,2)
1.052354227999313884939231055	(15,3)
1.052330107480964379770811989	(15,4)
1.052274692378557233440008744	(15,5)
1.052169718555896264251912681	(15,6)
1.051994353847921700598821085	(15,7)
1.051726397442505560113940456	(15,8)
1.051343592280706491201826204	(15,9)
1.05082498883151225426163051	(15,10)
1.050152294811984448324043949	(15,11)
1.049311144657872126979224194	(15,12)
1.048292225059693023680710763	(15,13)
1.047092198733783187152616633	(15,14)
1.045714377636618834580963763	(15,15)
1.044169108646921726841798092	(15,16)
1.042473848692711075503988373	(15,17)
1.040652921558692902929003827	(15,18)
1.038736964224024781612647973	(15,19)
1.036762085573928893992714315	(15,20)
1.034768773789923063511986713	(15,21)
1.032800599894890895512489585	(15,22)
1.030902773271609950344589165	(15,23)
1.029120610201248455720927185	(15,24)
1.027497978551761092138328533	(15,25)
1.026075780880937661930076889	(15,26)
1.024890534772823781560436692	(15,27)
1.02397310367097127315292789	(15,28)
1.02334762431261135789828679	(15,29)
1.023030668580940984042822	(15,30)
1.091940232036519073536733278	(16,1)
1.0919389008702764614845764	(16,2)
1.091929924374512088873405238	(16,3)
1.091901020372508352564973121	(16,4)
1.091834615994350952721574966	(16,5)
1.091708826606349589668250087	(16,6)
1.091498693040351022274555117	(16,7)
1.091177621400342607909907339	(16,8)
1.090718959216149201377765691	(16,9)
1.090097633730597901207040684	(16,10)
1.089291773262732271926287541	(16,11)
1.088284231424870730312165671	(16,12)
1.087063936863820947846587239	(16,13)
1.085626998281583128242048794	(16,14)
1.083977505597703305478755751	(16,15)
1.08212798273851660084039556	(16,16)
1.080099464852045614629957319	(16,17)
1.077921191665829530400345865	(16,18)
1.075629927983865136093764286	(16,19)
1.07326894068109817418044014	(16,20)
1.070886677823723539038828491	(16,21)
1.068535208766390850788383027	(16,22)
1.066268493607917850091646047	(16,23)
1.064140555932676338061578153	(16,24)
1.06220363438041608418255343	(16,25)
1.060506386625839110347270161	(16,26)
1.059092214378611297959591291	(16,27)
1.05799777071700286371636877	(16,28)
1.05725170213952364723861213	(16,29)
1.0568736677810051833226009	(16,30)
1.126251335380305568566105686	(17,1)
1.126249758732929164731545349	(17,2)
1.126239126884794071197281347	(17,3)
1.126204892805352943459098641	(17,4)
1.126126243621114727104636767	(17,5)
1.125977261166421027218433708	(17,6)
1.125728389538625721116579469	(17,7)
1.125348143892951037443373395	(17,8)
1.124804981965567840061526548	(17,9)
1.124069249956360661970621886	(17,10)
1.123115108247721870205262297	(17,11)
1.121922340721620669616009337	(17,12)
1.120477954708967153644593298	(17,13)
1.118777487094911756052475381	(17,14)
1.116825945637545737752581179	(17,15)
1.114638332511037750881614386	(17,16)
1.112239718399150653750579199	(17,17)
1.109664858731708317727952419	(17,18)
1.106957367253900713125324276	(17,19)
1.104168484390569019001009596	(17,20)
1.101355497309797031170438248	(17,21)
1.098579884012131358789221197	(17,22)
1.095905264414919673775609828	(17,23)
1.093395246990499945989318164	(17,24)
1.091111260243472534794740317	(17,25)
1.089110454754406139286647276	(17,26)
1.087443754517198123481327821	(17,27)
1.08615412681630429855329792	(17,28)
1.08527512886740022401960284	(17,29)
1.084829777680537061625418	(17,30)
1.15551485713038942410823432	(18,1)
1.155513008113136937526765944	(18,2)
1.155500539597201465552701617	(18,3)
1.155460391661676605252263806	(18,4)
1.15536815678473414436094398	(18,5)
1.155193442349500912762463625	(18,6)
1.154901594623112639571112499	(18,7)
1.154455707394846898851585254	(18,8)
1.153818823105965518911193415	(18,9)
1.152956222205357977739736527	(18,10)
1.151837688686180927168343698	(18,11)
1.150439637301326768230508768	(18,12)
1.14874699158932286945530107	(18,13)
1.14675471193585062728291261	(18,14)
1.144468889283366951879514363	(18,15)
1.141907342013511433653158124	(18,16)
1.139099679612100342590259496	(18,17)
1.136086825161934590221526039	(18,18)
1.132920017394193549772426559	(18,19)
1.129659339831175185735302319	(18,20)
1.126371847558978320145565459	(18,21)
1.123129379908633632724583431	(18,22)
1.120006158923365446321604049	(18,23)
1.117076278728002807481932552	(18,24)
1.114411190191275090104693239	(18,25)
1.112077279475862125527861783	(18,26)
1.110133629414490225912682477	(18,27)
1.10863004045703980541213415	(18,28)
1.10760537444893252249082527	(18,29)
1.1070862707370897268210768	(18,30)
1.180266892130593726683248241	(19,1)
1.180264741621300514136935534	(19,2)
1.180250240062730729945819872	(19,3)
1.180203546017149900949859946	(19,4)
1.180096273282293824342037868	(19,5)
1.179893077498899754717722763	(19,6)
1.179553665063914737311799308	(19,7)
1.179035135420433784168645878	(19,8)
1.178294549402485370525647303	(19,9)
1.177291601527708872929832001	(19,10)
1.175991264341658531724539512	(19,11)
1.174366269469410669452659898	(19,12)
1.172399293992653993194611319	(19,13)
1.170084732700751012898605793	(19,14)
1.167429956517711948261182369	(19,15)
1.164455984038048349387769829	(19,16)
1.161197524889310306787512714	(19,17)
1.157702388228674709877305531	(19,18)
1.154030284365748211870354187	(19,19)
1.150251079548461228944787751	(19,20)
1.146442590938489710934820389	(19,21)
1.142688028938422844765690067	(19,22)
1.139073206328066869614934874	(19,23)
1.135683638011513066409422869	(19,24)
1.1326016522667402186076356	(19,25)
1.129903625547870239480581387	(19,26)
1.127657439810384242482544119	(19,27)
1.12592024579817365199627208	(19,28)
1.1247365993710766684797313	(19,29)
1.1241370220229912508524275	(19,30)
1.201239336392955587877487175	(20,1)
1.201236852700008664898691058	(20,2)
1.201220104398893189564264645	(20,3)
1.201166176221665138372323928	(20,4)
1.201042285449588829185408067	(20,5)
1.200807616862933557546609677	(20,6)
1.20041564789048727759021913	(20,7)
1.199816861783902315958366762	(20,8)
1.198961724697846765970708604	(20,9)
1.197803784547603089660268819	(20,10)
1.196302737240393237935990388	(20,11)
1.19442730112661685291928678	(20,12)
1.19215774475686961572245924	(20,13)
1.189487927072135371290102196	(20,14)
1.186426732892515001449274905	(20,15)
1.182998818840305253756377376	(20,16)
1.179244623440663545375771562	(20,17)
1.175219637067680826678909018	(20,18)
1.170992969162912463935294481	(20,19)
1.166645288257384392388519289	(20,20)
1.162266241745866168618919541	(20,21)
1.157951484913132338119268649	(20,22)
1.153799461312294438326759842	(20,23)
1.149908079322264158264438211	(20,24)
1.146371423684609936936217717	(20,25)
1.143276627935702100057096142	(20,26)
1.140701016226689929164924055	(20,27)
1.13870960342740855018325413	(20,28)
1.13735302271967553682989535	(20,29)
1.1366659316442411621626952	(20,30)
1.219234944962078256991485519	(21,1)
1.219232093756057516284953198	(21,2)
1.21921286722670813183005709	(21,3)
1.219150959648340380120031951	(21,4)
1.219008739263044096054970794	(21,5)
1.218739357992453035464049652	(21,6)
1.218289427049573525321756759	(21,7)
1.217602141836920057472406894	(21,8)
1.216620713420874307434073948	(21,9)
1.21529194199397262694380222	(21,10)
1.213569752396492526076469163	(21,11)
1.211418505331068338967870126	(21,12)
1.208815902348719077488527772	(21,13)
1.205755319161843860214492516	(21,14)
1.202247430305271556050430909	(21,15)
1.198321027184661269980643287	(21,16)
1.194022978328311513965100023	(21,17)
1.189417331321624203700566161	(21,18)
1.184583605993872118720456035	(21,19)
1.179614373513501190078480739	(21,20)
1.174612252351124739108075798	(21,21)
1.169686476971264145814729126	(21,22)
1.164949207465554552498141924	(21,23)
1.16051174851361721950505504	(21,24)
1.156480835754452369367112672	(21,25)
1.152955129520154158265722847	(21,26)
1.150022033036442295450958523	(21,27)
1.14775492770863147455913124	(21,28)
1.14621089460505016952657706	(21,29)
1.1454289705791102080558165	(21,30)
1.235024383387528635261871068	(22,1)
1.23502112790035301462666173	(22,2)
1.234999175214471035443007144	(22,3)
1.234928490045566920163123573	(22,4)
1.234766107035156435835106641	(22,5)
1.234458543710237824443106538	(22,6)
1.233944863588239788275251617	(22,7)
1.233160257134347159568169254	(22,8)
1.232039977330535290627017965	(22,9)
1.230523440104525227048919075	(22,10)
1.228558280766318159848890515	(22,11)
1.226104149005568722475737358	(22,12)
1.223136029557768484878488176	(22,13)
1.219646894942376108382678671	(22,14)
1.215649530755002409766967244	(22,15)
1.21117742108317483538284809	(22,16)
1.206284638158977000576980444	(22,17)
1.201044741411718036611556384	(22,18)
1.195548750953937428193956419	(22,19)
1.189902313628449064826719714	(22,20)
1.184222221381406800566784599	(22,21)
1.178632468800181374067580518	(22,22)
1.173260048004930937392056311	(22,23)
1.168230675520608889016884806	(22,24)
1.163664629766026372857688818	(22,25)
1.159672852997429336960606611	(22,26)
1.15635344203491006585256782	(22,27)
1.15378862181551703326053456	(22,28)
1.15204226799625163677848316	(22,29)
1.1511580216622525353988143	(22,30)
1.249278113716254541709982597	(23,1)
1.249274415146985866303722023	(23,2)
1.249249474670369407674103858	(23,3)
1.24916916961653659805132262	(23,4)
1.24898468980090461112278723	(23,5)
1.248635284016308069464714052	(23,6)
1.248051750150123853636633303	(23,7)
1.247160519689002666011434135	(23,8)
1.245888150770434520448057455	(23,9)
1.244166011902312696289305512	(23,10)
1.241934914787854990636017347	(23,11)
1.239149443380823682224740357	(23,12)
1.235781730841770064093327381	(23,13)
1.231824458627521942681641369	(23,14)
1.227292892684577229779302212	(23,15)
1.222225828431474519516111987	(23,16)
1.216685384397707695203529854	(23,17)
1.210755657731749650558443691	(23,18)
1.204540326083738818797147689	(23,19)
1.19815934258425240559216731	(23,20)
1.191744918025733296165412612	(23,21)
1.185437013267993630781604305	(23,22)
1.179378574248088945321882327	(23,23)
1.173710733218693807384360141	(23,24)
1.168568176484431687209708924	(23,25)
1.164074845798348213306208034	(23,26)
1.16034010302736462657877126	(23,27)
1.15745545064079346960081988	(23,28)
1.1554918679556251208425548	(23,29)
1.154497797411100744080019	(23,30)
1.262533770382280008414647131	(24,1)
1.262529588425049371746394473	(24,2)
1.262501388377783518652902934	(24,3)
1.2624105885057745518597265	(24,4)
1.26220200289320302226687041	(24,5)
1.261806953189733874291676999	(24,6)
1.261147227309218763278946353	(24,7)
1.260139717634717929726394351	(24,8)
1.258701528110915983298719877	(24,9)
1.256755301007227472258319738	(24,10)
1.254234484907319802701565677	(24,11)
1.251088250790190525120009584	(24,12)
1.247285767461448111552650988	(24,13)
1.242819573944079668314316747	(24,14)
1.237707835058825872663678124	(24,15)
1.231995334580978751115133351	(24,16)
1.225753142346597855097068381	(24,17)
1.219076979500169846375102919	(24,18)
1.212084390624460800571411453	(24,19)
1.204910904011586114861863044	(24,20)
1.197705414810567596134179865	(24,21)
1.190625056019139884007352517	(24,22)
1.183829828391203929849588253	(24,23)
1.177477244620617355905803497	(24,24)
1.171717210488741111737483468	(24,25)
1.166687322398393371602407518	(24,26)
1.16250871361582057234530281	(24,27)
1.15928253671382149758902098	(24,28)
1.15708713184642763286835933	(24,29)
1.1559759024294413008975872	(24,30)
1.27519177458937026971219775	(25,1)
1.275187068006281555208805581	(25,2)
1.275155330326185760393941733	(25,3)
1.275053140506059830849731103	(25,4)
1.274818393889504004439722364	(25,5)
1.274373811967747162967205782	(25,6)
1.273631412789868977857432087	(25,7)
1.272497755132472484316040487	(25,8)
1.270879718768718261627372497	(25,9)
1.268690536840756321795521598	(25,10)
1.265855760462534901932326789	(25,11)
1.262318816847105310407976205	(25,12)
1.258045826327172843011877075	(25,13)
1.253029374383843601490287006	(25,14)
1.2472909927177655555019457	(25,15)
1.240882185087696685219923987	(25,16)
1.233883931904751658005574469	(25,17)
1.226404712317090478056986416	(25,18)
1.218577182335216930664619494	(25,19)
1.210553731588838315420507784	(25,20)
1.202501201106824809172152987	(25,21)
1.194595075303425239293398297	(25,22)
1.187013462628761540591696017	(25,23)
1.17993115459445709469179287	(25,24)
1.173514008663923987430303235	(25,25)
1.167913845035654941903654303	(25,26)
1.16326398910778130075630063	(25,27)
1.15967553781292065944239627	(25,28)
1.1572343845417034228547925	(25,29)
1.1559990071386053734737382	(25,30)
1.287529044281386179100535865	(26,1)
1.287523771466689534374551494	(26,2)
1.287488215613848267205399649	(26,3)
1.287373732770865166525585154	(26,4)
1.287110751883886900429815569	(26,5)
1.286612715971334284840887135	(26,6)
1.285781108442155034198891598	(26,7)
1.284511357042360221492552373	(26,8)
1.282699348403782666492261781	(26,9)
1.28024823076616661111040861	(26,10)
1.27707513866070995754019797	(26,11)
1.27311744949706465524330787	(26,12)
1.268338185564338730425856875	(26,13)
1.262730210798176933337453998	(26,14)
1.256318940508182039458184596	(26,15)
1.249163379869750814193441991	(26,16)
1.241355424316998797574580561	(26,17)
1.233017479373415344582456035	(26,18)
1.224298574709377819439499596	(26,19)
1.215369244004128589792137902	(26,20)
1.206415508394812612337060915	(26,21)
1.197632331610159923326635199	(26,22)
1.189216909419011767206156247	(26,23)
1.181362119826110764183925501	(26,24)
1.174250402184664536733118685	(26,25)
1.16804826353962125474456807	(26,26)
1.16290153949902660379971616	(26,27)
1.15893147361350284064103308	(26,28)
1.1562316299125550938763398	(26,29)
1.1548656211883332068984986	(26,30)
1.299721429677063320865789623	(27,1)
1.299715549184498309798371338	(27,2)
1.299675895697376801184890478	(27,3)
1.299548220263342972915154481	(27,4)
1.299254940093036681183926174	(27,5)
1.298699544805416666801741963	(27,6)
1.297772223442888108534377061	(27,7)
1.296356483007641714312378725	(27,8)
1.294336459762119909758985403	(27,9)
1.291604558584881716578678061	(27,10)
1.288069002574194730401185746	(27,11)
1.283660845253894683198711125	(27,12)
1.278340000594968329626435686	(27,13)
1.272099887806328779223268774	(27,14)
1.26497036946031695227188121	(27,15)
1.257018777737960188511518109	(27,16)
1.248348963097440249905442471	(27,17)
1.239098446712369863229913226	(27,18)
1.229433895020627499183661734	(27,19)
1.219545245451871841930484983	(27,20)
1.209638884893351518062900366	(27,21)
1.199930310939552306485829828	(27,22)
1.190636691484731832159127466	(27,23)
1.18196968782181432408638161	(27,24)
1.174128831371477788193226961	(27,25)
1.167295657598498910086365377	(27,26)
1.16162871524444320884936376	(27,27)
1.15725949511904028974089395	(27,28)
1.15428926739531850768746315	(27,29)
1.1527867829842166652956821	(27,30)
1.311868027724241303259220012	(28,1)
1.311861498749237867666520086	(28,2)
1.311817472496324876557133069	(28,3)
1.311675718879787344493878211	(28,4)
1.311350106721203817632420013	(28,5)
1.310733508628763902359583256	(28,6)
1.309704073641556034656929269	(28,7)
1.308132615644429494523940796	(28,8)
1.305890784679824454230977545	(28,9)
1.302859610147920002833859817	(28,10)
1.298937940908189741174170747	(28,11)
1.294050270382305765673854051	(28,12)
1.288153436693613721528537401	(28,13)
1.281241736433201064975308209	(28,14)
1.27335008710529794650593274	(28,15)
1.264555011138572956987805124	(28,16)
1.254973379493104680799302862	(28,17)
1.244759025816431997607098288	(28,18)
1.234097501244867117119379359	(28,19)
1.223199365726917460389791454	(28,20)
1.212292490163387209286224095	(28,21)
1.201613868612192976108570514	(28,22)
1.191401413645784986456042398	(28,23)
1.181886140285944248682944826	(28,24)
1.173285049181032011451001839	(28,25)
1.165794914025952005100924028	(28,26)
1.15958707680649322621652363	(28,27)
1.15480326928490225901030996	(28,28)
1.15155241795447016520229594	(28,29)
1.149908355691523213271631	(28,30)
1.324013305631928071552695306	(29,1)
1.324006088452072094427570984	(29,2)
1.323957421602015329622251312	(29,3)
1.323800727751163414655314353	(29,4)
1.323440805172406968746242635	(29,5)
1.322759264389674202077887318	(29,6)
1.321621491098511805022896816	(29,7)
1.319884859714634807909951227	(29,8)
1.317407828172842034033229625	(29,9)
1.314059452496550707277835907	(29,10)
1.309728783087757026332040504	(29,11)
1.304333559514856509673512546	(29,12)
1.297827621370108839819431821	(29,13)
1.290206509176378077759744725	(29,14)
1.281510842958447227119338066	(29,15)
1.271827228862730439131580101	(29,16)
1.261286638729268303061755933	(29,17)
1.250060409784688031615029887	(29,18)
1.238354195387700550746200439	(29,19)
1.22640033958509809457070443	(29,20)
1.214449231935779253465619342	(29,21)
1.202760218400141455069879504	(29,22)
1.191592603222786334209820897	(29,23)
1.181197188435988667398390025	(29,24)
1.171808680023957816857373057	(29,25)
1.163639162623599450481005117	(29,26)
1.15687272576002000201774194	(29,27)
1.15166122765059151242811342	(29,28)
1.14812111581070612828959521	(29,29)
1.1463311899217187019924254	(29,30)
1.336165199948785735242305316	(30,1)
1.336157256330798612124129584	(30,2)
1.336103691096655296147848782	(30,3)
1.335931227333961672310631849	(30,4)
1.335535090462861147474342038	(30,5)
1.334785009038696395631594774	(30,6)
1.333532911893419596435967653	(30,7)
1.331622021534549356725498024	(30,8)
1.328896935548492122666699128	(30,9)
1.325214179760421775107911932	(30,10)
1.320452625885747073622288646	(30,11)
1.314523111700752778190734107	(30,12)
1.307376601201080212875257351	(30,13)
1.299010287644771764863224766	(30,14)
1.289471175751719667337171995	(30,15)
1.278856870664809101683304898	(30,16)
1.267313529221597559357404803	(30,17)
1.255031164343002937426557382	(30,18)
1.242236704221288984837205933	(30,19)
1.229185366686593092490111128	(30,20)
1.216150997147362329423559235	(30,21)
1.203416029750179096694370795	(30,22)
1.191261672418136181219842645	(30,23)
1.179958803853692671220363699	(30,24)
1.169759926957686454509985682	(30,25)
1.160892372096071479325359234	(30,26)
1.15355280600678933992765044	(30,27)
1.14790299308040889347418989	(30,28)
1.14406668384188771364823707	(30,29)
1.1421274729468229005572468	(30,30)
1.3483088286091711309641233	(31,1)
1.348300122191007283430673634	(31,2)
1.348241413406625021361737871	(31,3)
1.348052390721985432597165387	(31,4)
1.347618229283129026439733032	(31,5)
1.346796187202298008203215887	(31,6)
1.345424079746860571900534902	(31,7)
1.343330306255802828388846445	(31,8)
1.340344980317343579743472063	(31,9)
1.336311587798724274090967248	(31,10)
1.331098489871338873319219669	(31,11)
1.324609522575357889073275021	(31,12)
1.316792942357317503903810166	(31,13)
1.307648042762681627165526181	(31,14)
1.297228923387020902525153802	(31,15)
1.285645116013040937186238266	(31,16)
1.273059038540714140856227808	(31,17)
1.259680519370255154289376457	(31,18)
1.245758875353315046592979769	(31,19)
1.231573202608450583413429058	(31,20)
1.217421630514051312557738893	(31,21)
1.203610289476024003999633389	(31,22)
1.190442662206711128291734035	(31,23)
1.17820984755073803933549499	(31,24)
1.167182092941989606288768234	(31,25)
1.157601774450367281611262299	(31,26)
1.14967784588970980806523076	(31,27)
1.14358165726982453379480596	(31,28)
1.13944396660722524776378916	(31,29)
1.1373529390532032848863737	(31,30)
1.360416249677689083271833023	(32,1)
1.360406746332444779376371728	(32,2)
1.360342663906106610360014353	(32,3)
1.360136341853787701057066313	(32,4)
1.359662457289642762149964311	(32,5)
1.358765246717644372132567693	(32,6)
1.357267798557205487247099627	(32,7)
1.354983065669673422245506374	(32,8)
1.351726104920968935263386478	(32,9)
1.347326904756037778295707246	(32,10)
1.341643035785409119875155522	(32,11)
1.334571281470838513606986804	(32,12)
1.326057402158978731497295734	(32,13)
1.316103273214933254441362961	(32,14)
1.304770819512281785565129674	(32,15)
1.292182429045259737902660546	(32,16)
1.278517836386123806208622456	(32,17)
1.264007779462280874018193539	(32,18)
1.24892500555442707257709044	(32,19)
1.233573396442600769950182674	(32,20)
1.218276074959618496660306962	(32,21)
1.203363341260708033903312683	(32,22)
1.189161180310927191245705868	(32,23)
1.1759809092456981277048154	(32,24)
1.164110327734382282529719888	(32,25)
1.153806529163119275653668371	(32,26)
1.14529035229263626156218884	(32,27)
1.13874231997656571754181826	(32,28)
1.13429983187903386571217521	(32,29)
1.1320553518847008910184628	(32,30)
1.372453022342380716489633117	(33,1)
1.372442690528079019882514478	(33,2)
1.372373021800823907249809789	(33,3)
1.372148716088492174071576845	(33,4)
1.371633538967466975596310141	(33,5)
1.370658197123121225675583579	(33,6)
1.369030488536286007644838051	(33,7)
1.366547350594764771363499284	(33,8)
1.363008267454525512988615803	(33,9)
1.358229329536292008030568866	(33,10)
1.352057091352173737211441946	(33,11)
1.34438128215765277520909617	(33,12)
1.335145418214873741128897828	(33,13)
1.324354466274024389054390131	(33,14)
1.312078918214057386171350473	(33,15)
1.298454938408655896386918041	(33,16)
1.283680600338172664050128283	(33,17)
1.268008586370531203311503698	(33,18)
1.251736031296959686134293276	(33,19)
1.235192402154279940128548003	(33,20)
1.218726398449727932762809981	(33,21)
1.202692825079487515853704746	(33,22)
1.187440253140751052314874577	(33,23)
1.173300074729220189950588328	(33,24)
1.160577316539026090338429348	(33,25)
1.149543341720907529702030321	(33,26)
1.14043037009344343864036676	(33,27)
1.13342760239510008265276136	(33,28)
1.12867865245682008005249688	(33,29)
1.1262799702242228280174639	(33,30)
1.384382366789125646584291142	(34,1)
1.384371177885959049699142567	(34,2)
1.384295729905246173697400685	(34,3)
1.384052819709470245323437259	(34,4)
1.383494926500165849697324407	(34,5)
1.382438767306988783477264006	(34,6)
1.380676341758197170044088406	(34,7)
1.377988063074186318171417489	(34,8)
1.374157388779876609478065991	(34,9)
1.36898617148384625841096848	(34,10)
1.362309780411373618314026477	(34,11)
1.354010937392430249927028394	(34,12)
1.344031203320365718775104109	(34,13)
1.332379166919826833396187286	(34,14)
1.319134630254842093583175416	(34,15)
1.304448432766639421763211013	(34,16)
1.288537962424318857080891968	(34,17)
1.27167880856368689269541822	(34,18)
1.254193353978865039586683921	(34,19)
1.236437333460607100450421273	(34,20)
1.218785474374133136480972678	(34,21)
1.201617281196615498219852408	(34,22)
1.185303854015653630686170179	(34,23)
1.170196381477285462903402826	(34,24)
1.156616668620002997344836458	(34,25)
1.144849793036994415873756183	(34,26)
1.13513876204450621571935945	(34,27)
1.12768088863506104457805001	(34,28)
1.12262552146008252873593933	(34,29)
1.1200727500211517456110549	(34,30)
1.396167623454484352043163386	(35,1)
1.39615555208912440421110052	(35,2)
1.396074153795212695586661486	(35,3)
1.395812088795045948941051968	(35,4)
1.395210217987826764223154965	(35,5)
1.394070862470021576373555523	(35,6)
1.392169776969650766326814845	(35,7)
1.389270407765565073897324209	(35,8)
1.38513979875779294894911123	(35,9)
1.379565289130887803057196221	(35,10)
1.372370951132096786109506576	(35,11)
1.363432592705381927105130679	(35,12)
1.352690140002281335976935956	(35,13)
1.340156347404945442885672442	(35,14)
1.325921061118944270516373057	(35,15)
1.310150660235908645104318867	(35,16)
1.293082762693865962323440947	(35,17)
1.275016742008634321260191475	(35,18)
1.256300981835133801654368906	(35,19)
1.237318042165651263895447095	(35,20)
1.218468993393951757575206259	(35,21)
1.200158094695619758838323482	(35,22)
1.182778781750376501606596937	(35,23)
1.166701634819134188316071382	(35,24)
1.152264676543740555545821658	(35,25)
1.139766048939907693744825213	(35,26)
1.12945887702361593822299036	(35,27)
1.1215479622567678963051124	(35,28)
1.1161878673667210272709077	(35,29)
1.113481948579951352625713	(35,30)
1.407773568453494601956527886	(36,1)
1.407760592808688861255130348	(36,2)
1.40767309712173930237406099	(36,3)
1.407391404211867389941655593	(36,4)
1.406744471699842876823181315	(36,5)
1.405519876958598680772187154	(36,6)
1.4034767500027914023891724	(36,7)
1.400361198539847044598454412	(36,8)
1.395923537160023094043035278	(36,9)
1.389936382971811081545405626	(36,10)
1.382212457517632696846900797	(36,11)
1.37262079273811405215399103	(36,12)
1.361100026989907625895219118	(36,13)
1.347667628402125598605690069	(36,14)
1.332424200777229015632107124	(36,15)
1.315552480382869586200164906	(36,16)
1.297311157118870135986603981	(36,17)
1.278024168164873662369019587	(36,18)
1.258066533205002067399344994	(36,19)
1.23784806329567813942013621	(36,20)
1.217796348774228600240688292	(36,21)
1.198340321242371780227459164	(36,22)
1.17989542899320090646159133	(36,23)
1.162851122766122896169091415	(36,24)
1.147560982932027716726471812	(36,25)
1.134335485487954710856379787	(36,26)
1.12343714142626254236088261	(36,27)
1.11507757184400419005419417	(36,28)
1.10941600222227825139007592	(36,29)
1.1065586640488991560190183	(36,30)
1.419166998690105339597699064	(37,1)
1.419153100796908312981433119	(37,2)
1.419059386586927376368710055	(37,3)
1.41875767621292897278409206	(37,4)
1.418064789801087975042272748	(37,5)
1.416753276325340739625841544	(37,6)
1.414565333013045503357521381	(37,7)
1.411229433309905468176151205	(37,8)
1.406478922002477525672934601	(37,9)
1.400071554641540539971618848	(37,10)
1.391808706129728084426613288	(37,11)
1.381552811534610437953471034	(37,12)
1.369241588425871571562890575	(37,13)
1.354897761912922844633034129	(37,14)
1.338633374688159202155712148	(37,15)
1.320648277623016142269135836	(37,16)
1.301222987987527514531156575	(37,17)
1.280706676678025916809064004	(37,18)
1.259501507948853123134452994	(37,19)
1.238044833112755878556073816	(37,20)
1.216790800527022196119734439	(37,21)
1.196192798607807568002522956	(37,22)
1.176687844001435208505947471	(37,23)
1.158683632314943158211852744	(37,24)
1.142548556666823384050609893	(37,25)
1.128604631217413732214822005	(37,26)
1.117122974059223437031426546	(37,27)
1.10832132536006562382544543	(37,28)
1.10236300232923523118833292	(37,29)
1.0993567092910527419800679	(37,30)
1.430316878232084686276817001	(38,1)
1.430302044241596718473888118	(38,2)
1.430202018160153682566360468	(38,3)
1.429879990208188425410190756	(38,4)
1.429140463096049239551773229	(38,5)
1.427740740118082412133169582	(38,6)
1.425405853971125897009581926	(38,7)
1.421846428412035578992400272	(38,8)
1.416778676478123724620763368	(38,9)
1.409945423493164021071739604	(38,10)
1.401136758809910386700096311	(38,11)
1.39020873731964997734981731	(38,12)
1.377098536094026480972325722	(38,13)
1.36183466595648858334844389	(38,14)
1.344541245804552440569962916	(38,15)
1.325435925556086017549342552	(38,16)
1.304821706094815375555058094	(38,17)
1.283073541844746674603171431	(38,18)
1.260621115830396442106350422	(38,19)
1.237929468518610043656036835	(38,20)
1.215479206505963573694899791	(38,21)
1.193747831640624257710078337	(38,22)
1.173193373013865115809390317	(38,23)
1.154241053788541063183399516	(38,24)
1.137273264476190188592227926	(38,25)
1.122622711621666692231351486	(38,26)
1.110568309248737582232721512	(38,27)
1.10133319751137616189218398	(38,28)
1.09508420528837978253198481	(38,29)
1.0919321038250213241188534	(38,30)
1.441194242666215396466839072	(39,1)
1.441178463097518929174666164	(39,2)
1.441072061248927027711555536	(39,3)
1.440729510418182093813231136	(39,4)
1.439942873492282276631548616	(39,5)
1.438454062081839575707691505	(39,6)
1.435970793067143632653846232	(39,7)
1.432185709160292569445695689	(39,8)
1.426797811060912077103439324	(39,9)
1.419534997090224553599559505	(39,10)
1.410176187856126355929394005	(39,11)
1.398571308173187035186025526	(39,12)
1.38465738103971739082657621	(39,13)
1.368469207404576305229092672	(39,14)
1.350143563969293313343804718	(39,15)
1.329916498658928474792089683	(39,16)
1.308114041199132823244922615	(39,17)
1.285137349351370719397991188	(39,18)
1.26144385836040787277138514	(39,19)
1.237526304272484362329394346	(39,20)
1.213891516715014054029801831	(39,21)
1.191040646690926650177881465	(39,22)
1.169452078859712696786650561	(39,23)
1.149567768408792536961739256	(39,24)
1.131783232594936500970646181	(39,25)
1.116440990038722248733802943	(39,26)
1.103826921853713582533624935	(39,27)
1.09416884339601989027683789	(39,28)
1.08763651636966738909952297	(39,29)
1.0843423766552795348324908	(39,30)
1.451771988633008693227533034	(40,1)
1.451755258594003010528152125	(40,2)
1.451642448023734457571424871	(40,3)
1.451279268610233569801710866	(40,4)
1.450445281383492409818785412	(40,5)
1.448866934975732154868199203	(40,6)
1.446234563232451807104372146	(40,7)
1.442222783786980136957563744	(40,8)
1.436513388009135884277183593	(40,9)
1.428819422869610658515626874	(40,10)
1.418908810957066997639149967	(40,11)
1.406625625975349998995702416	(40,12)
1.39190712206095969113091887	(40,13)
1.374794860578975901520888693	(40,14)
1.355438790483939223748482049	(40,15)
1.334093859306429971580321854	(40,16)
1.31110954890107386938132551	(40,17)
1.286913501601977389265422676	(40,18)
1.261990992522557248831963922	(40,19)
1.236862316466935639684304441	(40,20)
1.212060159197309910193566829	(40,21)
1.188108743662069632388519569	(40,22)
1.165506063686310252955143124	(40,23)
1.144709946599689286341193605	(40,24)
1.12612812555694653914124876	(40,25)
1.110112031542778829826350157	(40,26)
1.096953680341630487395122878	(40,27)
1.08688484422221886316748965	(40,28)
1.08007764972670577642442306	(40,29)
1.0766458053636601818387025	(40,30)
1.462024627041513579528726668	(41,1)
1.46200694641949000137539785	(41,2)
1.461887726398545498005690886	(41,3)
1.461503916421994297973512368	(41,4)
1.460622576464087900017222645	(41,5)
1.458954698530372411445597803	(41,6)
1.456173253328126731409091605	(41,7)
1.451934879355244518931873077	(41,8)
1.445904246909613813209190089	(41,9)
1.437779699695652918044125207	(41,10)
1.427318384713336870744551454	(41,11)
1.414358827593700576881575705	(41,12)
1.398838890220614691479021912	(41,13)
1.380807320973358640178832033	(41,14)
1.360427677448813454078540273	(41,15)
1.337974199964561556242519826	(41,16)
1.313820114020328396576821441	(41,17)
1.288419681903534743010968877	(41,18)
1.262285956772937951138118258	(41,19)
1.235966512685659627232069401	(41,20)
1.210019397853328819646104431	(41,21)
1.184991225852969702648435792	(41,22)
1.161398775676647649635201848	(41,23)
1.139714836517291850138386102	(41,24)
1.120358421187514600007891558	(41,25)
1.103688968464912589553826294	(41,26)
1.090003806134256367857382403	(41,27)
1.07953796295016715557139006	(41,28)
1.07246538205208792636879147	(41,29)
1.0689006689247975227320396	(41,30)
1.471928045597919557160092945	(42,1)
1.471909419216943962442020021	(42,2)
1.471783822302414340078587421	(42,3)
1.471379486912644918073561706	(42,4)
1.47045103762678838628046016	(42,5)
1.46869409621870563129714464	(42,6)
1.465764379709059110783658892	(42,7)
1.461300685408227956830688167	(42,8)
1.454950737107264339167046021	(42,9)
1.446398395259666642579783924	(42,10)
1.435390302842883153331855765	(42,11)
1.42175975958870694508478109	(42,12)
1.405445595867757353775413205	(42,13)
1.38650412082706144701647477	(42,14)
1.365112848855962907022048995	(42,15)
1.341565587786679287181382341	(42,16)
1.316259457924074256263341501	(42,17)
1.289675325130494391920186374	(42,18)
1.262353807026992851959027257	(42,19)
1.234869336551290428013387185	(42,20)
1.207804709782578152934687868	(42,21)
1.181728154963212673373979116	(42,22)
1.157174346810563253643755635	(42,23)
1.134630089467235310822870671	(42,24)
1.114524728019946681863560128	(42,25)
1.097224813323421432886020538	(42,26)
1.083032184590796678143999579	(42,27)
1.07218445487862829949488555	(42,28)
1.06485686344578954480458107	(42,29)
1.0611645588874215698911102	(42,30)
1.481459304843293549226065299	(43,1)
1.481439742585743997826111968	(43,2)
1.481307835439695659899170393	(43,3)
1.480883189545370307503554099	(43,4)
1.479908126160901326411214427	(43,5)
1.478063065084402576798000814	(43,6)
1.474986670451893063094056117	(43,7)
1.470300129710156990894692825	(43,8)
1.463634481470589471567302897	(43,9)
1.454659393902573627762277004	(43,10)
1.443111323809445021521375001	(43,11)
1.428818681370364975614959717	(43,12)
1.411721603323308115901923018	(43,13)
1.391884271945901545800044431	(43,14)
1.369498409072590427293629886	(43,15)
1.344877537475640799510442379	(43,16)
1.318442675853747531779363232	(43,17)
1.290701121035991252289567634	(43,18)
1.262220688836597276842540934	(43,19)
1.233602112802267280941987319	(43,20)
1.205452208118904972712933882	(43,21)
1.178359956960752969254674695	(43,22)
1.152876987012069418655460819	(43,23)
1.129503147131509487342052027	(43,24)
1.108677169604511646337464387	(43,25)
1.090771843180115643512457049	(43,26)
1.076092751230352521136651381	(43,27)
1.0648794564341958107086613	(43,28)
1.05730800850858535605896067	(43,29)
1.0534937718053297150487686	(43,30)
1.490596478390207650549490591	(44,1)
1.490575995280135574160872046	(44,2)
1.49043787923111343161513882	(44,3)
1.489993249300302776913144817	(44,4)
1.48897232296640143623335528	(44,5)
1.487040569372987859670687547	(44,6)
1.483819893041759964294503903	(44,7)
1.478914196949274011984365553	(44,8)
1.471938182467742748652361062	(44,9)
1.462547685972680296494389498	(44,10)
1.450469339156209398444780959	(44,11)
1.435527008287318205163641263	(44,12)
1.417662444931368993834262983	(44,13)
1.39694794769954463350058318	(44,14)
1.373589590863184753956074523	(44,15)
1.347920624748635847506342122	(44,16)
1.320385816723812268212363132	(44,17)
1.291518562747388335749314057	(44,18)
1.261913358269920249173769198	(44,19)
1.232196545286910977703443483	(44,20)
1.202998122521948758165659709	(44,21)
1.174926890655408630880734939	(44,22)
1.148550446129499980249538022	(44,23)
1.124380701601814526819010167	(44,24)
1.102864846234868145697803835	(44,25)
1.084381065485877331554418552	(44,26)
1.069237962838875125190869414	(44,27)
1.05767646146449633449493559	(44,28)
1.04987297671737331458624008	(44,29)
1.0459427918480552163585615	(44,30)
1.499318539873879606722471086	(45,1)
1.49929715612021516129273851	(45,2)
1.499152967454030270501726909	(45,3)
1.498688792443912107814372119	(45,4)
1.497623012327257359977123811	(45,5)
1.495606480541979809141783487	(45,6)
1.49224472814818751474255396	(45,7)
1.487124793113871102630420272	(45,8)
1.479845473376222685725838877	(45,9)
1.470049201686032067885452958	(45,10)
1.457453185687289233619005045	(45,11)
1.441877097991035016892348949	(45,12)
1.423264578032747154932242217	(45,13)
1.401696207964571219004833713	(45,14)
1.37739244691208948334369462	(45,15)
1.350706144518267704182236119	(45,16)
1.322105509596534295254953046	(45,17)
1.292149544661379710871568675	(45,18)
1.261458755628181327316943895	(45,19)
1.230684271829154780013219166	(45,20)
1.200478341002670956636358583	(45,21)
1.171468582292916312046196111	(45,22)
1.144237546631590258455564497	(45,23)
1.119308230627345475801492165	(45,24)
1.097135376010550049536249596	(45,25)
1.07810176686261362582300133	(45,26)
1.062518354485510636499004969	(45,27)
1.0506268857156884569416827	(45,28)
1.04260374251923076864255076	(45,29)
1.0385638639020292576920024	(45,30)
1.507605294439833784360738261	(46,1)
1.507583035437835698851303621	(46,2)
1.507432945406864189509690503	(46,3)
1.506949776788014504969179307	(46,4)
1.505840410095982377404518425	(46,5)
1.503741501537290219815651002	(46,6)
1.500242687435337210281060337	(46,7)
1.494914653572617443545267261	(46,8)
1.487340812775244859615146812	(46,9)
1.477150687788755766573299036	(46,10)
1.464052499975881085857297592	(46,11)
1.447862078754260159963099669	(46,12)
1.428525183748162178461225446	(46,13)
1.406130766099789677754675619	(46,14)
1.380913584102992944088833629	(46,15)
1.353245813166498391822028415	(46,16)
1.323618636260455659813164511	(46,17)
1.292616009132771062371715122	(46,18)
1.260883631265099145036258993	(46,19)
1.229096475005506768950525502	(46,20)
1.197928011803006366417923866	(46,21)
1.168023624489162445777234243	(46,22)
1.139979784877385172193496877	(46,23)
1.114329605437317580201034308	(46,24)
1.091534512091659039932308167	(46,25)
1.071981141197803560640418721	(46,26)
1.055982178398663291808339658	(46,27)
1.04377971509946134177671612	(46,28)
1.03554975050663367525915966	(46,29)
1.0314066523993877498462258	(46,30)
1.515437350104240709972898729	(47,1)
1.515414246393996821407586527	(47,2)
1.515258460936951843846661988	(47,3)
1.51475696178648679403412952	(47,4)
1.51360553165756917915423951	(47,5)
1.511427130741635054619671857	(47,6)
1.507796070873859627417775108	(47,7)
1.502267290417496393643195149	(47,8)
1.494409418002975506628500045	(47,9)
1.483839622860111714175036229	(47,10)
1.470257611222256854556501187	(47,11)
1.453475715969284762718774509	(47,12)
1.433442004002146278500436923	(47,13)
1.410253794574587953394981642	(47,14)
1.38415993732937948847110426	(47,15)
1.355551511781482435455030177	(47,16)
1.324942046802992540906451323	(47,17)
1.292939638778308702704531623	(47,18)
1.260214220164103226591652021	(47,19)
1.227463545224110153142550923	(47,20)
1.195381201365351785902376701	(47,21)
1.164629235108623786276975355	(47,22)
1.135816996076821114247813644	(47,23)
1.109486765738521362177431505	(47,24)
1.086105830229353439464624021	(47,25)
1.06606399064840113367396148	(47,26)
1.049675117870112864295800419	(47,27)
1.03718123057287599650223138	(47,28)
1.02875764825560033841038993	(47,29)
1.0245179783318595713559706	(47,30)
1.522796123194410203298632878	(48,1)
1.522772210375626050573154951	(48,2)
1.522610969542670128593666716	(48,3)
1.52209191268983078898447467	(48,4)
1.520900193914262597225422208	(48,5)
1.518645659876270455987264448	(48,6)
1.514887957900809630573139697	(48,7)
1.509166973511834406401773831	(48,8)
1.501037232151198937417730423	(48,9)
1.490104165992160280563193946	(48,10)
1.476059467388198162554181918	(48,11)
1.458712311959325445708542707	(48,12)
1.438013212127111806991199887	(48,13)
1.414067764775288328663113047	(48,14)
1.387138578503876037605122877	(48,15)
1.357635066104644438840409974	(48,16)
1.326092313922526345651015458	(48,17)
1.293141590044836732001300189	(48,18)
1.259475960726313999451824606	(48,19)
1.22581479126384367807768519	(48,20)
1.192870603165095237805250695	(48,21)
1.161320970402210609816004044	(48,22)
1.131787076748487395754209285	(48,23)
1.104819455162106715761000046	(48,24)
1.080890479319771854079623059	(48,25)
1.060392491810287351491740275	(48,26)
1.043640068014285291748644493	(48,27)
1.03087480111478135493986337	(48,28)
1.02227108807115013852605491	(48,29)
1.0179416255712989364483845	(48,30)
1.529663871751574221526668971	(49,1)
1.529639190354342461940780932	(49,2)
1.529472767435476325899922423	(49,3)
1.528937032653103476485468256	(49,4)
1.52770704520918028775100967	(49,5)
1.525380199816114213994063342	(49,6)
1.52150222645630753411210706	(49,7)
1.515598739373118659739449931	(49,8)
1.507210918863558295145115895	(49,9)
1.49593313328280626060778581	(49,10)
1.481449589242736912426522207	(49,11)
1.463566633950885800905534995	(49,12)
1.442237312105535998015384097	(49,13)
1.41757531623306501879888962	(49,14)
1.389856556148297771730871742	(49,15)
1.35950805863905775797418443	(49,16)
1.32708552141346316691464662	(49,17)
1.293242263358825479180045686	(49,18)
1.258693252866293539881705178	(49,19)
1.224178193050051149613397538	(49,20)
1.190427291773235631274822349	(49,21)
1.158132486291426091188937896	(49,22)
1.127925758035102212251830783	(49,23)
1.100365009975651443217801471	(49,24)
1.075926987264438685782918216	(49,25)
1.055006018843461089122486664	(49,26)
1.037916974745979415397644669	(49,27)
1.02490073582273639620776298	(49,28)
1.01613058842859830193636408	(49,29)
1.0117182071649341458895885	(49,30)
1.53602375090490812457855586	(50,1)
1.535998346216629023460599201	(50,2)
1.535827046574510522502043816	(50,3)
1.535275616820189568552739118	(50,4)
1.534009617235338267089809042	(50,5)
1.531614728408876270539813073	(50,6)
1.527623594059447361326811677	(50,7)
1.52154842215880804505206661	(50,8)
1.512917879348163328685888003	(50,9)
1.501315996730971432896085322	(50,10)
1.486420047113971981621197844	(50,11)
1.468033865222460042399338754	(50,12)
1.446113061681766784254046492	(50,13)
1.420779150693818783759531933	(50,14)
1.392320761122347208437762732	(50,15)
1.361181668540821514314080342	(50,16)
1.32793708241770716986963207	(50,17)
1.293261105318816955640029392	(50,18)
1.257889250637929180709707331	(50,19)
1.22258019154783734712998511	(50,20)
1.188080516599854602181197091	(50,21)
1.155095341751496707785465337	(50,22)
1.124266423289567687136868161	(50,23)
1.096158193921155429782241535	(50,24)
1.071251114462813026714954183	(50,25)
1.049941015388676034676637575	(50,26)
1.032542723391463170802379194	(50,27)
1.01929618621316290882950575	(50,28)
1.01037344596419364349136077	(50,29)
1.0058850823419417708539053	(50,30)
1.541859884588513405205549407	(51,1)
1.541833806437632741008776537	(51,2)
1.541657966049322322495390727	(51,3)
1.541091922770713782370868429	(51,4)
1.539792393340876986436518876	(51,5)
1.537334154754773879645715462	(51,6)
1.533237675454692920645792322	(51,7)
1.527002701396162623853086592	(51,8)
1.51814628639364029201021343	(51,9)
1.506242900507646394405872588	(51,10)
1.490963455534315244078419804	(51,11)
1.472109574845264746944931657	(51,12)
1.449639414982189599721017768	(51,13)
1.423681946862519505897051946	(51,14)
1.394537814462658839604366296	(51,15)
1.362666535326213463279444674	(51,16)
1.32866158343961250288447299	(51,17)
1.293216438783908428235691406	(51,18)
1.25708568498885451016199014	(51,19)
1.221045511012774098053583765	(51,20)
1.185857530111743863106645107	(51,21)
1.152238838575462643301264748	(51,22)
1.120839963665632683008111298	(51,23)
1.09223107235859058334655581	(51,24)
1.066895747585283846321359114	(51,25)
1.045230907442115940803556453	(51,26)
1.027551068689545237861351789	(51,27)
1.01409509016012145251192969	(51,28)
1.00503368923011330182285565	(51,29)
1.0004763153343709661556154	(51,30)
1.547157448443568256014442546	(52,1)
1.54713075094130865080506484	(52,2)
1.546950734656872287038719693	(52,3)
1.546371252186772756944239895	(52,4)
1.545040888112839086271043792	(52,5)
1.542524394876226070449035374	(52,6)
1.538331051834898958291910331	(52,7)
1.531949161575103768678943549	(52,8)
1.522885130659915947106515697	(52,9)
1.510704690064149077506239472	(52,10)
1.495072981460368451693991277	(52,11)
1.47578970193222628564372173	(52,12)
1.452815480789353495523652958	(52,13)
1.426286292166263066465741356	(52,14)
1.396513973817876524135112806	(52,15)
1.363972642940007750834568379	(52,16)
1.329272650628523623006082517	(52,17)
1.29312531720893868255742205	(52,18)
1.256302712727092391590407144	(52,19)
1.219597009311103716672112124	(52,20)
1.183783445778353568441814076	(52,21)
1.149589892254680790457458833	(52,22)
1.117674665898914632345427463	(52,23)
1.088612919350898619666654588	(52,24)
1.062890826741422779801056833	(52,25)
1.040906049835519276944554714	(52,26)
1.022972598436048309471050876	(52,27)
1.00932814941996461552010665	(52,28)
1.00014206595230783662784801	(52,29)
0.9955226676452369446972418	(52,30)
1.551902759253759357090402615	(53,1)
1.551875500495537715044007785	(53,2)
1.551691700024919800255059751	(53,3)
1.551100039102780078094892356	(53,4)
1.549741733628314224526646939	(53,5)
1.547172454214053327430199909	(53,6)
1.542891347155346086106015602	(53,7)
1.536376359233086959387253282	(53,8)
1.527124275027443996733419964	(53,9)
1.514692950054579268180259452	(53,10)
1.498742362268279191914028414	(53,11)
1.479070550835545148994984315	(53,12)
1.455640493144095322883434198	(53,13)
1.428594628412135018095270788	(53,14)
1.398255055498774959525566989	(53,15)
1.365109221262359970814260898	(53,16)
1.329782835360543542027801115	(53,17)
1.293003400097311631408543113	(53,18)
1.25555878829513353765619847	(53,19)
1.218255552524859299147770218	(53,20)
1.181881121498236948496864233	(53,21)
1.147172929208817824597147378	(53,22)
1.114796126967475718258292528	(53,23)
1.085330151841929838471949937	(53,24)
1.059263299691342631049374009	(53,25)
1.03699369952286643740348461	(53,26)
1.018834723600051020767675851	(53,27)
1.00502283328306959747524835	(53,28)
0.99572605613789486078988664	(53,29)
0.9910516160124354460093105	(53,30)
1.55608336676583797872473774	(54,1)
1.556055608494577415272189384	(54,2)
1.555868440137631302863324468	(54,3)
1.555265940605419951910581479	(54,4)
1.553882768265426319505749869	(54,5)
1.55126651289030415565200405	(54,6)
1.546907307556709407391531793	(54,7)
1.54027389366449430752378477	(54,8)
1.530854513292260810068971206	(54,9)
1.518200047553572661895186749	(54,10)
1.501965930230340510012719207	(54,11)
1.481948794239196028347709742	(54,12)
1.458113791456910875169863904	(54,13)
1.430609208723897721449651586	(54,14)
1.399766369669972821307522481	(54,15)
1.366084662637180634742480424	(54,16)
1.330203516652953577729839069	(54,17)
1.292864846939341643114231436	(54,18)
1.254870555439062684140146243	(54,19)
1.217039910547383608164396607	(54,20)
1.18017106475013583510463963	(54,21)
1.14500980609811161723284914	(54,22)
1.112227190835081357852305749	(54,23)
1.082406285613018873700346222	(54,24)
1.056037097306959409970101797	(54,25)
1.033518009460522470694752331	(54,26)
1.015161688352135113493228399	(54,27)
1.00120340152824717661423397	(54,28)
0.99180990402971032453909542	(54,29)
0.9870873889767660654386838	(54,30)
1.559688144231865096341495918	(55,1)
1.55965995146591532229959063	(55,2)
1.559469853603886197224056126	(55,3)
1.558857926335130364463662196	(55,4)
1.557453124450570217729425437	(55,5)
1.554796010160854242650081538	(55,6)
1.550368880396465418152326268	(55,7)
1.543632477866612197329587549	(55,8)
1.534067629971246190318702656	(55,9)
1.521219177524486258605045516	(55,10)
1.504738640649497029682945995	(55,11)
1.48442148156052800624290722	(55,12)
1.460234807774666134224708976	(55,13)
1.432332063603468678745376487	(55,14)
1.401052666668758211438080149	(55,15)
1.366906451460780290837269348	(55,16)
1.330544818397636350509004947	(55,17)
1.292722227455027965662157673	(55,18)
1.254252756311874723529642901	(55,19)
1.215966670830841394422840503	(55,20)
1.178671356179134319489451179	(55,21)
1.143119747433614775584225637	(55,22)
1.109987902986288183241760653	(55,23)
1.079861908238320458890844567	(55,24)
1.053233125056090227540628621	(55,25)
1.030500037466240263260705715	(55,26)
1.011974594073587278413361331	(55,27)
0.99789094050946901775521868	(55,28)
0.98841466257789269603013722	(55,29)
0.9836510156441392712830639	(55,30)
1.562707374470430561262921676	(56,1)
1.562678815099296160430615865	(56,2)
1.56248624546932252510263304	(56,3)
1.561866363600667022117632996	(56,4)
1.560443312177447571428177362	(56,5)
1.557751724938233951395078	(56,6)
1.553267289842598210959926146	(56,7)
1.546444006784350923531416833	(56,8)
1.536756458426444542283790823	(56,9)
1.523744407930831932211503393	(56,10)
1.507056101258486266065712415	(56,11)
1.486486050497239556899928498	(56,12)
1.462003059263083652940009858	(56,13)
1.433764974370406651442554159	(56,14)
1.402118092837842207653358835	(56,15)
1.36758110526659301483638893	(56,16)
1.330815539795049227058766119	(56,17)
1.292586446357030432653749427	(56,18)
1.253718155953415760591092216	(56,19)
1.215050167863006923150990223	(56,20)
1.177397588763150222479968941	(56,21)
1.141519298161945992520325375	(56,22)
1.108095478955240024641676957	(56,23)
1.077714664787883800003706029	(56,24)
1.050869265849100184443336086	(56,25)
1.027957765046203401566515868	(56,26)
1.00929143205262273890148503	(56,27)
0.995103406868947878079414	(56,28)
0.98555824478205197734731859	(56,29)
0.9807603809256938094653006	(56,30)
1.565132828682078338454385608	(57,1)
1.565103973033609298512819781	(57,2)
1.564909405810875093660058046	(57,3)
1.564283095355349350380482961	(57,4)
1.562845295568996733536009191	(57,5)
1.560125849697881898095725639	(57,6)
1.555595106411661935241585668	(57,7)
1.548701620337430029057310462	(57,8)
1.538914934930026532837652497	(57,9)
1.525770722285609973373138322	(57,10)
1.508914600879737050125979288	(57,11)
1.488140339932197232024627496	(57,12)
1.463418144328685244946120837	(57,13)
1.434909452584295013472633774	(57,14)
1.402966154601503433647939773	(57,15)
1.368114126079155879614808796	(57,16)
1.331023097707363964300338611	(57,17)
1.292466681192549178924318534	(57,18)
1.253277480445345392729773164	(57,19)
1.21430242632735338908421761	(57,20)
1.176362820110236259685102562	(57,21)
1.140222288341514173741366584	(57,22)
1.106564283530806116940379058	(57,23)
1.075979252551263889195487912	(57,24)
1.048960390154768016319695566	(57,25)
1.025906121786754601948148901	(57,26)
1.007127120216594116832629946	(57,27)
0.99285567404182507177918873	(57,28)
0.98325547694849798482635272	(57,29)
0.9784302822405670601790935	(57,30)
1.566957835673355489530816683	(58,1)
1.566928756056468242181949979	(58,2)
1.566732678771426939035956614	(58,3)
1.566101508701570540769773551	(58,4)
1.564652560169268114039255951	(58,5)
1.561912055493201125113596974	(58,6)
1.557346308239285843341966712	(58,7)
1.550399759110766474707069821	(58,8)
1.540538146676370167195530936	(58,9)
1.527294057803039889592786893	(58,10)
1.51031113569463470879458694	(58,11)
1.48938260274250963872165266	(58,12)
1.464479741119611705077275652	(58,13)
1.43576672435460005523492931	(58,14)
1.403599689802306760943237473	(58,15)
1.368509961092242143473091907	(58,16)
1.331173479932738875257030773	(58,17)
1.292370332116669465927935302	(58,18)
1.252939367353387219051384326	(58,19)
1.213733116243690067353044836	(58,20)
1.175577535818015998165424477	(58,21)
1.13923980745207318454703334	(58,22)
1.105405817793524297633484918	(58,23)
1.074667421576292549716541985	(58,24)
1.047518369861089612915633665	(58,25)
1.024357011519412512638445161	(58,26)
1.005493539897613972057679052	(58,27)
0.99115957739473962241365146	(58,28)
0.98151814960357364758910685	(58,29)
0.9766724833725518018391445	(58,30)
1.568177339549104941127416322	(59,1)
1.568148109776464985524388903	(59,2)
1.567951020097002111042579644	(59,3)
1.567316591993855359182816424	(59,4)
1.565860169053475439346711393	(59,5)
1.563105546201258232475841462	(59,6)
1.558516332259979111220361622	(59,7)
1.551534210966255213225163479	(59,8)
1.541622372109914108059449233	(59,9)
1.528311337660272733904965804	(59,10)
1.511243431791725197207513278	(59,11)
1.490211517356511167713963687	(59,12)
1.465187607418726936327095911	(59,13)
1.436337718696283823173468234	(59,14)
1.404020845554660829463127404	(59,15)
1.368771971958720252640308849	(59,16)
1.331271208639220226248029318	(59,17)
1.29230298270160767643233955	(59,18)
1.252710327348004955397505547	(59,19)
1.213349518703118581738111152	(59,20)
1.17504962218936881827810718	(59,21)
1.13858018629428295668828159	(59,22)
1.104628711609174541218376615	(59,23)
1.07378797834081329076003299	(59,24)
1.046552092930128263226464536	(59,25)
1.023319337085464322872827124	(59,26)
1.004399569283439050870986375	(59,27)
0.99002395452310679183977967	(59,28)
0.98035506250565346577675036	(59,29)
0.9754957618829136634211667	(59,30)
1.568787944328282225453362632	(60,1)
1.568758639223681957616044382	(60,2)
1.568561041634121491234847851	(60,3)
1.567924979004638550650795775	(60,4)
1.566464806235363590948521827	(60,5)
1.56370310050630297680751255	(60,6)
1.559102113849322374410009591	(60,7)
1.552102147196930507659958674	(60,8)
1.542165112282049110705040781	(60,9)
1.528820496198485126690939277	(60,10)
1.511709962958737718007254858	(60,11)
1.49062619716915022866593925	(60,12)
1.465541581181395298689963775	(60,13)
1.436623059304356506396621995	(60,14)
1.404231062069502870575919418	(60,15)
1.368902412171203087337257365	(60,16)
1.331319313394453224546228302	(60,17)
1.292268371104034374699806091	(60,18)
1.252594716145959436877530884	(60,19)
1.213156501107680374346928198	(60,20)
1.174784346949054842530274339	(60,21)
1.138248984845470872564587047	(60,22)
1.104238719673343835274078274	(60,23)
1.073346790402264481339842491	(60,24)
1.046067476475315597677605095	(60,25)
1.022799021150591112301842465	(60,26)
1.003851110865976346214127814	(60,27)
0.98945467791972095508091605	(60,28)
0.97977206090425244987984233	(60,29)
0.9749059471965319520998186	(60,30)