b^3^1_2_(sigma,mu)
0.00005336314433871529027927252	(1,1)
0.0004793911119340193163913617	(1,2)
0.00132677939557292136568333638	(1,3)
0.00258624383196331711134203821	(1,4)
0.00424398546539053813917813609	(1,5)
0.00628184173207167108573110498	(1,6)
0.00867748545312276206845929131	(1,7)
0.01140466945591170129070773417	(1,8)
0.0144335141436551350826610118	(1,9)
0.0177308348625697114382882711	(1,10)
0.0212605054798616018804680546	(1,11)
0.0249838541891103828251641279	(1,12)
0.0288600872065200827262126893	(1,13)
0.0328467357159392776832251674	(1,14)
0.0369001211658407013373781967	(1,15)
0.0409758338203888635627045433	(1,16)
0.0450292193215138776496766323	(1,17)
0.0490158679311415384779628805	(1,18)
0.052892101093364991992898366	(1,19)
0.0566154499857037623558439718	(1,20)
0.0601451208163599710902527663	(1,21)
0.0634424417695881536987362025	(1,22)
0.0664712867023538552143379952	(1,23)
0.0691984709501650756560978634	(1,24)
0.0715941149055298110457147062	(1,25)
0.0736319713855753184995223608	(1,26)
0.075289713202092593501540464	(1,27)
0.076549177783296804595618703	(1,28)
0.07739656616714422075485415	(1,29)
0.07782259418596314161568529	(1,30)
0.00005366043008139405514549298	(2,1)
0.0004820617968722710905098121	(2,2)
0.0013341708765148665448741442	(2,3)
0.00260065178936959707198992238	(2,4)
0.00426762872260327864319305121	(2,5)
0.00631683796525891016450511562	(2,6)
0.00872582801884688326648997329	(2,7)
0.0114682055894926388196581765	(2,8)
0.0145139247649630305003654499	(2,9)
0.0178296162069060030531024104	(2,10)
0.0213789527505455174617047341	(2,11)
0.0251230474056457089847932706	(2,12)
0.0290208793981153031796082711	(2,13)
0.0330297435849931719088615728	(2,14)
0.0371057183200375546020904484	(2,15)
0.041204146645474912114542572	(2,16)
0.0452801255398066634422145888	(2,17)
0.0492889978634789830054942631	(2,18)
0.0531868416146341165285863789	(2,19)
0.0569309511364011928330740108	(2,20)
0.0604803050049455526025075208	(2,21)
0.0637960154728509840265224703	(2,22)
0.0668417545438163581723501619	(2,23)
0.0695841520099612910431341618	(2,24)
0.071993161089523582252576214	(2,25)
0.0740423876571015322008062209	(2,26)
0.075709379457022164212014281	(2,27)
0.076975872128581622787343807	(2,28)
0.077827989345033662943176033	(2,29)
0.07825639487112011503541056	(2,30)
0.00005427803133724264132745146	(3,1)
0.0004876100563991462217220914	(3,2)
0.00134952643858253970866804852	(3,3)
0.00263058388624082729042439936	(3,4)
0.00431674699831125955664105315	(3,5)
0.00638954210703805572504215036	(3,6)
0.0088262597534104162804603892	(3,7)
0.01160020356523186341538841025	(3,8)
0.0146809827991478706841471678	(3,9)
0.0180348453307685294719089808	(3,10)
0.0216250474363650265561708682	(3,11)
0.0254122563100876514758947834	(3,12)
0.0293549809062772796293923223	(3,13)
0.0334100263906738626246942129	(3,14)
0.0375329672300450113207534183	(3,15)
0.0416786337492897987086628395	(3,16)
0.0458016068402069884763195524	(3,17)
0.0498567154181295991097441476	(3,18)
0.0537995311923011736875155937	(3,19)
0.0575868553435025372037839696	(3,20)
0.0611771917878497910435578235	(3,21)
0.0645312018482053216958514765	(3,22)
0.0676121353530996322532008928	(3,23)
0.0703862334357512325297266982	(3,24)
0.072823098610439631407625142	(3,25)
0.0748960280573000884368610551	(3,26)
0.076582306446140603374609184	(3,27)
0.077863455071103154673365664	(3,28)
0.078725434546283043238168238	(3,29)
0.07915879882260116550722301	(3,30)
0.00005526002466878176295721749	(4,1)
0.00049643185561610078008733094	(4,2)
0.00137394197914685804621697077	(4,3)
0.00267817638335161125124763656	(4,4)
0.00439484611565373057299899816	(4,5)
0.00650514409848523595090453484	(4,6)
0.00898595147023355027688989054	(4,7)
0.01181009114538108910045386976	(4,8)
0.0149466257696705781332219597	(4,9)
0.0183611967643771911391947402	(4,10)
0.0220164007132640206309618948	(4,11)
0.0258721989504635882879376123	(4,12)
0.0298863558603455104351887335	(4,13)
0.0340149011035359070179462293	(4,14)
0.0382126107380826807929370379	(4,15)
0.04243350201221169039725727	(4,16)
0.0466313364657264127028600569	(4,17)
0.0507601258911927529426625076	(4,18)
0.054774635673858899211826508	(4,19)
0.0586308800510132658590961224	(4,20)
0.0622866039074145603484387186	(4,21)
0.0657017458537373526772948745	(4,22)
0.068838877519737631196250297	(4,23)
0.0716636142328620057175088921	(4,24)
0.0741449925456702780643327002	(4,25)
0.0762558104204630391217432984	(4,26)
0.077972926274859063065114918	(4,27)
0.079277513534767774697962474	(4,28)
0.080155267827228163715730255	(4,29)
0.08059656446983875819716151	(4,30)
0.00005666786051588687011462553	(5,1)
0.000509079239240880082205686	(5,2)
0.00140894537275814026200091009	(5,3)
0.00274640761588913155273254414	(5,4)
0.00450681386692411357080519814	(5,5)
0.00667087982479947365130425016	(5,6)
0.00921490106315740716071086337	(5,7)
0.01211101347254119430455886186	(5,8)
0.0153274990899864512259152188	(5,9)
0.0188291338508284809429112297	(5,10)
0.0225775733649519685059494292	(5,11)
0.0265317724412105634530022182	(5,12)
0.0306484337597569774116024189	(5,13)
0.0348824808214936115554788205	(5,14)
0.039187550084719907552016447	(5,15)
0.0435164970287780056664791102	(5,16)
0.0478219107605953317261702682	(5,17)
0.052056631700528228337070844	(5,18)
0.0561742668477561682013149999	(5,19)
0.0601296971327141874967628823	(5,20)
0.0638795714159140651339447147	(5,21)
0.0673827817912860164440283162	(5,22)
0.0706009150009441169343540606	(5,23)
0.0734986749704698501304649114	(5,24)
0.0760442717326904009756781677	(5,25)
0.0782097723260557313500759148	(5,26)
0.079971409632382990511039813	(5,27)
0.081309845557493142301304524	(5,28)
0.082210385454575197059988124	(5,29)
0.08266314123915137738906236	(5,30)
0.00005857545910676094907443242	(6,1)
0.00052621627545290985836850246	(6,2)
0.00145637454042484161832831131	(6,3)
0.00283886032209082681585125163	(6,4)
0.00465853001311815295027732738	(6,5)
0.00689545388703038986783626708	(6,6)
0.00952513624022952841561323462	(6,7)
0.0125187854248694684088293717	(6,8)
0.0158436305263801738970889157	(6,9)
0.0194632809573950833114009786	(6,10)
0.0233381248300288027669188976	(6,11)
0.0274257616297528888299906103	(6,12)
0.0316814644417994476851798896	(6,13)
0.0360586667676448731503047273	(6,14)
0.0405094688056495249898312253	(6,15)
0.044985157946957122147121976	(6,16)
0.0494367381467786296149419147	(6,17)
0.0538154627656843187609037487	(6,18)
0.0580733654318504749717614639	(6,19)
0.0621637834530875152035800007	(6,20)
0.0660418683101662999367600629	(6,21)
0.0696650777969493111189456135	(6,22)
0.0729936444471848773763406024	(6,23)
0.0759910150131833574097737251	(6,24)
0.0786242559489909703224712472	(6,25)
0.0808644201102093514753976792	(6,26)
0.082686870222173447694760332	(6,27)
0.084071555092372569070981286	(6,28)
0.085003235052184624068967598	(6,29)
0.08547165370293107193417867	(6,30)
0.00006106352067778786554132578	(7,1)
0.00054856794144290565558366877	(7,2)
0.00151823598427799541794588088	(7,3)
0.00295944589481360287532915346	(7,4)
0.00485641380360427612464897055	(7,5)
0.00718836990383026775544783796	(7,6)
0.00992978954892640813450325292	(7,7)
0.0130506761777475511931711276	(7,8)
0.0165168923977480967642626171	(7,9)
0.0202905350864536599540337822	(7,10)
0.0243303500089060268066561718	(7,11)
0.028592181186615788441229694	(7,12)
0.0330294500780071619130052278	(7,13)
0.0375936595226116829772583345	(7,14)
0.0422349173399287759784985744	(7,15)
0.0469024744373502985652628088	(7,16)
0.0515452722506505249528529448	(7,17)
0.0561124943007110490144036496	(7,18)
0.0605541165931987943473400984	(7,19)
0.0648214515130958143840887392	(7,20)
0.0688676797802241104663973125	(7,21)
0.0726483649492391094193953059	(7,22)
0.0761219448777214050954410259	(7,23)
0.0792501945724241560204077484	(7,24)
0.0819986548811413126541279525	(7,25)
0.084337021649389882692602753	(7,26)
0.086239490226568500901837629	(7,27)
0.08768505059874333919889344	(7,28)
0.088657728950177433191528804	(7,29)
0.08914677210981479045980179	(7,30)
0.00006421335444231676715661866	(8,1)
0.00057686468561656444260194981	(8,2)
0.00159655135684763534800425401	(8,3)
0.00311210530973335671802927574	(8,4)
0.00510693322377179403282644629	(8,5)
0.00755920416743118015259621983	(8,6)
0.01044209516122753735496071334	(8,7)
0.013724090951777206511019531	(8,8)
0.0173693336849560351547025852	(8,9)
0.0213380177231364294590712263	(8,10)
0.0255868245728564591362835081	(8,11)
0.0300693927582317709494319447	(8,12)
0.0347368174631766333370253394	(8,13)
0.0395381748347188196690793271	(8,14)
0.0444210659486205542108929636	(8,15)
0.0493321755456145536279650041	(8,16)
0.054217840715143242724671796	(8,17)
0.0590246247058683801375712558	(8,18)
0.0636998909629331923120125759	(8,19)
0.068192372329679963583855213	(8,20)
0.0724527301194626521007821851	(8,21)
0.0764340974879392743486701089	(8,22)
0.0800926012551640655823592285	(8,23)
0.0833878560843429610575946848	(8,24)
0.0862834247672126576759350766	(8,25)
0.088747238339328180112693012	(8,26)
0.090751969889903686041728269	(8,27)
0.092275356267236514041383421	(8,28)
0.09330046242539442917859251	(8,29)
0.09381588390858412915245132	(8,30)
0.00006810038322022113041552456	(9,1)
0.00061178407606884664735080174	(9,2)
0.00169319596605377822459732151	(9,3)
0.00330049433319511306529113076	(9,4)
0.00541608844234275003584413492	(9,5)
0.00801684110080199145817335203	(9,6)
0.01107433286966822011544528633	(9,7)
0.0145551833352705513232062344	(9,8)
0.0184214241932895429515746397	(9,9)
0.0226309185044732836852759894	(9,10)
0.027137820338536099559865646	(9,11)
0.0318930690997744597842040558	(9,12)
0.0368449130724292725047683567	(9,13)
0.0419394570698520957217754505	(9,14)
0.0471212294458794692668399886	(9,15)
0.0523337640570087998275911068	(9,16)
0.0575201929862570248298772695	(9,17)
0.0626238459061196559403595154	(9,18)
0.0675888518423974786100340219	(9,19)
0.0723607388010408166665313988	(9,20)
0.0768870262600311330063462112	(9,21)
0.0811178049542158828790196309	(9,22)
0.0850062977579297182216889619	(9,23)
0.0885093948750476477663033578	(9,24)
0.0915881560597924624383803629	(9,25)
0.094208272291073519543750916	(9,26)
0.09634047927355431711917701	(9,27)
0.097960915387044644650249207	(9,28)
0.09905141727637461231150148	(9,29)
0.09959974716549469529873852	(9,30)
0.00007278745032330568431786415	(10,1)
0.00065389067259007498089468915	(10,2)
0.00180973236318431508950282456	(10,3)
0.00352765914300368843483557482	(10,4)
0.00578887951703816988752448095	(10,5)
0.0085686853879496357920569167	(10,6)
0.0118367397994660146708857745	(10,7)
0.0155574250535276838168961164	(10,8)
0.0196902446374451005108643142	(10,9)
0.0241902720846520061136873072	(10,10)
0.0290086399578333654893961223	(10,11)
0.0340930625323189508254433947	(10,12)
0.0393883863851466742415470508	(10,13)
0.0448371638527425775837704158	(10,14)
0.0503802450878996528415602027	(10,15)
0.0559573851063039923487496905	(10,16)
0.0615078626604636888473732669	(10,17)
0.0669711079370784369302383871	(10,18)
0.072287335900523738448917596	(10,19)
0.0773981815986143363965783826	(10,20)
0.0822473329467881738634278339	(10,21)
0.0867811554903279728824451344	(10,22)
0.0909493025176937792524546476	(10,23)
0.0947053027864220706162062189	(10,24)
0.098007117156981775450700405	(10,25)
0.100817654732660024857283188	(10,26)
0.10310523877869378246133734	(10,27)
0.104844012815870988192300073	(10,28)
0.106014277891006094897027445	(10,29)
0.10660275311795931661937361	(10,30)
0.0000783182017293994144421011	(11,1)
0.00070357657500042333983587605	(11,2)
0.00194724580210204711051592254	(11,3)
0.00379571559296434725181421817	(11,4)
0.00622878006536407056392072331	(11,5)
0.00921988289376668910323296681	(11,6)
0.0127364341701041554836812544	(11,7)
0.016740191389440369278654864	(11,8)
0.0211876961994659038138052728	(11,9)
0.026030758363169402815452907	(11,10)
0.0312169787504937881346347885	(11,11)
0.0366903040125874577744478672	(11,12)
0.0423916067680667855442952437	(11,13)
0.0482592864757778173285721766	(11,14)
0.0542298874963527623348043893	(11,15)
0.0602387319713236772007803998	(11,16)
0.0662205659126856152752913311	(11,17)
0.0721102171782321386160238988	(11,18)
0.0778432637451390795827361432	(11,19)
0.0833567098862720259965311045	(11,20)
0.0885896665650216647932129226	(11,21)
0.0934840307173013834982283723	(11,22)
0.0979851562504606377351359826	(11,23)
0.102042507751926743059828734	(11,24)
0.105610286265727022631341333	(11,25)
0.108648015249497934620086454	(11,26)
0.111121074123478911930064766	(11,27)
0.113001166776015490003654688	(11,28)
0.114266713052203098386066585	(11,29)
0.11490315261991649935509637	(11,30)
0.00008471109620670573958310566	(12,1)
0.00076100761268243339301788179	(12,2)
0.0021061953106290257104600644	(12,3)
0.00410555890593654428311283824	(12,4)
0.00673726085397704713736138817	(12,5)
0.00997261543248797126389795045	(12,6)
0.0137764409769582428859047798	(12,7)
0.0181074803720672607630565412	(12,8)
0.0229188790481755868250445117	(12,9)
0.0281587097197603400966782322	(12,10)
0.0337705338900102131162811108	(12,11)
0.0396939916061352212479292972	(12,12)
0.0458654128843397298126985261	(12,13)
0.0522184463796522647824642247	(12,14)
0.0586847029747540205158155534	(12,15)
0.0651944137281392230094949108	(12,16)
0.0716771028150678305678230599	(12,17)
0.0780622765380397782864756499	(12,18)
0.0842801290851311158945182482	(12,19)
0.0902622644793361210542786768	(12,20)
0.0959424321917634981820492982	(12,21)
0.1012572713734917038796220033	(12,22)
0.1061470558471184670692546085	(12,23)
0.110556429178464066632786921	(12,24)
0.114435116616522087682467734	(12,25)
0.117738598716722630901225003	(12,26)
0.120428730270334473510740627	(12,27)
0.122474287903991383799292582	(12,28)
0.123851430460341807119685521	(12,29)
0.1245440580126914325503232	(12,30)
0.00009195486713121426969370327	(13,1)
0.0008260825754758126083363831	(13,2)
0.00228630085542703989700302011	(13,3)
0.00445664372122061689216391483	(13,4)
0.00731342883299796688509137633	(13,5)
0.01082556639972792217057683977	(13,6)
0.0149549536620624791169313788	(13,7)
0.0196569420513707171776402336	(13,8)
0.0248808631701006879173835583	(13,9)
0.0305705999722010294779656425	(13,10)
0.0366651908791621999001084261	(13,11)
0.0430994568660004279773671184	(13,12)
0.0498046445055714612900179039	(13,13)
0.0567090812043246734850042219	(13,14)
0.0637388419934523224874001642	(13,15)
0.0708184298569989445530191299	(13,16)
0.0778714733354055669308673734	(13,17)
0.0848214457857721909841331786	(13,18)
0.0915924100812062857099256593	(13,19)
0.098109790705733638252474668	(13,20)
0.104301172304526832866747143	(13,21)
0.1100971200608868789731044536	(13,22)
0.115432013161042513418678016	(13,23)
0.120244878493001214202010625	(13,24)
0.124480208026313471861479171	(13,25)
0.128088740414810817980841007	(13,26)
0.131028185556909399513032621	(13,27)
0.133263870339626487309839889	(13,28)
0.13476928467102677685447542	(13,29)
0.13552650914456445951723914	(13,30)
0.00010000633836113505819842142	(14,1)
0.00089841359241929129878987907	(14,2)
0.00248648903694998886007354464	(14,3)
0.00484687823604474680479705548	(14,4)
0.00795385341020119720425048	(14,5)
0.0117736635894686711858531806	(14,6)
0.0162649787627761492865822902	(14,7)
0.0213794112861156798157494055	(14,8)
0.0270620967467199121073381845	(14,9)
0.0332523170430823222597847161	(14,10)
0.0398841505478679116150661169	(14,11)
0.0468871376206355420513515236	(14,12)
0.0541869540287638537334766563	(14,13)
0.0617060895052513416162427459	(14,14)
0.0693645331505155635779846148	(14,15)
0.077080471108241326699131114	(14,16)
0.0847710044236454153613079801	(14,17)
0.0923528958730435809584781194	(14,18)
0.0997433536646886692568780318	(14,19)
0.106860857285374960377209976	(14,20)
0.1136260266392728573031235634	(14,21)
0.1199625304009094246172897025	(14,22)
0.125798023711281942494196196	(14,23)
0.131065099572215350360462102	(14,24)
0.135702233119819491579301718	(14,25)
0.13965469389663127786277615	(14,26)
0.142875398692548364636744295	(14,27)
0.145325676741040523177352136	(14,28)
0.146975920136536930329336651	(14,29)
0.14780609522555442243565019	(14,30)
0.0001087912512865571334276712	(15,1)
0.00097733356165764933309786262	(15,2)
0.00270491365374123096079243609	(15,3)
0.00527266429728038150470069148	(15,4)
0.0086526322652296147396157902	(15,5)
0.012808176678732202082920055	(15,6)
0.0176944707298214813366925072	(15,7)
0.0232590852455861159353513168	(15,8)
0.0294426313575646825617894847	(15,9)
0.0361794405323102361673899952	(15,10)
0.0433982632934661077987553924	(15,11)
0.0510229727818605860709384622	(15,12)
0.0589732653104309342916236298	(15,13)
0.0671653565707956545735543352	(15,14)
0.075512678351304747690052117	(15,15)
0.0839265857545899623025603663	(15,16)
0.0923170882832189306621545587	(15,17)
0.1005936193144126551893515869	(15,18)
0.108665857184860317150432565	(15,19)
0.1164446074179055097896935001	(15,20)
0.1238427498909834223434480914	(15,21)
0.13077624753910554656273354	(15,22)
0.137165205258688153565127679	(15,23)
0.142934959822407285635988699	(15,24)
0.148017174622760326133534179	(15,25)
0.152350907605393618889321445	(15,26)
0.155883617340761110729853428	(15,27)
0.15857207111931772169032243	(15,28)
0.16038312033501999573029642	(15,29)
0.16129431214039131449538466	(15,30)
0.00011820820202376817411759209	(16,1)
0.00106193152066041353804870502	(16,2)
0.00293905359781238760339646964	(16,3)
0.00572908824763389592568819854	(16,4)
0.00940170460890665252456558727	(16,5)
0.0139171811407102615587843323	(16,6)
0.0192269732985312431329422055	(16,7)
0.0252743674345161391973425774	(16,8)
0.0319951921086213159359447892	(16,9)
0.0393185595385750036550943986	(16,10)
0.0471676142162721820251432222	(16,11)
0.0554602723264643400705602406	(16,12)
0.0641099437878813566071661388	(16,13)
0.0730262375483866095964819385	(16,14)
0.0821156591404922800955866711	(16,15)
0.0912823163886220466630099152	(16,16)
0.1004286536471729452475476104	(16,17)
0.1094562363979768877963886932	(16,18)
0.1182666061626001658200184088	(16,19)
0.1267622206013059818358076244	(16,20)
0.134847485870501785501571795	(16,21)
0.14242987860187841966103857	(16,22)
0.149421144261980167867887572	(16,23)
0.155738548238176578267957051	(16,24)
0.161306146808383410164196908	(16,25)
0.16605603805473581280620124	(16,26)
0.169929548401598228327228215	(16,27)
0.172878309143194810919278594	(16,28)
0.174865179144999340152533525	(16,29)
0.17586497467619430370315002	(16,30)
0.00012813509373696006306463396	(17,1)
0.00115111061139238408589898224	(17,2)
0.00318587328737541417205670838	(17,3)
0.00621023369114734987014782471	(17,4)
0.0101913645760642852101395822	(17,5)
0.0150863185750173618568202578	(17,6)
0.0208426707439326261645478922	(17,7)
0.0273992512728499942331621255	(17,8)
0.0346869321444740345204648269	(17,9)
0.0426294337523623565727240951	(17,10)
0.051144123323364225000611782	(17,11)
0.0601427858379544792639123923	(17,12)
0.0695323590444747953451224176	(17,13)
0.0792156358614158729190408791	(17,14)
0.089091948539416764847364525	(17,15)
0.0990578580084997096622138609	(17,16)
0.1090078776609942419324034301	(17,17)
0.1188352625771819074790604851	(17,18)
0.1284328925366927007281277033	(17,19)
0.137694270261581949864884464	(17,20)
0.14651464590720993992301499	(17,21)
0.154792265966775583310496079	(17,22)
0.162429730852411863400774508	(17,23)
0.169335431900787274377562177	(17,24)
0.175425026760415094414014252	(17,25)
0.1806229031391336756951526	(17,26)
0.18486357547026664955886966	(17,27)
0.188092957565580131001463836	(17,28)
0.190269456773915002337381248	(17,29)
0.19136484126294585622785059	(17,30)
0.00013843694641212407606376974	(18,1)
0.00124365824035418043576838703	(18,2)
0.00344201685264933641503872128	(18,3)
0.00670956006573908654421087121	(18,4)
0.0110108826570691514560574992	(18,5)
0.0162997170951894605412167624	(18,6)
0.0225196605571685193593303615	(18,7)
0.0296049953350099860145870047	(18,8)
0.0374815574454365807503278575	(18,9)
0.0460676113504722543755769796	(18,10)
0.0552746964301046093435566418	(18,11)
0.0650084224780372401146281468	(18,12)
0.0751692057677009693045746344	(18,13)
0.085652952512716002651646017	(18,14)
0.0963517109616746911772928062	(18,15)
0.1071543250746936272054074232	(18,16)
0.1179471301489116594793037437	(18,17)
0.1286147328079646036421617743	(18,18)
0.139040914021742168228630872	(18,19)
0.149109684578224635863584727	(18,20)
0.15870650867011644582709742	(18,21)
0.167719694499040655893391311	(18,22)
0.176041932863650483118359614	(18,23)
0.183571947467196874275922597	(18,24)
0.190216205855980210183641815	(18,25)
0.195890628817608698243122593	(18,26)
0.200522229587498792983257222	(18,27)
0.204050612693601662886088783	(18,28)
0.20642926561731228814661019	(18,29)
0.2076265842036080857213327	(18,30)
0.00014897369251868020364305873	(19,1)
0.00133831611188010755341115791	(19,2)
0.00370400197155630040707791936	(19,3)
0.00722028053746647191143648939	(19,4)
0.0118491260320245111607475328	(19,5)
0.0175409101357927628725150989	(19,6)
0.0242352240390636932997437437	(19,7)
0.0318617960500158299734817973	(19,8)
0.0403414487618672666252823518	(19,9)
0.0495870439392544303021476603	(19,10)
0.0595043733655661963966193988	(19,11)
0.0699929689597293268899137552	(19,12)
0.0809468239194802544428507355	(19,13)
0.0922550363459264058238581293	(19,14)
0.1038024053253226926185694532	(19,15)
0.1154700243802894337388793049	(19,16)
0.1271359265038113531955951167	(19,17)
0.138675837272021251739724509	(19,18)
0.149964087298080869164702661	(19,19)
0.160874723008603837403867523	(19,20)
0.171282836758993647998163799	(19,21)
0.181066115697297206842835301	(19,22)
0.19010658594800301579021895	(19,23)
0.198292507048598493367323485	(19,24)
0.205520353266954309471401468	(19,25)
0.211696805060065280216978368	(19,26)
0.216740666455414795692416699	(19,27)
0.220584622838641648036060619	(19,28)
0.22317675824030051629805549	(19,29)
0.22448176103405057200097881	(19,30)
0.00015960677684310323197020718	(20,1)
0.00143383951858220964630198822	(20,2)
0.00396838397202523180550314297	(20,3)
0.0077356819296422062475609771	(20,4)
0.0126950837590133516422505369	(20,5)
0.0187936143535468819511368558	(20,6)
0.0259669020817430751337831366	(20,7)
0.0341402040193386788510909084	(20,8)
0.0432294584465238639266883018	(20,9)
0.0531423010615441785318210425	(20,10)
0.0637789943358597125981911244	(20,11)
0.0750332387450817344849788432	(20,12)
0.0867928582126153519136610935	(20,13)
0.0989403772546439262520288413	(20,14)
0.1113535308760588146861525337	(20,15)
0.1239057671174394425662781288	(20,16)
0.136466813651394713906469515	(20,17)
0.148903382224688511552744977	(20,18)
0.161080077475977483303659144	(20,19)
0.17286056044477536533980043	(20,20)
0.184108993807883325771850826	(20,21)
0.194691768274617058441300907	(20,22)
0.20447948080323678299720268	(20,23)
0.213349108478954926366579752	(20,24)
0.221186299661248254914172276	(20,25)
0.227887688247744640291584266	(20,26)
0.233363128608907162172688603	(20,27)
0.237537748062532216897105722	(20,28)
0.24035372012280492756164908	(20,29)
0.24177167414691579427350227	(20,30)
0.00017020385319805681993621193	(21,1)
0.00152903953482170652731454905	(21,2)
0.00423187261358754103062202203	(21,3)
0.0082493523954578770858544041	(21,4)
0.0135382405108297677910062842	(21,5)
0.0200422831851092642345439317	(21,6)
0.0276932606615713090345582852	(21,7)
0.0364121317427087693648160758	(21,8)
0.0461101887559467656758926877	(21,9)
0.0566901453289671948289973739	(21,10)
0.0680470958941847223484615039	(21,11)
0.0800693103864976295001775384	(21,12)
0.0926388575689620136142587354	(21,13)
0.1056320823012965164031113295	(21,14)
0.1189199918096326982963876733	(21,15)
0.1323686295988926367812090624	(21,16)
0.14583952968564218040070832	(21,17)
0.159190346129287270925411338	(21,18)
0.172275742790119062699414729	(21,19)
0.184948606923272239317578473	(21,20)
0.197061620218122298638809742	(21,21)
0.208469185872444867815761661	(21,22)
0.219029674373867963740666814	(21,23)
0.228607917797387031237467336	(21,24)
0.237077855847125444435458928	(21,25)
0.244325218728603202560696192	(21,26)
0.25025012319323724281640383	(21,27)
0.25476945860917136341975342	(21,28)
0.25781894870074694284684848	(21,29)
0.2593547901772304537114971	(21,30)
0.00018064142184844254959734674	(22,1)
0.00162280671031040278638077813	(22,2)
0.00449139766486671662990119187	(22,3)
0.0087553092600097661070431732	(22,4)
0.0143687864148758065524733988	(22,5)
0.0212724175945074626229068691	(22,6)
0.0293943204284226449667340115	(22,7)
0.0386514188754955587038894052	(22,8)
0.0489507083677111561370000806	(22,9)
0.0601904144169215070461333379	(22,10)
0.0722609710831137548434419788	(22,11)
0.0850457767088096659573841841	(22,12)
0.0984217221638037365490869057	(22,13)
0.1122595270261336267486925206	(22,14)
0.1264239564476420368787615255	(22,15)
0.140774020740902417486698489	(22,16)
0.1551632766560116559113734	(22,17)
0.169440351167624139391043366	(22,18)
0.183449794740507648249864592	(22,19)
0.197033343090082004757741375	(22,20)
0.210031627955761296841940321	(22,21)
0.222286333231758672914042832	(22,22)
0.233642748307164881501109798	(22,23)
0.243952630632583818446544153	(22,24)
0.253077258251443240573531332	(22,25)
0.260890532703111120612975977	(22,26)
0.267281984115868413320630876	(22,27)
0.272159532856529771582028734	(22,28)
0.27545187419284023917285208	(22,29)
0.2771103719507555489309881	(22,30)
0.00019080569524583074133258541	(23,1)
0.00171411884744284192711427359	(23,2)
0.0047441304275182409019058852	(23,3)
0.0092480409706410433453147967	(23,4)
0.0151776858719916454657828796	(23,5)
0.0224706678766571985399099241	(23,6)
0.031051697187738660734644625	(23,7)
0.0408340165515721212458965939	(23,8)
0.0517207850456650588035130037	(23,9)
0.0636063057548824653686931481	(23,10)
0.0763770088178048751802710295	(23,11)
0.0899121403008301825111819258	(23,12)
0.104084154916515220220854408	(23,13)
0.1187588610188019055887898857	(23,14)
0.1337954129068994705891049758	(23,15)
0.149046281610375308462975183	(23,16)
0.164357355509928955672459516	(23,17)
0.179568323010340923143596251	(23,18)
0.194513470454506992503794293	(23,19)
0.209022991908077018958988509	(23,20)
0.222924858212300457381434511	(23,21)
0.236047237265096502614186241	(23,22)
0.248221402768721819425408582	(23,23)
0.2592850209047836113576134	(23,24)
0.269085668198431778139186625	(23,25)
0.277484411764906716665197657	(23,26)
0.284359275628923243518474234	(23,27)
0.289608422550661950185952775	(23,28)
0.29315289731629666485489889	(23,29)
0.2949388018330749909059467	(23,30)
0.00020059222434295217751381991	(24,1)
0.00180203764408751905248028274	(24,2)
0.0049874744413069303654345648	(24,3)
0.0097224889573385650835013153	(24,4)
0.0159566477089273769992318157	(24,5)
0.0236247892499438132596561967	(24,6)
0.0326485400260502674522569257	(24,7)
0.0429379049755983069680589563	(24,8)
0.054392779330532824695232344	(24,9)
0.0669042424612182052283681674	(24,10)
0.0803555275042901851993433976	(24,11)
0.0946226093007676008497898161	(24,12)
0.1095744127151315319707591935	(24,13)
0.1250727064152231243519295569	(24,14)
0.140971805115289051054037741	(24,15)
0.157118247612752709072389631	(24,16)
0.173350641705892377652706762	(24,17)
0.189499866149009838739603761	(24,18)
0.205389793775759503728074668	(24,19)
0.220838652227663638535135204	(24,20)
0.235661075984986061683383658	(24,21)
0.249670834162729776804277225	(24,22)
0.262684151707699951638190828	(24,23)
0.274523484942947296161930961	(24,24)
0.285021571275237141937316273	(24,25)
0.294025549878999231167142421	(24,26)
0.301400945097060548229328371	(24,27)
0.307035314781269050750887894	(24,28)
0.31084138818162973484921341	(24,29)
0.3127595482963492235831221	(24,30)
0.00020990486718987756327651517	(25,1)
0.00188569942763034926373345923	(25,2)
0.0052190398341653160031616025	(25,3)
0.0101739976017975472696518427	(25,4)
0.0166980429558833717446774578	(25,5)
0.0247235198076522469327342224	(25,6)
0.0341693619159468795890230916	(25,7)
0.0449428691604237243444845327	(25,8)
0.0569413577214379750740253527	(25,9)
0.0700535159012203746535066602	(25,10)
0.0841603382807030805203968896	(25,11)
0.099135571740717533002025464	(25,12)
0.114845681153849342506387823	(25,13)
0.131149421006795845449478673	(25,14)
0.147897170900577542503209421	(25,15)
0.164930246922116630641382843	(25,16)
0.182080428465304885703681033	(25,17)
0.199169936207915478933317074	(25,18)
0.216012061542072308255465769	(25,19)
0.232412585738168332208389301	(25,20)
0.248172047474931426197789732	(25,21)
0.263088831347737953657915139	(25,22)
0.276962968955105673291184954	(25,23)
0.289600477665035326613807808	(25,24)
0.300818016397152841850670683	(25,25)
0.310447615084646523993590823	(25,26)
0.318341233684381604485316026	(25,27)
0.324374923821112059938285064	(25,28)
0.32845239614625639017289712	(25,29)
0.3305078339348260877140737	(25,30)
0.00021865459632105550140170949	(26,1)
0.00196430444072418993552863896	(26,2)
0.0054366136627533438171555279	(26,3)
0.0105982563836941615444614002	(26,4)
0.0173948097597665769661506895	(26,5)
0.0257564393517848906464930351	(26,6)
0.0355998437371126329943086437	(26,7)
0.0468302393738453561568349058	(26,8)
0.0593431605605803951646375942	(26,9)
0.0730258715515485784396067331	(26,10)
0.0877582386612098920773650092	(26,11)
0.103412985755886087461307355	(26,12)
0.1198553488474912000889414695	(26,13)
0.136942242814805700540656564	(26,14)
0.154521141609480655749740149	(26,15)
0.172428938791974445759374047	(26,16)
0.190491086782720696329943711	(26,17)
0.208521304805950910120918424	(26,18)
0.226322097641870738418430473	(26,19)
0.243686246990807115135212099	(26,20)
0.260399336595653242170906118	(26,21)
0.276243265995939182868553204	(26,22)
0.291000610348175624262041856	(26,23)
0.304459606708416333434189917	(26,24)
0.316419497495600924660584167	(26,25)
0.326695941351699789123605845	(26,26)
0.335126207540367711303059235	(26,27)
0.341573896476832258823243042	(26,28)
0.34593296866791487541753696	(26,29)
0.3481309102740808829224309	(26,30)
0.00022675849454978249797979587	(27,1)
0.0020371078195645405593070358	(27,2)
0.0056381349364973259026029866	(27,3)
0.010991251151186910101483893	(27,4)
0.0180403732509207515914528036	(27,5)
0.0267138503068285389011142703	(27,6)
0.0369266686741259047678790465	(27,7)
0.0485826712626854042777906673	(27,8)
0.061576519692438179973231427	(27,9)
0.075795155289621076263880914	(27,10)
0.0911185775392515019822617189	(27,11)
0.1074198520938502530854048922	(27,12)
0.124564374731463316542754694	(27,13)
0.142408537863915158878429763	(27,14)
0.160798054526162206917388011	(27,15)
0.179566273612232360738759848	(27,16)
0.198532855550666357725987953	(27,17)
0.217503162510897704876833267	(27,18)
0.236268653025750582320314903	(27,19)
0.254608467440762523226263541	(27,20)
0.272292264059917992618824975	(27,21)
0.289084235390295864526456063	(27,22)
0.304748117689688124667704011	(27,23)
0.319052918991557976618632295	(27,24)
0.331779038475843625692577949	(27,25)
0.342724434254380069446507051	(27,26)
0.35171051240832458832534299	(27,27)
0.35858744883820733075816964	(27,28)
0.36323870727706222370589335	(27,29)
0.3655845726880417906935332	(27,30)
0.00023413913702585138893011547	(28,1)
0.0021034140421439901638364154	(28,2)
0.0058216792445074134929068541	(28,3)
0.0113492341052360765264568071	(28,4)
0.0186285961011442014370768539	(28,5)
0.0275867040123515939676769985	(28,6)
0.0381374191851715883531958463	(28,7)
0.0501840079877742862694754688	(28,8)
0.0636212795160231451763279357	(28,9)
0.0783370860532674136311672155	(28,10)
0.0942129707598206097661131995	(28,11)
0.1111238622358084526607320811	(28,12)
0.1289368565085500691316612628	(28,13)
0.147509274834479856137590213	(28,14)
0.166686317892257167559054194	(28,15)
0.186298731185212821202990165	(28,16)
0.206160935436756163832328852	(28,17)
0.226070051116744644116764289	(28,18)
0.245806160831145387616755156	(28,19)
0.265134020790771493138832309	(28,20)
0.283806274454599223146075553	(28,21)
0.301568062392378341114366953	(28,22)
0.31816278512490529859527989	(28,23)
0.333338676649108002203217648	(28,24)
0.346855793406989652374749341	(28,25)
0.358493015702568601262016995	(28,26)
0.368054688047517758334160473	(28,27)
0.375376579503552259181085995	(28,28)
0.3803309116960098527105302	(28,29)
0.3828302694753018454477957	(28,30)
0.0002407244326355813297158677	(29,1)
0.0021625755029897838436205053	(29,2)
0.0059854548022039363666643737	(29,3)
0.0116687160383861998744707706	(29,4)
0.0191537655800003078668619165	(29,5)
0.028366580981137627125003368	(29,6)
0.0392205483834479669366295594	(29,7)
0.0516192398955309693424610179	(29,8)
0.0654587410148909028500531873	(29,9)
0.0806291788315198392406600915	(29,10)
0.0970151958576395321981685338	(29,11)
0.1144952555719102567009359559	(29,12)
0.132939838701983300812006851	(29,13)
0.152208770224601428069184311	(29,14)
0.172148077488794834223289308	(29,15)
0.192586891692511803146627507	(29,16)
0.21333494671506329727065076	(29,17)
0.23418119143217660573149945	(29,18)
0.25489391907250062687661802	(29,19)
0.275222648622032813633186956	(29,20)
0.294901797039495586856041145	(29,21)
0.313655988631733788650197318	(29,22)
0.331206687367197285220794806	(29,23)
0.347279728379874826262338071	(29,24)
0.361613274161469527417520665	(29,25)
0.373965725481771436363482559	(29,26)
0.38412316491112203502126645	(29,27)
0.391905985399636526308998631	(29,28)
0.39717444075036310546145876	(29,29)
0.3998329350269481468089648	(29,30)
0.0002464479106270180128170679	(30,1)
0.0022139950875496321812844881	(30,2)
0.006127809566395542304168187	(30,3)
0.0119464801419121571464892328	(30,4)
0.0196106159782631873704459386	(30,5)
0.0290457234338727577720424317	(30,6)
0.040165423464848525530237923	(30,7)
0.0528745585507383298497311383	(30,8)
0.0670717246325814451657574787	(30,9)
0.0826508127311061098046629773	(30,10)
0.0995012594011511136973702964	(30,11)
0.1175068775784767747600146067	(30,12)
0.136543350593708877099249085	(30,13)
0.156474692488401790950623185	(30,14)
0.177149171349140685786698243	(30,15)
0.198395324021396335489988481	(30,16)
0.220018733914322192129952333	(30,17)
0.241800187831088708040206601	(30,18)
0.263495680818083080327150632	(30,19)
0.284838525246448370330327718	(30,20)
0.305543578583225957928464584	(30,21)
0.325313373455121134424851523	(30,22)
0.343845747840986918841014997	(30,23)
0.360842454524458305830919643	(30,24)
0.376018184203590233828270211	(30,25)
0.389109458735763527433514351	(30,26)
0.399882922630370943636896195	(30,27)
0.40814266009391198204732196	(30,28)
0.41373627021644676868047383	(30,29)
0.4165595273562270879927084	(30,30)
0.0002512493862330152307785345	(31,1)
0.0022571321512567793134619066	(31,2)
0.006247247771927967295449865	(31,3)
0.0121796141697157612975845997	(31,4)
0.0199943811230147200004360462	(31,5)
0.029617112287088476092373154	(31,6)
0.0409624303418545413714201709	(31,7)
0.053937490818531732131134216	(31,8)
0.0684447337674559872042890166	(31,9)
0.0843834215510060796623916092	(31,10)
0.10164960962609816066357097	(31,11)
0.120134406557831146727580281	(31,12)
0.139720636161744333808799577	(31,13)
0.160278281567336901446613835	(31,14)
0.18165932316979924976566853	(31,15)
0.203692736131792566897337703	(31,16)
0.226180456169766879029201402	(31,17)
0.248895042873466778550068404	(31,18)
0.271579579905764190603008496	(31,19)
0.293950084976380220290041085	(31,20)
0.315700407018430854505054601	(31,21)
0.336509313455453069088892287	(31,22)
0.356049258036657970793282703	(31,23)
0.373996194054835069733426672	(31,24)
0.390039763989950354850689497	(31,25)
0.403893242522869431625599587	(31,26)
0.415302711505778706366636201	(31,27)
0.424055074301854607888918886	(31,28)
0.4299846462793351390228199	(31,29)
0.4329781681405131116908245	(31,30)
0.0002550759138990778429305977	(32,1)
0.0022915110822300429470427824	(32,2)
0.0063424536173937618238646788	(32,3)
0.0123655565282543006193238326	(32,4)
0.0203008697099212830679960202	(32,5)
0.0300745778165398474709542986	(32,6)
0.0416031245723014282669377386	(32,7)
0.0547970933528381569800842032	(32,8)
0.0695641939504690173593229669	(32,9)
0.0858107761137887343664822123	(32,10)
0.1034414573218469199789306412	(32,11)
0.122356705211876874755853036	(32,12)
0.142448525271716328413628311	(32,13)
0.163594725832126317696563545	(32,14)
0.18565250909837035082443378	(32,15)
0.208452314835905718885246027	(32,16)
0.231792883505824280806576615	(32,17)
0.2554383953586078857858768	(32,18)
0.279118299064339806693775717	(32,19)
0.302530112608627879270166868	(32,20)
0.325345121089977440889703253	(32,21)
0.347216572573336369630841469	(32,22)
0.367789733315962690938056713	(32,23)
0.386713034376832908124654686	(32,24)
0.403649524972736679939272243	(32,25)
0.418287924994059117063711385	(32,26)
0.430352707644526918536450949	(32,27)
0.43961280693738016366195	(32,28)
0.44588870136220782553339891	(32,29)
0.4490577512230354146717722	(32,30)
0.0002578829295463081583614437	(33,1)
0.0023167315620993301526550529	(33,2)
0.0064123196490828667860444378	(33,3)
0.0125021515148715500926414659	(33,4)
0.0205265556114418373343034595	(33,5)
0.0304129323862650483240906911	(33,6)
0.0420804125385765448845709454	(33,7)
0.0554441863914526952401788889	(33,8)
0.0704187409831401616236350177	(33,9)
0.0869193255031416110774682873	(33,10)
0.1048611655618850461879561499	(33,11)
0.124156250742482968229230077	(33,12)
0.14470789268302331198257183	(33,13)
0.166403635749998913007804084	(33,14)
0.189107429984877534471463397	(33,15)
0.212652179994986689425528452	(33,16)
0.236833817234588207421969722	(33,17)
0.261407893525859610671747659	(33,18)
0.286089386086136089112823154	(33,19)
0.310555997110239409328630527	(33,20)
0.334454800715401308504840158	(33,21)
0.357411712573173663164666072	(33,22)
0.379042990368267909674473507	(33,23)
0.398967844847497167080067137	(33,24)
0.416821249137780845311443702	(33,25)
0.432266150549576434239957437	(33,26)
0.445004472022708764410829894	(33,27)
0.45478649452586941269544756	(33,28)
0.46141839842598918707653742	(33,29)
0.4647678847866564833201035	(33,30)
0.0002596354866826684960923929	(34,1)
0.0023324796698441606730858782	(34,2)
0.0064559774766086702767570041	(34,3)
0.0125877090919324711583449566	(34,4)
0.0206686755935285834959057834	(34,5)
0.0306281140472391593801445947	(34,6)
0.0423887474234797577099411845	(34,7)
0.0558716065726218297654908523	(34,8)
0.0709995324126264234860408858	(34,9)
0.0876985658201383610189288577	(34,10)
0.105896670794992679100488883	(34,11)
0.125519599676971245470185802	(34,12)
0.14648415465010682949736777	(34,13)
0.168689557670569424957632841	(34,14)
0.192008026261762220070924707	(34,15)
0.216275884343442969482208494	(34,16)
0.241286560082924111943116331	(34,17)
0.266786623820196351759102262	(34,18)
0.292475633672514441997431846	(34,19)
0.318010059688047638807673901	(34,20)
0.343011045084344115641109515	(34,21)
0.367075326973059658849781564	(34,22)
0.389788345599023918242274929	(34,23)
0.410738449622902390347389034	(34,24)
0.42953114619411893587319764	(34,25)
0.445802509847148240315722706	(34,26)
0.459231099486414013214634782	(34,27)
0.469547982669190155286091164	(34,28)
0.47654468578276799212193269	(34,29)
0.4800790483892063198351925	(34,30)
0.0002603094998769147638961244	(35,1)
0.0023385390517071985108988829	(35,2)
0.0064728286701372622920803595	(35,3)
0.0126210650070100736285137469	(35,4)
0.0207253275704468470865890315	(35,5)
0.0307173308501962490134802414	(35,6)
0.0425243259868666643038533127	(35,7)
0.0560744604445350562450469426	(35,8)
0.0713005592689185232222315033	(35,9)
0.0881414083180933373153558606	(35,10)
0.106539901883720735285094331	(35,11)
0.126437848648342006851112716	(35,12)
0.147767759039992077984547053	(35,13)
0.170442478522648347705536687	(35,14)
0.194343981412562570847427634	(35,15)
0.219312900452409692369395838	(35,16)
0.245140373541504799051983352	(35,17)
0.271563529119065061492847734	(35,18)
0.29826545361509144589609695	(35,19)
0.32487988393546330766234514	(35,20)
0.351000263367836012986420538	(35,21)
0.37619230051409594154125538	(35,22)
0.400008853714952176846698869	(35,23)
0.422005856226804925889624481	(35,24)
0.441758081926569062210159752	(35,25)
0.458873775398557981641240631	(35,26)
0.47300746591074718115378918	(35,27)
0.483870585692749419180533357	(35,28)
0.49123976705428614153240264	(35,29)
0.4949628687082807602193719	(35,30)
0.0002598929198800141176524194	(36,1)
0.0023348014770090264610118523	(36,2)
0.0064625739570891460140993331	(36,3)
0.0126016375924989371261325802	(36,4)
0.0206955633889303669311337159	(36,5)
0.0306791970012783051222546904	(36,6)
0.0424852739410578872213642301	(36,7)
0.0560503627365130890497522094	(36,8)
0.0713189380935745888449097525	(36,9)
0.08824452270286642515908566	(36,10)
0.106787168554644231408708171	(36,11)
0.126907058326688664538854521	(36,12)
0.148554632084832203419181286	(36,13)
0.171658280777900573634345904	(36,14)
0.196111170034758333796075872	(36,15)
0.22175904795463242249275186	(36,16)
0.248390873139897997218509103	(36,17)
0.275733765112275705765753216	(36,18)
0.303453192284236658421779475	(36,19)
0.331158593452655221782319851	(36,20)
0.35841392184912581545572798	(36,21)
0.384752036258302899042087299	(36,22)
0.409691526657580696887350397	(36,23)
0.432754477832077743200662664	(36,24)
0.453483813388160513824607874	(36,25)
0.471459156091423781997617795	(36,26)
0.486310504661727596514833628	(36,27)
0.49772938376312991456630763	(36,28)
0.50547741421548828533577508	(36,29)
0.509392441225892766861303	(36,30)
0.0002583867757591147252548918	(37,1)
0.0023212761992372861078235705	(37,2)
0.0064252391118176478617829135	(37,3)
0.0125294781161024971349926972	(37,4)
0.0205794710188143991083874202	(37,5)
0.0305138533087316023257982326	(37,6)
0.0422718095645657973226070785	(37,7)
0.055799645918009092789202628	(37,8)
0.0710551664643146605485387357	(37,9)
0.088008635389454190762969667	(37,10)
0.106639495678420115391624935	(37,11)
0.126928613727180093855901581	(37,12)
0.148846552116050536707881732	(37,13)
0.172339115574612766901585753	(37,14)
0.197312016433859991326171297	(37,15)
0.223616825524899032451886059	(37,16)
0.251040325163993181333118482	(37,17)
0.27929895772648389185000957	(37,18)
0.308039349883973640699518545	(37,19)
0.336845038974568594107543195	(37,20)
0.365248708917854436958021011	(37,21)
0.392748610861995390057945976	(37,22)
0.418827492167343020301255606	(37,23)
0.442972306914919789347015022	(37,24)
0.464693186702276274648173963	(37,25)
0.48354052439963247964110706	(37,26)
0.499119464190424393868375025	(37,27)
0.51110150764022957831813089	(37,28)
0.51923327266597391348934762	(37,29)
0.5233426461503171378326648	(37,30)
0.0002558060300144660082407739	(38,1)
0.002298097637062949233130003	(38,2)
0.0063611961955794515774186204	(38,3)
0.0124053120685803792552552019	(38,4)
0.020378241874928815584089467	(38,5)
0.0302230656308418649857135872	(38,6)
0.0418863769535411541938750756	(38,7)
0.0553255299170079983376734429	(38,8)
0.070513328244779816823360073	(38,9)
0.087438766310937304622717897	(38,10)
0.106102884489106032651084121	(38,11)
0.126509499803926962710211361	(38,12)
0.148651427401609788118802557	(38,13)
0.172493669840537230506330831	(38,14)
0.197955738851579847647871428	(38,15)
0.224895622504740726581239272	(38,16)
0.253097819917673903112870309	(38,17)
0.282267337179637647652640822	(38,18)
0.312030679614270422263164067	(38,19)
0.341943871567720690079027776	(38,20)
0.37150659459074173079123146	(38,21)
0.400180834347671729962241628	(38,22)
0.427412067472622603781881448	(38,23)
0.452651014497502380308877637	(38,24)
0.475374270075845645637187439	(38,25)
0.495102587103641913708853645	(38,26)
0.511416115832497141136974259	(38,27)
0.52396637861848538759122705	(38,28)
0.53248512476607895903749536	(38,29)
0.5367904244199783448476449	(38,30)
0.0002521802025605525843532458	(39,1)
0.0022655309789763368817412465	(39,2)
0.0062711790506353686510316252	(39,3)
0.0122305692562618247494084319	(39,4)
0.0200942197867239899516016077	(39,5)
0.0298102962131814939213530342	(39,6)
0.0413337419510685759396197219	(39,7)
0.0546342430522724115755635416	(39,8)
0.069701237596825507466819376	(39,9)
0.086544391395691089462795236	(39,10)
0.105188486171255358664987801	(39,11)
0.125662476440063897677726777	(39,12)
0.14798346136044111254952906	(39,13)
0.172137310403810998911158598	(39,14)
0.19805846259102256276009052	(39,15)
0.225611794202314564644074228	(39,16)
0.254579306684931444789515473	(39,17)
0.284653735110610709842762786	(39,18)
0.315440154416151628032254867	(39,19)
0.346465490526810148345611425	(39,20)
0.377194773697871198452098688	(39,21)
0.407052203472220401491807742	(39,22)
0.435444736594989424521844609	(39,23)
0.461785962367084907726767156	(39,24)
0.485518407949632043317231172	(39,25)
0.506132983808514311944385587	(39,26)
0.523184894485935130082332496	(39,27)
0.53630588492783808399205823	(39,28)
0.54521309207818942168851457	(39,29)
0.5497149934855370426788994	(39,30)
0.0002475537287312468051429724	(40,1)
0.002223975398593535359996605	(40,2)
0.0061562921830926332631042695	(40,3)
0.0120074010160983590088000326	(40,4)
0.0197309288725879628720905909	(40,5)
0.029280743903713165498378302	(40,6)
0.0406210453244873133456638458	(40,7)
0.0537350872637277048603369211	(40,8)
0.068630513393395310593030405	(40,9)
0.085339521070873685446492773	(40,10)
0.103912677193535394635970709	(40,11)
0.124406141659472105392713024	(40,12)
0.146863193946580224922051428	(40,13)
0.171292094414281894773420043	(40,14)
0.197643192426749982784894157	(40,15)
0.225788592753678466572793569	(40,16)
0.255507484037991220398857711	(40,17)
0.286479440230992409050772885	(40,18)
0.318286798357268881080570736	(40,19)
0.350425864240228535073107422	(40,20)
0.382325491665992485868360725	(40,21)
0.413370747667542620955933845	(40,22)
0.442929029693470874823508008	(40,23)
0.470376125642155363322239245	(40,24)
0.495120192261829251069227832	(40,25)
0.516622307687467565757038068	(40,26)
0.53441296508433153144019272	(40,27)
0.54810448621316312552242261	(40,28)
0.55739976698525359798230303	(40,29)
0.5620979930441284142176682	(40,30)
0.0002419860252821121498242088	(41,1)
0.002173964646861038196460128	(41,2)
0.0060180123882727792889448774	(41,3)
0.0117386832984996274380001167	(41,4)
0.0192930782781969899718299041	(41,5)
0.0286413502764242833675220676	(41,6)
0.0397578092058958826149165969	(41,7)
0.0526404426343643995398183539	(41,8)
0.06731657810176432585998169	(41,9)
0.083842688158244481125141094	(41,10)
0.102297029396540963197911782	(41,11)
0.122764876164816863089906088	(41,12)
0.145317412932050235406808485	(41,13)
0.169986640968731557860971036	(41,14)
0.196739640837051138610246079	(41,15)
0.225455952070081734179424219	(41,16)
0.255911546149106611228324906	(41,17)
0.287771915203863924670563225	(41,18)
0.320595387095740843333719175	(41,19)
0.353846229694109155371469092	(41,20)
0.386915759183705964678365337	(41,21)
0.419148773808672084420826456	(41,22)
0.449872310085135568161660171	(41,23)
0.478423930243006231052335902	(41,24)
0.504177354009769715494761762	(41,25)
0.526564050155274448917697744	(41,26)
0.54509021515791598455285354	(41,27)
0.55934924519111715742047854	(41,28)
0.56903027192622911540911208	(41,29)
0.5739235585169243330140064	(41,30)
0.0002355512468835725054189045	(42,1)
0.0021161648639319261318952065	(42,2)
0.0058581826842446242192363559	(42,3)
0.0114280047761921853761978762	(42,4)
0.0187865424160758301640933543	(42,5)
0.027900769697734462478732722	(42,6)
0.0387558941976085492000787861	(42,7)
0.0513657080192539592019645321	(42,8)
0.065778577510673651467020688	(42,9)
0.08207684134974163328101656	(42,10)
0.10036817120329925082352968	(42,11)
0.120768666208591523430446475	(42,12)
0.14337893323652177071157666	(42,13)
0.168255863714941843740818611	(42,14)
0.19538391385429106492959876	(42,15)
0.224650130920224716905518033	(42,16)
0.255826791427619351612766495	(42,17)
0.28856438313275087247634659	(42,18)
0.322396027446194075016424209	(42,19)
0.35675268170549038813342349	(42,20)
0.390986967258910221248680581	(42,21)
0.424402521107507977720994106	(42,22)
0.45628547948800642070130784	(42,23)
0.485935014667800922674069821	(42,24)
0.512690583146383141615378218	(42,25)
0.535954476097375011149138821	(42,26)
0.555209178803854614302814402	(42,27)
0.57002979072922794759670036	(42,28)
0.58009224973089054101222682	(42,29)
0.5851783253584315294016765	(42,30)
0.0002283377239550136179664844	(43,1)
0.0020513695285550086756967883	(43,2)
0.0056789983268914439054395938	(43,3)
0.0110796395420618972999093384	(43,4)
0.018218316006925077642624481	(43,5)
0.0270693023496549062028013718	(43,6)
0.0376294058924516522791404585	(43,7)
0.049929176357895416353854436	(43,8)
0.064039219881217225388297679	(43,9)
0.080069143120733229373179043	(43,10)
0.098157539454543087422560748	(43,11)
0.118452805375107046823776923	(43,12)
0.141086246406990143263781113	(43,13)
0.16614056846559945821678717	(43,14)
0.193618060776961508380688499	(43,15)
0.223413222709766641531781535	(43,16)
0.255294104253938582334269648	(43,17)
0.288895296316439118822548579	(43,18)
0.32372363008381042378881164	(43,19)
0.359175666686530429383946459	(43,20)
0.394564417597162626070635634	(43,21)
0.429151740605420056771671288	(43,22)
0.462182615044372371710758497	(43,23)
0.492917928417187453766035532	(43,24)
0.520663287808237428217325607	(43,25)
0.54479243932743564929120925	(43,26)
0.564764900559871364955029218	(43,27)
0.58013821989632514299070663	(43,28)
0.59057579194801697980555669	(43,29)
0.5958513707573798179217795	(43,30)
0.0002204470809475225930910418	(44,1)
0.0019804915369975897174703227	(44,2)
0.0054829848851119130471918888	(44,3)
0.0106985043585457409075862627	(44,4)
0.017596443877341067142858395	(44,5)
0.0261587901870765585350088348	(44,6)
0.0363945508785225105244501551	(44,7)
0.048351844957995048718412462	(44,8)
0.062124535225994301365999907	(44,9)
0.077850673477203345222978865	(44,10)
0.095701024299592002738281892	(44,11)
0.115857479119415937826780343	(44,12)
0.138483045877657596545983488	(44,13)
0.163686923531616622127602204	(44,14)
0.191489497690570763099293803	(44,15)
0.221792544115356530061058586	(44,16)
0.254359323944945733732847362	(44,17)
0.288807702959714553355200523	(44,18)
0.324617292073426421570875497	(44,19)
0.361149398004554594140906889	(44,20)
0.397676785147073579194421992	(44,21)
0.43341921539163695787858427	(44,22)
0.467580553176464642449920093	(44,23)
0.499383780852628561726364915	(44,24)
0.528101305356910305592038934	(44,25)
0.553079149542026498755996141	(44,26)
0.573754749416962719481834932	(44,27)
0.5896689484211869724122398	(44,28)
0.60047331406482131907578287	(44,29)
0.6059341013567674792124839	(44,30)
0.0002119930423423240525728937	(45,1)
0.00190455247681669558698416	(45,2)
0.0052729685574962316947367959	(45,3)
0.010290100815647882699549135	(45,4)
0.0169299261133401288185873319	(45,5)
0.0251824767536698626630249859	(45,6)
0.0350694435894712017095991071	(45,7)
0.04665716270215806275912249	(45,8)
0.060063557464662635054903225	(45,9)
0.07545604334111655970258612	(45,10)
0.09303851230191141285366061	(45,11)
0.113027238883290373513554072	(45,12)
0.135617636757056224700948667	(45,13)
0.160945813618050743440500453	(45,14)
0.18905031775739046701796745	(45,15)
0.219839917489306737066334154	(45,16)
0.253072517478813188569322648	(45,17)
0.288348529485217110439801486	(45,18)
0.325119607403887233987260034	(45,19)
0.362711211062435081391423133	(45,20)
0.400355530359485969205000364	(45,21)
0.43723023812202821222871788	(45,22)
0.472498435640800202113933346	(45,23)
0.505345854568813140549902404	(45,24)
0.535012578084779167342603039	(45,25)
0.56081790254673179659648548	(45,26)
0.582178193875852316448899366	(45,27)
0.59861851982144918382524036	(45,28)
0.60977938746169012988946108	(45,29)
0.6154200966325321028382489	(45,30)
0.000203099941634993446818592	(46,1)
0.0018246692326813773249772559	(46,2)
0.0050520391106310897454061159	(46,3)
0.0098604431412711288293735401	(46,4)
0.0162285998000600220800356203	(46,5)
0.0241548327051019180192610165	(46,6)
0.033673866615726798167579577	(46,7)
0.044870717733005409339699495	(46,8)
0.057887934154304014948981132	(46,9)
0.072922923643278830383286461	(46,10)
0.090213335435562629542289647	(46,11)
0.110010375283469378804740202	(46,12)
0.132542241601373130247567044	(46,13)
0.157972090736069194410096019	(46,14)
0.186356503602414050172784461	(46,15)
0.217610863949235720240025496	(46,16)
0.251487174043072032592585242	(46,17)
0.287567797118939719369252255	(46,18)
0.325275924234441984720749693	(46,19)
0.363900876308912661659472073	(46,20)
0.402634278450514195226382337	(46,21)
0.440612061937268285735722152	(46,22)
0.476957232579476998899390607	(46,23)
0.510819196812697649390906941	(46,24)
0.541406805994409818921843839	(46,25)
0.568013785243930117447790623	(46,26)
0.590036548842636264864237879	(46,27)
0.60698538351617923028893835	(46,28)
0.61849053811891984782977001	(46,29)
0.6243049178078524615360757	(46,30)
0.0001939009563163528443076206	(47,1)
0.0017420381309792309123366707	(47,2)
0.0048235060114422179324691318	(47,3)
0.0094159727811820113432835172	(47,4)
0.015502999186880922408064048	(47,5)
0.0230913497776544530445293275	(47,6)
0.03222898829349072711653154	(47,7)
0.043019870697359515805949627	(47,8)
0.055631470327635722947070814	(47,9)
0.070291498291978021772248912	(47,10)
0.087271635933738297328698383	(47,11)
0.106858202228844124204510668	(47,12)
0.129312215937422314740456548	(47,13)
0.154823737687448060520903771	(47,14)
0.183467058886248779705385766	(47,15)
0.215163725377665457197420985	(47,16)
0.249659340256788978601398292	(47,17)
0.286517791667404638291625532	(47,18)
0.325133567301237063174820069	(47,19)
0.364759887710639012486032301	(47,20)
0.404548181979458423095607513	(47,21)
0.443593339730419670219726766	(47,22)
0.480979256173455488961885094	(47,23)
0.515820201348535092119225472	(47,24)
0.54729508806105423360001015	(47,25)
0.574673366045445261220560748	(47,26)
0.597332704511167122137762296	(47,27)
0.61476965174579932646754892	(47,28)
0.62660502171902557795733162	(47,29)
0.6325858918685650595372589	(47,30)
0.0001845360991980335063973896	(48,1)
0.0016579168958422882394396053	(48,2)
0.0045908485081689609684607	(48,3)
0.0089634612197582216091848763	(48,4)
0.01476419669296125645283877	(48,5)
0.0220083067789492771123327987	(48,6)
0.030757042515732371365969248	(48,7)
0.041133340050638430338133163	(48,8)
0.053329614661950015181052203	(48,9)
0.067603851088488745928152633	(48,10)
0.084261658976158678120853306	(48,11)
0.10362426585169379149581018	(48,12)
0.125985189190364936362327701	(48,13)
0.151560961289134501245243068	(48,14)
0.180443077357122225786990326	(48,15)
0.212558734253395144546395855	(48,16)
0.247646715063719597161910062	(48,17)
0.285252205009466487989757241	(48,18)
0.32474104305888417550983297	(48,19)
0.365330742971355972681139993	(48,20)
0.406133281561304999680342942	(48,21)
0.44620356510967843096949439	(48,22)
0.484587676903348975757786462	(48,23)
0.520366191664557158202200559	(48,24)
0.552689562038112163198149829	(48,25)
0.580804380202892251459645711	(48,26)
0.604070846385007336628321373	(48,27)
0.62197284427783002502615944	(48,28)
0.6341225840505774558757471	(48,29)
0.6402618795635964826505628	(48,30)
0.000175150003199155582671832	(49,1)
0.0015736047500202582284565595	(49,2)
0.0043576605825917713290109846	(49,3)
0.0085099028387795817429892401	(49,4)
0.0140236276980127160735124461	(49,5)
0.0209225119469345016222113118	(49,6)
0.029280976738623965877239509	(49,7)
0.039240747209059124263987884	(49,8)
0.051018897713857729680381893	(49,9)
0.064903298333783056130593104	(49,10)
0.081232986938747443095372528	(49,11)
0.100363493813379012905942368	(49,12)
0.122620148145690540520837104	(49,13)
0.148245233642065428135235501	(49,14)
0.177346768358754839675669214	(49,15)
0.209857050395260524179987505	(49,16)
0.245507722905400452436853704	(49,17)
0.28382526592596285164649852	(49,18)
0.324147243804175211022166653	(49,19)
0.365656230144747146548529602	(49,20)
0.407425877714770614385135051	(49,21)
0.448472526528906553856990292	(49,22)
0.487806052600228813172713262	(49,23)
0.524475014718352486200170753	(49,24)
0.557603051332747673055194612	(49,25)
0.586415418193423725691217761	(49,26)
0.610256174401737750651120735	(49,27)
0.62859762882236565379817498	(49,28)
0.64104421466006046277329489	(49,29)
0.647333035363657898619177	(49,30)
0.0001658895427342292804566801	(50,1)
0.001490421048130368339703223	(50,2)
0.0041275918456310613446311984	(50,3)
0.0080623999014615525141083172	(50,4)
0.0132929025333958085037481207	(50,5)
0.0198510267039913707170157309	(50,6)
0.027824075062273650948423925	(50,7)
0.037372130458935060601127204	(50,8)
0.048736333255567190274236146	(50,9)
0.062233680280875802405635753	(50,10)
0.078235730348095118162225773	(50,11)
0.097131301849232764414556665	(50,12)
0.119276481131341620674618818	(50,13)
0.14493830043267612421644994	(50,14)
0.17424045798746171633518007	(50,15)
0.20711978339732737519656749	(50,16)
0.243300582966644049848689266	(50,17)
0.282290876614941528634387305	(50,18)
0.323400665392453117758300003	(50,19)
0.365778733412173419384829159	(50,20)
0.408461924859444115406431519	(50,21)
0.450429784072260469121332393	(50,22)
0.490657878570963957102365695	(50,23)
0.528164652664055110226537116	(50,24)
0.562048725893885328299282805	(50,25)
0.591515623881728489474049816	(50,26)
0.615894627854156452594840183	(50,27)
0.63464756393039822996998002	(50,28)
0.64737190062768948965877432	(50,29)
0.6538005663213713914153602	(50,30)
0.000156901339945013517676648	(51,1)
0.0014096828756403598143225968	(51,2)
0.0039042855750358366630478871	(51,3)
0.0076280419942461314034234793	(51,4)
0.0125836094856968656999017673	(51,5)
0.018810876405561628546101653	(51,6)
0.026409564021037963153986896	(51,7)
0.035557437459272830934205208	(51,8)
0.046518794805074280035054903	(51,9)
0.059638625702865820703036351	(51,10)
0.075319691759589032409999727	(51,11)
0.093982675337473118486418611	(51,12)
0.116013001748601527843577989	(51,13)
0.141701175514344476314796645	(51,14)
0.171185584893030972734204897	(51,15)
0.204407018851003519398129166	(51,16)
0.24108239114231291767953918	(51,17)
0.280701769708407587617095665	(51,18)
0.322548651342562043139364429	(51,19)
0.365739568819392730699115657	(51,20)
0.409276456451934855334205043	(51,21)
0.452104176405374914244087501	(51,22)
0.493166165226207952615342446	(51,23)
0.531452858302298404179218657	(51,24)
0.566039782516264387015315721	(51,25)
0.596114407792839252421355328	(51,26)
0.620992621544399789041020434	(51,27)
0.64012684998647975109684577	(51,28)
0.65310838624557309108251514	(51,29)
0.659666495710141869196331	(51,30)
0.000148329208034941467389711	(52,1)
0.0013326820830062449480661329	(52,2)
0.0036913151934754791857431577	(52,3)
0.0072137824516245199981094881	(52,4)
0.0119071129360999590462559034	(52,5)
0.017818754128947163780510274	(52,6)
0.025060209302779829760817182	(52,7)
0.033826006878645551018288815	(52,8)
0.04440238022627915902300797	(52,9)
0.057160804641063845858395572	(52,10)
0.072533519491917993508402668	(52,11)
0.090971244205448975514606776	(52,12)
0.112886971219757477231902678	(52,13)
0.138593140881187954009792168	(52,14)
0.168241709158628100003016493	(52,15)
0.2017768654609865985106679	(52,16)
0.238908229998812051887761531	(52,17)
0.279108698926056256148326592	(52,18)
0.321636674246843010128520569	(52,19)
0.365578358799683586699287207	(52,20)
0.409903048297258987560502169	(52,21)
0.453523363541338762661945502	(52,22)
0.495353047911525073085140336	(52,23)
0.534356818421586240819007176	(52,24)
0.569589148543006849838487767	(52,25)
0.60022117954062475687861599	(52,26)
0.625556797421599910930780158	(52,27)
0.64504009279694812253716804	(52,28)
0.65825694331404027480009201	(52,29)
0.6649334362794231515242759	(52,30)
0.0001403115867480803614775736	(53,1)
0.0012606622493804406865827793	(53,2)
0.0034921205543271937471437682	(53,3)
0.0068263144225029444507839414	(53,4)
0.0112743509729313070453379591	(53,5)
0.016890723852123244330780916	(53,6)
0.023797912008077214892963618	(53,7)
0.03220605016676572462280519	(53,8)
0.042421777761877124599621433	(53,9)
0.054841184849857646083865599	(53,10)
0.069923868488794809736931003	(53,11)
0.088148369622763402705873271	(53,12)
0.109953138272737852590969631	(53,13)
0.135670770653846580515016359	(53,14)
0.16546555183084149950143737	(53,15)
0.199284538941773283696689704	(53,16)
0.236830320482978567668648589	(53,17)
0.277559674765883363190892506	(53,18)
0.320707663552593596636729505	(53,19)
0.365332452444015060155404917	(53,20)
0.410373325268915793481994692	(53,21)
0.454713409385868633522638774	(53,22)
0.497239432104237721858526099	(53,23)
0.536892847810114818164271417	(53,24)
0.572709211692433443470149138	(53,25)
0.603845102307767385989690532	(53,26)
0.629593794884173840612123663	(53,27)
0.64939208325893259431456709	(53,28)
0.66282115578779490602209843	(53,29)
0.6696043769944800321415007	(53,30)
0.0001329790264680168833931834	(54,1)
0.0011947960831745949641251382	(54,2)
0.0033099454379080396624397611	(54,3)
0.0064719493047390001871140025	(54,4)
0.0106956369227964465353833102	(54,5)
0.016041929522012264916161744	(54,6)
0.022643313243856191518555221	(54,7)
0.030724144657648802304615123	(54,8)
0.040609647034660428767988247	(54,9)
0.052718307551691728325529227	(54,10)
0.067534585535540537255527146	(54,11)
0.085562260681081675856664506	(54,12)
0.107262814969396034915884194	(54,13)
0.132986996884449216760556133	(54,14)
0.162910081556457885306360986	(54,15)
0.1969814971971752033433769	(54,16)
0.234897227540661643820564613	(54,17)
0.276099254918914106206909365	(54,18)
0.319801387035536138133431952	(54,19)
0.365036396779255216009255548	(54,20)
0.410716515076530296099321506	(54,21)
0.455698406569678609828073818	(54,22)
0.498844675828440654371912027	(54,23)
0.539076115541566958098585939	(54,24)
0.575411577670078357338387501	(54,25)
0.606994871290404458109546181	(54,26)
0.633110042000201281080839919	(54,27)
0.65318759570064389696963191	(54,28)
0.6668047216260903072200172	(54,29)
0.6736824862583283406804723	(54,30)
0.0001264517774135006252780469	(55,1)
0.0011361637667682404000683256	(55,2)
0.0031477776608050711839065273	(55,3)
0.0061565002735752178002322418	(55,4)
0.0101804692415814226620612521	(55,5)
0.015286316498166010111176169	(55,6)
0.021615415810819082479684776	(55,7)
0.029404749123691040398302414	(55,8)
0.038996028401986765982654308	(55,9)
0.050827597851416292263142068	(55,10)
0.065405935635953521851059884	(55,11)
0.083257138637803127413157922	(55,12)
0.104863006030903434360392183	(55,13)
0.130590233895368243041630223	(55,14)
0.160623663469038773941002551	(55,15)
0.194914639796698004670859791	(55,16)
0.233153130210567719432444025	(55,17)
0.274767897467155790341125229	(55,18)
0.318953891699528346424501722	(55,19)
0.364721462829094672404505418	(55,20)
0.410959051369512576604363131	(55,21)
0.456500144873437862157366643	(55,22)
0.500186310077060355659362366	(55,23)
0.54092040419083333410564925	(55,24)
0.577706856365509214427929168	(55,25)
0.609678517215742146038043961	(55,26)
0.63611156912608569144009872	(55,27)
0.65643120672430141183173831	(55,28)
0.67021127394620053255949119	(55,29)
0.6771709338590670832747411	(55,30)
0.0001208375389359654249935193	(56,1)
0.0010857327394298885399007733	(56,2)
0.0030082931642949685250980474	(56,3)
0.0058851735578481839516348854	(56,4)
0.0097373540872564653350553728	(56,5)
0.01463637167725735586779496	(56,6)
0.020731231485994605397197221	(56,7)
0.028269752544680400060234456	(56,8)
0.037607793572306689260447585	(56,9)
0.049200724537605130035115144	(56,10)
0.063573885564011037114731347	(56,11)
0.081272465324728632440436314	(56,12)
0.102795608050447618852514563	(56,13)
0.128523576532919943334989742	(56,14)
0.158649284002633477436922516	(56,15)
0.19312558322032133293686853	(56,16)
0.231637165205843980857126018	(56,17)
0.27360138342529720415321589	(56,18)
0.318197008446872805948675573	(56,19)
0.364415228986425514691904166	(56,20)
0.411124227376185918929908945	(56,21)
0.457137823610912936956184218	(56,22)
0.501279797215971414123240033	(56,23)
0.54243790191590028479479628	(56,24)
0.579604476774730082352863737	(56,25)
0.611903235413856271446742684	(56,26)
0.638603845786778542942896954	(56,27)
0.65912713576363459016283536	(56,28)
0.6730442229531208006004779	(56,29)
0.6800727332543460041195818	(56,30)
0.0001162294209826899073063855	(57,1)
0.001044339386093105352879747	(57,2)
0.0028938053747087481473301545	(57,3)
0.0056624699752689124803267135	(57,4)
0.0093736446623731915632276959	(57,5)
0.014102888257206457006424777	(57,6)
0.02000546192287720818068767	(57,7)
0.027338066226845563541654731	(57,8)
0.036468149599179582011499785	(57,9)
0.047865023031368071823152189	(57,10)
0.062069459463668470361423968	(57,11)
0.079642251018668884012373638	(57,12)
0.101096693542358948167347524	(57,13)
0.126824086180756744495447916	(57,14)
0.157023863732941404261943625	(57,15)
0.191650021787645613545961271	(57,16)
0.230382851522701640503446799	(57,17)
0.272630313846660501855936634	(57,18)
0.317557923689921354248404092	(57,19)
0.36414122323049587413439411	(57,20)
0.411231900451772963419466832	(57,21)
0.457627807653836646169517017	(57,22)
0.502138326771900563159064985	(57,23)
0.543639026839603676918727879	(57,24)
0.581112530322416979682547388	(57,25)
0.613675240467170685201926806	(57,26)
0.640591641214314127617275767	(57,27)
0.66127910808466726348779073	(57,28)
0.67530661961899478944519309	(57,29)
0.6823906052956022043284705	(57,30)
0.0001127041654284839105466729	(58,1)
0.0010126730604569499432349232	(58,2)
0.0028062210202366853990238132	(58,3)
0.0054920990272019662089142112	(58,4)
0.0090954010694547629804321057	(58,5)
0.013694760593327143819379585	(58,6)
0.019450220500764389571471599	(58,7)
0.026625268516648220282262028	(58,8)
0.035596207273279123459251493	(58,9)
0.046842993951460046532947727	(58,10)
0.060918179904055446282117765	(58,11)
0.07839445546902023622445008	(58,12)
0.099795893091893763370638624	(58,13)
0.125522176673855778313402245	(58,14)
0.155777668692243406549454987	(58,15)
0.190517182648580348820904759	(58,16)
0.229417602245129798915487345	(58,17)
0.271879685546533252664954813	(58,18)
0.317058820121766803877529733	(58,19)
0.363918624972966010371863634	(58,20)
0.411298247334142815507552475	(58,21)
0.457983426341675978848870018	(58,22)
0.502772647654876820439852718	(58,23)
0.544532282861242265336473032	(58,24)
0.582237641967180093591544142	(58,25)
0.614999646158340498193112304	(58,26)
0.642078908613524730333258109	(58,27)
0.66289024060215883910708949	(58,28)
0.67700104170576168840566002	(58,29)
0.6841268641014326237189295	(58,30)
0.0001103206692951344796802081	(59,1)
0.0009912628198269200610046215	(59,2)
0.0027470034474877468897739337	(59,3)
0.0053769075788985244129423028	(59,4)
0.0089072739748049681760678534	(59,5)
0.013418813943859770908538859	(59,6)
0.019074801567485213006412886	(59,7)
0.026143310222110433039042694	(59,8)
0.035006623561116356982442795	(59,9)
0.04615188817712513162710878	(59,10)
0.060139606039336077153976152	(59,11)
0.077550493912497325185241834	(59,12)
0.098915886976136722722358435	(59,13)
0.124641110415270647723613026	(59,14)
0.154933828900840627647916603	(59,15)
0.189749381710518902061722389	(59,16)
0.228762328457912500194840633	(59,17)
0.271368548501890169640280506	(59,18)
0.316716588123044008776227783	(59,19)
0.363762026797811594696518238	(59,20)
0.41133556956182392453021485	(59,21)
0.458214814296517356102082155	(59,22)
0.503190935712533900185186983	(59,23)
0.545124145899605705747860303	(59,24)
0.582984868336218091803229217	(59,25)
0.615880370271007521536243814	(59,26)
0.643068693018868254929211946	(59,27)
0.66396295064123703716394625	(59,28)
0.67812950245219411076855833	(59,29)
0.6852833255011524377096649	(59,30)
0.0001091188450127624525214721	(60,1)
0.0009804671874488341132200021	(60,2)
0.0027171443106264821218983448	(60,3)
0.0053188248198791708526356961	(60,4)
0.0088124148367006452426306683	(60,5)
0.013279673114818449154423464	(60,6)
0.018885502457470296895937011	(60,7)
0.025900287508419647547309865	(60,8)
0.034709326123139749755550373	(60,9)
0.045803387443689716171839639	(60,10)
0.059746978511172228216038828	(60,11)
0.077124857815947052690564319	(60,12)
0.098472015559179139820906355	(60,13)
0.124196613053404690149304158	(60,14)
0.154507971125136353069442559	(60,15)
0.189361685921462276737519607	(60,16)
0.228431139035965343876701983	(60,17)
0.27110974715459172681901706	(60,18)
0.316542608733604553454391829	(60,19)
0.363681256045118950609142366	(60,20)
0.411352148365304870945039002	(60,21)
0.458328793127612059404675402	(60,22)
0.503398695528492403359031953	(60,23)
0.545418979588933274736227996	(60,24)
0.58335762212916287361294393	(60,25)
0.616320063747154384630045058	(60,26)
0.643563062505982547844024818	(60,27)
0.66449888762820464104877878	(60,28)
0.6786933820670922249145417	(60,29)
0.6858612382721818269579272	(60,30)