b^3^1_3_(sigma,mu)
0.001428080254300567848544849	(1,1)
0.001428078008048403706182382	(1,2)
0.001428062860767770418130513	(1,3)
0.001428014086382455263505677	(1,4)
0.001427902027677630465714229	(1,5)
0.001427689740748101022875775	(1,6)
0.00142733506804730756035452	(1,7)
0.001426793044412291791129798	(1,8)
0.001426018524735540109512113	(1,9)
0.001424968911183597196079798	(1,10)
0.001423606852507204055542079	(1,11)
0.00142190278829350893868938	(1,12)
0.00141983721697426869595915	(1,13)
0.001417402577773182172543031	(1,14)
0.001414604653061397135643235	(1,15)
0.001411463418087465281977246	(1,16)
0.00140801328886583653371188	(1,17)
0.001404302745109101675912868	(1,18)
0.001400393332335089442143236	(1,19)
0.001396358074480572391372319	(1,20)
0.001392279354319201850355875	(1,21)
0.001388246342575332157478544	(1,22)
0.001384352076812772256488643	(1,23)
0.001380690307070856677655594	(1,24)
0.001377352236118508591828703	(1,25)
0.001374423287616147845259532	(1,26)
0.001371980035169611887383625	(1,27)
0.001370087419233044856027284	(1,28)
0.00136879636732137493813652	(1,29)
0.00136814191651810570210284	(1,30)
0.012660274741151912142372292	(2,1)
0.012660254486205493845605117	(2,2)
0.012660117899867399756365276	(2,3)
0.012659678090581603625240558	(2,4)
0.012658667632766342009986385	(2,5)
0.012656753395167476430087384	(2,6)
0.012653555234002700799540821	(2,7)
0.012648667688627886714917247	(2,8)
0.012641683675846659239362939	(2,9)
0.012632219081858065564570338	(2,10)
0.012619937102547126420721725	(2,11)
0.012604571185579151237979387	(2,12)
0.012585945481531052494563977	(2,13)
0.012563991813811972177510306	(2,14)
0.012538762323980419143699451	(2,15)
0.012510437133895509119052191	(2,16)
0.012479326580913444822408123	(2,17)
0.012445867817703232475813899	(2,18)
0.01241061581394096093799728	(2,19)
0.012374229042418471694112821	(2,20)
0.012337450366243161435832432	(2,21)
0.012301083856557702624708733	(2,22)
0.012265968452240218393726267	(2,23)
0.012232949516355553586569134	(2,24)
0.0122028494423956554832661	(2,25)
0.012176438512207759228680465	(2,26)
0.012154407204747675485519905	(2,27)
0.012137341100442819388929181	(2,28)
0.01212569942228230006618017	(2,29)
0.01211979810619331977622597	(2,30)
0.03413045827100347471722022	(3,1)
0.034130401799622579436010064	(3,2)
0.034130020992932761615354087	(3,3)
0.034128794791845828348366395	(3,4)
0.034125977606139789712149068	(3,5)
0.034120640656505583022605217	(3,6)
0.034111724091905120096488368	(3,7)
0.034098097478246186049144404	(3,8)
0.034078625859521529314432047	(3,9)
0.034052238321708963385715656	(3,10)
0.034017995855032687105375642	(3,11)
0.033975155317819425798492259	(3,12)
0.033923226455077052252612533	(3,13)
0.033862019210761068426879288	(3,14)
0.033791678982182580534728017	(3,15)
0.033712707980414686408619028	(3,16)
0.033625971459467681107655147	(3,17)
0.033532688233331600983201574	(3,18)
0.033434405585082375336218892	(3,19)
0.033332959356174713837400401	(3,20)
0.033230420656876003187282414	(3,21)
0.033129031231932574226958979	(3,22)
0.033031130022983425864850891	(3,23)
0.03293907386864580019672705	(3,24)
0.03285515555698494505147488	(3,25)
0.032781522581103964676902492	(3,26)
0.032720099940700127927871843	(3,27)
0.032672520180745015233925826	(3,28)
0.03264006356932797378190114	(3,29)
0.0326236109025046923582418	(3,30)
0.063994303332417343317142905	(4,1)
0.063994192075830020520688308	(4,2)
0.063993441832935890802025494	(4,3)
0.063991026043936093113917224	(4,4)
0.063985475791560507848657751	(4,5)
0.063974961251891505409540423	(4,6)
0.063957394375205139846226284	(4,7)
0.063930548060872475039704664	(4,8)
0.063892186312123247769292789	(4,9)
0.063840199322441531964670129	(4,10)
0.063772737179553839780035401	(4,11)
0.063688335887653908048521224	(4,12)
0.063586029703646885644774412	(4,13)
0.063465444346417315548527668	(4,14)
0.063326866445243370749979356	(4,15)
0.063171285609533232464611062	(4,16)
0.063000406682834689583812564	(4,17)
0.062816631038036253632793137	(4,18)
0.062623007121257263736639658	(4,19)
0.062423151799978922997171178	(4,20)
0.062221145357413629916108889	(4,21)
0.062021404143520321489643971	(4,22)
0.061828535892166071991745169	(4,23)
0.061647183499821521423716849	(4,24)
0.061481863599286891436577531	(4,25)
0.061336806528519918551660206	(4,26)
0.061215804277758221517976451	(4,27)
0.061122072698214365099149207	(4,28)
0.06105813368538614182030772	(4,29)
0.06102572223390318998131426	(4,30)
0.099803274091123044172413356	(5,1)
0.099803089041307422254750854	(5,2)
0.099801841184360585108277033	(5,3)
0.099797823073957675464872027	(5,4)
0.099788591505687369121224985	(5,5)
0.099771102996352041010915787	(5,6)
0.099741884578970083830267008	(5,7)
0.099697232037283488292290195	(5,8)
0.099633426407919765925325421	(5,9)
0.099546958688477570315703533	(5,10)
0.099434752245978955223622179	(5,11)
0.099294372443165019824251945	(5,12)
0.099124213490326459209162173	(5,13)
0.098923653467468586284544608	(5,14)
0.098693169805509139608525367	(5,15)
0.098434409207670039670848634	(5,16)
0.098150207959426223176596095	(5,17)
0.097844560731146501485554241	(5,18)
0.09752253822722581350507493	(5,19)
0.097190156280119403408868283	(5,20)
0.096854201128472758951452126	(5,21)
0.09652201756131981403457117	(5,22)
0.096201268269717467223948734	(5,23)
0.095899674050392492068652143	(5,24)
0.095624745395944830392130649	(5,25)
0.095383516444019168761654292	(5,26)
0.095182292224563218152082081	(5,27)
0.095026419641289590998882488	(5,28)
0.0949200916725320701114402	(5,29)
0.09486619291889386398891874	(5,30)
0.138787790443801118590886999	(6,1)
0.138787512220009431806719542	(6,2)
0.138785636057789088849653576	(6,3)
0.138779594800018744122337341	(6,4)
0.138765715077761211844413748	(6,5)
0.138739421017333459496511749	(6,6)
0.138695491057440988305040005	(6,7)
0.138628356037251620069379707	(6,8)
0.138532424764755056572854316	(6,9)
0.138402421932143673121709565	(6,10)
0.138233722572771193571102155	(6,11)
0.13802266728491990013883268	(6,12)
0.137766843182712253001818816	(6,13)
0.137465316944361234780951566	(6,14)
0.137118808352631308047130012	(6,15)
0.136729795274114011386392834	(6,16)
0.136302543990896447343252172	(6,17)
0.135843062049544633926588213	(6,18)
0.135358974184065606605696504	(6,19)
0.134859325251217985668819032	(6,20)
0.134354317338275416873162816	(6,21)
0.133854991122592731783149056	(6,22)
0.133372864050486292028147109	(6,23)
0.132919539851107683594104426	(6,24)
0.13250630522467419323785778	(6,25)
0.132143730187056399411222582	(6,26)
0.131841288487824115373903473	(6,27)
0.131607013750756483827887409	(6,28)
0.13144720554908880297197703	(6,29)
0.13136619758530077213645171	(6,30)
0.17811868779738688741471675	(7,1)
0.178118296927137877415815316	(7,2)
0.178115661149924165649774503	(7,3)
0.178107173928345557094981396	(7,4)
0.178087674647243866600512715	(7,5)
0.178050734827110388179080075	(7,6)
0.177989018979953724798318173	(7,7)
0.177894703481601586516913347	(7,8)
0.177759934084617097887224361	(7,9)
0.17757730079896193126401937	(7,10)
0.177340307911872749458898488	(7,11)
0.177043816952323793334717076	(7,12)
0.176684441433691534911907501	(7,13)
0.176260874191038861376410707	(7,14)
0.175774130983431863279324691	(7,15)
0.17522769763307770786681562	(7,16)
0.174627572162843435075963142	(7,17)
0.173982197984959344066160088	(7,18)
0.173302288980390687669683296	(7,19)
0.172600552075261442238907577	(7,20)
0.171891317453886388836759688	(7,21)
0.171190090645061276983233172	(7,22)
0.170513044198102957957044215	(7,23)
0.169876469376012951033026524	(7,24)
0.169296210119365513780165359	(7,25)
0.168787102400954690817125488	(7,26)
0.168362441965690792712054811	(7,27)
0.168033502343796174663702563	(7,28)
0.16780912299073547213985415	(7,29)
0.16769538453559809776922526	(7,30)
0.215114579902868767977985562	(8,1)
0.215114057376560814209975959	(8,2)
0.215110533796140974885012169	(8,3)
0.215099187847303883596560504	(8,4)
0.215073120709031684306792304	(8,5)
0.215023738731924035289303824	(8,6)
0.214941235959568565783298614	(8,7)
0.214815154279836102835390488	(8,8)
0.214634995300646487561014599	(8,9)
0.214390855486943940702235346	(8,10)
0.214074054795294300791951122	(8,11)
0.213677729069402715438505094	(8,12)
0.213197357825438431350800491	(8,13)
0.212631201711015343180147121	(8,14)
0.211980627756243377807456988	(8,15)
0.211250305382871442670232988	(8,16)
0.210448261781819030231806879	(8,17)
0.20958579145428574564261158	(8,18)
0.208677221154108662298941762	(8,19)
0.207739537873617989112442339	(8,20)
0.206791893589285194289318202	(8,21)
0.205855005952208154245681832	(8,22)
0.20495047872875026386403537	(8,23)
0.204100069368279267614204217	(8,24)
0.203324933449333844988236928	(8,25)
0.20264487684092011914991147	(8,26)
0.202077646179057372099936368	(8,27)
0.20163828672492242715723197	(8,28)
0.20133859391877759521368707	(8,29)
0.2011866811004131943937112	(8,30)
0.247394429319058078807418644	(9,1)
0.24739375743448920149988264	(9,2)
0.247389226679113507071372957	(9,3)
0.247374637631031295208590729	(9,4)
0.247341119580091511327255833	(9,5)
0.247277622698798309194970732	(9,6)
0.247171538701181850389530089	(9,7)
0.247009421450550633208669354	(9,8)
0.246777774199897109434627881	(9,9)
0.246463866820619154181363768	(9,10)
0.246056544662259623575429672	(9,11)
0.245546990687384184093001797	(9,12)
0.244929404265506901112810017	(9,13)
0.244201563431634102707816708	(9,14)
0.243365242380386766353588964	(9,15)
0.242426462259695168759059157	(9,16)
0.241395560663584138658878575	(9,17)
0.24028707326119465811643729	(9,18)
0.239119429361301964823196113	(9,19)
0.237914471504241588270059592	(9,20)
0.236696817008177800698371469	(9,21)
0.23549308641318662095897014	(9,22)
0.234331029650302235847319034	(9,23)
0.233238585260962468457484175	(9,24)
0.232242910925069309605852037	(9,25)
0.23136942482079804454799864	(9,26)
0.230640896912035798179381732	(9,27)
0.230076627189545028979913153	(9,28)
0.22969174429573719431405912	(9,29)
0.22949665301323057348879749	(9,30)
0.272996186806186330466950213	(10,1)
0.27299535023961772040678687	(10,2)
0.272989708976614066295463892	(10,3)
0.272971544106249699912057632	(10,4)
0.272929810767301507378924542	(10,5)
0.272850751130969770513735996	(10,6)
0.272718667539098143401390231	(10,7)
0.27251682030228810921527093	(10,8)
0.272228408665780748677106562	(10,9)
0.271837589242517935284569592	(10,10)
0.271330484012461116841668861	(10,11)
0.270696129934382648486249304	(10,12)
0.269927324356052507906635495	(10,13)
0.269021324682107581946480674	(10,14)
0.267980366998841831129505083	(10,15)
0.266811976289442654491656236	(10,16)
0.26552905013525297958422023	(10,17)
0.264149707946175639189301106	(10,18)
0.262696908303549562434407087	(10,19)
0.261197847418119088324226683	(10,20)
0.259683161501269561260255228	(10,21)
0.258185964557894292865900955	(10,22)
0.256740760340098373113706447	(10,23)
0.255382272646210146308032733	(10,24)
0.254144241603207730132743531	(10,25)
0.253058234931022243072969573	(10,26)
0.252152522453632602942467264	(10,27)
0.251451059385293525621195698	(10,28)
0.25097261934926831587829667	(10,29)
0.25073011191170467420547912	(10,30)
0.290485399037491278058134075	(11,1)
0.290484385974003079948200428	(11,2)
0.290477554532205591735689288	(11,3)
0.290455557310187059773987255	(11,4)
0.290405019381756187114463689	(11,5)
0.290309280878965803894777358	(11,6)
0.290149333787441967858992132	(11,7)
0.289904910029267276334136513	(11,8)
0.289555670571991326499129666	(11,9)
0.28908244010666334975338099	(11,10)
0.288468429069464208165446782	(11,11)
0.287700384633613889495956305	(11,12)
0.286769614848807286008309785	(11,13)
0.285672835300731344812553246	(11,14)
0.284412795308468071800754029	(11,15)
0.282998650438074100584624325	(11,16)
0.281446059524570246903040209	(11,17)
0.279776996897823557300557253	(11,18)
0.278019283468669529426244842	(11,19)
0.276205853092658162325547167	(11,20)
0.274373782551274022561509016	(11,21)
0.272563123996742137080439082	(11,22)
0.270815587315932376853029508	(11,23)
0.269173126223573769786762322	(11,24)
0.26767648577369910229572784	(11,25)
0.266363770297517849793195821	(11,26)
0.265269089580322606488804187	(11,27)
0.26442133753380258945468101	(11,28)
0.26384315194383039764319982	(11,29)
0.26355009637964521992716561	(11,30)
0.299062775001319541336698028	(12,1)
0.29906157806319223617798913	(12,2)
0.299053506693364736779900385	(12,3)
0.299027516942799051929693145	(12,4)
0.298967806513077644829927906	(12,5)
0.298854692517931903268083809	(12,6)
0.298665719096729998767095437	(12,7)
0.298376944249274697950491255	(12,8)
0.297964346485322524310140015	(12,9)
0.297405285599290585265896069	(12,10)
0.296679948459208439977654323	(12,11)
0.295772710402571377722355374	(12,12)
0.294673345786704419063644391	(12,13)
0.293378027409612711241539952	(12,14)
0.291890063679839385413754628	(12,15)
0.29022033416762443945639424	(12,16)
0.288387397942832900851416993	(12,17)
0.286417264189388492885619616	(12,18)
0.284342830184061990482143443	(12,19)
0.282203007011110913361595179	(12,20)
0.280041567555724645249135616	(12,21)
0.277905763669517390515382576	(12,22)
0.275844769358093283447376214	(12,23)
0.273908014000727220315717228	(12,24)
0.272143473755449181265764091	(12,25)
0.270595990388313189529857471	(12,26)
0.269305684911354795371622643	(12,27)
0.268306528865192911203855582	(12,28)
0.2676251291753148855901483	(12,29)
0.26727977363514721531309713	(12,30)
0.298655470339938343995890808	(13,1)
0.298654087016791170723977625	(13,2)
0.298644758792205771266942624	(13,3)
0.29861472202858784525642554	(13,4)
0.298545714033897246935332356	(13,5)
0.298414988057899605811907551	(13,6)
0.298196594471560227280664377	(13,7)
0.297862869733457097455423739	(13,8)
0.297386064454335824157391127	(13,9)
0.296740034409397691088936205	(13,10)
0.295901914184702224068376273	(13,11)
0.294853692632895711781579677	(13,12)
0.293583612647846249883388502	(13,13)
0.292087324939365718738583521	(13,14)
0.290368736259661200819415519	(13,15)
0.288440506426084598860606232	(13,16)
0.286324164802385316458160434	(13,17)
0.284049834765932531183691058	(13,18)
0.281655573108857241777737676	(13,19)
0.279186349267939023040745272	(13,20)
0.276692705770093034486515967	(13,21)
0.274229155462247783771331202	(13,22)
0.271852382299796039055273372	(13,23)
0.269619320258844272364485909	(13,24)
0.26758518911815495135934406	(13,25)
0.265801566459615174282092578	(13,26)
0.264314572487532266574485912	(13,27)
0.263163238537125416149017944	(13,28)
0.26237812188932283209477126	(13,29)
0.26198021922534311783571496	(13,30)
0.289956873471043536691352431	(14,1)
0.289955305821640853640188282	(14,2)
0.289944734627254923883223938	(14,3)
0.289910695583636188712845037	(14,4)
0.289832492932777443840680911	(14,5)
0.289684350444834136387468762	(14,6)
0.289436864773850475078720488	(14,7)
0.289058695168615710172505568	(14,8)
0.288518411654131952652404655	(14,9)
0.287786415074784480664571731	(14,10)
0.286836837392039973970926349	(14,11)
0.285649329824425995962579104	(14,12)
0.284210650088842426346947865	(14,13)
0.282515968188261144320458446	(14,14)
0.280569822641399688227778201	(14,15)
0.278386675210268420806689242	(14,16)
0.275991031210604529968581034	(14,17)
0.2734171133148890670130778	(14,18)
0.270708098157427024649136933	(14,19)
0.26791494576396886487967898	(14,20)
0.26509487066380665274776274	(14,21)
0.262309519484342026981516244	(14,22)
0.259622932116766942679257276	(14,23)
0.257099371720295496181595635	(14,24)
0.254801112758495835059132611	(14,25)
0.252786276079051810771290472	(14,26)
0.25110679613347816833750289	(14,27)
0.2498065983187306776261438	(14,28)
0.2489200547181056405671676	(14,29)
0.24847077483772865561101973	(14,30)
0.274376880598726473770801552	(15,1)
0.274375134166014273260548178	(15,2)
0.274363357382201624632089512	(15,3)
0.274325436451061120968790046	(15,4)
0.274238315902607126395817209	(15,5)
0.274073281804725330201382295	(15,6)
0.273797582776688563758459814	(15,7)
0.273376315463727825065351254	(15,8)
0.272774487648715116460145608	(15,9)
0.271959162105886408307758173	(15,10)
0.270901578366357225750596396	(15,11)
0.269579148373303271677132789	(15,12)
0.267977225955543324720580445	(15,13)
0.266090559247230958897741782	(15,14)
0.263924349375542714610195728	(15,15)
0.261494857289365955086500291	(15,16)
0.258829522506112110541947291	(15,17)
0.255966581510168534731466215	(15,18)
0.252954198059127811978268396	(15,19)
0.249849141211362555541931519	(15,20)
0.246715068052270644559624851	(15,21)
0.243620485676210617179756965	(15,22)
0.240636480126845161594181837	(15,23)
0.23783430825671838137874177	(15,24)
0.235282951783939100138744549	(15,25)
0.233046731501258790446208425	(15,26)
0.231183074203432788180245672	(15,27)
0.229740516180810491425694741	(15,28)
0.22875701587397891298073833	(15,29)
0.22825863524655160718374503	(15,30)
0.253884219340182127266613697	(16,1)
0.25388230144579409267830558	(16,2)
0.253869368447661022477427952	(16,3)
0.253827724649433789136727876	(16,4)
0.253732051737105618220746221	(16,5)
0.253550819215302386146408014	(16,6)
0.253248067023303114658799907	(16,7)
0.252785480054911483007920323	(16,8)
0.252124659159209186520289499	(16,9)
0.251229481686113858267057358	(16,10)
0.250068437650392571086523688	(16,11)
0.248616825899878831768939001	(16,12)
0.246858698835451754932046085	(16,13)
0.244788454438455095796924829	(16,14)
0.242411990370743974576579405	(16,15)
0.239747355995116885005384973	(16,16)
0.236824863128753148921076384	(16,17)
0.233686643623534638702308337	(16,18)
0.230385669668690789532309398	(16,19)
0.22698427918948714878254715	(16,20)
0.223552272172607434773383019	(16,21)
0.220164662805298316575251137	(16,22)
0.216899186038424481362328917	(16,23)
0.213833665150336868452381173	(16,24)
0.211043349179049100289319133	(16,25)
0.208598326216795862217881223	(16,26)
0.206561111348125285227339184	(16,27)
0.204984497451493674954586138	(16,28)
0.2039097441856755978413589	(16,29)
0.20336516615005716056807514	(16,30)
0.230757219831302006974632796	(17,1)
0.230755137600228152121127929	(17,2)
0.230741096437368253721876869	(17,3)
0.230695884530547555415230326	(17,4)
0.230592015032250783768074935	(17,5)
0.230395258928176791626420055	(17,6)
0.230066583517590694732375628	(17,7)
0.229564409687417531793804824	(17,8)
0.228847084283392374950171062	(17,9)
0.227875450804426309016959832	(17,10)
0.22661539345560194493463904	(17,11)
0.225040227281340545555207014	(17,12)
0.223132811396750076270153751	(17,13)
0.220887273558745845899436869	(17,14)
0.218310252244407608511474387	(17,15)
0.215421586204609819527573499	(17,16)
0.212254409728034643816971451	(17,17)
0.208854642705962479201833119	(17,18)
0.205279895870507729834010686	(17,19)
0.201597841080682544189223545	(17,20)
0.197884122246459702802277141	(17,21)
0.194219902827594411174042502	(17,22)
0.190689159816416986196144299	(17,23)
0.187375841355292971641147378	(17,24)
0.184361005918001235069256338	(17,25)
0.181720056086548786074405156	(17,26)
0.179520170520173816973105686	(17,27)
0.177818025038649251989150416	(17,28)
0.17665787909168043114484921	(17,29)
0.17607008833266166489045603	(17,30)
0.207292678518312293816168404	(18,1)
0.207290437045210619329698566	(18,2)
0.207275322076646454408637427	(18,3)
0.207226652744039245587340987	(18,4)
0.207114841220891839848043807	(18,5)
0.206903044806794447419344704	(18,6)
0.206549256583808476043437659	(18,7)
0.206008741609683965261720601	(18,8)
0.205236706895018773186938964	(18,9)
0.204191078604696162928023801	(18,10)
0.202835250347689131519564123	(18,11)
0.201140663322911595404071043	(18,12)
0.199089083438716873794108112	(18,13)
0.196674452791791709720323945	(18,14)
0.193904212886342056538350776	(18,15)
0.190800023756281884201973914	(18,16)
0.187397835055636802347738781	(18,17)
0.183747299954011687186533142	(18,18)
0.179910557718502015738063974	(18,19)
0.175960443544645261246562022	(18,20)
0.171978212158402161020418473	(18,21)
0.168050883144255063170357722	(18,22)
0.164268329799864806098022343	(18,23)
0.160720239330172685858396807	(18,24)
0.15749307089623559071784721	(18,25)
0.154667130563997759961283856	(18,26)
0.152313870082838365520900182	(18,27)
0.1504935013253966058381359	(18,28)
0.14925300169445547026214084	(18,29)
0.14862456910435229281114856	(18,30)
0.185537208814682082816419673	(19,1)
0.185534809798734113256320719	(19,2)
0.18551863248743219735229131	(19,3)
0.185466542696442632076274986	(19,4)
0.185346874407535049901382489	(19,5)
0.185120200448612868329109778	(19,6)
0.184741574991763881707611321	(19,7)
0.184163148819108279118692068	(19,8)
0.183337037587254203470981197	(19,9)
0.182218306560465491883626356	(19,10)
0.180767924084067917816925301	(19,11)
0.17895553200100053081695899	(19,12)
0.176761885533196763073141843	(19,13)
0.174180828525083356198714358	(19,14)
0.171220692236216913529905953	(19,15)
0.167905036001398864541260258	(19,16)
0.16427268407236020065819088	(19,17)
0.160377052111645454787258607	(19,18)
0.156284796006211621169335857	(19,19)
0.152073851759447835034389912	(19,20)
0.147830965438212187950020478	(19,21)
0.143648834451598909958249983	(19,22)
0.139622994724758822657776762	(19,23)
0.135848592529173906523435346	(19,24)
0.132417175700960695793554282	(19,25)
0.129413628301317996010741061	(19,26)
0.126913357448354016875841517	(19,27)
0.124979823170549945014959085	(19,28)
0.12366248358540564162756144	(19,29)
0.12299520994046525689115315	(19,30)
0.167095214065228772693971442	(20,1)
0.167092655062373300085848786	(20,2)
0.167075398932951651270345719	(20,3)
0.167019835701274757090466255	(20,4)
0.166892189316607337258582328	(20,5)
0.166650409475818431321824906	(20,6)
0.166246569714524221508062319	(20,7)
0.165629666755003232280782719	(20,8)
0.164748693148366932696934204	(20,9)
0.163555836238781900816568839	(20,10)
0.162009643357701135301793292	(20,11)
0.160077987886313464292338709	(20,12)
0.157740675024435689832437466	(20,13)
0.154991540692174965612702791	(20,14)
0.151839921889121411523600972	(20,15)
0.148311410812711304030881541	(20,16)
0.14444784573465871263100791	(20,17)
0.140306535795240511422778493	(20,18)
0.135958760742489644395018067	(20,19)
0.131487626460438693414521205	(20,20)
0.126985389653558088803845956	(20,21)
0.122550387979427834367228161	(20,22)
0.118283724150008237193503915	(20,23)
0.114285854223786116056824603	(20,24)
0.110653222787342673098911675	(20,25)
0.107475073108155231321362705	(20,26)
0.104830541201799893448740041	(20,27)
0.102786121692567799830498869	(20,28)
0.10139357261322461275055103	(20,29)
0.10068830753494981720003513	(20,30)
0.15303943879010143346898688	(21,1)
0.153036713047944975032713731	(21,2)
0.153018332573552651332685951	(21,3)
0.15295914938654018327504814	(21,4)
0.152823188765336042941129346	(21,5)
0.152565668063809587169746917	(21,6)
0.152135558420254949001713433	(21,7)
0.15147857828529694641608023	(21,8)
0.150540482208440087883193986	(21,9)
0.149270486690425582708039926	(21,10)
0.147624659498690448717843916	(21,11)
0.145569092099051637732587815	(21,12)
0.143082678846961968127968043	(21,13)
0.140159342535221143629731427	(21,14)
0.136809573816932238666097471	(21,15)
0.133061190485053887783496472	(21,16)
0.128959268764916438964099175	(21,17)
0.124565248726625087333186721	(21,18)
0.119955265116721905783237861	(21,19)
0.115217798853392788974514939	(21,20)
0.110450779328149256559377869	(21,21)
0.105758290927459012782210854	(21,22)
0.101247047773486905345098846	(21,23)
0.097022799094845819024436989	(21,24)
0.093186815742105024979850313	(21,25)
0.089832588973063228799699392	(21,26)
0.087042849002115155097071522	(21,27)
0.084886986112563898212087595	(21,28)
0.08341893403346407231171904	(21,29)
0.08267555562991661534423533	(21,30)
0.143918655530333646952090447	(22,1)
0.143915752251840272346364572	(22,2)
0.143896174632418645278771722	(22,3)
0.143833137170357834927960677	(22,4)
0.143688324526714362446779529	(22,5)
0.143414046312858716796782383	(22,6)
0.142955974499196733395789246	(22,7)
0.142256346069844988655460775	(22,8)
0.141257485144206670107860591	(22,9)
0.139905474073531738061385128	(22,10)
0.138153784876771356809026689	(22,11)
0.135966673839890481831341752	(22,12)
0.133322145788170319803189675	(22,13)
0.13021431206463301994973788	(22,14)
0.126654997716638365275986835	(22,15)
0.122674497135830231077158637	(22,16)
0.118321430003934656399284363	(22,17)
0.113661706094715939459736017	(22,18)
0.108776662791207983287886844	(22,19)
0.103760487729658939411525513	(22,20)
0.098717076335034849615879068	(22,21)
0.093756497293863246333639682	(22,22)
0.088991247265125358050495247	(22,23)
0.084532470330742911528494127	(22,24)
0.08048630041606699110225806	(22,25)
0.076950459813456428372740167	(22,26)
0.074011218075042039435587157	(22,27)
0.071740786738534748141781114	(22,28)
0.07019519971270511695166429	(22,29)
0.06941270871072690637257889	(22,30)
0.139835185792685780822168578	(23,1)
0.13983209064101237494069151	(23,2)
0.139811219207657928676423011	(23,3)
0.139744016308777696052382635	(23,4)
0.139589637404418684285988571	(23,5)
0.139297251100081589091077687	(23,6)
0.13880896794813627080003822	(23,7)
0.138063271515081042585187879	(23,8)
0.136998795902050960601397218	(23,9)
0.135558265569516886734541378	(23,10)
0.133692391917141952980550001	(23,11)
0.131363510361134467156242207	(23,12)
0.128548744932424948206033904	(23,13)
0.125242506771798757880615268	(23,14)
0.121458168552093195470363329	(23,15)
0.117228806837827904863818524	(23,16)
0.112606964570230335181785211	(23,17)
0.107663450440667815186823215	(23,18)
0.102485254261141508706705785	(23,19)
0.097172711142758586553940301	(23,20)
0.091836087168677531312533206	(23,21)
0.08659178212594462708903993	(23,22)
0.081558349973898790321764857	(23,23)
0.076852526657370332983783702	(23,24)
0.072585431097589041999206998	(23,25)
0.068859073360106150268003754	(23,26)
0.065763269099150985537914533	(23,27)
0.06337302598117555529460872	(23,28)
0.06174643945506571159028547	(23,29)
0.06092311415891974659252285	(23,30)
0.14055754827037729084869292	(24,1)
0.140554243957787251623978443	(24,2)
0.140531962144062606813211562	(24,3)
0.14046021859284977457735229	(24,4)
0.140295412121957295919790938	(24,5)
0.139983288904231051236372718	(24,6)
0.139462081436088146001985212	(24,7)
0.138666191032779874758145867	(24,8)
0.137530247022745249721771768	(24,9)
0.135993343223293611575895916	(24,10)
0.134003227020917633027789353	(24,11)
0.131520203077262475675391668	(24,12)
0.128520516454470124800343801	(24,13)
0.124999001451881782595380159	(24,14)
0.120970823042356427245257537	(24,15)
0.116472195136913051922794402	(24,16)
0.111560028977661439905311748	(24,17)
0.106310538709917901515984958	(24,18)
0.100816901605288690700518501	(24,19)
0.095186129846645989410204985	(24,20)
0.089535353216418194241825185	(24,21)
0.083987733990198499726690824	(24,22)
0.078668236357934563242746204	(24,23)
0.073699455148538750453507031	(24,24)
0.069197677100431274606736327	(24,25)
0.065269308239291618004265632	(24,26)
0.062007759160502183694064046	(24,27)
0.059490841542677377187703115	(24,28)
0.05777869806288398471087636	(24,29)
0.05691226636086018385087945	(24,30)
0.145637992048417397617219193	(25,1)
0.145634458909984651697601746	(25,2)
0.145610634120647385984781757	(25,3)
0.14553392310563556820649325	(25,4)
0.145357709319074186574297317	(25,5)
0.145023996356504733117174911	(25,6)
0.144466778426217618804225304	(25,7)
0.143616000416882091867813985	(25,8)
0.142401928596845631895552223	(25,9)
0.140759715419682944954975118	(25,10)
0.138633912108256473597534977	(25,11)
0.135982666314904972162839491	(25,12)
0.13278134431215103016270165	(25,13)
0.129025341188278997414765388	(25,14)
0.124731888941507553304335522	(25,15)
0.119940738360484697795256519	(25,16)
0.114713670052852411425114389	(25,17)
0.109132874371627247825089203	(25,18)
0.103298319627801335498774401	(25,19)
0.097324293764397863781385032	(25,20)
0.091335349626910583453520257	(25,21)
0.085461904370996044466477657	(25,22)
0.079835739368543114351019116	(25,23)
0.074585621590877861625419252	(25,24)
0.069833226784096047745277729	(25,25)
0.065689496043927528827508052	(25,26)
0.062251507924843340633244145	(25,27)
0.059599904221275827850806276	(25,28)
0.057796873513020391019762275	(25,29)
0.05688467484900759800943995	(25,30)
0.154515002382683651886196227	(26,1)
0.154511218890369900709216551	(26,2)
0.154485705968000978107363847	(26,3)
0.154403560244605614091011868	(26,4)
0.154214866597921623139937088	(26,5)
0.153857535644349973976730179	(26,6)
0.153260929140739049192114013	(26,7)
0.152350126354290911205158222	(26,8)
0.15105063905998480868874883	(26,9)
0.149293339489749553023857556	(26,10)
0.14701933044529918018908208	(26,11)
0.144184466807081989552707191	(26,12)
0.140763239102631451444850522	(26,13)
0.136751756778696627584611675	(26,14)
0.132169622072640026644163745	(26,15)
0.127060561492967132081060526	(26,16)
0.121491773489471523659450931	(26,17)
0.115552047534607133423956263	(26,18)
0.109348799925461885905380306	(26,19)
0.10300424436351526168511267	(26,20)
0.096650962750610152050245496	(26,21)
0.090427159710335835519967349	(26,22)
0.084471873689430959480161348	(26,23)
0.07892038276303758407702586	(26,24)
0.073899991992178831849288639	(26,25)
0.069526330219740430709970355	(26,26)
0.065900226172394106503376565	(26,27)
0.063105183811370961729742737	(26,28)
0.061205439938493751642628615	(26,29)
0.0602445654690296202628683	(26,30)
0.166591599794940591931434518	(27,1)
0.166587543005190081312206289	(27,2)
0.166560187248490571144943818	(27,3)
0.16647210885801491677579333	(27,4)
0.166269792341114306749508171	(27,5)
0.16588668203885963738681303	(27,6)
0.165247087565679596917711709	(27,7)
0.164270787317928261745950387	(27,8)
0.162878122999019915924420095	(27,9)
0.160995328109588517502708942	(27,10)
0.15855979208016504400607267	(27,11)
0.155524937553973364138867526	(27,12)
0.151864388921811627208394371	(27,13)
0.147575140659227674756641472	(27,14)
0.142679495239451494500996242	(27,15)
0.137225628272783366914714725	(27,16)
0.131286744066582397195711703	(27,17)
0.124958895456004847484401203	(27,18)
0.118357643596203463837356608	(27,19)
0.111613813709707576262180856	(27,20)
0.10486865237365321778206044	(27,21)
0.098268706725703919566341659	(27,22)
0.091960727386829127167845146	(27,23)
0.086086851156610174789535893	(27,24)
0.080780256072494282677808047	(27,25)
0.076161410950106779796477983	(27,26)
0.072334974149218759433237715	(27,27)
0.069387340124660592167232294	(27,28)
0.067384792576035464957026264	(27,29)
0.06637220192861056981445887	(27,30)
0.181288319137177065557777401	(28,1)
0.181283965084092593209051881	(28,2)
0.181254604899195519470433841	(28,3)
0.181160073705908597728213566	(28,4)
0.180942940455917863370355547	(28,5)
0.180531793487004676619687617	(28,6)
0.179845452420611480887862221	(28,7)
0.178797941323066527519651349	(28,8)
0.177303999951575033722951102	(28,9)
0.175284852268804890689161518	(28,10)
0.172673903050700304667071729	(28,11)
0.169422004414463666088942118	(28,12)
0.165501933742810789957061879	(28,13)
0.160911758971846652722004257	(28,14)
0.155676837680507102235618348	(28,15)
0.149850297878402897704428992	(28,16)
0.143511969959486577851979595	(28,17)
0.136765865856275036638388807	(28,18)
0.129736416381279271901686929	(28,19)
0.122563766154358017680528799	(28,20)
0.115398476978875254314636499	(28,21)
0.108396000930394501146869149	(28,22)
0.101711256282717024471632597	(28,23)
0.095493580834275336984788543	(28,24)
0.089882259887774521068803784	(28,25)
0.085002742883277972778882122	(28,26)
0.080963585202410700621391708	(28,27)
0.07785408896858291051275541	(28,28)
0.075742574288959574017898287	(28,29)
0.07467519228251696272661893	(28,30)
0.19807438680669395118016847	(29,1)
0.198069710858257720424860367	(29,2)
0.198038180160813967198892589	(29,3)
0.197936661586233022586281988	(29,4)
0.197703484654294588787334271	(29,5)
0.197261981388150178026797787	(29,6)
0.196525032063400008614360317	(29,7)
0.195400441814481435357659463	(29,8)
0.19379690731553703310171373	(29,9)
0.191630266421645060300949193	(29,10)
0.1888296672006657969703285	(29,11)
0.185343258273686248931094815	(29,12)
0.18114300098173316824339185	(29,13)
0.176228243078972908777581806	(29,14)
0.170627774781984254522532243	(29,15)
0.164400205038604269783046729	(29,16)
0.15763263570300207778722123	(29,17)
0.150437755800131965788585256	(29,18)
0.142949607520860129892983072	(29,19)
0.135318372603032918249099227	(29,20)
0.12770458061204644700247926	(29,21)
0.120273145339447997460119057	(29,22)
0.113187596027716401565956754	(29,23)
0.106604796806899720854591433	(29,24)
0.10067035485412813091428589	(29,25)
0.095514820503095900601528621	(29,26)
0.091250694253269454000183316	(29,27)
0.087970186283262373590676551	(29,28)
0.085743629336711637692589413	(29,29)
0.08461842727193539043509094	(29,30)
0.216482404121451323012043352	(30,1)
0.21647738131433647415235806	(30,2)
0.216443511787200926983842652	(30,3)
0.216334464079061550146380069	(30,4)
0.216084000126092965969685258	(30,5)
0.215609790230674255562278171	(30,6)
0.214818320702235050326557125	(30,7)
0.213610708591910208162985855	(30,8)
0.211889163610015569155333134	(30,9)
0.209563761156429733459091129	(30,10)
0.206559124758929407153139498	(30,11)
0.202820575454950395970510906	(30,12)
0.198319303105458295207769956	(30,13)
0.193056159225800229571794563	(30,14)
0.187063764253307125044109267	(30,15)
0.180406756943349592322765952	(30,16)
0.173180174047508292923473538	(30,17)
0.16550611297670030727751749	(30,18)
0.15752897552812141073628033	(30,19)
0.149409696783068970416831954	(30,20)
0.14131941689860055756195149	(30,21)
0.133433051030562602110105416	(30,22)
0.125923159754016906338186001	(30,23)
0.118954432203092755711411409	(30,24)
0.112678983953364000447640943	(30,25)
0.107232559137134684885434153	(30,26)
0.102731626615409155124087613	(30,27)
0.099271284001583905153464495	(30,28)
0.096923836622622549070354573	(30,29)
0.09573790207127286597510925	(30,30)
0.236111826429816118340382001	(31,1)
0.236106431793762956664304969	(31,2)
0.236070055074277854703413383	(31,3)
0.235952936348406503592822209	(31,4)
0.235683941816795174884686483	(31,5)
0.235174674868108305522047513	(31,6)
0.234324773972743725313710487	(31,7)
0.233028200729112475685478864	(31,8)
0.231180237468317285767362524	(31,9)
0.228684826631053491378724032	(31,10)
0.225461808164046436665776982	(31,11)
0.22145356340245890435262914	(31,12)
0.216630570124565629062741228	(31,13)
0.210995424271214932151479319	(31,14)
0.204584991041211315355345266	(31,15)
0.197470502907429586270078612	(31,16)
0.189755605732008598937129226	(31,17)
0.181572540971341451439286716	(31,18)
0.173076814663624014314376005	(31,19)
0.164440819248085235258220229	(31,20)
0.155846927833439367949725429	(31,21)
0.147480569169655317502358109	(31,22)
0.139523723187829835518363994	(31,23)
0.132149167845060225985306629	(31,24)
0.1255156787095341431048217	(31,25)
0.119764253778943077280482842	(31,26)
0.115015324482263410250242967	(31,27)
0.111366831195977279364221113	(31,28)
0.108892993416617243052622539	(31,29)
0.10764359113754800262696839	(31,30)
0.256625628922217330499450727	(32,1)
0.256619837800340173194420148	(32,2)
0.256580787640139247562941913	(32,3)
0.256455062833393859477248802	(32,4)
0.256166309911781315129788568	(32,5)
0.255619665601552531192216678	(32,6)
0.254707473320322032301435861	(32,7)
0.253316079817416443551577305	(32,8)
0.25133340911124403664818972	(32,9)
0.248656911382855811118774515	(32,10)
0.245201396973484889458028379	(32,11)
0.240906210022372848369558578	(32,12)
0.235741191193666411812313491	(32,13)
0.229710936825962522923794526	(32,14)
0.222856984742462254594103572	(32,15)
0.21525773432607732186599442	(32,16)
0.207026117929671633893869388	(32,17)
0.198305252043227166182734317	(32,18)
0.189262478051749476286466964	(32,19)
0.180082327302148544542043137	(32,20)
0.170958997737910291920862782	(32,21)
0.162088907242274811690333624	(32,22)
0.153663802614202751608084234	(32,23)
0.145864772747170837708119181	(32,24)
0.138857364402822272081023428	(32,25)
0.132787852537363075207185421	(32,26)
0.127780593353961545476508329	(32,27)
0.123936299269521789271231106	(32,28)
0.121331025917716415300711533	(32,29)
0.12001565131523365355845965	(32,30)
0.277743399652167589469753553	(33,1)
0.277737188019962822744898333	(33,2)
0.277695302435976195891824905	(33,3)
0.277560450230367797162971904	(33,4)
0.27725074274942028667335146	(33,5)
0.27666446095134808207122079	(33,6)
0.275686218504502970634574719	(33,7)
0.274194301987167390526278629	(33,8)
0.272068861524205904616128839	(33,9)
0.269200512076702454732652607	(33,10)
0.265498805279722119873303513	(33,11)
0.260899967444009306514940633	(33,12)
0.255373292883714035681084102	(33,13)
0.248925647632003368726746866	(33,14)
0.241603679110774641209298726	(33,15)
0.233493529819445180051973861	(33,16)
0.224718091171427457693614315	(33,17)
0.215432071815163511524144044	(33,18)
0.205815356237681662438776838	(33,19)
0.196065263934194025259444749	(33,20)
0.186388369782439237029344827	(33,21)
0.176992511331767702650932631	(33,22)
0.168079502230649539751735139	(33,23)
0.159838917137649354358784495	(33,24)
0.152443140662463370380150173	(33,25)
0.14604370797280820511442313	(33,26)
0.140768828446171024827103473	(33,27)
0.136721888754317230684068402	(33,28)
0.133980682533911624649094751	(33,29)
0.13259710822166643009429575	(33,30)
0.299233036761690954024667276	(34,1)
0.299226381545085654242841263	(34,2)
0.299181504964032037658237071	(34,3)
0.299037024689368205489569528	(34,4)
0.298705213965273573460258605	(34,5)
0.298077124691099020970474345	(34,6)
0.297029224416495647432438557	(34,7)
0.295431314316795465085200584	(34,8)
0.293155376121849687950377511	(34,9)
0.290084867864467931481609732	(34,10)
0.286123873880314182154578763	(34,11)
0.281205440687413795602523236	(34,12)
0.275298422511870399356252788	(34,13)
0.268412235138450931303650886	(34,14)
0.26059907687915650532582855	(34,15)
0.251953405788538208098467754	(34,16)
0.242608731758427800779794902	(34,17)
0.232732049521823350424553032	(34,18)
0.222516461379850747482528133	(34,19)
0.21217268248920199371732179	(34,20)
0.201920168385805623777385589	(34,21)
0.191978554461209629770972519	(34,22)
0.182559967799652041112602687	(34,23)
0.173862592054399842477723433	(34,24)
0.166065668933617380740561392	(34,25)
0.159325935610583478930005044	(34,26)
0.153775348558112285541619985	(34,27)
0.149519843806136220465509165	(34,28)
0.146638835029424396027726564	(34,29)
0.14518515058948155955427161	(34,30)
0.320902384923720193346286704	(35,1)
0.32089526431500436003880494	(35,2)
0.320847249703568419174227243	(35,3)
0.320692668193491074308945132	(35,4)
0.320337668761425547908513437	(35,5)
0.319665721897309090268675309	(35,6)
0.31854475672911026455780232	(35,7)
0.316835689793676941328831136	(35,8)
0.314401966562525824934620957	(35,9)
0.311119592348266120635084582	(35,10)
0.306886999341856272073865017	(35,11)
0.301634012336997386925574663	(35,12)
0.295329166405420012930773461	(35,13)
0.287984714759599280937209893	(35,14)
0.279658846849048988868096138	(35,15)
0.270454897688941551913141607	(35,16)
0.260517633251183232304851024	(35,17)
0.250026995652057885344143704	(35,18)
0.23918993716756900491122029	(35,19)
0.228231125463802003900881805	(35,20)
0.217383344254571013959736941	(35,21)
0.206878346245724307304618532	(35,22)
0.196938760461239576262296177	(35,23)
0.18777144814109161561792148	(35,24)
0.179562478373304022283744391	(35,25)
0.172473690288379875561204124	(35,26)
0.166640647337010537233551214	(35,27)
0.162171683792951632572344784	(35,28)
0.159147696577705054407622009	(35,29)
0.15762234142506534235563464	(35,30)
0.342591543632169263591476989	(36,1)
0.342583937401782683961620628	(36,2)
0.342532648368796623200709617	(36,3)
0.342367526726175500513335702	(36,4)
0.341988331862643874201564325	(36,5)
0.341270626494643439582786843	(36,6)
0.340073438723786304023971197	(36,7)
0.338248432967606246544072115	(36,8)
0.33565018256796434162257139	(36,9)
0.332146974626851911404763736	(36,10)
0.327631430967573581594963321	(36,11)
0.32203013367127921821532622	(36,12)
0.315311432911187039497158628	(36,13)
0.307490710927055060096160475	(36,14)
0.298632581621472718514907657	(36,15)
0.288849799650153862497103379	(36,16)
0.278298993932697205386466552	(36,17)
0.267173673194753759416049425	(36,18)
0.255695220049964053050766357	(36,19)
0.244102752470012862631290796	(36,20)
0.232642766655173704756936617	(36,21)
0.22155938809144751928796703	(36,22)
0.211085874678069880627979623	(36,23)
0.20143777743639788775264573	(36,24)
0.192807913860368129963532469	(36,25)
0.185363083970742639233367655	(36,26)
0.179242285558008908167598895	(36,27)
0.174556075603994177191470203	(36,28)
0.171386680361097907550043868	(36,29)
0.16978846963397552140534088	(36,30)
0.364166182331080185682735204	(37,1)
0.364158072132717021791859687	(37,2)
0.364103384986241943249438394	(37,3)
0.363927325202880825621688153	(37,4)
0.363523022110663500531154344	(37,5)
0.362757835200852969660304879	(37,6)
0.361481564121048524660407701	(37,7)
0.359536291007399841913725928	(37,8)
0.356767418299313096667942428	(37,9)
0.353035283771579677663816151	(37,10)
0.348226569767836838580229943	(37,11)
0.342264616067361861305776094	(37,12)
0.335117733669253458610982584	(37,13)
0.326804725154947431226668957	(37,14)
0.317397048911511266363357146	(37,15)
0.307017395149264850836693005	(37,16)
0.295834822787851431400666003	(37,17)
0.284056974947072886514138895	(37,18)
0.271920184245781655958656045	(37,19)
0.259678449945683206264793042	(37,20)
0.247592295701188746347953386	(37,21)
0.235918407011931430525668852	(37,22)
0.224900733739281948189916057	(37,23)
0.214763471982648946228839261	(37,24)
0.205706060363633646347668443	(37,25)
0.197900079681802256241839054	(37,26)
0.191487759438604599722738844	(37,27)
0.186581682000525930928667778	(37,28)
0.183265234252953889293464023	(37,29)
0.1815933777604982279821336	(37,30)
0.385511954211241658968440037	(38,1)
0.385503323877417510297130324	(38,2)
0.385445129617475072100676507	(38,3)
0.385257780986200279633192187	(38,4)
0.384827565499928454730492453	(38,5)
0.38401337964535615114182253	(38,6)
0.382655507640602785190263747	(38,7)
0.380586161816768741251883286	(38,8)
0.377641316851612302221304185	(38,9)
0.373673168177622360112762516	(38,10)
0.368562360746683551767027583	(38,11)
0.362229013855260769218993227	(38,12)
0.35464155419831393319802639	(38,13)
0.34582249106693734349546037	(38,14)
0.335850527346042933718790123	(38,15)
0.324858769659846435871046031	(38,16)
0.313029225027563643668335931	(38,17)
0.300584178119759423328059738	(38,18)
0.287775362078617988117232122	(38,19)
0.27487201456751233687886763	(38,20)
0.262148927114459340030296743	(38,21)
0.249875461097803974595095707	(38,22)
0.238306256486724122052529991	(38,23)
0.227674053567369709144623602	(38,24)
0.218184738621848472991535095	(38,25)
0.210014457107337380183668626	(38,26)
0.203308441061664746602942953	(38,27)
0.198181082502386209231505281	(38,28)
0.19471674837001375347765558	(38,29)
0.19297086278028913021998215	(38,30)
0.406529964446996066425281842	(39,1)
0.406520800271995930324632177	(39,2)
0.406459006498176183012636152	(39,3)
0.406260071750486092384867349	(39,4)
0.405803262409737659918271277	(39,5)
0.404938792395751245727114788	(39,6)
0.403497188991990534740754225	(39,7)
0.40130055486223125113809693	(39,8)
0.398175226456484520453516604	(39,9)
0.393965105305456911794150545	(39,10)
0.388544733939804257865531705	(39,11)
0.381831053984506818877368226	(39,12)
0.37379276910371646317930955	(39,13)
0.364456371684259394614171068	(39,14)
0.353908182090476276909977913	(39,15)
0.342292160744173095563081974	(39,16)
0.3298037228380652616785444	(39,17)
0.316680232230679695132297703	(39,18)
0.30318919604023954027765221	(39,19)
0.289615367276258617021823795	(39,20)
0.276247966959539956185695705	(39,21)
0.263369074792450976169277293	(39,22)
0.251243954108020460108796999	(39,23)
0.240113734142918443369354543	(39,24)
0.230190532358866509989665237	(39,25)
0.221654810713561858405757572	(39,26)
0.21465455229421518550347348	(39,27)
0.209305728627057920152740957	(39,28)
0.205693497610287192341582596	(39,29)
0.20387361221426133104701214	(39,30)
0.427133181959414158025685719	(40,1)
0.427123472966362554438046762	(40,2)
0.427058005678340660987822537	(40,3)
0.426847246776970191607678814	(40,4)
0.426363298105090496110898164	(40,5)
0.425447515948471986373497372	(40,6)
0.423920479326235918160820396	(40,7)
0.42159399370670049647985574	(40,8)
0.418284597339419797791802186	(40,9)
0.413827790704656573247977942	(40,10)
0.408091983041485952458305474	(40,11)
0.400991001296365032104949071	(40,12)
0.392493990681698311401654859	(40,13)
0.382631687768887442826846123	(40,14)
0.371498369176165543981818157	(40,15)
0.359249234610118027288449751	(40,16)
0.34609350061001168892275387	(40,17)
0.33228396986485893434911162	(40,18)
0.318104212574217356461845684	(40,19)
0.303854688404158516629057572	(40,20)
0.289839127409804598548047875	(40,21)
0.276352295651614319165396097	(40,22)
0.263669949321026383070593157	(40,23)
0.252041399895395418451713138	(40,24)
0.241684740623542739086252882	(40,25)
0.232784474534684366820802398	(40,26)
0.225491066836040095682974731	(40,27)
0.219921828495752305449638804	(40,28)
0.216162514453683220580841193	(40,29)
0.21426907097510026860150411	(40,30)
0.447243659210407659987087304	(41,1)
0.447233397399064577935967012	(41,2)
0.447164202667132450241874151	(41,3)
0.446941446179917610676418388	(41,4)
0.44642996100003513204360889	(41,5)
0.445462119164962314608383171	(41,6)
0.443848414610052323989585444	(41,7)
0.441390224682311217740344054	(41,8)
0.43789418362985936377511161	(41,9)
0.433187330678727196080862335	(41,10)
0.427131945941922637518380742	(41,11)
0.419638823697282356447146678	(41,12)
0.410677715213286266085671046	(41,13)
0.40028384155063628471383422	(41,14)
0.38855973294418396197641934	(41,15)
0.375672153699264988488196153	(41,16)
0.361844439438000398264976302	(41,17)
0.347345105393223689435562956	(41,18)
0.332473983050001405223545031	(41,19)
0.317547339821424524471730139	(41,20)
0.302883409964302917221615413	(41,21)
0.288789539545324913645592282	(41,22)
0.275551785462666984088077722	(41,23)
0.263427387022050629708320541	(41,24)
0.252640123828123787939465757	(41,25)
0.243378242664493879747263011	(41,26)
0.235794409823521170559806223	(41,27)
0.230007030536459873188330021	(41,28)
0.226102261963825827649546408	(41,29)
0.22413610899067804916111408	(41,30)
0.466790423679347224582742793	(42,1)
0.466779604251142866711301295	(42,2)
0.466706649733251296816320463	(42,3)
0.4664717917127255265772774	(42,4)
0.465932532328015706610503339	(42,5)
0.464912184789768579298943593	(42,6)
0.46321107954625769571826933	(42,7)
0.460620095308506474142293998	(42,8)
0.456935913908707228843161096	(42,9)
0.451977102153524699069887129	(42,10)
0.445599850720075962892886806	(42,11)
0.437712020774038875390901139	(42,12)
0.428284130506269114387840336	(42,13)
0.417356099448391605036667838	(42,14)
0.405038960312418298405333364	(42,15)
0.391511299164514336535676523	(42,16)
0.377010804961115022011943981	(42,17)
0.361821885996177079332285546	(42,18)
0.346260736609226114668170504	(42,19)
0.330659439171030730044963992	(42,20)
0.315350641610421282139654498	(42,21)
0.300654090244410994807937771	(42,22)
0.286865891873739981916600002	(42,23)
0.274250916040955692973661851	(42,24)
0.263038310706291786468156202	(42,25)
0.253419753021138008666047069	(42,26)
0.245549822845618620516230988	(42,27)
0.239547774361084851831568712	(42,28)
0.235499975216643895269817612	(42,29)
0.23346235790459120822392493	(42,30)
0.485707915854824965050582673	(43,1)
0.48569653741161635897235147	(43,2)
0.485619813693222312469049623	(43,3)
0.485372823985738477134727651	(43,4)
0.484805722049575618487992697	(43,5)
0.483732742878427524547693599	(43,6)
0.481944036864709176475876691	(43,7)
0.479219977275607391694381655	(43,8)
0.475347305210447853705741602	(43,9)
0.47013615456738106675205428	(43,10)
0.46343670191977188087569222	(43,11)
0.455153990702756077151745855	(43,12)
0.44525945958442869125481021	(43,13)
0.433797908762554376054722308	(43,14)
0.420889066959749783145796648	(43,15)
0.406723523492695246229210316	(43,16)
0.391553464010241206158497827	(43,17)
0.37567927071597588777283837	(43,18)
0.359433500909393122376407454	(43,19)
0.343163962551490192711406948	(43,20)
0.327217540646618929875525601	(43,21)
0.311926130464684754904559189	(43,22)
0.297595582999674720102174011	(43,23)
0.284498062373170076952326961	(43,24)
0.272867744213099113741378119	(43,25)
0.262899412643552969406794547	(43,26)
0.25474927281738674276307891	(43,27)
0.248537187399477683734535471	(43,28)
0.244349549828194928187369258	(43,29)
0.2422420955703717988716024	(43,30)
0.503934864747947757797793623	(44,1)
0.503922929461025368907692531	(44,2)
0.503842451194343460234204602	(44,3)
0.503583377103500777786482459	(44,4)
0.502988542007433094565780665	(44,5)
0.501863141149632667968417407	(44,6)
0.499987193006044615017967764	(44,7)
0.497130625028897520474366617	(44,8)
0.493070311534786727129895759	(44,9)
0.487608044867851180992819426	(44,10)
0.480588098237881196464022463	(44,11)
0.47191282664312067382476586	(44,12)
0.461554731801638487990388954	(44,13)
0.449563639731463820483228242	(44,14)
0.436068106968536979497277101	(44,15)
0.421270824997822732571804641	(44,16)
0.405438522008172852534051963	(44,17)
0.388887529736765921810660482	(44,18)
0.371966663241733916293151799	(44,19)
0.355039268416571195949063193	(44,20)
0.338466205227106054050209082	(44,21)
0.322591197710139586073848628	(44,22)
0.307729484801592041045174822	(44,23)
0.29416015700843924582910119	(44,24)
0.282122060352762541794404275	(44,25)
0.271812758638036136345000144	(44,26)
0.263389798923154740394400202	(44,27)
0.25697342156351503735971434	(44,28)
0.252649871890377124469051207	(44,29)
0.25047457266405759676363109	(44,30)
0.521413509120154007117138444	(45,1)
0.521401022866157948519004687	(45,2)
0.521316829686301730792178546	(45,3)
0.521045798918313280477352761	(45,4)
0.520423524532367172341891642	(45,5)
0.519246260477597891449132892	(45,6)
0.517284008435095958068954552	(45,7)
0.514296378222324641835145071	(45,8)
0.510050515183454857606927202	(45,9)
0.5043400139946628374899349	(45,10)
0.497003390088604349869089294	(45,11)
0.487940451189718301271982807	(45,12)
0.47712489008659523377204755	(45,13)
0.464611661819268260041356518	(45,14)
0.450538214983017954572247553	(45,15)
0.435119353459963342897505986	(45,16)
0.418636290638253438161244993	(45,17)
0.401421173665466887764628369	(45,18)
0.383838862060739974315443865	(45,19)
0.366267952988352216594448205	(45,20)
0.349082935165107297723272786	(45,21)
0.332638975660964334806107588	(45,22)
0.317260299392078054930535034	(45,23)
0.303232528292032113330956864	(45,24)
0.290798811050320006545868284	(45,25)
0.280159165930426939432202181	(45,26)
0.271472208795242145279540438	(45,27)
0.264858341100341317033477385	(45,28)
0.260403500461351502116622327	(45,29)
0.25816269255327957224952432	(45,30)
0.538089088757674589027807595	(46,1)
0.538076061218305194003522312	(46,2)
0.537988218415322076314976897	(46,3)
0.537705441238844498134075852	(46,4)
0.537056210849874607208814064	(46,5)
0.535827999895759579276860815	(46,6)
0.533780976990340486014461149	(46,7)
0.530664632501634488809224272	(46,8)
0.526236585457593004417274126	(46,9)
0.520282429485360297366159495	(46,10)
0.512635101809294425422225038	(46,11)
0.503192013803949535735159639	(46,12)
0.491928159428661967242844968	(46,13)
0.478903679560049543241059884	(46,14)
0.464264906446704204538447217	(46,15)
0.448238672729579680871291599	(46,16)
0.431120511869018916401947028	(46,17)
0.413258139169206337373166955	(46,18)
0.395032135537685207858861941	(46,19)
0.37683596402763196002204349	(46,20)
0.359057314032731766236366563	(46,21)
0.342062348290570336712795571	(46,22)
0.326183835172616863735169999	(46,23)
0.311713512149251975346129646	(46,24)
0.29889845837654027357445825	(46,25)
0.287940829091172575345317745	(46,26)
0.279000051133712683721525421	(46,27)
0.272196488775320938226821841	(46,28)
0.267615629698199909196657427	(46,29)
0.26531197148078752236241476	(46,30)
0.553909544303909175717830004	(47,1)
0.553895989026638441068647564	(47,2)
0.553804587954611109689416109	(47,3)
0.553510358514535844083000528	(47,4)
0.55283484782433036283749347	(47,5)
0.551556969678701731992352834	(47,6)
0.549427312886229786647972835	(47,7)
0.546185517309126222459138033	(47,8)
0.541579943513553816073560025	(47,9)
0.535388433141009399611203821	(47,10)
0.527438557620321889485996082	(47,11)
0.517625490549277353426593375	(47,12)
0.505925616170058234466106433	(47,13)
0.492404267792928681556390949	(47,14)
0.477216576042468884542042355	(47,15)
0.460601220719790303424869813	(47,16)
0.442867779053979891234520738	(47,17)
0.424379171969598924505119013	(47,18)
0.405531268389619083897906902	(47,19)
0.386731914420395527687524032	(47,20)
0.36838149316774868791436024	(47,21)
0.350856658410565423374135654	(47,22)
0.334498244195918226530809683	(47,23)
0.319603672436218031199294074	(47,24)
0.306423581732937882773920365	(47,25)
0.295161959728145375030479533	(47,26)
0.285978806139480305364258659	(47,27)
0.278994271643766237654333419	(47,28)
0.274293271804444778585854301	(47,29)
0.27192972018837856470245072	(47,30)
0.568825376117888734431894247	(48,1)
0.56881131053529602136191905	(48,2)
0.568716468742493505428489057	(48,3)
0.568411165476237415815623543	(48,4)
0.567710243541792975995008862	(48,5)
0.566384343042437663452847124	(48,6)
0.564174795973007182002335297	(48,7)
0.560811731411591513143352929	(48,8)
0.556034584213986321460890106	(48,9)
0.549613744766338880016278962	(48,10)
0.541371662574141555250955329	(48,11)
0.531201437626819997391021966	(48,12)
0.519080909898706689710365176	(48,13)
0.505080558406329302712204415	(48,14)
0.489364146792218012750067731	(48,15)
0.472181919582912961068690909	(48,16)
0.453857108227361900857160254	(48,17)
0.434767360607475461984521331	(48,18)
0.415323290642353552717150868	(48,19)
0.395946549421860321027090993	(48,20)
0.377049631539943060614896114	(48,21)
0.359019124631653810827382869	(48,22)
0.342203420703690179454904948	(48,23)
0.32690518526768435055075611	(48,24)
0.313378251702193895175762731	(48,25)
0.301828152982391795080764971	(48,26)
0.29241524712404221181540897	(48,27)
0.285259319623076518691057406	(48,28)
0.280444613891501018350703607	(48,29)
0.27802440002044292023274417	(48,30)
0.582789622441505424107594247	(49,1)
0.582775067847367434485295106	(49,2)
0.58267692891484414828465356	(49,3)
0.582361014030660092831815628	(49,4)
0.581635742054191273461640908	(49,5)
0.580263826833119497619911995	(49,6)
0.57797773570226828031342639	(49,7)
0.574498496717036969646455801	(49,8)
0.56955701570310887589144275	(49,9)
0.562916582926601567075812229	(49,10)
0.554394799699718619023332545	(49,11)
0.543882860227927267923964373	(49,12)
0.531360099807118464464996749	(49,13)
0.516902040831317824085733437	(49,14)
0.50068083244050320655304715	(49,15)
0.482957899071657957343148443	(49,16)
0.464069622944161894662283666	(49,17)
0.444407784627015919846718521	(49,18)
0.424397092212192261623224088	(49,19)
0.404472331600397444557620126	(49,20)
0.385057455591096737392622562	(49,21)
0.366548380840255761459476298	(49,22)
0.34930052484709921120606309	(49,23)
0.333621351173336810272794151	(49,24)
0.319767534217153435205956804	(49,25)
0.30794588656340892041737846	(49,26)
0.298316936522435195222776812	(49,27)
0.290999979911517554456860834	(49,28)
0.286078511668656888676097371	(49,29)
0.28360511635239447002142578	(49,30)
0.595757925069148521808855213	(50,1)
0.59574290655000105463003772	(50,2)
0.595641639630002305812597028	(50,3)
0.595315657619564502139967696	(50,4)
0.59456728552496917207642205	(50,5)
0.593151719499103733902761594	(50,6)
0.590793022183727836911909517	(50,7)
0.58720359890137798702600553	(50,8)
0.582106285415900980195135521	(50,9)
0.575257671676567149822352203	(50,10)
0.566470812600342170823395687	(50,11)
0.555635166315820170721517291	(50,12)
0.542731575523922583960224192	(50,13)
0.527840446709683238268461988	(50,14)
0.511141983971448259338335885	(50,15)
0.492908304340360969652839989	(50,16)
0.473488324285232319948523532	(50,17)
0.453287249103030519141956128	(50,18)
0.432743125452930026877273661	(50,19)
0.412303115758233385448252022	(50,20)
0.39240191135886324870318386	(50,21)
0.373444110441344802973214656	(50,22)
0.355791603699709875482880876	(50,23)
0.339756206989937250369119744	(50,24)
0.325597096715678617145131299	(50,25)
0.313522123739695622371115762	(50,26)
0.303691827487947343212057083	(50,27)
0.296224918232278725688273891	(50,28)
0.291204090796168625459476086	(50,29)
0.28868122010324930550857914	(50,30)
0.607688657014672515382468357	(51,1)
0.607673203336217889154475466	(51,2)
0.607569002386174844420234399	(51,3)
0.607233577557920607709440788	(51,4)
0.606463538322991599243103433	(51,5)
0.605007030954432989800783123	(51,6)
0.602580239042313909305926871	(51,7)
0.598887489705612109122435452	(51,8)
0.593644067591759654811038025	(51,9)
0.586600308605353802903995009	(51,10)
0.577565049184012994083137825	(51,11)
0.56642618140627325083267427	(51,12)
0.553166038920727927211125478	(51,13)
0.537869695694903124883302	(51,14)
0.520724997671785482703225554	(51,15)
0.502014166026944284745419205	(51,16)
0.482097924243320117791609885	(51,17)
0.461394084026719592517397878	(51,18)
0.440353174389188212872989438	(51,19)
0.41943389265180678217639225	(51,20)
0.399080887704038141007060435	(51,21)
0.37970675408648770282203864	(51,22)
0.361679288100615195635107599	(51,23)
0.345314215787715365652305879	(51,24)
0.330872894308797025990230392	(51,25)
0.318563998036655447983560279	(51,26)
0.308547948566503486356611774	(51,27)
0.300942804189825850438256469	(51,28)
0.295830433038088327603860075	(51,29)
0.29326199439081245716708054	(51,30)
0.618543091655778409776217959	(52,1)
0.618527235104223141542574102	(52,2)
0.618420317816910889126288644	(52,3)
0.618076150852023907145985645	(52,4)
0.617286052600958174999027161	(52,5)
0.615791643936288713419083529	(52,6)
0.613301817787504625091859827	(52,7)
0.609513430779119716992769138	(52,8)
0.604134792395231958272966404	(52,9)
0.596910474594459232156484368	(52,10)
0.587645447284931587044467289	(52,11)
0.576226205525095560144249608	(52,12)
0.562636528533805321282329172	(52,13)
0.546965884507692783327820825	(52,14)
0.529409267337617409541333844	(52,15)
0.510258315653862985120854126	(52,16)
0.489884725905535679542968011	(52,17)
0.468717992255109262042127819	(52,18)
0.447220174526447976496777977	(52,19)
0.4258605854748734469467111	(52,20)
0.405092994566903617256490917	(52,21)
0.385337274677239539904769165	(52,22)
0.366966548904323184766359303	(52,23)
0.350300018141344905305341763	(52,24)
0.335600918981382093735494414	(52,25)
0.323078562372411769831372823	(52,26)
0.312893153919620114497854905	(52,27)
0.30516206299319499950003775	(52,28)
0.299966329318092647769206933	(52,29)
0.29735640835450264861383617	(52,30)
0.628285596771408662367286784	(53,1)
0.628269372950564317159036746	(53,2)
0.628159979386040859307112846	(53,3)
0.627807842935179678978089716	(53,4)
0.626999458833060388304275288	(53,5)
0.625470500400955950549098416	(53,6)
0.622923217354553552480495691	(53,7)
0.619047662901006879696863782	(53,8)
0.6135458007143791829593811	(53,9)
0.606156969669113907746156295	(53,10)
0.596682646934829500406953074	(53,11)
0.585008097539338700296282961	(53,12)
0.571118472277900451988631133	(53,13)
0.555107305421647166900138775	(53,14)
0.537176167287069597691189541	(53,15)
0.517625333453996960264170498	(53,16)
0.496836537909504986447955182	(53,17)
0.475249933775946748709505924	(53,18)
0.453338071151606584254016152	(53,19)
0.431579887062539337636691807	(53,20)
0.410437384143281442026569402	(53,21)
0.390336967370703188878389343	(53,22)
0.371656500127112596962450694	(53,23)
0.354718231952073890665240188	(53,24)
0.339786998730962535000166138	(53,25)
0.327072589244824535525709515	(53,26)
0.31673492544845630107836849	(53,27)
0.30889067968779744010180143	(53,28)
0.303620085672093727638704019	(53,29)
0.30097292406360111018137327	(53,30)
0.636883840002693267165439728	(54,1)
0.636867287588440988503853332	(54,2)
0.636755678518559093635224004	(54,3)
0.636396411874070493449904346	(54,4)
0.635571667903076283873176602	(54,5)
0.63401179962108964076414598	(54,6)
0.631413115598434075393903418	(54,7)
0.627459587536937741209925886	(54,8)
0.621847511838764180736881166	(54,9)
0.614311562461890923234836458	(54,10)
0.604650117190120427375879394	(54,11)
0.592747375214989054712140817	(54,12)
0.578589757292734591068019085	(54,13)
0.562274483522241767996054966	(54,14)
0.544009056008528490297467435	(54,15)
0.524101518888512545335916202	(54,16)
0.502942613798135671130800532	(54,17)
0.480982037167708838947547805	(54,18)
0.458701707141286614801617062	(54,19)
0.436589128851450044837115169	(54,20)
0.415113605922937912212530352	(54,21)
0.394707305345309499092030426	(54,22)
0.375752239496432390259579472	(54,23)
0.358573291037303612972470967	(54,24)
0.34343663655967461538366947	(54,25)
0.330552411597430000322747743	(54,26)
0.32008021619406307350695497	(54,27)
0.3121360450687259533657872	(54,28)
0.306799371130150391878750869	(54,29)
0.30411934547155477689862948	(54,30)
0.644308994752307825922397421	(55,1)
0.644292155206794479000032181	(55,2)
0.644178610188251226894721722	(55,3)
0.643813113083240220590299476	(55,4)
0.642974073818405113281095307	(55,5)
0.641387197131359663435827571	(55,6)
0.638743602005576859616000431	(55,7)
0.634721950173049428185978409	(55,8)
0.629013593702971726542501471	(55,9)
0.621349143290901884673356378	(55,10)
0.611524287903094607277176909	(55,11)
0.599422321833818211086056784	(55,12)
0.585030808238341370042153219	(55,13)
0.568450224550738184077094731	(55,14)
0.549893292731190021220568648	(55,15)
0.529674876564991960084263046	(55,16)
0.508193609319094352899925089	(55,17)
0.485907531532202793729856281	(55,18)
0.463306733668422054610181534	(55,19)
0.440886174981575083483103851	(55,20)
0.419121488864246001265742093	(55,21)
0.398449814403472596779471642	(55,22)
0.379256719223290791820038952	(55,23)
0.361869315019438402006480045	(55,24)
0.346554881558246119273706207	(55,25)
0.333523796328397816760170994	(55,26)
0.322935326739461811694732135	(55,27)
0.314904834812365709722613801	(55,28)
0.309511098934222126832895566	(55,29)
0.30680270075651731073289076	(55,30)
0.650535937544394630896709788	(56,1)
0.650518854793075750418426352	(56,2)
0.650403669990001609659998756	(56,3)
0.650032895591824925419084316	(56,4)
0.649181748131241150281513589	(56,5)
0.647571995673366456662919225	(56,6)
0.644890362889180494592765738	(56,7)
0.640811016864576413324698747	(56,8)
0.635021127371070742733342407	(56,9)
0.6272478728357597841926584	(56,10)
0.617284678795260767405420049	(56,11)
0.605014092158450364812916943	(56,12)
0.590424667295546812149900718	(56,13)
0.573619667065582136682172448	(56,14)
0.554816261103698633526170166	(56,15)
0.53433511213873235602652362	(56,16)
0.512581552563776964360429508	(56,17)
0.490020694000181903396601763	(56,18)
0.467149538997180697582818648	(56,19)
0.444469336705794247274812083	(56,20)
0.422461045747634191392851174	(56,21)
0.401565971252084927432848874	(56,22)
0.382172641585564997172255963	(56,23)
0.364610004824546751570309051	(56,24)
0.349146226115573719892366824	(56,25)
0.335991844220031447894446691	(56,26)
0.325305808171560349029494174	(56,27)
0.317202915212155132802787471	(56,28)
0.31176133435967937659614729	(56,29)
0.30902915125622178681965348	(56,30)
0.655543429519179514847066524	(57,1)
0.655526149594531431044714234	(57,2)
0.655409635376387558393062414	(57,3)
0.655034582557463936627561825	(57,4)
0.654173618796900647424240363	(57,5)
0.652545320935795644699461	(57,6)
0.649832851972786794965089772	(57,7)
0.645706737066486880462239222	(57,8)
0.639850759054273082400006237	(57,9)
0.631989319994585390225279845	(57,10)
0.621914019770284753445884541	(57,11)
0.609506812089484851122626715	(57,12)
0.594757070654750004783641052	(57,13)
0.577770334150166281863941074	(57,14)
0.558767395630780421860720085	(57,15)
0.538073634211893084060165385	(57,16)
0.516099823241583888075617661	(57,17)
0.493316809284352428318537068	(57,18)
0.470227191908947058356072624	(57,19)
0.4473373036124620731114527	(57,20)
0.425132396084352357968989239	(57,21)
0.404057121639772570410734408	(57,22)
0.384502375260170743341224492	(57,23)
0.366798559469805573476146529	(57,24)
0.351214524678325933222202147	(57,25)
0.337960911481024031816512244	(57,26)
0.327196386598197405902842047	(57,27)
0.319035270360708433029290068	(57,28)
0.313555223878609025177803086	(57,29)
0.31080392168259720270255091	(57,30)
0.659314276127981104076774646	(58,1)
0.659296846784352492479326257	(58,2)
0.659179325129272013809966256	(58,3)
0.65880103011214381124852691	(58,4)
0.657932627586193446620377279	(58,5)
0.656290276267126841403332842	(58,6)
0.653554440639040649983090762	(58,7)
0.649392887172015657183463053	(58,8)
0.643486834293711679645081387	(58,9)
0.63555858382042336658795451	(58,10)
0.625398357688881294022047005	(58,11)
0.612887667608219772121556257	(58,12)
0.59801651748678143369094433	(58,13)
0.580892181065109806690558408	(58,14)
0.56173820764553293019698456	(58,15)
0.540883559333611350180095391	(58,16)
0.518743138439153768956326864	(58,17)
0.495792138780494343367972075	(58,18)
0.472537397309984333280469736	(58,19)
0.449489089165801901398391697	(58,20)
0.427135704958983898084470424	(58,21)
0.405924415543563039345745409	(58,22)
0.386247889375446168053784952	(58,23)
0.36843761087722813832156651	(58,24)
0.352762930571332610130368328	(58,25)
0.339434549207760827880537653	(58,26)
0.3286109053549188664002518	(58,27)
0.320405946780510736133323148	(58,28)
0.314896941577571911308104769	(58,29)
0.31213124748371334048207158	(58,30)
0.661835460298357842997803069	(59,1)
0.661817930603001584280150549	(59,2)
0.661699732340557101621994973	(59,3)
0.66131925982650506813841629	(59,4)
0.660445861366676998558144723	(59,5)
0.658794071728956030458889545	(59,6)
0.656042543299426415401130976	(59,7)
0.651857190346089978650734121	(59,8)
0.64591751007678311284654619	(59,9)
0.637944395540079150374389855	(59,10)
0.627727145893697575655682492	(59,11)
0.615146979619141337820165527	(59,12)
0.600194328360865019257701437	(59,13)
0.582977636163306116630784106	(59,14)
0.563722308465266351871344559	(59,15)
0.542759718029153016372699852	(59,16)
0.520507543001606636536244745	(59,17)
0.497443897477599550297742327	(59,18)
0.474078462316367349136211329	(59,19)
0.450923988811256558453967181	(59,20)
0.428471135935491645228346326	(59,21)
0.407168757368020183656886817	(59,22)
0.387410703051907200495268861	(59,23)
0.369529174278733809126892206	(59,24)
0.353793848249169780876012604	(59,25)
0.340415457961298593366860646	(59,26)
0.329552281953455192225011831	(59,27)
0.321318012444396939168938043	(59,28)
0.315789649696506377568471203	(59,29)
0.31301433618237003378843408	(59,30)
0.66309824541097605883311699	(60,1)
0.663080665316779690018062287	(60,2)
0.662962127247377210461176997	(60,3)
0.662580561148236828085617483	(60,4)
0.661704653632100405116082053	(60,5)
0.660048123913764994824196149	(60,6)
0.657288714382212794909537129	(60,7)
0.653091409260644974431419688	(60,8)
0.647134841645835209379493497	(60,9)
0.639139197610321160542534229	(60,10)
0.628893313677360677446226962	(60,11)
0.616278262157635789262912932	(60,12)
0.601284690867537666937771946	(60,13)
0.58402163311908095273066375	(60,14)
0.564715428054844450473944982	(60,15)
0.54369866041199713112208388	(60,16)
0.521390403258967465334493181	(60,17)
0.498270237497576670929430629	(60,18)
0.474849271659537582657924528	(60,19)
0.451641549443196956668749992	(60,20)
0.429138816722155021391077172	(60,21)
0.407790769710831028558164865	(60,22)
0.387991848822549624448867169	(60,23)
0.37007461243598097012247087	(60,24)
0.354308899043116618953140547	(60,25)
0.3409054553832162531806393	(60,26)
0.330022477578589060998974824	(60,27)
0.321773527903844765330856865	(60,28)
0.316235470947435887896059616	(60,29)
0.3134553403202944411018117	(60,30)