b^3^2_1_(sigma,mu)
-0.00137139795659071891701517938	(1,1)
-0.01232003847567129962761449365	(1,2)
-0.03409736395955879807515925998	(1,3)
-0.06646477769803812124922674877	(1,4)
-0.10906765620076460676582648635	(1,5)
-0.1614392348690843686117078114	(1,6)
-0.2230057223402551418424608685	(1,7)
-0.2930925874111241035591067225	(1,8)
-0.3709319496003219161869531987	(1,9)
-0.4556709923223968781291146211	(1,10)
-0.5463813064559721615321178736	(1,11)
-0.6420690619124007900740681528	(1,12)
-0.7416858957612430084982825559	(1,13)
-0.8441403976411825016614341878	(1,14)
-0.9483100666631253154532641319	(1,15)
-1.0530536088653155310967027754	(1,16)
-1.1572234405626931082119729739	(1,17)
-1.2596782606835760030417683096	(1,18)
-1.3592955544297955004458727345	(1,19)
-1.45498389133977755131398944	(1,20)
-1.545694883070212003489761204	(1,21)
-1.630434669917730028758125153	(1,22)
-1.708274810238771261158585182	(1,23)
-1.77836245343967148121178548	(1,24)
-1.839929685031162172635819696	(1,25)
-1.892301941288792812760460605	(1,26)
-1.934905401236404452748592737	(1,27)
-1.967273274863971631948094257	(1,28)
-1.989050918582325270543885847	(1,29)
-1.99999972177329549185621275	(1,30)
-0.00137887842617237121397476607	(2,1)
-0.01238723975546982032752986994	(2,2)
-0.0342833528789352571309670691	(2,3)
-0.06682732139008254123744151203	(2,4)
-0.10966259266998301842302104158	(2,5)
-0.1623198673845516600942156382	(2,6)
-0.2242222445322689515224652694	(2,7)
-0.2946915451488997269485700219	(2,8)
-0.3729557448535416360154266342	(2,9)
-0.4581574333252621591471695748	(2,10)
-0.5493632076599454707366776962	(2,11)
-0.645573896484410304446271829	(2,12)
-0.7457355027941466989166637936	(2,13)
-0.8487507458105358888486661332	(2,14)
-0.9534910757862089378509538182	(2,15)
-1.0588090306723873112412357388	(2,16)
-1.1635507999363832605110629598	(2,17)
-1.2665688586067666167501560839	(2,18)
-1.366734533844145536128143579	(2,19)
-1.462950366994172799265055808	(2,20)
-1.554162136174546658974319629	(2,21)
-1.639370407968436877377244932	(2,22)
-1.7176414917217244776917463	(2,23)
-1.788117676237884541354796224	(2,24)
-1.850026636286205899727537122	(2,25)
-1.902689905225342762688070125	(2,26)
-1.945530320117524336877600871	(2,27)
-1.978078356874206630180644804	(2,28)
-1.999977285118675120590843901	(2,29)
-2.01098708544457976587525882	(2,30)
-0.00139393818099984690392177792	(3,1)
-0.01252253002973706667012812591	(3,2)
-0.03465778755072504045619746755	(3,3)
-0.06755719756072850479852658004	(3,4)
-0.11086032306244538278759285499	(3,5)
-0.164092760385409549713571767	(3,6)
-0.2266713457023626969207761843	(3,7)
-0.2979105524762234340880812928	(3,8)
-0.3770300083215103981191969204	(3,9)
-0.4631630476431286429632504469	(3,10)
-0.5553662053663518495532445854	(3,11)
-0.6526295471878491101693344311	(3,12)
-0.7538877231252147238324265354	(3,13)
-0.8580316237647862088221990815	(3,14)
-0.9639205125289856752458832773	(3,15)
-1.0703945025160987628980199988	(3,16)
-1.1762872430106642706641594777	(3,17)
-1.2804386786221148501200854844	(3,18)
-1.381707743184831908391842636	(3,19)
-1.478984851049813899135862223	(3,20)
-1.571204050226333695873551339	(3,21)
-1.657354705003722331163314995	(3,22)
-1.736492580210897867096710127	(3,23)
-1.807750205161717341540494225	(3,24)
-1.870346402584536505241828393	(3,25)
-1.923594876425147240666222267	(3,26)
-1.96691176230237190027350198	(3,27)
-1.999822055517467638554239328	(3,28)
-2.021964843775005370761870629	(3,29)
-2.03309728503603605731217756	(3,30)
-0.00141676851280687351235927774	(4,1)
-0.01272762777510766171436193196	(4,2)
-0.03522542400618277943047832067	(4,3)
-0.06866367644496951977359878751	(4,4)
-0.11267605769966133289730570026	(4,5)
-0.1667804222353554209784380341	(4,6)
-0.2303841051358631568678966043	(4,7)
-0.3027904305072311908009531565	(4,8)
-0.3832063555944031421056622669	(4,9)
-0.4707511645034957097631158278	(4,10)
-0.5644661144733857563073686831	(4,11)
-0.6633249279905677928439369629	(4,12)
-0.7662450157192256715932861888	(4,13)
-0.872099308219827382136669471	(4,14)
-0.9797285687264978515285035422	(4,15)
-1.0879540548056180722516674362	(4,16)
-1.1955903934837526869318146	(4,17)
-1.3014585323788740623482933608	(4,18)
-1.404398628477986738987810924	(4,19)
-1.503282736480671686221317753	(4,20)
-1.597027160097703781423532931	(4,21)
-1.684604332401794889915754056	(4,22)
-1.765054095331516504732136964	(4,23)
-1.837494253811073457685955444	(4,24)
-1.901130286722111437390019437	(4,25)
-1.955264105184667778278545732	(4,26)
-1.999301758278586638043637237	(4,27)
-2.032759997431303052053612421	(4,28)
-2.055271623134733454908622522	(4,29)
-2.06658955130669082136063397	(4,30)
-0.00144764117659812646366527151	(5,1)
-0.01300497431138186185597335213	(5,2)
-0.03599301877485783366143873797	(5,3)
-0.07015992735476857346271565708	(5,4)
-0.1151314036318634044227461585	(5,5)
-0.1704148251032989053686131462	(5,6)
-0.2354046647155207981865321646	(5,7)
-0.3093891475604203152844216567	(5,8)
-0.3915580658907142040709527819	(5,9)
-0.4810116633137362189654826979	(5,10)
-0.5767704881321332175978817888	(5,11)
-0.6777861063587080421529279347	(5,12)
-0.7829525569289470330833800913	(5,13)
-0.8911184250126627350925471015	(5,14)
-1.0010994040006669254504328537	(5,15)
-1.1116912126165906691451907927	(5,16)
-1.221682730586613582359345709	(5,17)
-1.3298692143210315196674461301	(5,18)
-1.435065453084873054339567285	(5,19)
-1.536118726164387029552628251	(5,20)
-1.631921422618186302641983618	(5,21)
-1.721423187419064304073534735	(5,22)
-1.803642461254409027804638257	(5,23)
-1.877677286080950786136858744	(5,24)
-1.942715254839122748645155561	(5,25)
-1.998042491616200352997361085	(5,26)
-2.043051558058546463318689038	(5,27)
-2.077248192971532904737752305	(5,28)
-2.100256804748592863416817533	(5,29)
-2.11182465040961336719640224	(5,30)
-0.00148689243528336519029875591	(6,1)
-0.01335759046401043845329737292	(6,2)
-0.03696893215078466626130851921	(6,3)
-0.0720622451645173878695587294	(6,4)
-0.1182530946513191203570871578	(6,5)
-0.1750355233057470637679060422	(6,6)
-0.2417876253937447703256487006	(6,7)
-0.3177783887879229854182498948	(6,8)
-0.4021757250986915862753128646	(6,9)
-0.4940555954662251695688162883	(6,10)
-0.5924121286194552785678459994	(6,11)
-0.6961686184338288772638320437	(6,12)
-0.8041892803853149696368341275	(6,13)
-0.9152916399055953617830756863	(6,14)
-1.0282594205594155623317677752	(6,15)
-1.1418557960448750998443272298	(6,16)
-1.2548368671280427489432441822	(6,17)
-1.3659652226648874650382692431	(6,18)
-1.474023442785779600207409808	(6,19)
-1.577827402129028657807254946	(6,20)
-1.676239231777795184814664919	(6,21)
-1.768179800398686238785656339	(6,22)
-1.852640578156442353063221144	(6,23)
-1.928694751459375654385222949	(6,24)
-1.995507462639278825560211358	(6,25)
-2.052345056421392855906581299	(6,26)
-2.098583224577512688662148524	(6,27)
-2.133713951494374218515643091	(6,28)
-2.157351176469667962863905562	(6,29)
-2.16923510322963713202268918	(6,30)
-0.00153490628443133291370655156	(7,1)
-0.01378892586084059931698444734	(7,2)
-0.03816271106751126788666263053	(7,3)
-0.07438923701428167939355233054	(7,4)
-0.1220716558937906373227970648	(7,5)
-0.1806876744640952165444888472	(7,6)
-0.2495953085771568165370213879	(7,7)
-0.3280399465747551518892151529	(7,8)
-0.4151626389396604002707668029	(7,9)
-0.5100095186795077789638005481	(7,10)
-0.6115422456407095489234741923	(7,11)
-0.718649358324305653135172143	(7,12)
-0.830158408753792657839624449	(7,13)
-0.944848749415022662566413394	(7,14)
-1.0614648360997484666472257531	(7,15)
-1.1787299064742416116764464338	(7,16)
-1.2953598912144741654224365368	(7,17)
-1.410077412491414316407434742	(7,18)
-1.521625723404641966043889533	(7,19)
-1.62878244166903823255718962	(7,20)
-1.730372931545015107560808236	(7,21)
-1.825283189811650561949019936	(7,22)
-1.912472094694931386427877733	(7,23)
-1.990982881271811674365446896	(7,24)
-2.059953713150024661221228413	(7,25)
-2.118627228306239773393015483	(7,26)
-2.166358946921123924073411181	(7,27)
-2.202624440873099055221254677	(7,28)
-2.22702517815603756812106229	(7,29)
-2.23929297070416530322997034	(7,30)
-0.00159210101416051756924804449	(8,1)
-0.01430273820808699604250145366	(8,2)
-0.03958475494185605634393864866	(8,3)
-0.07716117072339843808654955946	(8,4)
-0.126620333737667893182993001	(8,5)
-0.1874204531626506150256094543	(8,6)
-0.2588955592665011786863046683	(8,7)
-0.3402628220965061885171416876	(8,8)
-0.4306311446048482214653155406	(8,9)
-0.5290109324897170691938036544	(8,10)
-0.6343249309933131190834940284	(8,11)
-0.7454200084505144716016705753	(8,12)
-0.8610797575151598383686854171	(8,13)
-0.9800377776390711131101614288	(8,14)
-1.1009914964366974319056556837	(8,15)
-1.22261638291487775640408223	(8,16)
-1.3435804020731461167743396507	(8,17)
-1.462558558011344741255755661	(8,18)
-1.578247371397747135370491484	(8,19)
-1.689379136993527804262180146	(8,20)
-1.794735807996738018812817757	(8,21)
-1.893162356401412250083128349	(8,22)
-1.983579462523360917811543212	(8,23)
-2.064995392471447135619395327	(8,24)
-2.13651692975164334901730714	(8,25)
-2.197359236431279985256682032	(8,26)
-2.246854530340891330154734847	(8,27)
-2.284459477555085016341584749	(8,28)
-2.309761213709561129923471007	(8,29)
-2.3224819233643519566229365	(8,30)
-0.0016589229901805833529887175	(9,1)
-0.01490303741998597938966862509	(9,2)
-0.04124616100888572929367529148	(9,3)
-0.08039967307946815823532515422	(9,4)
-0.1319345998414541359449894787	(9,5)
-0.1952863144274513158159987467	(9,6)
-0.2697607230953416172354443192	(9,7)
-0.3545418696945384988614336053	(9,8)
-0.448700874924399712927191225	(9,9)
-0.5512061122982875202137912706	(9,10)
-0.6609345092470966061587787853	(9,11)
-0.7766838496056050099758429101	(9,12)
-0.8971859429419402772424195985	(9,13)
-1.0211205168944471851848020841	(9,14)
-1.1471296809176465484173525321	(9,15)
-1.2738328036352121458493238932	(9,16)
-1.399841641373967762455071231	(9,17)
-1.523775552441426925304156032	(9,18)
-1.64427663036514078833384401	(9,19)
-1.760024589713170094889113532	(9,20)
-1.869751240352762172438114159	(9,21)
-1.972254390163637069335758898	(9,22)
-2.066411022355737198746264018	(9,23)
-2.151189601643667891898583942	(9,24)
-2.225661373519636028201929168	(9,25)
-2.289010532578658800700363325	(9,26)
-2.340543149044559925656971466	(9,27)
-2.379694757030965885004664421	(9,28)
-2.406036523336767927562449754	(9,29)
-2.41927993142543307505249312	(9,30)
-0.00173584944537938164144267164	(10,1)
-0.01559411069536542747471332785	(10,2)
-0.04315879369063665821864809999	(10,3)
-0.08412786484256554516863003526	(10,4)
-0.138052371877710227828495622	(10,5)
-0.2043413181920379726947949354	(10,6)
-0.2822680893224929940449721546	(10,7)
-0.3709783686323056900355771723	(10,8)
-0.4694994630702512064524571997	(10,9)
-0.5767509436405146650993280655	(10,10)
-0.6915564892814101432290791764	(10,11)
-0.8126568075356566541475000404	(10,12)
-0.9387234910754933469621105559	(10,13)
-1.0683736562027906638413535349	(10,14)
-1.2001851982418720910494197234	(10,15)
-1.3327124896147539074697897805	(10,16)
-1.464502339629785453599426593	(10,17)
-1.594110030875742993649599482	(10,18)
-1.720115245793200688621569427	(10,19)
-1.841137698627937395321997844	(10,20)
-1.955852292607798512105536601	(10,21)
-2.063003629767824133738790882	(10,22)
-2.161419711191949556570804265	(10,23)
-2.250024678214131938611330368	(10,24)
-2.327850459859964708864241316	(10,25)
-2.394047207931979496664827846	(10,26)
-2.447892418004426011247904343	(10,27)
-2.488798651555641740964588243	(10,28)
-2.516319790965049254647294549	(10,29)
-2.53015577472218146767448594	(10,30)
-0.00182339869437721781445470134	(11,1)
-0.01638061427908714033390334473	(11,2)
-0.04533553852767365150286350453	(11,3)
-0.08837085553307411710283339684	(11,4)
-0.1450148247487288994348248198	(11,5)
-0.2146463280111383710970736035	(11,6)
-0.2965015420112784853973091966	(11,7)
-0.3896821838307223307057069176	(11,8)
-0.4931652602019083677644353007	(11,9)
-0.6058142325459199156870695248	(11,10)
-0.7263914900059224925252336208	(11,11)
-0.853572002279318487169426013	(11,12)
-0.9859580038713860856575373564	(11,13)
-1.1220945423546405853523798454	(11,14)
-1.2604857062479853543759940941	(11,15)
-1.3996113341086216474625313373	(11,16)
-1.537943996136730559497884763	(11,17)
-1.673966033658489654417873612	(11,18)
-1.806186440717536242866708481	(11,19)
-1.933157375881699656463180213	(11,20)
-2.053490101213257981858710013	(11,21)
-2.165870158824305689880218332	(11,22)
-2.26907161291713331216187898	(11,23)
-2.361970205788218745168974325	(11,24)
-2.443555298820260295384746154	(11,25)
-2.512940492722375460639105245	(11,26)
-2.569372843899224174939938405	(11,27)
-2.612240614639441439527791258	(11,28)
-2.64107951286437035068360172	(11,29)
-2.65557739188940565051891034	(11,30)
-0.00192214299958695892962683076	(12,1)
-0.01726768904360075067501831455	(12,2)
-0.04779062203871070858286716166	(12,3)
-0.09315636674769198832599159458	(12,4)
-0.1528674127788876990340784546	(12,5)
-0.226268522236593309275817693	(12,6)
-0.3125536432483663321050204721	(12,7)
-0.4107744952681875784618777609	(12,8)
-0.5198507743406803701633482468	(12,9)
-0.6385819044854475137908866744	(12,10)
-0.7656602356653778774518474679	(12,11)
-0.8996855605745153195251420071	(12,12)
-1.0391807932344896870586148561	(12,13)
-1.1826086238741094621986109686	(12,14)
-1.3283889386169918431439611527	(12,15)
-1.474916770881354384797995808	(12,16)
-1.620580535663614306478728543	(12,17)
-1.763780289268889831382376096	(12,18)
-1.902945756380227717621474198	(12,19)
-2.036553873938370092894052315	(12,20)
-2.163145616897863014324261963	(12,21)
-2.28134189372499715693709249	(12,22)
-2.389858328150580519326136482	(12,23)
-2.487518776350186609601568358	(12,24)
-2.573267463210017914517333372	(12,25)
-2.646179655291334410192243026	(12,26)
-2.705470819225022875402599208	(12,27)
-2.750504240535992250607870261	(12,28)
-2.78079709782068825930298864	(12,29)
-2.79602499999187612593731551	(12,30)
-0.00203271793213072967549893944	(13,1)
-0.0182610445817845537495799792	(13,2)
-0.05053984443023290672500407003	(13,3)
-0.098515185592357079705929014	(13,4)
-0.1616606131139598244398540746	(13,5)
-0.2392824924820754710674873485	(13,6)
-0.330527146149930038401073187	(13,7)
-0.4343897777470256010905441545	(13,8)
-0.5497251601588610242360298916	(13,9)
-0.6752600368575497552696895622	(13,10)
-0.809607151705407471974232536	(13,11)
-0.9512807827930536332889435796	(13,12)
-1.0987136132739622546211035118	(13,13)
-1.2502747296424320699635594091	(13,14)
-1.4042884986789703506612673524	(13,15)
-1.559054041464365052209150853	(13,16)
-1.712864999184478889614845682	(13,17)
-1.864029273056706987569027375	(13,18)
-2.010888420962372688856473854	(13,19)
-2.151836406697921912995015981	(13,20)
-2.285337423591995332985458129	(13,21)
-2.409942551002466289057954635	(13,22)
-2.5243050474104746095075089	(13,23)
-2.627194134213819226137963694	(13,24)
-2.717507176133354241425751087	(13,25)
-2.794280213451121680477206002	(13,26)
-2.856696844364499458676198739	(13,27)
-2.90409548941594265169095391	(13,28)
-2.93597509202263506679685259	(13,29)
-2.95199931855983818895743989	(13,30)
-0.00215582317784063686315162547	(14,1)
-0.01936696644580811002448859581	(14,2)
-0.05360059959566143884542273588	(14,3)
-0.1044812034440104289211411706	(14,4)
-0.1714499884924682802704894678	(14,5)
-0.2537703341940152304812740406	(14,6)
-0.350535114579706076741010052	(14,7)
-0.460675947440624293358463154	(14,8)
-0.5829743850174557304900805903	(14,9)
-0.7160750308308625671850930867	(14,10)
-0.8585005212859727762842182039	(14,11)
-1.0086682548755374703354149666	(14,12)
-1.1649086902539868174231886614	(14,13)
-1.3254849720250774820190945165	(14,14)
-1.488613584987071179340221429	(14,15)
-1.652485688879530805454900161	(14,16)
-1.815288750840193510452514025	(14,17)
-1.975228075261852724489042458	(14,18)
-2.130547832649924475728187836	(14,19)
-2.279551210968870706882492697	(14,20)
-2.420619353711611484419361685	(14,21)
-2.552228805782424284591127994	(14,22)
-2.672967257053595738207883591	(14,23)
-2.781547448816527960553550575	(14,24)
-2.876819184300019881559642182	(14,25)
-2.957779454839555761039148395	(14,26)
-3.023580752473920447935855458	(14,27)
-3.07353768306953694018178871	(14,28)
-3.10713201839992991871597193	(14,29)
-3.12401632968269657297007374	(14,30)
-0.00229221268631481209807454144	(15,1)
-0.02059222764793174880461255503	(15,2)
-0.05699163013272900340453695581	(15,3)
-0.1110909381060732900168811946	(15,4)
-0.1822954019475456950105545245	(15,5)
-0.2698204810164279620317898817	(15,6)
-0.372699305488545274152098519	(15,7)
-0.4897922208224787794833293557	(15,8)
-0.6197984922720324991884798534	(15,9)
-0.7612702048345690794151482144	(15,10)
-0.9126283318800331630540935681	(15,11)
-1.0721808677085245171077202443	(15,12)
-1.2381428315901963387743491519	(15,13)
-1.4086578609016945767584703711	(15,14)
-1.581821026819533374034611238	(15,15)
-1.755702435502392900204555046	(15,16)
-1.928371127685111624421332539	(15,17)
-2.097918765393248062774521309	(15,18)
-2.262482599194996593265426699	(15,19)
-2.42026724366796883221753305	(15,20)
-2.569564850581311700666442904	(15,21)
-2.70877335417877368818180463	(15,22)
-2.83641256423683860623696502	(15,23)
-2.951137992014653656402962514	(15,24)
-3.051752402711366290857220744	(15,25)
-3.137215186504980921469001795	(15,26)
-3.20664972044445405833321444	(15,27)
-3.259348948869131931912033137	(15,28)
-3.2947794364464538943559817	(15,29)
-3.31258414393680065080187774	(15,30)
-0.00244267532957724356225333524	(16,1)
-0.02194391490270849024125379422	(16,2)
-0.06073254637689264514023380369	(16,3)
-0.1183825958475377051012393004	(16,4)
-0.1942594760082564800436881673	(16,5)
-0.2875254196037791609176842339	(16,6)
-0.3971470018061810368876291323	(16,7)
-0.5219049312963975716642193275	(16,8)
-0.6604062693099940936421122252	(16,9)
-0.8110991824409631012659313807	(16,10)
-0.9722902512883411779194731194	(16,11)
-1.1421642492032576277871421768	(16,12)
-1.3188061824396592991871492914	(16,13)
-1.500225255926442256404140922	(16,14)
-1.684380309588041817876901496	(16,15)
-1.869206170316335068252323397	(16,16)
-2.052640294579232368128841755	(16,17)
-2.232649043995575478553339757	(16,18)
-2.407252945456266651132941247	(16,19)
-2.574550339149581740314553055	(16,20)
-2.732738908811410601510679506	(16,21)
-2.880134711611373649777673185	(16,22)
-3.015188470157094849522592336	(16,23)
-3.136499043859928649616697448	(16,24)
-3.242824148088694609764204054	(16,25)
-3.333088524174533670532053789	(16,26)
-3.406389869996356783154830001	(16,27)
-3.462002910784452231867766263	(16,28)
-3.49938201760086476657658815	(16,29)
-3.5181627653006292876960776	(16,30)
-0.00260800940874313923351373246	(17,1)
-0.02342919960127933128845214493	(17,2)
-0.06484319245316343049675260885	(17,3)
-0.1263948351136646343430015336	(17,4)
-0.2074055618709938552888339742	(17,5)
-0.3069786777668824972528595465	(17,6)
-0.4240068384699042175696937836	(17,7)
-0.5571820163837226495281336057	(17,8)
-0.7050082220601697606141096899	(17,9)
-0.865817181714904852792632976	(17,10)
-1.0377870596046884460399528715	(17,11)
-1.2189641667767903511108177102	(17,12)
-1.4072874280119638278786818929	(17,13)
-1.6006152024252114279199406	(17,14)
-1.79675388737406562019149073	(17,15)
-1.993487596935429068098065366	(17,16)
-2.188608110022343951971173534	(17,17)
-2.379944240281491857265645239	(17,18)
-2.565389796346217053618852292	(17,19)
-2.742929377235993025792058557	(17,20)
-2.910661378287865455101212882	(17,21)
-3.066817757242620467798187173	(17,22)
-3.209780312979532616461082538	(17,23)
-3.338093443125338015751453635	(17,24)
-3.450473552599543447883691434	(17,25)
-3.545815465210302658302021212	(17,26)
-3.62319632937329086111268161	(17,27)
-3.681877595558411818411665213	(17,28)
-3.72130567077974211424938976	(17,29)
-3.7411118233271597771570685	(17,30)
-0.00278899484815553473894091724	(18,1)
-0.02505508801013864736228406658	(18,2)
-0.06934295481422192442324398304	(18,3)
-0.1351654180354186303846931329	(18,4)
-0.2217955241047643893708185259	(18,5)
-0.328271538610953318710444677	(18,6)
-0.4534042477347734773418469473	(18,7)
-0.5957870001335408056058980117	(18,8)
-0.7538089028156061849484322342	(18,9)
-0.9256714973355459649034656369	(18,10)
-1.1094090938745044296383433941	(18,11)
-1.3029127421264419797114326214	(18,12)
-1.50395758712160863842405641	(18,13)
-1.710233117311719368784659336	(18,14)
-1.919375585713823261015266589	(18,15)
-2.129001696548373241223482129	(18,16)
-2.336742520446537538657529053	(18,17)
-2.540276546340102254400779037	(18,18)
-2.73736080571986185615799845	(18,19)
-2.925859114907776759456239852	(18,20)
-3.103766664830386262656752712	(18,21)
-3.269230429533661076625704464	(18,22)
-3.420565142634758605224209403	(18,23)
-3.556264879965041193625335434	(18,24)
-3.675010560977471389574460706	(18,25)
-3.775673917094119820017847493	(18,26)
-3.857318652220599932093840934	(18,27)
-3.919199625161585986826698304	(18,28)
-3.96076090849183597809067547	(18,29)
-3.9816335235657605766301339	(18,30)
-0.00298636609801859123294163258	(19,1)
-0.0268281778345576055825278463	(19,2)
-0.074250088390488300474808728	(19,3)
-0.1447298962499204904740812795	(19,4)
-0.2374875815881030985351638448	(19,5)
-0.3514898377077762280070806179	(19,6)
-0.4854570187414746305141827534	(19,7)
-0.6378731248614993108380464717	(19,8)
-0.806999425660522456291511357	(19,9)
-0.9908922111825989414717660674	(19,10)
-1.1874249642125373381485860629	(19,11)
-1.3943149825014743091109689286	(19,12)
-1.609154169797509162074251172	(19,13)
-1.82944339037029515686159782	(19,14)
-2.052629476883888322868435599	(19,15)
-2.276143729199882191476309303	(19,16)
-2.497440570845366316717990422	(19,17)
-2.71403496147242271052957815	(19,18)
-2.923537208199784633854362103	(19,19)
-3.123683974928047845603320375	(19,20)
-3.312364543437479564716362313	(19,21)
-3.487641709946166174221687054	(19,22)
-3.647767074976169166509353918	(19,23)
-3.791190868079291198406868425	(19,24)
-3.916566807376007269970181691	(19,25)
-4.022752795658389183332847448	(19,26)
-4.108808475145974429075660739	(19,27)
-4.173990785401497648995432544	(19,28)
-4.21774868622434384258832694	(19,29)
-4.2397181215264404756690518	(19,30)
-0.00320078744238370995530645719	(20,1)
-0.02875443639126657037356832899	(20,2)
-0.079581102558354417729841042	(20,3)
-0.1551204133953929413910045368	(20,4)
-0.2545343401832668072592350929	(20,5)
-0.3767110448515288886379027921	(20,6)
-0.5202712520112963870970193924	(20,7)
-0.6835780056330317974135911195	(20,8)
-0.8647506503024040915294714454	(20,9)
-1.0616837357207465320186416153	(20,10)
-1.2720712873653501725763003461	(20,11)
-1.4934365365556780350122109073	(20,12)
-1.723166792069324423354639697	(20,13)
-1.958552704395391092077185555	(20,14)
-2.196830768861231521198694804	(20,15)
-2.435227580786172736375800106	(20,16)
-2.671004133911862760883663074	(20,17)
-2.901498370834820232665479967	(20,18)
-3.124164264266236285123073786	(20,19)
-3.336605927123552929350307322	(20,20)
-3.536605597793548638243591205	(20,21)
-3.722144790670336361513406482	(20,22)
-3.891418398046089725046405688	(20,23)
-4.042842030238087084616789541	(20,24)
-4.175053340427025127404235133	(20,25)
-4.286908459200439148217960496	(20,26)
-4.377474931172577589601164406	(20,27)
-4.446022684039212238473850209	(20,28)
-4.49201456305113363312513127	(20,29)
-4.515097836606412030704573	(20,30)
-0.00343283128767726470386807246	(21,1)
-0.03083900555839977518322612468	(21,2)
-0.0853502212438885856050609608	(21,3)
-0.1663646522777412254765862063	(21,4)
-0.2729810634258120361280309198	(21,5)
-0.4040016998380109965003923736	(21,6)
-0.5579378069590750198519392983	(21,7)
-0.73301894076780512287651936	(21,8)
-0.9272072108620926605617278317	(21,9)
-1.1382174201861306659613744161	(21,10)
-1.363543733914852588410845245	(21,11)
-1.600493052832073463626353539	(21,12)
-1.84622472657183312058082134	(21,13)
-2.09779567510192448012389497	(21,14)
-2.352209455322509763447622858	(21,15)
-2.606467375446908500689915282	(21,16)
-2.857619476094286485984432824	(21,17)
-3.102813101043627888557668439	(21,18)
-3.3393368885134729110130695	(21,19)
-3.564658318279375639582925225	(21,20)
-3.776453421071367177280053623	(21,21)
-3.972627846373034992641815044	(21,22)
-4.151329133168823842750040951	(21,23)
-4.310950671718145212940081618	(21,24)
-4.450128423311336074219155748	(21,25)
-4.567731929688677840452647917	(21,26)
-4.662851459408671510253107837	(21,27)
-4.734783286300898221916328093	(21,28)
-4.78301507249483097895580425	(21,29)
-4.8072131464210823250697933	(21,30)
-0.00368295938923054755603821151	(22,1)
-0.03308603312111975710736931894	(22,2)
-0.0915689161166235162908814952	(22,3)
-0.1784849247381296287446419101	(22,4)
-0.2928641782487080067431931989	(22,5)
-0.4334151985641037486394334261	(22,6)
-0.5985292389439331598430666946	(22,7)
-0.7862888770724672138976538444	(22,8)
-0.9944823939095878152665510899	(22,9)
-1.2206252346810680858025209011	(22,10)
-1.4619894224942995640740218056	(22,11)
-1.715641202423687723576962	(22,12)
-1.978486491126747020402798471	(22,13)
-2.2473229684045467171519197	(22,14)
-2.518896956500718293796893809	(22,15)
-2.789962673432399936555045379	(22,16)
-3.057341089259958801589057799	(22,17)
-3.317975507568680717497504306	(22,18)
-3.568981157516384473922826543	(22,19)
-3.807686500954688111533721485	(22,20)
-4.031664590197260394473177028	(22,21)
-4.238753586999576770662788727	(22,22)
-4.427066390401259585458236411	(22,23)
-4.594990135929853323080677638	(22,24)
-4.741177045071996626157366343	(22,25)
-4.864528662023327481859708459	(22,26)
-4.964175875756468189279460829	(22,27)
-5.039457272782832116234570759	(22,28)
-5.08989830313396881352227854	(22,29)
-5.115193488579406018091115	(22,30)
-0.00395150679426762678293610904	(23,1)
-0.03549852852299317191977933602	(23,2)
-0.0982455073721646002864721638	(23,3)
-0.191497393536614202904329418	(23,4)
-0.3142099983521309145308821135	(23,5)
-0.4649899041148560506213791802	(23,6)
-0.6420971917990068822605922523	(23,7)
-0.8434529869088666341800946568	(23,8)
-1.0666538148236507846677244275	(23,9)
-1.3089944751730547522996149146	(23,10)
-1.5675006012027520002864219726	(23,11)
-1.838971307877379725870136735	(23,12)
-2.120031425324816523538288172	(23,13)
-2.407191860306435306197940203	(23,14)
-2.696915739432246744876453026	(23,15)
-2.985687274617277594540583077	(23,16)
-3.270079847724034899254405645	(23,17)
-3.546819700082396168173125343	(23,18)
-3.812841854900494483173357857	(23,19)
-4.065335472911920704781352577	(23,20)
-4.301776679407150886946023775	(23,21)
-4.519947909007527306485629467	(23,22)
-4.717943882394267680899128944	(23,23)
-4.894165346399494503491295288	(23,24)
-5.047302579967208133731328395	(23,25)
-5.176311323182212999178995181	(23,26)
-5.28038418449461371005266065	(23,27)
-5.35892071157738353869046849	(23,28)
-5.41149918792755041306920773	(23,29)
-5.4378528721647252292040167	(23,30)
-0.00423866832177546895844477042	(24,1)
-0.0380782414100060303150700746	(24,2)
-0.1053848276412969302689340188	(24,3)
-0.2054114175672710856887057327	(24,4)
-0.337033651019144548922299271	(24,5)
-0.4987475619633381434523667086	(24,6)
-0.688670217331594894474773931	(24,7)
-0.9045458202747923445725044434	(24,8)
-1.1437598470084307944668732615	(24,9)
-1.4033634353607080976087844226	(24,10)
-1.680109554092693900898921613	(24,11)
-1.970501508956698268891364735	(24,12)
-2.270853179487876562290771033	(24,13)
-2.577359158500623596600132345	(24,14)
-2.886171831965474126601111499	(24,15)
-3.193481537010822196394075028	(24,16)
-3.495595393421481148236201	(24,17)
-3.789010298802769189314656762	(24,18)
-4.070475931942556728099545965	(24,19)
-4.337044384074402908647177642	(24,20)
-4.586104140561006063302798645	(24,21)
-4.815397434411716087485847021	(24,22)
-5.023021339718141883941003892	(24,23)
-5.207414225169362236744028142	(24,24)
-5.367330228005277565197318403	(24,25)
-5.501805157244509013242260879	(24,26)
-5.610117653640769348528815915	(24,27)
-5.691749522889300163210427219	(24,28)
-5.74634894826789658032112245	(24,29)
-5.7736998280093399604137429	(24,30)
-0.00454448747844436421450364768	(25,1)
-0.0408255620615498788668250767	(25,2)
-0.1129879465186950708195592105	(25,3)
-0.2202290155160796180473964968	(25,4)
-0.3613381993466270948028879122	(25,5)
-0.5346920073719273688204725622	(25,6)
-0.7382520052777838608969803108	(25,7)
-0.9695690100486960551661071921	(25,8)
-1.2257967760133497752680895557	(25,9)
-1.5037180104552529493088593308	(25,10)
-1.799784689644572277033725369	(25,11)
-2.110173412471052174315362829	(25,12)
-2.430855051242794369104256459	(25,13)
-2.757676405643318882701763863	(25,14)
-3.086450130517992461737278676	(25,15)
-3.41304808381022916345627021	(25,16)
-3.733492587811170196045586958	(25,17)
-4.044040014801492311091445917	(25,18)
-4.341251618439459956981527391	(25,19)
-4.622047573496907786178170635	(25,20)
-4.883741625969662147424554439	(25,21)
-5.124055413034872328326709648	(25,22)
-5.341113191457485829505675765	(25,23)
-5.533419232619615874838562164	(25,24)
-5.699821361128602462384276128	(25,25)
-5.839464945040752064604304579	(25,26)
-5.951742058997058884395101049	(25,27)
-6.03624055593365784929683228	(25,28)
-6.09269745212053765682694608	(25,29)
-6.1209604257452124527359578	(25,30)
-0.004868847743823860791782319	(26,1)
-0.0437394431077038309706381714	(26,2)
-0.1210519540472748646422869737	(26,3)
-0.2359444447085394171196248725	(26,4)
-0.3871139545170693379045623927	(26,5)
-0.5728081569366303339104097101	(26,6)
-0.7908200123340583696597510984	(26,7)
-1.0384895149277041971101365177	(26,8)
-1.3127166579784306105940507206	(26,9)
-1.6099892057910148111257523721	(26,10)
-1.926427775634359035519528449	(26,11)
-2.257849179191927021558078238	(26,12)
-2.59984710722856697193567138	(26,13)
-2.947887280556462776339898437	(26,14)
-3.297412388732339140773762773	(26,15)
-3.643950746748049505178336975	(26,16)
-3.983221825916946999959951823	(26,17)
-4.311231781798347799523380951	(26,18)
-4.624352825804800654574901987	(26,19)
-4.919381673827068010606029414	(26,20)
-5.193574167921978888909101428	(26,21)
-5.444655261889169468605565055	(26,22)
-5.670805631533895434104061205	(26,23)
-5.870627988177270958826158105	(26,24)
-6.043097573299604067926458791	(26,25)
-6.187502203659161207299638962	(26,26)
-6.303377606074044423358028751	(26,27)
-6.3904436766415469996392135	(26,28)
-6.44854680661594120706173296	(26,29)
-6.4776126375452059051001124	(26,30)
-0.0052114661456796600684908433	(27,1)
-0.0468173418228780131700739071	(27,2)
-0.1295698011914363121057787501	(27,3)
-0.2525438913012599594864183154	(27,4)
-0.4143379717545908995476383441	(27,5)
-0.6130612747346673375897428071	(27,6)
-0.8463244767767115699956551727	(27,7)
-1.1112383816750566071406941962	(27,8)
-1.4044258578741219103658973589	(27,9)
-1.722051517840134754278888806	(27,10)
-2.059872277571390432309085475	(27,11)
-2.413309991023713513550667708	(27,12)
-2.777545013940663883557264285	(27,13)
-3.147627095013483741941763234	(27,14)
-3.51859774862791104916412167	(27,15)
-3.885616558663062774300625031	(27,16)
-4.244082961084649621086694271	(27,17)
-4.589745105108462756202119505	(27,18)
-4.91878840435565947315881122	(27,19)
-5.227898219659550435779111734	(27,20)
-5.514293504480106041221793791	(27,21)
-5.775730865738145329126357141	(27,22)
-6.010481015346116251817357701	(27,23)
-6.217281729879362735957271934	(27,24)
-6.395273007092744740942950264	(27,25)
-6.543921023747638741808081934	(27,26)
-6.662937773532059567318784589	(27,27)
-6.75220298491934689951770711	(27,28)
-6.81169421596175523323792839	(27,29)
-6.841430034048969687767847	(27,30)
-0.0055718890176317929691102813	(28,1)
-0.0500551820262005433884657323	(28,2)
-0.1385301946135054821637892877	(28,3)
-0.2700052665688886795266488896	(28,4)
-0.4429737213008170983034694491	(28,5)
-0.6553965001035283119187333118	(28,6)
-0.9046878003997146503726513247	(28,7)
-1.1877100019257332541984499683	(28,8)
-1.5007842347772282917405452209	(28,9)
-1.839722144783570855018108281	(28,10)
-2.1998827448249035522913268	(28,11)
-2.576255825304409756224372	(28,12)
-2.963570481375491982743244468	(28,13)
-3.356424258284371006845562375	(28,14)
-3.749425643840647084984136656	(28,15)
-4.137340568005156020855974139	(28,16)
-4.515232538697332827324528069	(28,17)
-4.878586230966452051335740671	(28,18)
-5.22340574033066155147683678	(28,19)
-5.546281104254243788400268547	(28,20)
-5.844419732700865316164494898	(28,21)
-6.115642637750734515625445627	(28,22)
-6.358348389990240192351245802	(28,23)
-6.571450214520765004593176136	(28,24)
-6.754293360123319460841903224	(28,25)
-6.906560762489322541790949494	(28,26)
-7.028175133322152458846644328	(28,27)
-7.1192050856988621935555702	(28,28)
-7.17978193716199708021879772	(28,29)
-7.2100325977067383092702253	(28,30)
-0.0059494898107059120336181956	(29,1)
-0.0534473344353053313809293363	(29,2)
-0.1479175425587411901490944321	(29,3)
-0.2882981030427923440307002865	(29,4)
-0.4729709241026042192523437409	(29,5)
-0.6997386216157208731385100373	(29,6)
-0.9658042760248122683473291795	(29,7)
-1.2677618340777157458016814413	(29,8)
-1.6016049351632089346764371453	(29,9)
-1.962760975596396352519635736	(29,10)
-2.346155177901106186778420025	(29,11)
-2.746306449282088309113393718	(29,12)
-3.157453205207026545350362984	(29,13)
-3.57370355841788345982173107	(29,14)
-3.989200874690205633924236711	(29,15)
-4.398293209943093394106442873	(29,16)
-4.79569398930397305857676973	(29,17)
-5.176621680531235689292320315	(29,18)
-5.536908107124363152663030036	(29,19)
-5.873068145488802089489611201	(29,20)
-6.182327374627452660452783516	(29,21)
-6.462608232246766382041207416	(29,22)
-6.712478845116349817706209591	(29,23)
-6.931071536891196822706294896	(29,24)
-7.117979846826824019069437701	(29,25)
-7.273143679960955134407013213	(29,26)
-7.39673207193740338173167504	(29,27)
-7.4890322077095045915012581	(29,28)
-7.55035203653989430334138332	(29,29)
-7.5809423098596402362681323	(29,30)
-0.0063434688280968114843321778	(30,1)
-0.0569866142991774334342486055	(30,2)
-0.157711948595321370570073663	(30,3)
-0.3073835441377887401921985098	(30,4)
-0.5042655416868201642259871277	(30,5)
-0.7459920814371892661756945848	(30,6)
-1.0295401381892663558670036407	(30,7)
-1.3512145596833530384450408714	(30,8)
-1.706654753308551365374615774	(30,9)
-2.090871303479357266206020169	(30,10)
-2.49831830530439216208650186	(30,11)
-2.923003539992254582208299418	(30,12)
-3.35863418148647199071829853	(30,13)
-3.798791092238339411699974921	(30,14)
-4.237120631083647467246336283	(30,15)
-4.667529936819650877360553366	(30,16)
-5.084370390242390968279052174	(30,17)
-5.482594641237913218741646898	(30,18)
-5.857875123187451529199409896	(30,19)
-6.206675950200299071729794745	(30,20)
-6.5262748616338346659009301	(30,21)
-6.81473671618257139349031834	(30,22)
-7.07084428356270599183653034	(30,23)
-7.293995259324200603414651123	(30,24)
-7.484076307361230400015137858	(30,25)
-7.641325528546629258039224891	(30,26)
-7.766194265929537481859958844	(30,27)
-7.85921789924736003690163038	(30,28)
-7.92090359061229093479023868	(30,29)
-7.9516411112911014462155302	(30,30)
-0.0067528547655216309729499693	(31,1)
-0.0606642952531406166745726935	(31,2)
-0.1678892502795610878103348518	(31,3)
-0.3272144215271850082738336554	(31,4)
-0.5367799106938286796787276857	(31,5)
-0.7940411956552660934454617269	(31,6)
-1.0957339163698875345980173505	(31,7)
-1.4378526457026196242548867025	(31,8)
-1.815655019716909853591409864	(31,9)
-2.223701210635430464085224417	(31,10)
-2.655935698165156460973565354	(31,11)
-3.105813832076173468149362436	(31,12)
-3.566470261494514951924146923	(31,13)
-4.030920664605757464687589504	(31,14)
-4.492283221370686690596579527	(31,15)
-4.944002785141883084643280847	(31,16)
-5.380059370876450504271199394	(31,17)
-5.795143665780555892185119524	(31,18)
-6.184785619165727425916849263	(31,19)
-6.545427210687717729333117525	(31,20)
-6.874436384812105321887112094	(31,21)
-7.170064949390018240080654525	(31,22)
-7.431358159642747459175655572	(31,23)
-7.658027200797278702574413527	(31,24)
-7.850297625832601228126054469	(31,25)
-8.008747089749582839612929738	(31,26)
-8.134144763936968797585379363	(31,27)
-8.22730304213656100733852719	(31,28)
-8.28894999639171652390809021	(31,29)
-8.3196288626525993213752945	(31,30)
-0.0071765079601232664088447439	(32,1)
-0.0644701385239079513011015394	(32,2)
-0.1784211003268089735339141057	(32,3)
-0.3477354155123259096572829791	(32,4)
-0.5704230141270262044241795952	(32,5)
-0.843750578419015290875345849	(32,6)
-1.1641970730127197269416447738	(32,7)
-1.5274252873930791524773942438	(32,8)
-1.92828298206545683221391329	(32,9)
-2.360845574588205490860842336	(32,10)
-2.818508652832230829510848182	(32,11)
-3.294133195885091918023321184	(32,12)
-3.78023981077561473590296084	(32,13)
-4.269241469252133166823998449	(32,14)
-4.753698251325925074900884493	(32,15)
-5.226573536006117806035418287	(32,16)
-5.681469709997666821511366767	(32,17)
-6.112823097201443783128201274	(32,18)
-6.516042181998319150455407719	(32,19)
-6.88757953261279604014368279	(32,20)
-7.224935029222372206030174013	(32,21)
-7.52659490330582204908151098	(32,22)
-7.791916727223306034236262258	(32,23)
-8.020974247921217797003708521	(32,24)
-8.214377654975683676341988702	(32,25)
-8.373084710679789360662704152	(32,26)
-8.498216607445198192958261066	(32,27)
-8.59089002395229510960463407	(32,28)
-8.65207416888797682520911692	(32,29)
-8.6824790511600677826695248	(32,30)
-0.0076131252712857026510758579	(33,1)
-0.0683924367958156569951353768	(33,2)
-0.1892750883740806686191933029	(33,3)
-0.3688832946095402825369304919	(33,4)
-0.6050908829450915994004719332	(33,5)
-0.8949657599644900418431282348	(33,6)
-1.2347149115047032157834837174	(33,7)
-1.6196477099582070281653733383	(33,8)
-2.044173646660256014832581638	(33,9)
-2.501848649335587832836881748	(33,10)
-2.98547977357908608610525911	(33,11)
-3.487291548106056297802165879	(33,12)
-3.999149333239940808004216542	(33,13)
-4.512826856471626826075496212	(33,14)
-5.020297986013929443485441447	(33,15)
-5.514028110214067243645448786	(33,16)
-5.987239155180794207385093813	(33,17)
-6.434124618962582571066560809	(33,18)
-6.849996626796898005704587662	(33,19)
-7.231354884034167735713386197	(33,20)
-7.575876113235529990623851104	(33,21)
-7.882330670050224859952173644	(33,22)
-8.150439385960394748931728133	(33,23)
-8.380687624754164462037639678	(33,24)
-8.574114949869294258420053902	(33,25)
-8.732098029018119811385545915	(33,26)
-8.856142087843243763727887979	(33,27)
-8.94769309806277966880303647	(33,28)
-9.00797961045255367263013957	(33,29)
-9.0378902059230596131918142	(33,30)
-0.0080612465318929105831371778	(34,1)
-0.0724180721855689448671867314	(34,2)
-0.2004149017961300041679493343	(34,3)
-0.3905872313012460143498854708	(34,4)
-0.6406671227801138401091680217	(34,5)
-0.9475139902221077651870759405	(34,6)
-1.3070477412699381136247194426	(34,7)
-1.714202809377676695894586094	(34,8)
-2.162922050629506185409973048	(34,9)
-2.646207176327946057187298731	(34,10)
-3.156237188099394949931515374	(34,11)
-3.68455849581186895774638057	(34,12)
-4.222340917414229520813269221	(34,13)
-4.760683986350350267271653103	(34,14)
-5.290949618165997491380209972	(34,15)
-5.805091828793557293236038113	(34,16)
-6.295952984170888944147937933	(34,17)
-6.757499323522433305051606058	(34,18)
-7.184975651121144718392488007	(34,19)
-7.574968774049777727868729113	(34,20)
-7.925379694225910647589040361	(34,21)
-8.235313981253017525339587179	(34,22)
-8.504906814476207948382138807	(34,23)
-8.735103195457097570357786303	(34,24)
-8.92741478863054320919194964	(34,25)
-9.083673287995037123914123341	(34,26)
-9.205796983912690027246635037	(34,27)
-9.29558323546180892095166032	(34,28)
-9.35453563081743815834621159	(34,29)
-9.3837312887558429634474161	(34,30)
-0.00851926251633694168141	(35,1)
-0.0765325878426056961630968358	(35,2)
-0.2118005242286380686946868193	(35,3)
-0.4127691912650684293405189911	(35,4)
-0.6770235611404844247251392914	(35,5)
-1.0012052204817575290873824542	(35,6)
-1.3809322880824397873748291067	(35,7)
-1.810743113718307172624058945	(35,8)
-2.28408593564842844106499654	(35,9)
-2.793373980134400869277693524	(35,10)
-3.330119327216525023844340179	(35,11)
-3.885149612079035917010160216	(35,12)
-4.448900357504914472936839455	(35,13)
-5.011764160465590573516870021	(35,14)
-5.564468160680632095393169443	(35,15)
-6.098445165467686997516652751	(35,16)
-6.606162829397373355799451685	(35,17)
-7.081379703773752047212682302	(35,18)
-7.519305952675283596592181905	(35,19)
-7.916658318022242869888563558	(35,20)
-8.271611279138105195056517761	(35,21)
-8.583657168182932488925663124	(35,22)
-8.853395731138870183621769063	(35,23)
-9.082277568295740628818693177	(35,24)
-9.272326195630205540288221673	(35,25)
-9.425860921531916459138023697	(35,26)
-9.545238438861781985029091305	(35,27)
-9.63262611678428330868135724	(35,28)
-9.6898153617951975706085126	(35,29)
-9.7180797031068023189212192	(35,30)
-0.0089854243719339074287127119	(36,1)
-0.080720272695309448688983486	(36,2)
-0.2233884704599924093704692572	(36,3)
-0.4353443934046510935046229139	(36,4)
-0.7140210104535617612420188962	(36,5)
-1.0558332555307032241096236337	(36,6)
-1.4560833374822799267995505203	(36,7)
-1.908893045727530947024983317	(36,8)
-2.407188792992868374614698964	(36,9)
-2.942762001923957957320519669	(36,10)
-3.506420197556086436224580506	(36,11)
-4.088233237683144512177168772	(36,12)
-4.677865797700943388280770341	(36,13)
-5.264973621134548098133455223	(36,14)
-5.839629679282973211124876459	(36,15)
-6.3927396213261087207274942	(36,16)
-6.91640529996334959551239413	(36,17)
-7.404200999929294285824401167	(36,18)
-7.851338140990176522337956082	(36,19)
-8.25470842393614811862590846	(36,20)
-8.61280989052146918068106906	(36,21)
-8.925572646773303916468666093	(36,22)
-9.194109318931425677192541277	(36,23)
-9.420419010773932826265828337	(36,24)
-9.607072968750627262415549202	(36,25)
-9.756906417172091066308373492	(36,26)
-9.87273549955172949192705629	(36,27)
-9.95711230515485258733692832	(36,28)
-10.01212562281310195798800408	(36,29)
-10.0392509861613634120384837	(36,30)
-0.0094578544545257109571459244	(37,1)
-0.084964258810444646672512923	(37,2)
-0.2351320562063178126284078281	(37,3)
-0.4582218377164423487541415897	(37,4)
-0.7515101418163283407007718634	(37,5)
-1.1111770679269202560373135427	(37,6)
-1.5321955980748647498065750933	(37,7)
-2.008251465938496127669547131	(37,8)
-2.531723247564205428428239433	(37,9)
-3.093748721079608429849687305	(37,10)
-3.684395072536289674956919913	(37,11)
-4.292937699764947025022180034	(37,12)
-4.90823674517604495835429291	(37,13)
-5.519184606594153456307348681	(37,14)
-6.115184585552285045108297036	(37,15)
-6.686613364740868009505439175	(37,16)
-7.225219961755772704334734953	(37,17)
-7.724421380105996479834422798	(37,18)
-8.179468845105200135301241999	(37,19)
-8.587475438068951872814839653	(37,20)
-8.947312780135952493897982394	(37,21)
-9.259398194855334812742494477	(37,22)
-9.525402579264665589568892828	(37,23)
-9.747912458946465126295187769	(37,24)
-9.930078028358648907494600724	(37,25)
-10.075273819379534942437211673	(37,26)
-10.18679172847323272518481525	(37,27)
-10.26757905420645240060004496	(37,28)
-10.32002812479616751634050842	(37,29)
-10.3458196894772968791304966	(37,30)
-0.0099345584985919007611847124	(38,1)
-0.0892466307392701332308701761	(38,2)
-0.2469817010243566302414134504	(38,3)
-0.4813048975189863495681957034	(38,4)
-0.7893324634862209455693104873	(38,5)
-1.1670022648266560393079397466	(38,6)
-1.6089457697664630684499794394	(38,7)
-2.108394473249333840961592921	(38,8)
-2.657154745715994251210285042	(38,9)
-3.245680912019118529299159082	(38,10)
-3.863266523700295707145283889	(38,11)
-4.498358835687494619358590448	(38,12)
-5.138983296582887462452344142	(38,13)
-5.773246454000819786706323974	(38,14)
-6.389870721373593642745606361	(38,15)
-6.978706301984887610422778776	(38,16)
-7.531166275498367655864033869	(38,17)
-8.0405404946462255114858766	(38,18)
-8.502160509678518597800153962	(38,19)
-8.913407712754242517845835499	(38,20)
-9.27357624546880618437278456	(38,21)
-9.58361749360132356925355186	(38,22)
-9.845802126573951429198979194	(38,23)
-10.063338192019850090389717026	(38,24)
-10.239980731685001242976945385	(38,25)
-10.3796615950903825445307613	(38,26)
-10.48615968583141122739957285	(38,27)
-10.56282361339547205867367663	(38,28)
-10.61235192181694303441515272	(38,29)
-10.6366313824940165833080146	(38,30)
-0.0104134390388430003245717354	(39,1)
-0.0935485461038436475441399471	(39,2)
-0.25888526228510819783308529	(39,3)
-0.5044919719264266813338080886	(39,4)
-0.8273213970929661404571153963	(39,5)
-1.2230626962494419777000668194	(39,6)
-1.685994799921791237018632244	(39,7)
-2.208878437349946565643338569	(39,8)
-2.782925508718290128385690257	(39,9)
-3.397879680202014086482521116	(39,10)
-4.042230711838939371390213451	(39,11)
-4.703567709342092012166364949	(39,12)
-5.369055425240783674320297104	(39,13)
-6.025996550514353996794061591	(39,14)
-6.662425983742271697657957294	(39,15)
-7.267674275817379204268898177	(39,16)
-7.832839143438192142116212253	(39,17)
-8.351116019566899824445546574	(39,18)
-8.817958476950099860651469507	(39,19)
-9.231062697946591330388388642	(39,20)
-9.590192180242257568626353967	(39,21)
-9.896875618820189235742983054	(39,22)
-10.154020186265182276968984235	(39,23)
-10.365484028587739620264106669	(39,24)
-10.535647112084166847309170098	(39,25)
-10.669010924840146270950776037	(39,26)
-10.76984744086214354657321734	(39,27)
-10.8419082694532176331847713	(39,28)
-10.88819740639293032230944754	(39,29)
-10.9108061045150280462773504	(39,30)
-0.0108923099854683436557835687	(40,1)
-0.0978503665441250538021415166	(40,2)
-0.2707883977639890519167049475	(40,3)
-0.5276771937365880653798253423	(40,4)
-0.8653034434015231613163624152	(40,5)
-1.2791021920084520243344095038	(40,6)
-1.762990308259415268527901301	(40,7)
-2.309243234770122538493763381	(40,8)
-2.90845871090965648095895407	(40,9)
-3.549645718823340294242392231	(40,10)
-4.220463856049750776761048987	(40,11)
-4.907618408431902451497807561	(40,12)
-5.597392182141222894776712912	(40,13)
-6.276270946175801786826867234	(40,14)
-6.931600263499181953311349339	(40,15)
-7.552202129508333422209780264	(40,16)
-8.12888277584429523592548807	(40,17)
-8.654777889908930032776383285	(40,18)
-9.125505066203119044688729888	(40,19)
-9.539120304090471987938762155	(40,20)
-9.895900168471792749882212866	(40,21)
-10.197989378241386992975515134	(40,22)
-10.448962798731737074271329543	(40,23)
-10.653351166991836615078060763	(40,24)
-10.816173290296369697823673202	(40,25)
-10.942506787206765534055435126	(40,26)
-11.03711758818978695636499415	(40,27)
-11.1041576878254538386913111	(40,28)
-11.14693247437544649562440016	(40,29)
-11.1677339231838530089785831	(40,30)
-0.011368912240125054640101354	(41,1)
-0.1021317980110149114531254111	(41,2)
-0.2826349540294324642452359268	(41,3)
-0.5507511871821567553996716	(41,4)
-0.9030994282978464647686951408	(41,5)
-1.3348564128940832136151217462	(41,6)
-1.839569159212533375278951868	(41,7)
-2.409015657950070733709886072	(41,8)
-3.033162839296351648485071501	(41,9)
-3.700264726153606962513403016	(41,10)
-4.397128799173441125258122473	(41,11)
-5.109555815028896269160859014	(41,12)
-5.822930673424599075858396726	(41,13)
-6.522914460568036811036891018	(41,14)
-7.196166502213593661425397499	(41,15)
-7.831015420779452310019616684	(41,16)
-8.418002655879541332575457264	(41,17)
-8.950240015034618853780677468	(41,18)
-9.423550480027845627560047536	(41,19)
-9.836392428869870172769975735	(41,20)
-10.189595103469977739115950823	(41,21)
-10.485952587221510737701581271	(41,22)
-10.729732449299276174030169695	(41,23)
-10.926154025838748347349985906	(41,24)
-11.080882550153427215251202959	(41,25)
-11.199572457175024899370119745	(41,26)
-11.28747950203933328558500066	(41,27)
-11.34914937673992241646462055	(41,28)
-11.38818174464390320364141936	(41,29)
-11.4070635167558364432514951	(41,30)
-0.0118409302252467031410848815	(42,1)
-0.1063720392602095446209415709	(42,2)
-0.2943673774528216719494016782	(42,3)
-0.5736018693029261286917971765	(42,4)
-0.9405258185711502388989337739	(42,5)
-1.3900548001729249469282364133	(42,6)
-1.915360158608800503358968617	(42,7)
-2.507712964752706049097839462	(42,8)
-3.156436189749433036807345109	(42,9)
-3.849012923066711278385911999	(42,10)
-4.571381590083540149259073842	(42,11)
-5.308423247985460141161268496	(42,12)
-6.044614689906860776882458241	(42,13)
-6.764790137756750432878596509	(42,14)
-7.454930706860787255036530181	(42,15)
-8.102890621912030180273799921	(42,16)
-8.698975452595374496003143539	(42,17)
-9.236309360751101513995736368	(42,18)
-9.710960482094984780114680619	(42,19)
-10.121828677738142775660193401	(42,20)
-10.470330470161616939316558497	(42,21)
-10.759936548279752055569109518	(42,22)
-10.995625528393657744804449918	(42,23)
-11.183314631817665285032447858	(42,24)
-11.329316764563604638714770208	(42,25)
-11.43985823124206276162177017	(42,26)
-11.52067574998494780166140733	(42,27)
-11.57669828130926566023463116	(42,28)
-11.61180990002371341718304475	(42,29)
-11.6286848766276735509341165	(42,30)
-0.0123060091859388565806754285	(43,1)
-0.1105499372822683580465510406	(43,2)
-0.3059271443337813382547223882	(43,3)
-0.596115288067467619062750386	(43,4)
-0.9773960960764485721758990023	(43,5)
-1.4444226061209472596155100487	(43,6)
-1.989986849950805767240726797	(43,7)
-2.604846534347117747946593831	(43,8)
-3.277671454122670712011840039	(43,9)
-3.995162611071509013889888831	(43,10)
-4.7423780070645860433953249	(43,11)
-5.503269884410604531528106435	(43,12)
-6.261402880104862707241493398	(43,13)
-7.000787929872073950786891249	(43,14)
-7.706740800686705747643238007	(43,15)
-8.366663696563697587927470484	(43,16)
-8.970656803622201355610253443	(43,17)
-9.511892373352250126734497744	(43,18)
-9.986720899150548129165677834	(43,19)
-10.394518431742291603846509505	(43,20)
-10.737317564691396440515862417	(43,21)
-11.019286142865686138163221205	(43,22)
-11.246125171584588569610778436	(43,23)
-11.424452244934195640469450976	(43,24)
-11.561222994343817506939064983	(43,25)
-11.663225320087586490002622096	(43,26)
-11.73666370629820160226905888	(43,27)
-11.7868366245465310372183198	(43,28)
-11.81790031851228494238031369	(43,29)
-11.8327073255812768515643461	(43,30)
-0.0127617731120374479323756159	(44,1)
-0.114644148299373127417642849	(44,2)
-0.317255206346600542588599163	(44,3)
-0.6181764898240052508055451786	(44,4)
-1.0135221780110790491521916678	(44,5)
-1.497682987192215376853079696	(44,6)
-2.063070384360210117797307989	(44,7)
-2.699925594444607205453124292	(44,8)
-3.39626035259593814464466037	(44,9)
-4.137987713101097435563053921	(44,10)
-4.909279951861743767438296735	(44,11)
-5.693157878064535238851529123	(44,12)
-6.472276376399334288887155329	(44,13)
-7.229832517858361964378729696	(44,14)
-7.950494229106580229486549187	(44,15)
-8.621236998368865166252872266	(44,16)
-9.231986958580724948364316345	(44,17)
-9.775998804569862896591996364	(44,18)
-10.249939096303758324648136766	(44,19)
-10.653689521534144093796627658	(44,20)
-10.989921035126151129487825739	(44,21)
-11.263512052862636209874745739	(44,22)
-11.480890132452025733089620232	(44,23)
-11.649369004421849225532374327	(44,24)
-11.776536162404595779933621238	(44,25)
-11.869725914924010124447239056	(44,26)
-11.93559345590889320670955984	(44,27)
-11.97979015072283970775313985	(44,28)
-12.00673019336717158978792472	(44,29)
-12.0194340718744763933813617	(44,30)
-0.0132058431181111792703922385	(45,1)
-0.1186333028713936518304169172	(45,2)
-0.3282924472727321142571973956	(45,3)
-0.6396704082055802474452093629	(45,4)
-1.0487158703482984548885030161	(45,5)
-1.549559140557463580036293047	(45,6)
-2.134232437407472399066900098	(45,7)
-2.792460984473251812491790752	(45,8)
-3.51159826631459379640107482	(45,9)
-4.27676924231747787279154783	(45,10)
-5.07126165069128131832066823	(45,11)
-5.877169104750732262967824468	(45,12)
-6.676245803753298410725314086	(45,13)
-7.450890207263466546602022368	(45,14)
-8.18514428003696005650697613	(45,15)
-8.865584489033386964634360762	(45,16)
-9.481994338684288578455311983	(45,17)
-10.027743070999437670329012522	(45,18)
-10.499842656255679799699297268	(45,19)
-10.898703850678637778068444195	(45,20)
-11.227651208780667309933238666	(45,21)
-11.492279703284422268682633458	(45,22)
-11.699740402642602696542786365	(45,23)
-11.858032423826185772711988829	(45,24)
-11.975358732717231400056743417	(45,25)
-12.059580441867633618857084682	(45,26)
-12.11778307085659210625303156	(45,27)
-12.15595190288101914139547018	(45,28)
-12.1787433066278407970042873	(45,29)
-12.1893344799283444073840559	(45,30)
-0.0136358561114606023712190252	(46,1)
-0.1224961735845785258006476486	(46,2)
-0.3389801467950380306255492767	(46,3)
-0.6604827662613805379067679432	(46,4)
-1.0827903409505772863709899697	(46,5)
-1.599776464141373189068270137	(46,6)
-2.203098145589218070444315776	(46,7)
-2.881968919415809208256188678	(46,8)
-3.623088826879793802220542516	(46,9)
-4.41080064810690141036933504	(46,10)
-5.227515606276442665310080099	(46,11)
-6.054411478094378243378058705	(46,12)
-6.872357620993373869970995422	(46,13)
-7.662974866333633760384997537	(46,14)
-8.409705117201526780952432598	(46,15)
-9.098755322499719104149395138	(46,16)
-9.719797125307562741275362363	(46,17)
-10.266343344630297182836218899	(46,18)
-10.73577555797112999059106928	(46,19)
-11.129050373113722128059651291	(46,20)
-11.450153725049916704558234928	(46,21)
-11.705395557574373735894027093	(46,22)
-11.902640315901308657937004422	(46,23)
-12.050555565871166505914216924	(46,24)
-12.157938304169748523831567039	(46,25)
-12.23315297847841893503068298	(46,26)
-12.28369228219605690704068041	(46,27)
-12.31585459217007680045338006	(46,28)
-12.33452153577020009263343218	(46,29)
-12.3430151479575753400948712	(46,30)
-0.0140494835725964075497642052	(47,1)
-0.1262118437462890763054061088	(47,2)
-0.3492604469939313715025709236	(47,3)
-0.6805009833381609186895873515	(47,4)
-1.1155615985391981317800705806	(47,5)
-1.64806471994435491012344392	(47,6)
-2.269299035125593252431588479	(47,7)
-2.967974719669787860751694115	(47,8)
-3.730148421354376205050573797	(47,9)
-4.539392993087542018208264143	(47,10)
-5.377258253490399889033754546	(47,11)
-6.224024792966210199354309937	(47,12)
-7.059699765287956921962232441	(47,13)
-7.865152902070178821914588033	(47,14)
-8.623255561353780396427631251	(47,15)
-9.319875885335597968813548703	(47,16)
-9.944603038915508439389977938	(47,17)
-10.491118621343767269573293386	(47,18)
-10.957192197667266580351892884	(47,19)
-11.344335869056086533461628737	(47,20)
-11.657197019080703385009863077	(47,21)
-11.902791405945079340016590283	(47,22)
-12.089679861189204952096235329	(47,23)
-12.227175693541386700793121304	(47,24)
-12.32464397255704864546979557	(47,25)
-12.390925728433614536221780752	(47,26)
-12.43389547352522385053045609	(47,27)
-12.46014250503346661519755206	(47,28)
-12.47475605126665428629381189	(47,29)
-12.4811907556997981780473894	(47,30)
-0.0144444502693043594684284945	(48,1)
-0.1297598754790124323454585057	(48,2)
-0.3590768171046113519352823782	(48,3)
-0.6996150780940286345909476354	(48,4)
-1.1468499635248449429783390682	(48,5)
-1.694160180347875764245424426	(48,6)
-2.332475916009025964541079615	(48,7)
-3.050016473364418858634815776	(48,8)
-3.832210574072895022760675812	(48,9)
-4.661879920121818146964571723	(48,10)
-5.519735280106746516011366594	(48,11)
-6.385186067722474913766865349	(48,12)
-7.237406590391983791470472799	(48,13)
-8.056547296354145370798381881	(48,14)
-8.824941686935242468461375268	(48,15)
-9.528150420669158847357631946	(48,16)
-10.15570750873688284161255467	(48,17)
-10.701484051160305188938903615	(48,18)
-11.163649625176671804839172567	(48,19)
-11.544273982201267565506894794	(48,20)
-11.848658204003522211756058858	(48,21)
-12.084507269790605670914063378	(48,22)
-12.261054890472954784684259243	(48,23)
-12.388232131342026485175892225	(48,24)
-12.475942229185534815886678738	(48,25)
-12.533473345206595395665945735	(48,26)
-12.56905479989444874084335665	(48,27)
-12.58954375833266406149364054	(48,28)
-12.60021901760776122659918171	(48,29)
-12.6046554954850560863905669	(48,30)
-0.0148185527242197706780049465	(49,1)
-0.1331204755963813134828757722	(49,2)
-0.36837451206798629646760569	(49,3)
-0.7177185589905466821515838371	(49,4)
-1.1764815167023892561091662264	(49,5)
-1.737807737260731986616807614	(49,6)
-2.392281714815368557351255025	(49,7)
-3.127648599025044355833110694	(49,8)
-3.928730169562159350718410178	(49,9)
-4.777622373810000983020905318	(49,10)
-5.654226583142645586585879884	(49,11)
-6.537114369895440347747743379	(49,12)
-7.404663107822599000750777221	(49,13)
-8.236340747975342353298006361	(49,14)
-9.013978329614989496690944993	(49,15)
-9.722860393051199811436884702	(49,16)
-10.352490462565546088475362161	(49,17)
-10.896944837874852904152896645	(49,18)
-11.354798382919157896014551549	(49,19)
-11.728672981113193370085161838	(49,20)
-12.024507881564100297993697733	(49,21)
-12.250673506692051289813291688	(49,22)
-12.417046846284711188263078407	(49,23)
-12.534143988291236511220812124	(49,24)
-12.612373061573120341151983493	(49,25)
-12.661437774380382354482952711	(49,26)
-12.68989409945142755879506377	(49,27)
-12.70484356446017960230773392	(49,28)
-12.7117364544785968158187424	(49,29)
-12.7142557400870891336504844	(49,30)
-0.0151696772568048471039104661	(50,1)
-0.1362746576527693591806486678	(50,2)
-0.3771010204346457391020199103	(50,3)
-0.7347092936756481240481333385	(50,4)
-1.2042895119759509173006737683	(50,5)
-1.77876295435254260042629942	(50,6)
-2.448384220655776076236694731	(50,7)
-3.200445278244629565277058299	(50,8)
-4.019187484167433272937605943	(50,9)
-4.886013046533286139607717639	(50,10)
-5.780050840014249778397957871	(50,11)
-6.679075122545189107228340409	(50,12)
-7.560708556833118283879513304	(50,13)
-8.40377798680749474400615853	(50,14)
-9.18964962288900824940704512	(50,15)
-9.903362774259060780354404671	(50,16)
-10.534411985231212366260280097	(50,17)
-11.077089027390252608231051381	(50,18)
-11.530372334727430570798797043	(50,19)
-11.897422692256647992485869597	(50,20)
-12.184794377167978449040546068	(50,21)
-12.401492646582357914682905258	(50,22)
-12.558002559632697165728514452	(50,23)
-12.665388299917324556462692572	(50,24)
-12.734526809488832616324895936	(50,25)
-12.775504156559610060179956106	(50,26)
-12.79717412502818014884591008	(50,27)
-12.8068590189950262337489334	(50,28)
-12.81016275908599764362846056	(50,29)
-12.8108644420226129299055123	(50,30)
-0.0154958174236876561837751312	(51,1)
-0.1392043985856780430756560371	(51,2)
-0.3852064972597896223037843399	(51,3)
-0.7504903488356466961343974443	(51,4)
-1.230115739599679356327763273	(51,5)
-1.816794043223233247745350364	(51,6)
-2.500468719767973873368953792	(51,7)
-3.268003730037346636876564071	(51,8)
-4.103091997419801599586099515	(51,9)
-4.986480524619824834613089116	(51,10)
-5.896569681924001232904452388	(51,11)
-6.810383899796264258620107953	(51,12)
-7.70483934342679300895951865	(51,13)
-8.55816734302777987625593308	(51,14)
-9.351308699173706613796352364	(51,15)
-10.069087445304933090345126973	(51,16)
-10.701007104173077843451357996	(51,17)
-11.241579504871568799595090931	(51,18)
-11.690177859895126379441702202	(51,19)
-12.050481024550566551247330137	(51,20)
-12.329627850053825970211012506	(51,21)
-12.53722142578205001959376781	(51,22)
-12.684314586784199119262128675	(51,23)
-12.782479047633974581894242637	(51,24)
-12.843022215930331190519062227	(51,25)
-12.876378206964641190290868533	(51,26)
-12.89166948741938122868993373	(51,27)
-12.89641578102679649732189426	(51,28)
-12.89635724369547858513314005	(51,29)
-12.8953576098201750331348348	(51,30)
-0.0157950906864017941044508514	(52,1)
-0.141892788415861123594807256	(52,2)
-0.3926441777552726476864015156	(52,3)
-0.7649707923551531379177966267	(52,4)
-1.25381182688640848585794023	(52,5)
-1.85168374515511231838984124	(52,6)
-2.54824049558325206769382476	(52,7)
-3.329947300745107898309706214	(52,8)
-4.179985957660698715201138396	(52,9)
-5.078493115452809129384937958	(52,10)
-6.003191464321107667169541147	(52,11)
-6.930409729829155061057611557	(52,12)
-7.836411400378260732727739282	(52,13)
-8.698881666938642607917386642	(52,14)
-9.498376702562395036068694399	(52,15)
-10.219533918104395942303666035	(52,16)
-10.851879962067526248178284406	(52,17)
-11.390145512428872461659528366	(52,18)
-11.834082766545045159095766147	(52,19)
-12.187860469023083369788239605	(52,20)
-12.459164676844444402369274314	(52,21)
-12.658153416948927487270304832	(52,22)
-12.796402469546493758713021238	(52,23)
-12.885947416480174149259357064	(52,24)
-12.938486003951898712627880514	(52,25)
-12.964765370150797255181447705	(52,26)
-12.97414757776538960278877361	(52,27)
-12.97432688727417070640644836	(52,28)
-12.97116291052783566717593638	(52,29)
-12.9685930734838832363166406	(52,30)
-0.0160657541425639917527962745	(53,1)
-0.1443241715330696430552832705	(53,2)
-0.3993707676403872250584207983	(53,3)
-0.7780664499737095566196007801	(53,4)
-1.275240463940271061259358948	(53,5)
-1.883231101068326801283730174	(53,6)
-2.591427172625766887254291862	(53,7)
-3.385928345683541847490777827	(53,8)
-4.24944767986069771849136757	(53,9)
-5.161562341177361953577157532	(53,10)
-6.099374635722829525145979185	(53,11)
-7.038577931551280193947331818	(53,12)
-7.95484202910788592632593412	(53,13)
-8.825358703526266400644824971	(53,14)
-9.6303412667839733296784674	(53,15)
-10.354267581952102953617904617	(53,16)
-10.986697630707522509779836532	(53,17)
-11.522573983167544615495470023	(53,18)
-11.962005250264023768387397506	(53,19)
-12.309614915373812823665846501	(53,20)
-12.573592450976292149388731689	(53,21)
-12.764602583887740680294140916	(53,22)
-12.894695222640259988255120924	(53,23)
-12.976323561171263788052855218	(53,24)
-13.021534211332664180898689889	(53,25)
-13.041351943549206106403405604	(53,26)
-13.04534962768379619855060323	(53,27)
-13.0413738297795307468168176	(53,28)
-13.03538757334173289987346069	(53,29)
-13.0313916378900941282019193	(53,30)
-0.0163062191653310258315142762	(54,1)
-0.1464842781744368967237945035	(54,2)
-0.4053468063528481913729019179	(54,3)
-0.7897006090615762434948029846	(54,4)
-1.294276542699718280476328603	(54,5)
-1.911253093431887309596928959	(54,6)
-2.629780884270471637683948475	(54,7)
-3.435630881094453429678354503	(54,8)
-4.311094556846634275614680677	(54,9)
-5.235246088973576677787491122	(54,10)
-6.184630711508536817756174565	(54,11)
-7.13437251718831257821674734	(54,12)
-8.059611290192239545170783354	(54,13)
-8.937101030438907486911495506	(54,14)
-9.746754613226851243168322537	(54,15)
-10.472915675847369981602697881	(54,16)
-11.105183808515560961500412989	(54,17)
-11.638700965908356891660701405	(54,18)
-12.073903191290924266833255336	(54,19)
-12.415827082895529098930599471	(54,20)
-12.67311588478598820258674311	(54,21)
-12.85688802418933687549588061	(54,22)
-12.979615277204988700855803897	(54,23)
-13.054120069220152115478622661	(54,24)
-13.092755429188525358464824998	(54,25)
-13.106788274636500709545562084	(54,26)
-13.10597397522118527777616392	(54,27)
-13.09828993560384166379046048	(54,28)
-13.08978734339458944186819775	(54,29)
-13.0845206311610122867163484	(54,30)
-0.016515064806462447980262011	(55,1)
-0.1483603447967341413940569741	(55,2)
-0.4105369995425079931496744567	(55,3)
-0.7998046626479826693694845692	(55,4)
-1.310808198422906719885510248	(55,5)
-1.935586145152218580890774189	(55,6)
-2.663080246174791302045775513	(55,7)
-3.478772987370220760400601124	(55,8)
-4.364585768216178748934353334	(55,9)
-5.299151411558968656413477569	(55,10)
-6.258526863405938966089045535	(55,11)
-7.217338197043990105174677283	(55,12)
-8.150263012303398267303076963	(55,13)
-9.033675668762824493401780123	(55,14)
-9.847231420602489259400693534	(55,15)
-10.575163178605218267080031571	(55,16)
-11.207112627417818734340962329	(55,17)
-11.73840338935692259224651449	(55,18)
-12.169764048484297475127571267	(55,19)
-12.506596818717897163406076564	(55,20)
-12.757943847969409688309790973	(55,21)
-12.93532010247306421837363146	(55,22)
-13.051564043920571498787873767	(55,23)
-13.119817240803822212149872492	(55,24)
-13.152696019665942788519942944	(55,25)
-13.161674064986121479087346037	(55,26)
-13.15666153340387803392495293	(55,27)
-13.14574601631800788302579576	(55,28)
-13.13505242752663747210579907	(55,29)
-13.1286797855257665986153857	(55,30)
-0.016691049830345271691940456	(56,1)
-0.149941222151786423435657606	(56,2)
-0.4149105175692047223749962778	(56,3)
-0.8083186874165028017884178486	(56,4)
-1.324737743696516811801712669	(56,5)
-1.956087461851096037004548755	(56,6)
-2.69113211907977310041839269	(56,7)
-3.515108946893476679601142213	(56,8)
-4.409624674022489271390538248	(56,9)
-5.352936974609826839504837555	(56,10)
-6.320688138235872422987334811	(56,11)
-7.287082024676199775635370863	(56,12)
-8.226405489549417781617314361	(56,13)
-9.114713473079786872420597482	(56,14)
-9.931446610431121463578140559	(56,15)
-10.660748795396190224185298816	(56,16)
-11.292302774476432383330710157	(56,17)
-11.821591386488237627091655231	(56,18)
-12.249595572599147660961541521	(56,19)
-12.582030473628444647417312141	(56,20)
-12.828277727655694510196624826	(56,21)
-13.000188124381226977915952374	(56,22)
-13.110909204186882730281358941	(56,23)
-13.173850249204067410690321055	(56,24)
-13.201847332509461897527647697	(56,25)
-13.206545760486532173860555943	(56,26)
-13.19798340599407325580898161	(56,27)
-13.18433820469041159138551155	(56,28)
-13.1717951371131186540252714	(56,29)
-13.1644893399431834937694793	(56,30)
-0.016833123259764074589316575	(57,1)
-0.1512174699949249612662256226	(57,2)
-0.4184412570591750436486801363	(57,3)
-0.8151919500269031439044876566	(57,4)
-1.335982486090023940457675369	(57,5)
-1.972636205437520035906302048	(57,6)
-2.713773146625318940064733608	(57,7)
-3.544431102163710303819018937	(57,8)
-4.445960882822793038231167199	(57,9)
-5.396315150124973036049669002	(57,10)
-6.37079932107411705989743212	(57,11)
-7.343274720795512083024613087	(57,12)
-8.287711934711416152858820496	(57,13)
-9.179908401142306964744924342	(57,14)
-9.999133181584192221064278691	(57,15)
-10.729461202674920440152234201	(57,16)
-11.360612110711811516475841992	(57,17)
-11.88820137065602017261741136	(57,18)
-12.313417526438930951156064729	(57,19)
-12.642231526175369218680449475	(57,20)
-12.884301252699560162717361991	(57,21)
-13.051749657406817283910368527	(57,22)
-13.157973793898341192792174794	(57,23)
-13.216598203238224065929752413	(57,24)
-13.240634900308357061925802334	(57,25)
-13.241865969933160220844393671	(57,26)
-13.23043056091897901549301766	(57,27)
-13.21457786440589474328541975	(57,28)
-13.20053997696040088755580473	(57,29)
-13.1924802250930305567915382	(57,30)
-0.0169404333288692186685576522	(58,1)
-0.1521814374880695442117027829	(58,2)
-0.4211080629377948917890461868	(58,3)
-0.8203833368234256546731825616	(58,4)
-1.344475421698473269423822551	(58,5)
-1.985134488457252043008237798	(58,6)
-2.730871055821532275740053083	(58,7)
-3.56657142214147026314276863	(58,8)
-4.473391985891519201809899754	(58,9)
-5.429053756406080352608386338	(58,10)
-6.408606458377201196347232959	(58,11)
-7.385651712433483435407556532	(58,12)
-8.333920750972701359020656558	(58,13)
-9.229016754480867553507622192	(58,14)
-10.050080213167415968648511095	(58,15)
-10.781135694115098288000175933	(58,16)
-11.411932944831030044181379652	(58,17)
-11.938190025410069233907888987	(58,18)
-12.361254566185090645162216774	(58,19)
-12.687292590209716115456953187	(58,20)
-12.92617188860425199090103823	(58,21)
-13.09022156940724374425367543	(58,22)
-13.193027111463473845639207344	(58,23)
-13.248375103560648007153111513	(58,24)
-13.269409566613220206997692359	(58,25)
-13.268014832623761624825963949	(58,26)
-13.25440545400586231132940656	(58,27)
-13.23688344392232992086103516	(58,28)
-13.22171567070397791083315379	(58,29)
-13.2130861799721617512933968	(58,30)
-0.0170123347545435632516644922	(59,1)
-0.152827328500414374959139336	(59,2)
-0.4228949087460158717617992903	(59,3)
-0.8238617027383660774755086091	(59,4)
-1.350165798006162727371465542	(59,5)
-1.993508180354219182290968804	(59,6)
-2.742325709848384560995738387	(59,7)
-3.581402766920284457250633751	(59,8)
-4.491764951306656533072139002	(59,9)
-5.45097744633406892323916099	(59,10)
-6.433918055896662374671355218	(59,11)
-7.414013920525420455612164371	(59,12)
-8.364835677692957156110072924	(59,13)
-9.26185646976853764981278959	(59,14)
-10.084131138611704778626944257	(59,15)
-10.815651348812070216831912371	(59,16)
-11.446188093815161002313052258	(59,17)
-11.971529340893343007426260372	(59,18)
-12.39313040721442479788175302	(59,19)
-12.717288909840589127119195509	(59,20)
-12.954013879801815151067264119	(59,21)
-13.115772828956632347096253092	(59,22)
-13.216277459135166854483081244	(59,23)
-13.26942266693457973523338201	(59,24)
-13.288440488361102017042646685	(59,25)
-13.285283247661654393897464791	(59,26)
-13.27021549199546308468425175	(59,27)
-13.25157414533411177126919816	(59,28)
-13.23564898141436573938710721	(59,29)
-13.2266376527020846042571275	(59,30)
-0.0170483942540241128342208163	(60,1)
-0.1531512511592088602551147908	(60,2)
-0.4237910334595741031851774692	(60,3)
-0.8256061359891731542471024132	(60,4)
-1.353019540749652804011194242	(60,5)
-1.997707518485757011411014592	(60,6)
-2.748069904906754723742420272	(60,7)
-3.588839842934545268100257736	(60,8)
-4.500977173249492278177133365	(60,9)
-5.461968746045694683727261025	(60,10)
-6.44660596450155985776359001	(60,11)
-7.428228324220648661940809201	(60,12)
-8.380325856911720538608080537	(60,13)
-9.278306527231665610405516206	(60,14)
-10.101182375460129661125643545	(60,15)
-10.832928820188749324053502221	(60,16)
-11.463327836027161730925155088	(60,17)
-11.98820280140372174217484807	(60,18)
-12.409063369205521458838049457	(60,19)
-12.732273418887314035128335423	(60,20)
-12.967912992426051316170345529	(60,21)
-13.128519092729260962699984786	(60,22)
-13.227866713264432416965216898	(60,23)
-13.279904985012911217048971174	(60,24)
-13.297909952300977726505600372	(60,25)
-13.293867881269756357085691968	(60,26)
-13.27806823197783994330356407	(60,27)
-13.25886529086869545485260307	(60,28)
-13.24256020033040341933990975	(60,29)
-13.2333573536146683960029928	(60,30)