b^3^2_2_(sigma,mu)
5.0036441703945791580979e-6	(1,1)
5.0033944930018081070633e-6	(1,2)
5.0017109511448404993751e-6	(1,3)
4.9962913740758512915452e-6	(1,4)
4.9838482894596424289484e-6	(1,5)
4.9603076641311907407398e-6	(1,6)
4.9210708937184899836908e-6	(1,7)
4.8613328669662895576583e-6	(1,8)
4.776442861662239612883e-6	(1,9)
4.6622880680521424502271e-6	(1,10)
4.5156729136383165578177e-6	(1,11)
4.3346625100092685579392e-6	(1,12)
4.1188568090334265175697e-6	(1,13)
3.8695644316292934168709e-6	(1,14)
3.5898520090169678150097e-6	(1,15)
3.2844559067322580238203e-6	(1,16)
2.9595572847600180138961e-6	(1,17)
2.6224368486185480179162e-6	(1,18)
2.2810402402786432838327e-6	(1,19)
1.9434966135458437900767e-6	(1,20)
1.6176396382431168474224e-6	(1,21)
1.3105807061493660880909e-6	(1,22)
1.0283780599935967494965e-6	(1,23)
7.758335036604622807827e-7	(1,24)
5.564317810010094480434e-7	(1,25)
3.72418874954440401269e-7	(1,26)
2.2499703732769805936129e-7	(1,27)
1.1459898921496767656116e-7	(1,28)
4.119371367019934119788e-8	(1,29)
4.5731207738303756814e-9	(1,30)
0.0000452595376340292520569879	(2,1)
0.0000452572793540284499801335	(2,2)
0.0000452420520684893098401542	(2,3)
0.0000451930331202028129885459	(2,4)
0.0000450804879930963833873754	(2,5)
0.0000448675678567169833320898	(2,6)
0.0000445126791597477374768665	(2,7)
0.0000439723603783692555992822	(2,8)
0.000043204546139474466979005	(2,9)
0.000042172035986417526542345	(2,10)
0.0000408459251694754587131815	(2,11)
0.0000392087109540720984923087	(2,12)
0.0000372567722662956321023487	(2,13)
0.0000350019419835415077350921	(2,14)
0.0000324719533695967425708357	(2,15)
0.0000297096419086322700503616	(2,16)
0.0000267709111543882068502098	(2,17)
0.0000237216104950162779599336	(2,18)
0.0000206336047156908429662673	(2,19)
0.0000175804201071868220834534	(2,20)
0.0000146329124575156531319002	(2,21)
0.0000118554070451360583978196	(2,22)
9.3027060264874076055073e-6	(2,23)
7.0182495219772085084551e-6	(2,24)
5.0335668534682129085071e-6	(2,25)
3.3689840540748590602434e-6	(2,26)
2.03538700558487860554668e-6	(2,27)
1.03670056492987078999303e-6	(2,28)
3.7265344533123881403266e-7	(2,29)
4.137020896534395675075e-8	(2,30)
0.0001269866996948596152430562	(3,1)
0.0001269803659862622598332133	(3,2)
0.0001269376586173163831423103	(3,3)
0.000126800177059597717282234	(3,4)
0.0001264845258352976713537684	(3,5)
0.0001258873555645649729869324	(3,6)
0.0001248920079707121323204619	(3,7)
0.0001233765827365735913614528	(3,8)
0.0001212230902899406642938143	(3,9)
0.0001183271781972026824548319	(3,10)
0.0001146077510552181921070153	(3,11)
0.0001100156808172502682011898	(3,12)
0.0001045407606040983459489611	(3,13)
0.0000982161152996052626302911	(3,14)
0.0000911194565290152976577724	(3,15)
0.0000833708491675542211249108	(3,16)
0.0000751270134211190253493036	(3,17)
0.0000665725768106825221668204	(3,18)
0.0000579090602088578290957154	(3,19)
0.0000493426759094362573841473	(3,20)
0.0000410721854810529102221315	(3,21)
0.0000332780785695892785280946	(3,22)
0.0000261141805174932143730035	(3,23)
0.0000197024910864329092346243	(3,24)
0.0000141316368129997909398105	(3,25)
9.4588424148301275239709e-6	(3,26)
5.71485955804159706136997e-6	(3,27)
2.91090198855596873476321e-6	(3,28)
1.04638228203110759983464e-6	(3,29)
1.1616588740831239219652e-7	(3,30)
0.0002526356968031738122147219	(4,1)
0.0002526231115383302343643056	(4,2)
0.0002525382507211019428793165	(4,3)
0.0002522650705018958871176849	(4,4)
0.0002516378600008893396828865	(4,5)
0.0002504512551509830930531904	(4,6)
0.00024847343684365376508065	(4,7)
0.0002454621508923037069172403	(4,8)
0.0002411828824528489062263352	(4,9)
0.0002354281680473835917950441	(4,10)
0.0002280366960028188082452106	(4,11)
0.0002189106026849836424155253	(4,12)
0.0002080292851764763391267926	(4,13)
0.0001954581706396528076328443	(4,14)
0.0001813512281457026827680351	(4,15)
0.0001659465627703849324084407	(4,16)
0.0001495551389493012226783871	(4,17)
0.0001325434533637737238057626	(4,18)
0.000115311710277765159866526	(4,19)
0.0000982696343244157055117385	(4,20)
0.000081812392063084002401639	(4,21)
0.0000662991202989617998766951	(4,22)
0.0000520362557542046723606695	(4,23)
0.0000392672558418824112228908	(4,24)
0.0000281694695340685976280391	(4,25)
0.0000188579731380069621455891	(4,26)
0.0000113952615147983005507897	(4,27)
5.80491500459164698424062e-6	(4,28)
2.08686028082992645644169e-6	(4,29)
2.316858439925345683068e-7	(4,30)
0.0004258920611995685273110466	(5,1)
0.0004258709034531193485859042	(5,2)
0.0004257282394153309660636025	(5,3)
0.0004252689806223111549751189	(5,4)
0.0004242145357190026505626244	(5,5)
0.0004222196343884993647014228	(5,6)
0.0004188944939323086268984808	(5,7)
0.0004138317167047349149732899	(5,8)
0.0004066367969476190151636402	(5,9)
0.0003969605318696627074437336	(5,10)
0.0003845310771591943926577972	(5,11)
0.0003691829812184020667424457	(5,12)
0.0003508803883713841405951138	(5,13)
0.0003297318018921632071710215	(5,14)
0.0003059943755776150728777607	(5,15)
0.0002800666284764773418769238	(5,16)
0.0002524696588245357405387082	(5,17)
0.0002238182247463176057906237	(5,18)
0.000194784282684988903238749	(5,19)
0.0001660565463523993420161421	(5,20)
0.0001383001905460055810696238	(5,21)
0.0001121208690858548021669992	(5,22)
0.0000880367106118964794996731	(5,23)
0.0000664609481135244778825835	(5,24)
0.0000476964539744574456964496	(5,25)
0.0000319418796408520975913242	(5,26)
0.0000193075598573505850786253	(5,27)
9.8380589731751530508261e-6	(5,28)
3.53740101350058411887645e-6	(5,29)
3.92762741943976806953e-7	(5,30)
0.0006515895011841695150431347	(6,1)
0.000651557295644678063976669	(6,2)
0.0006513401374858123804342314	(6,3)
0.0006506410671985381012085624	(6,4)
0.0006490360059923267803058171	(6,5)
0.0006459993338671270749371082	(6,6)
0.0006409375699969827503982532	(6,7)
0.0006332302173824652070283881	(6,8)
0.0006222760660963453884415536	(6,9)
0.0006075423718355237009972669	(6,10)
0.0005886134936537265454944617	(6,11)
0.0005652349663488899905159219	(6,12)
0.0005373487687419303890331564	(6,13)
0.0005051158531121894678690301	(6,14)
0.0004689228721229614438443811	(6,15)
0.000429371433358289435854263	(6,16)
0.00038724998885659573246869	(6,17)
0.0003434904089379088400942073	(6,18)
0.0002991131284199949776475092	(6,19)
0.0002551662136098075861532679	(6,20)
0.0002126645423798772520839351	(6,21)
0.0001725353582228433344301319	(6,22)
0.0001355757025984339289277772	(6,23)
0.0001024257210596448929101486	(6,24)
0.0000735597672638956407285536	(6,25)
0.0000492948763991392567607025	(6,26)
0.0000298138781389346259775206	(6,27)
0.00001519850239227349502346177	(6,28)
5.46658198201110663863668e-6	(6,29)
6.070634108041216435796e-7	(6,30)
0.0009354645925783614788982093	(7,1)
0.0009354187375666389586660668	(7,2)
0.0009351095420777307226728212	(7,3)
0.000934114180975311017110267	(7,4)
0.0009318288004082250200060778	(7,5)
0.0009275048649221606807055624	(7,6)
0.0009202969707225169098850304	(7,7)
0.0009093207736630976701192076	(7,8)
0.0008937186065687979330504935	(7,9)
0.0008727291363110868087109841	(7,10)
0.0008457562519150198088476534	(7,11)
0.000812431530743057616390397	(7,12)
0.0007726643364180716309831854	(7,13)
0.0007266740319313113190215492	(7,14)
0.0006750000116041279871488934	(7,15)
0.0006184872037194553423933545	(7,16)
0.0005582471769487035575859414	(7,17)
0.0004955976927281891562566958	(7,18)
0.0004319861093353287962242511	(7,19)
0.0003689040784830159056538381	(7,20)
0.0003078021517597628071969118	(7,21)
0.0002500130126679550128643541	(7,22)
0.0001966910030394808699578076	(7,23)
0.0001487735234100353509870992	(7,24)
0.000106967020183876941946646	(7,25)
0.0000717570187987862912527077	(7,26)
0.0000434384815267770646146702	(7,27)
0.00002216012099989221849606687	(7,28)
7.97457545649077828266108e-6	(7,29)
8.8580716904488225112838e-7	(7,30)
0.0012836979448335881658682965	(8,1)
0.00128363578934855767556038	(8,2)
0.0012832166803799872671325573	(8,3)
0.0012818674729803118455353998	(8,4)
0.0012787695738833078031246443	(8,5)
0.0012729080634394404705132274	(8,6)
0.0012631362168285744455396775	(8,7)
0.001248253560527738198705728	(8,8)
0.0012270941830424240470691332	(8,9)
0.0011986204113006461967784178	(8,10)
0.0011620154473098897883609471	(8,11)
0.0011167674601968042140314494	(8,12)
0.00106273725472254173731208	(8,13)
0.0010002022134102658026178561	(8,14)
0.0009298708223150567073068678	(8,15)
0.0008528646567354807342745745	(8,16)
0.0007706679660448637431102835	(8,17)
0.0006850485549024274662770879	(8,18)
0.0005979570221756607123489353	(8,19)
0.0005114140880915141086299983	(8,20)
0.0004273972846180452227046236	(8,21)
0.0003477384200215166456272515	(8,22)
0.0002740418718398910313194721	(8,23)
0.0002076310514362695680137042	(8,24)
0.0001495266653666193117261824	(8,25)
0.0001004561832929638553177369	(8,26)
0.0000608898055478805457151993	(8,27)
0.00003109479947982553466586964	(8,28)
0.00001119784267169244923644124	(8,29)
1.24430251826807352644014e-6	(8,30)
0.0017022224597511403460202696	(9,1)
0.0017021414381651921131714237	(9,2)
0.0017015951146818700373807681	(9,3)
0.0016998363504038693681315277	(9,4)
0.0016957979319392637215535397	(9,5)
0.0016881563343419036253977715	(9,6)
0.0016754152939517507712738462	(9,7)
0.0016560067020280465989632376	(9,8)
0.0016284045546651883255154615	(9,9)
0.0015912456945607528754102278	(9,10)
0.0015434492034857378833992964	(9,11)
0.0014843249538422477545507509	(9,12)
0.0014136613834769585440516337	(9,13)
0.0013317832961658659651971046	(9,14)
0.0012395725159366208909391865	(9,15)
0.0011384474303673580600093812	(9,16)
0.001030301525158182535498143	(9,17)
0.0009174054400179515033494242	(9,18)
0.0008022812574334251414492908	(9,19)
0.0006875610523256970407200519	(9,20)
0.000575843653797216104125445	(9,21)
0.0004695637549205001716124786	(9,22)
0.0003708858555849284386752736	(9,23)
0.0002816322133493115447264437	(9,24)
0.0002032494397359050654747643	(9,25)
0.0001368132407348747151547815	(9,26)
0.0000830657886065713805353189	(9,27)
0.0000424760474331917010386716	(9,28)
0.00001531065978378638358420303	(9,29)
1.70212946941758084144838e-6	(9,30)
0.0021958282352352138540500949	(10,1)
0.0021957260624553707952011217	(10,2)
0.0021950371142773757286425703	(10,3)
0.0021928191605785894359519986	(10,4)
0.0021877261252585858937268206	(10,5)
0.0021780880345477497192320378	(10,6)
0.0021620154958400173427751202	(10,7)
0.0021375254669408313138434985	(10,8)
0.0021026829596799042217567623	(10,9)
0.0020557509638934655000077468	(10,10)
0.0019953386833613482133530779	(10,11)
0.0019205366137814298006252604	(10,12)
0.0018310265061038869114976108	(10,13)
0.0017271551663345553803197126	(10,14)
0.0016099634640206014520222112	(10,15)
0.0014811657268567541346767883	(10,16)
0.0013430795075516715843351427	(10,17)
0.0011985109326569219077030595	(10,18)
0.0010506057698625109473961338	(10,19)
0.0009026802583268385810273956	(10,20)
0.0007580480243082273107083951	(10,21)
0.0006198596574111788563357679	(10,22)
0.0004909696478578620376957083	(10,23)
0.0003738415966917374527224069	(10,24)
0.0002704974152025065888403836	(10,25)
0.0001825103522695394753420978	(10,26)
0.0001110359635242404593587194	(10,27)
0.0000568703822269279053813554	(10,28)
0.00002052214641640015336294027	(10,29)
2.28281684676732673060845e-6	(10,30)
0.002767150147971407294942012	(11,1)
0.002767025069001640462053963	(11,2)
0.002766181659351029263348786	(11,3)
0.002763466375508729002794612	(11,4)
0.002757230943983161340717209	(11,5)
0.002745429490238745403720052	(11,6)
0.00272574497012584270650253	(11,7)
0.002695740774519114203541628	(11,8)
0.0026530309866838869205675164	(11,9)
0.0025954601509822145075767186	(11,10)
0.002521281003767564237274349	(11,11)
0.0024293169339644735790202804	(11,12)
0.002319095461834468695180551	(11,13)
0.0021909400949398079328893881	(11,14)
0.0020460106639350539262539972	(11,15)
0.0018862865082795569650487202	(11,16)
0.0017144922481339253865901525	(11,17)
0.0015339716918545676022703366	(11,18)
0.0013485209055599805398513234	(11,19)
0.0011621958231112591949891351	(11,20)
0.0009791123393137523285508817	(11,21)
0.000803257186786338645965267	(11,22)
0.0006383259483555967342308637	(11,23)
0.0004876005468074835014149162	(11,24)
0.0003538730382014468417084165	(11,25)
0.0002394162963872627723061518	(11,26)
0.0001459961042901001282817209	(11,27)
0.0000749141228938466511614839	(11,28)
0.00002706789581502701792594084	(11,29)
3.01291144579406087743931e-6	(11,30)
0.003415680184269679338512781	(12,1)
0.003415531260665596741643301	(12,2)
0.003414527057480318003557041	(12,3)
0.003411294009270907455699996	(12,4)
0.003403868974398471733375661	(12,5)
0.003389813734996787045397699	(12,6)
0.003366363264537528376914088	(12,7)
0.003330602596741644282480589	(12,8)
0.003279664590777801642709307	(12,9)
0.003210938178267219770849872	(12,10)
0.0031222742415240471548304	(12,11)
0.0030121746196116142877395147	(12,12)
0.0028799493455149575538050336	(12,13)
0.0027258284229052713033418194	(12,14)
0.0025510173687749959156752642	(12,15)
0.0023576902167889393836869561	(12,16)
0.0021489192557539503778436858	(12,17)
0.0019285468022155822367943931	(12,18)
0.0017010099822800487141200736	(12,19)
0.0014711340325412074378248695	(12,20)
0.0012439123658618709403906039	(12,21)
0.0010242921770524456068223999	(12,22)
0.0008169826015765685737288427	(12,23)
0.0006262986435255325144874117	(12,24)
0.0004560488143530067170797181	(12,25)
0.0003094684399976849520006833	(12,26)
0.0001891947601715862314472905	(12,27)
0.0000972750778144400716007729	(12,28)
0.00003519597613471980199712405	(12,29)
3.92041091306291084373721e-6	(12,30)
0.004136988679585766435579834	(13,1)
0.004136816082781419441380877	(13,2)
0.004135652236400146857629135	(13,3)
0.004131905060445905088489209	(13,4)
0.004123298387265555557761465	(13,5)
0.004107002961237818140830762	(13,6)
0.004079804909151745943041068	(13,7)
0.004038305324696493539841794	(13,8)
0.003979142128317367200575271	(13,9)
0.003899222837199186057118614	(13,10)
0.00379595469872713439069359	(13,11)
0.003667457246570520452341081	(13,12)
0.003512742140187927441100238	(13,13)
0.0033318464307126941169868292	(13,14)
0.0031259082432304842500306018	(13,15)
0.0028971781171470127214425441	(13,16)
0.0026489644977144571018191817	(13,17)
0.0023855175213112942395196372	(13,18)
0.0021118605764283098051768778	(13,19)
0.001833583451813929620167797	(13,20)
0.0015566136305770615444203711	(13,21)
0.0012869831077916597710932867	(13,22)
0.0010306069373938981270233696	(13,23)
0.0007930867825616516467589276	(13,24)
0.0005795485327353393231559163	(13,25)
0.0003945182067564664913382657	(13,26)
0.0002418355918519313028819518	(13,27)
0.0001246010294070627206799468	(13,28)
0.0000451479644659556253215356	(13,29)
5.0326325178170828041334e-6	(13,30)
0.004922347238719173473860543	(14,1)
0.004922152509500200571024232	(14,2)
0.004920839402140236528502456	(14,3)
0.004916611436379322190809432	(14,4)
0.004906899181510915814050037	(14,5)
0.004888505601236313887307956	(14,6)
0.004857791275079892225547832	(14,7)
0.004810891795667313397023855	(14,8)
0.004743957507974929756832727	(14,9)
0.00465340379552633383355651	(14,10)
0.004536158586308600736064606	(14,11)
0.004389892928833134333375273	(14,12)
0.004213220627216294583743603	(14,13)
0.004005854187005982542810867	(14,14)
0.0037687067386032507078980606	(14,15)
0.0035039330372697844490787648	(14,16)
0.0032149067918028028995086957	(14,17)
0.0029061360257765422493017523	(14,18)
0.0025831224396709463364610686	(14,19)
0.0022521743473858882031429648	(14,20)
0.0019201853270681289764431059	(14,21)
0.0015943920281347216883499437	(14,22)
0.0012821245739073059778934228	(14,23)
0.0009905618348473156748675584	(14,24)
0.0007265018096033239105830652	(14,25)
0.0004961548151471406221418134	(14,26)
0.0003049645463378948874162182	(14,27)
0.0001574596672852599845269285	(14,28)
0.0000571366984187230021304008	(14,29)
6.37370560694785311898961e-6	(14,30)
0.005758902253229790594435986	(15,1)
0.005758688481738210605936555	(15,2)
0.005757246941223241413227629	(15,3)
0.005752605131837034337600633	(15,4)
0.005741940412181447108600339	(15,5)
0.005721736105640389749300295	(15,6)
0.005687978008955392182392155	(15,7)
0.00563638210973250929243035	(15,8)
0.005562642922147900386478205	(15,9)
0.005462690955351980157604761	(15,10)
0.005332947459053150571262439	(15,11)
0.005170564742406774813057427	(15,12)
0.004973641010485907784207574	(15,13)
0.004741399762740970960400829	(15,14)
0.00447432528856990844911001	(15,15)
0.0041742476013132938603010082	(15,16)
0.0038443721895926179275130584	(15,17)
0.0034892521475045856724815114	(15,18)
0.0031147024916353859509256077	(15,19)
0.0027276587140489665031857765	(15,20)
0.0023359838025966461128247973	(15,21)
0.0019482300427235935218725332	(15,22)
0.0015733638634712400147175978	(15,23)
0.0012204637628144298608869949	(15,24)
0.0008984028823253589142077384	(15,25)
0.0006155290086956079363379607	(15,26)
0.0003793555425814128737079811	(15,27)
0.0001962771613394907498054535	(15,28)
0.0000713233883401737266580773	(15,29)
7.9619845072719096576625e-6	(15,30)
0.006630446677904308758183678	(16,1)
0.006630218563245286915739201	(16,2)
0.006628680265023304980955985	(16,3)
0.006623726461745865575577906	(16,4)
0.006612342435130193195397763	(16,5)
0.006590765890512900337124591	(16,6)
0.006554687239927938684648283	(16,7)
0.006499477524400144712941321	(16,8)
0.006420432970955844724671242	(16,9)
0.006313025969717134536069509	(16,10)
0.006173153677957628118074788	(16,11)
0.005997377071395438158002637	(16,12)
0.005783144619816598616629377	(16,13)
0.005528995504376582579255379	(16,14)
0.005234737229223670507210476	(16,15)
0.0049015916446374776147140965	(16,16)
0.0045323020559686954663892	(16,17)
0.0041311926928496773125614226	(16,18)
0.0037041709105096169045475503	(16,19)
0.0032586626371621487837058214	(16,20)
0.002803473194542106393342673	(16,21)
0.0023485689104935982997821704	(16,22)
0.0019047798419181527189450698	(16,23)
0.0014834300708851892170615224	(16,24)
0.0010959088098167960504531019	(16,25)
0.00075320216328169628080164	(16,26)
0.0004654109901115916704077682	(16,27)
0.0002412840945174303215685517	(16,28)
0.0000877973274348888590041696	(16,29)
9.8077471643465969961647e-6	(16,30)
0.007518700280377895209903564	(17,1)
0.007518464044459587014227812	(17,2)
0.007516870930861411746536533	(17,3)
0.007511740020149499209815603	(17,4)
0.007499945614598148294968948	(17,5)
0.007477578359715397071790428	(17,6)
0.007440139889658489612150093	(17,7)
0.00738275842136222141131807	(17,8)
0.007300414323051109899494572	(17,9)
0.007188167881242713457433034	(17,10)
0.007041385436686065210203276	(17,11)
0.00685596369695785138408498	(17,12)
0.006628554315729037001240466	(17,13)
0.006356790954778649982885761	(17,14)
0.006039518658307428052238919	(17,15)
0.005677020678357260785891624	(17,16)
0.0052712316745401478538361845	(17,17)
0.0048259197040521233044204003	(17,18)
0.0043468140838682784414082912	(17,19)
0.0038416534586018486843464	(17,20)
0.0033201293190337028280861367	(17,21)
0.0027937052960612278805631821	(17,22)
0.0022753016223188223468096199	(17,23)
0.001778846344366101481789598	(17,24)
0.0013187087596372928541571827	(17,25)
0.0009090443823520929163630183	(17,26)
0.0005630926763246458286753841	(17,27)
0.0002924771892302996860234896	(17,28)
0.0001065613628920820152266509	(17,29)
0.0000119115381975657246680008	(17,30)
0.008404880526025947593348323	(18,1)
0.008404643679914786647155424	(18,2)
0.008403046385062069652452906	(18,3)
0.008397901223701557918150628	(18,4)
0.008386069528767740808853046	(18,5)
0.008363614259025970910799979	(18,6)
0.008325978029669694837464172	(18,7)
0.008268171869630960481442771	(18,8)
0.008184964293015718645827803	(18,9)
0.008071066686954925921464718	(18,10)
0.00792131830404764286067991	(18,11)
0.007730880426409063865134885	(18,12)
0.007495452699946228367754227	(18,13)
0.00721152383864261071173489	(18,14)
0.006876663303117027975786938	(18,15)
0.006489850629230522902747782	(18,16)
0.0060518263172015298398700526	(18,17)
0.0055654348919191825993363545	(18,18)
0.0050359196006767442928611699	(18,19)
0.0044711217767103147133709856	(18,20)
0.0038815380604946924946359796	(18,21)
0.0032801962777923428684486695	(18,22)
0.002682325423267952464791362	(18,23)
0.0021048152969971415530051986	(18,24)
0.001565484367611317092049362	(18,25)
0.00108219735934907637737358	(18,26)
0.0006718938167435835389889214	(18,27)
0.0003496028398698481728970136	(18,28)
0.0001275254186273241497068539	(18,29)
0.0000142634180562969068027185	(18,30)
0.009271277335687054715998369	(19,1)
0.00927104832205768781939156	(19,2)
0.009269503761384227244120782	(19,3)
0.009264527421934363813235398	(19,4)
0.009253077914350947767657455	(19,5)
0.009231324979794129229743468	(19,6)
0.009194798851355644475133674	(19,7)
0.009138536326646143372444841	(19,8)
0.009057214298522650298621795	(19,9)
0.008945271983939658852777578	(19,10)
0.008797034581719778920117512	(19,11)
0.008606860658916355812153449	(19,12)
0.008369340364995336312302723	(19,13)
0.008079569487469957791214703	(19,14)
0.0077335145756236300765251	(19,15)
0.00732846768662991845822514	(19,16)
0.0068635681923744047190176417	(19,17)
0.0063403472168512672089205503	(19,18)
0.0057632319107914576247360752	(19,19)
0.0051399358901972929887532377	(19,20)
0.0044816616496578981900774295	(19,21)
0.0038030517915157829751732581	(19,22)
0.0031218477154470460059516419	(19,23)
0.0024582443963387422889947049	(19,24)
0.0018339640983339699665005132	(19,25)
0.0012711057215186279481434139	(19,26)
0.0007908554255455643147984704	(19,27)
0.0004121644297975769912676354	(19,28)
0.0001505088734196492750628139	(19,29)
0.000016843212787844366203525	(19,30)
0.010102561603010920276902826	(20,1)
0.010102349357774557659977869	(20,2)
0.010100917772629418621588717	(20,3)
0.010096304035297393821202702	(20,4)
0.010085680782008624331359576	(20,5)
0.010065467077412915191834899	(20,6)
0.010031436560758245233481111	(20,7)
0.009978804406154197321983909	(20,8)
0.009902285640331548917348669	(20,9)
0.009796132812456800248951206	(20,10)
0.009654177586341612056422486	(20,11)
0.009469914335394492022270798	(20,12)
0.00923667018918244064064009	(20,13)
0.008947902204665264120944597	(20,14)
0.008597647313001186723697533	(20,15)
0.008181125703990454194281891	(20,16)
0.0076954669922124894090238019	(20,17)
0.0071404962843795260182131025	(20,18)
0.0065194903201767619569676177	(20,19)
0.0058397978818250838479907892	(20,20)
0.0051132176755362410491296053	(20,21)
0.0043560423748647020603443558	(20,22)
0.0035887081449656737149522529	(20,23)
0.0028350308401997658888622535	(20,24)
0.002121057477475096934848328	(20,25)
0.0014736080453474274295614238	(20,26)
0.0009186220115924776199648344	(20,27)
0.0004794510186057481370821109	(20,28)
0.0001752509585642035181885453	(20,29)
0.0000196216734221312631978445	(20,30)
0.010886648018839241416527144	(21,1)
0.010886461503669488361460403	(21,2)
0.010885203309694647540722828	(21,3)
0.010881146522636462945507943	(21,4)
0.010871794934373717420733146	(21,5)
0.010853960049437893317551314	(21,6)
0.01082381559627752794539901	(21,7)
0.010776909167116049930118956	(21,8)
0.010708125972241898915278262	(21,9)
0.010611620964603796471654182	(21,10)
0.010480758108263417658310691	(21,11)
0.010308113640196389947540746	(21,12)
0.010085608284665695064655335	(21,13)
0.009804827481436863934998546	(21,14)
0.009457567366797662306844811	(21,15)
0.009036609365595874734050215	(21,16)
0.0085366829103113945300808012	(21,17)
0.0079555315061122321860803957	(21,18)
0.0072949605774545540596594059	(21,19)
0.006561723944242769206957581	(21,20)
0.005768104651790688777771438	(21,21)
0.0049320669602048299223821541	(21,22)
0.0040768974567286673555310499	(21,23)
0.0032303089588223797623064844	(21,24)
0.0024230433090817987095833527	(21,25)
0.0016870696741411892956225613	(21,26)
0.0010535255064004190880387782	(21,27)
0.0005505816237859892917783641	(21,28)
0.000201427066550027045858132	(21,29)
0.000022562309027187076011566	(21,30)
0.011615056511182047553050513	(22,1)
0.011614904265653199662320265	(22,2)
0.011613877033378958012188308	(22,3)
0.011610562398315397393518702	(22,4)
0.011602906957853981249815529	(22,5)
0.011588251164339890713760677	(22,6)
0.011563318498418265039318966	(22,7)
0.011524136561991137533259752	(22,8)
0.011465888144163027858581218	(22,9)
0.011382718207468163915473965	(22,10)
0.011267551998577286887624572	(22,11)
0.011112002700885744510710202	(22,12)
0.010906457031986831851218646	(22,13)
0.010640418724582307037777414	(22,14)
0.010303161163563725204797371	(22,15)
0.009884694166984088623226802	(22,16)
0.0093769928181082956411439877	(22,17)
0.0087753783184833072336080496	(22,18)
0.0080798931344642048392551699	(22,19)
0.0072964851700536579705343132	(22,20)
0.0064378149215539870839824033	(22,21)
0.0055235274416248936833304437	(22,22)
0.0045798842861539627027969463	(22,23)
0.0036387219375191540569887137	(22,24)
0.0027357822365007134374091438	(22,25)
0.0019085360540014202988645945	(22,26)
0.0011936837969754790009454738	(22,27)
0.000624557839204988820104532	(22,28)
0.0002286682816803569925108744	(22,29)
0.0000256235902983431218272361	(22,30)
0.012282827330446716129199769	(23,1)
0.012282717080965853624312188	(23,2)
0.012281972899309668661209623	(23,3)
0.012279567989177914884936398	(23,4)
0.012273992804877652766105495	(23,5)
0.012263240375716958492453325	(23,6)
0.012244719672615586702550535	(23,7)
0.012215072577158425538965961	(23,8)
0.012169896150420988044744545	(23,9)
0.012103407132562309658573652	(23,10)
0.012008122305003509824597723	(23,11)
0.011874657191632873892923085	(23,12)
0.011691757528390074009694445	(23,13)
0.011446666461435826651178581	(23,14)
0.011125893446942528835735702	(23,15)
0.010716391751204701723278808	(23,16)
0.0102070790982813403922573226	(23,17)
0.0095905630838569982818333498	(23,18)
0.0088648735051176422453068398	(23,19)
0.0080349701088588228827129473	(23,20)
0.0071137944168482018442011043	(23,21)
0.0061226701474470558353369519	(23,22)
0.0050909238225478024352909695	(23,23)
0.0040546856325311767225915167	(23,24)
0.0030549275379576818624526815	(23,25)
0.0021348872556739586075861697	(23,26)
0.0013371012017225988867993212	(23,27)
0.0007003179383656677782202366	(23,28)
0.000256581567894890746125512	(23,29)
0.0000287612331288224462242145	(23,30)
0.012888112844907336591010448	(24,1)
0.012888051192457338609571793	(24,2)
0.012887634563574730821294076	(24,3)
0.012886282549977234625280766	(24,4)
0.012883115830846454229963671	(24,5)
0.012876885762557145898717265	(24,6)
0.012865803122969059481650663	(24,7)
0.012847239570615221024323165	(24,8)
0.012817307663295628375916307	(24,9)
0.012770368451624689584524556	(24,10)
0.012698560391418951178475335	(24,11)
0.012591478192520605372961416	(24,12)
0.012436144188209830006182844	(24,13)
0.012217399924429498084104387	(24,14)
0.011918799491201840344519496	(24,15)
0.011524013057904360377789919	(24,16)
0.0110186601657637997732747654	(24,17)
0.0103924033308993153902899274	(24,18)
0.0096410606633504340323095261	(24,19)
0.0087684564760480327229002753	(24,20)
0.0077877306056440328958888018	(24,21)
0.0067218721467830029754027899	(24,22)
0.0056033254329697235132989519	(24,23)
0.004472622986326723053596118	(24,24)
0.003376115830153096607796022	(24,25)
0.0023629796161269673463023495	(24,26)
0.0014817614422471581383627499	(24,27)
0.0007767872620520437790104186	(24,28)
0.0002847686465008211547574049	(24,29)
0.0000319303381553469214419115	(24,30)
0.01343158868196736207663897	(25,1)
0.013431580876327326069182627	(25,2)
0.01343152719350976036380715	(25,3)
0.013431341950383535940698852	(25,4)
0.013430844784820120315398045	(25,5)
0.013429629646419871560818713	(25,6)
0.013426802068862991919736787	(25,7)
0.013420556330003135036322524	(25,8)
0.013407602900641423053226615	(25,9)
0.013382508145987304061227708	(25,10)
0.013337061438495092113473114	(25,11)
0.01325982603011211992170412	(25,12)
0.013136046015557967615136512	(25,13)
0.01294806305713617906086683	(25,14)
0.012676340460269435896821952	(25,15)
0.012301104189451180496016726	(25,16)
0.0118045039658422523502357524	(25,17)
0.0111730917460594112374598687	(25,18)
0.0104003303064568855495021673	(25,19)
0.0094887990204270642787166633	(25,20)
0.0084517679252379543266306666	(25,21)
0.0073138662673096016020160436	(25,22)
0.0061106699749347863461039163	(25,23)
0.0048871586884032248464797899	(25,24)
0.0036951279328856300921925285	(25,25)
0.0025897665423819916351113618	(25,26)
0.0016257075482651226184442232	(25,27)
0.0008529217480361542584094249	(25,28)
0.0003128423564343697085819813	(25,29)
0.0000350872477876963910237913	(25,30)
0.013915809854870609693397419	(26,1)
0.013915859652139809086146746	(26,2)
0.013916194239365700919121437	(26,3)
0.01391725725408619176442581	(26,4)
0.013919616534853223545639684	(26,5)
0.013923769147266782120615539	(26,6)
0.013929782512283634169006939	(26,7)
0.01393674135148710042602372	(26,8)
0.013942015704574905051391906	(26,9)
0.013940425520370536707063243	(26,10)
0.01392343925849115429395626	(26,11)
0.013878591609103659451459821	(26,12)
0.013789323405542209050309723	(26,13)
0.013635424084109488059893454	(26,14)
0.013394190542817348158417899	(26,15)
0.0130423126575785041550414886	(26,16)
0.0125583710910888130974344273	(26,17)
0.0119257099097738315303464689	(26,18)
0.0111353491223096686374960839	(26,19)
0.0101885509987791460825545938	(26,20)
0.0090986609113310251123664297	(26,21)
0.0078919094187546569618166679	(26,22)
0.0066069774399253022120758946	(26,23)
0.0052932723345747828213629797	(26,24)
0.0040080170986642799703067282	(26,25)
0.0028123956526410423161419731	(26,26)
0.0017671064866069919337416519	(26,27)
0.0009277432722385856315091184	(26,28)
0.0003404399670007632252385431	(26,29)
0.0000381910589177808510346008	(26,30)
0.014344602180918320952182958	(27,1)
0.014344711774643079679631931	(27,2)
0.014345449422380951173632292	(27,3)
0.01434780830387177301955024	(27,4)
0.014353133316792174808531184	(27,5)
0.014362860352261638549201835	(27,6)
0.014378058907430289740904833	(27,7)
0.014398745937623228465217832	(27,8)
0.014422991229593831860943753	(27,9)
0.014445903616278255204765927	(27,10)
0.014458658125731589266988554	(27,11)
0.014447778346268544736623781	(27,12)
0.014394908181486633128389688	(27,13)
0.014277280213115510873445591	(27,14)
0.014069010692493506371362989	(27,15)
0.0137432316863738452870283294	(27,16)
0.0132749278554022209272636997	(27,17)
0.0126442048505578642349301678	(27,18)
0.0118396062044609588293491839	(27,19)
0.0108610390547330570193251855	(27,20)
0.0097218792616105513742223779	(27,21)
0.0084499038335763126143579169	(27,22)
0.0070868309093281827304235603	(27,23)
0.0056864134178218594298362096	(27,24)
0.0043112061801972856875638293	(27,25)
0.0030282828017029814237686868	(27,26)
0.0019042985783661679347161237	(27,27)
0.0010003667250384971685991354	(27,28)
0.0003672333882474532447036121	(27,29)
0.000041204783651869580489426	(27,30)
0.014722541265426772796836174	(28,1)
0.014722711278891803054485776	(28,2)
0.014723856192292360534145591	(28,3)
0.014727524506262756328345612	(28,4)
0.014735846563528214305984439	(28,5)
0.014751207895762851983331114	(28,6)
0.014775693298481566849476918	(28,7)
0.014810267819325378770961535	(28,8)
0.014853720001262633505454255	(28,9)
0.01490147046777370298587531	(28,10)
0.014944428449430457382387132	(28,11)
0.014968139468320417544222566	(28,12)
0.014952489141653222287938809	(28,13)
0.014872196839544456963821855	(28,14)
0.014698245057074252767283595	(28,15)
0.0144002550486070901573658277	(28,16)
0.0139496579642023002317522847	(28,17)
0.013323353100649153916741885	(28,18)
0.0125074223558083449680244749	(28,19)
0.011500408446240300223908176	(28,20)
0.0103156782531676878048246257	(28,21)
0.0089824814926517383527104692	(28,22)
0.0075454643815313779815381253	(28,23)
0.0060625834736693869999230754	(28,24)
0.0046015572901833758618060404	(28,25)
0.0032351652075193458873167955	(28,26)
0.0020358329587166794744711779	(28,27)
0.0010700194273235190216366631	(28,28)
0.0003929364877050365781875369	(28,29)
0.0000440961807498286203553636	(28,30)
0.015054539904929717102965268	(29,1)
0.015054769432104590367394163	(29,2)
0.01505631550723723878945247	(29,3)
0.015061273667080276133551869	(29,4)
0.01507254816219363822233737	(29,5)
0.015093460789794351809435163	(29,6)
0.015127098748614674441199531	(29,7)
0.015175366094370162038399791	(29,8)
0.015237769081951666903746366	(29,9)
0.015310051838224860490734656	(29,10)
0.015382886764205613054080497	(29,11)
0.015440890890590448498072076	(29,12)
0.015462262944437955075646126	(29,13)
0.015419300529869610917714596	(29,14)
0.0152799586274932839708135556	(29,15)
0.0150104600081936762785690531	(29,16)
0.0145787891810804372549891855	(29,17)
0.013958727283712267058772008	(29,18)
0.013133950779722817869152446	(29,19)
0.0121016504769278640954493593	(29,20)
0.0108751446709379307938116602	(29,21)
0.009485060198892046372453162	(29,22)
0.0079788212959334976800677145	(29,23)
0.0064183906712447252642406041	(29,24)
0.0048764178501753352306889034	(29,25)
0.0034311363533770599282457807	(29,26)
0.0021604907321378593944133247	(29,27)
0.0011360537439561428480382437	(29,28)
0.0004173098259523407452776985	(29,29)
0.0000468382927023542821443979	(29,30)
0.015345543270288852650063772	(30,1)
0.015345829954353406776539666	(30,2)
0.015347761307802113556386278	(30,3)
0.015353958280734082177989025	(30,4)
0.015368068613112956633710987	(30,5)
0.01539431411209927776908401	(30,6)
0.015436746886519009483666103	(30,7)
0.015498177635077354376449108	(30,8)
0.015578810945167722663088873	(30,9)
0.015674716615896267678457549	(30,10)
0.015776361911100677094039789	(30,11)
0.015867502338415090230918676	(30,12)
0.015924753837607395026269859	(30,13)
0.0159181301366397273111970347	(30,14)
0.015812721251972196044457546	(30,15)
0.0155715241960974307621812789	(30,16)
0.0151592413409367194226060734	(30,17)
0.0145466719121580453187245574	(30,18)
0.0137151759478353508774695665	(30,19)
0.0126606188104126608667496177	(30,20)
0.0113962246013022262037350062	(30,21)
0.0099538771307325852040220694	(30,22)
0.0083835888937861992758077177	(30,23)
0.0067510811659705843043516135	(30,24)
0.0051336464384307052080673946	(30,25)
0.003614665149791055116631968	(30,26)
0.0022772974339312889261414042	(30,27)
0.0011979537615497213567248796	(30,28)
0.0004401631345746382493939386	(30,29)
0.0000494097250608448037090287	(30,30)
0.015600319104019719184769759	(31,1)
0.015600659244414524924546529	(31,2)
0.015602950935180377817242696	(31,3)
0.015610306567041675997953409	(31,4)
0.015627069484705318426312686	(31,5)
0.015658304134917758822784316	(31,6)
0.015708967465613573761366551	(31,7)
0.015782723328685384631714313	(31,8)
0.015880439073483809499554717	(31,9)
0.015998504733961599956846334	(31,10)
0.016127218325053031643337442	(31,11)
0.016249558860382005862133199	(31,12)
0.016340695762075739490366995	(31,13)
0.0163685410551587496024426468	(31,14)
0.0162955345432620346364896242	(31,15)
0.0160816744394386571224967364	(31,16)
0.01568859513232491058603952	(31,17)
0.0150842890741689339772017904	(31,18)
0.014247912387848864213471994	(31,19)
0.0131740372408277038009602206	(31,20)
0.0118757362313062893002801316	(31,21)
0.0103860033032545209738054469	(31,22)
0.008757211849693038924487375	(31,23)
0.0070585503921132351680756251	(31,24)
0.0053716211422397378333735101	(31,25)
0.0037846014420001564904148628	(31,26)
0.0023855262088108555665803004	(31,27)
0.0012553368126639219865367639	(31,28)
0.0004613558340280207080292895	(31,29)
0.0000517947019983683015172913	(31,30)
0.015823325123570354158180066	(32,1)
0.015823713804539202548395969	(32,2)
0.015826332700820203323177068	(32,3)
0.015834740506777107500709928	(32,4)
0.015853912515937527699990393	(32,5)
0.015889679435240628515077831	(32,6)
0.015947822789716958960491778	(32,7)
0.016032787475306717379434622	(32,8)
0.01614605426343072616483636	(32,9)
0.016284322463869243683821542	(32,10)
0.01643776235701448808728542	(32,11)
0.016588679945864131716685543	(32,12)
0.0167109655074856706755590775	(32,13)
0.0167706529065089860696344311	(32,14)
0.0167277936652455407894873072	(32,15)
0.0165396612710741134672633153	(32,16)
0.0161650770987646588654349378	(32,17)
0.0155694311050049263427752142	(32,18)
0.0147298019936784761476689503	(32,19)
0.0136394988339634024071785637	(32,20)
0.0123113686295859591963457417	(32,21)
0.0107793406789910139299670425	(32,22)
0.009097887358599906575778216	(32,23)
0.0073393365991133654240786215	(32,24)
0.0055892325473715549924228191	(32,25)
0.0039401696026181754521681249	(32,26)
0.0024846929290802229869975756	(32,27)
0.0013079505416530923326792616	(32,28)
0.0004807958600386473285156618	(32,29)
0.0000539829290101345062053452	(32,30)
0.016018635318206329870387621	(33,1)
0.016019066553508377766664901	(33,2)
0.016021972308459848291239763	(33,3)
0.016031302613948557080415394	(33,4)
0.016052587189373311588449591	(33,5)
0.016092329969959490293376913	(33,6)
0.016157039254399613830392722	(33,7)
0.016251852993864294849855103	(33,8)
0.016378804850738051588523331	(33,9)
0.016534889039955521387645343	(33,10)
0.016710196524912111664795748	(33,11)
0.0168864822683517853020080666	(33,12)
0.0170365542474838752514646048	(33,13)
0.017124829438076634132424367	(33,14)
0.0171092743793983093461036384	(33,15)
0.0169447511772837804357966258	(33,16)
0.0165875546359990695748638908	(33,17)
0.0160006957273890074021596843	(33,18)
0.015159306976450708063768754	(33,19)
0.0140554550470242508665353971	(33,20)
0.0127016663893123765472084724	(33,21)
0.0111326027974489873634204039	(33,22)
0.009404543204742861543554093	(33,23)
0.0075925984678808024973808941	(33,24)
0.0057858631864554143894424484	(33,25)
0.0040809517582300225459513515	(33,26)
0.0025745443694816011210221454	(33,27)
0.001355666157901599289669866	(33,28)
0.0004984370504567545490678744	(33,29)
0.0000559692918697187738823749	(33,30)
0.016189908765727447868649933	(34,1)
0.016190375655487212308843288	(34,2)
0.016193521764767292294698016	(34,3)
0.016203625109020844455233266	(34,4)
0.016226680503256970910826281	(34,5)
0.016269757965614908983613972	(34,6)
0.016339980055173296562441407	(34,7)
0.01644307679235621741787077	(34,8)
0.016581565643037251256615189	(34,9)
0.016752719976855712475023484	(34,10)
0.0169466077858896911655436285	(34,11)
0.0171445730409329062051015913	(34,12)
0.0173185654980857413540157281	(34,13)
0.017431679898832833762990962	(34,14)
0.0174401359658319975335835092	(34,15)
0.0172967286777046476296924636	(34,16)
0.0169555346477450733556046164	(34,17)
0.0163774189334333596879548327	(34,18)
0.0155356953164287521323242747	(34,19)
0.0144211931740747492956501683	(34,20)
0.0130459997809869094350946227	(34,21)
0.0114452796050019057012625744	(34,22)
0.0096768002007887276710042207	(34,23)
0.0078180785492857616662251057	(34,24)
0.0059613552090830629959614698	(34,25)
0.0042068621644743589912411476	(34,26)
0.0026550405377138553195867978	(34,27)
0.0013984685139238866774896775	(34,28)
0.0005142753417301527729927807	(34,29)
0.0000577534206624349692089873	(34,30)
0.0163403875273955387928146447	(35,1)
0.0163408824239376789239044809	(35,2)
0.0163442173437678153960575576	(35,3)
0.0163549280773429752835988546	(35,4)
0.0163793755707002805073479252	(35,5)
0.0164250773337337282547443107	(35,6)
0.0164996459118613423720104855	(35,7)
0.0166092923628435262647237258	(35,8)
0.0167569429213983566383355534	(35,9)
0.0169401348483186115829644161	(35,10)
0.0171489781267655604520775939	(35,11)
0.017364562943244887111463418	(35,12)
0.0175582292655220010919013865	(35,13)
0.0176920726146787653706045236	(35,14)
0.0177209318562568287159661083	(35,15)
0.0175959013312737488571737836	(35,16)
0.0172691603305862007377965113	(35,17)
0.0166996615321518170225595811	(35,18)
0.0158590161038665941469264976	(35,19)
0.0147368008949741134061495954	(35,20)
0.0133445204146033264059801966	(35,21)
0.0117175874502169136811061628	(35,22)
0.0099149206066878466311978706	(35,23)
0.0080160544311981217308577148	(35,24)
0.0061159681497393517845008167	(35,25)
0.0043181143154113872735173409	(35,26)
0.0027263322992099341510814185	(35,27)
0.0014364436641655686879494827	(35,28)
0.0005283440302269144475162192	(35,29)
0.0000593391483570860844368324	(35,30)
0.0164729132370093828856272233	(36,1)
0.0164734279170582972860237448	(36,2)
0.0164768962251242946593061872	(36,3)
0.0164880362444337630419036629	(36,4)
0.0165134687043086922300787326	(36,5)
0.0165610313208682961768580159	(36,6)
0.0166386936037716636821335578	(36,7)
0.0167530295281306740417454812	(36,8)
0.0169072956303934812512726387	(36,9)
0.0170992799152895356610885326	(36,10)
0.0173192082209333675738158826	(36,11)
0.0175480898389621668653909372	(36,12)
0.0177569242028647629938198899	(36,13)
0.017907153329983946668933717	(36,14)
0.0179526214496154813535605794	(36,15)
0.0178431022004059240476307575	(36,16)
0.0175292018186598208098628229	(36,17)
0.0169681863844117384606165903	(36,18)
0.0161300631050482748371467791	(36,19)
0.0150031175119532370947551872	(36,20)
0.0135981030789520045039324138	(36,21)
0.011950405742890740325625807	(36,22)
0.0101197445419407632009135541	(36,23)
0.0081872798273014539138101376	(36,24)
0.0062503288572406161190774584	(36,25)
0.0044151824837034583532472473	(36,26)
0.0027887354920935730704098322	(36,27)
0.0014697645850108419558837446	(36,28)
0.000540708361244514660650332	(36,29)
0.0000607338941455475281227851	(36,30)
0.0165899547404554728542722717	(37,1)
0.0165904805813525163354204848	(37,2)
0.016594024164712993480334174	(37,3)
0.01660540673251912404827182	(37,4)
0.016631397364438972345440436	(37,5)
0.0166800207981537487988141241	(37,6)
0.016759464766383038840199652	(37,7)
0.0168765438644007520912514728	(37,8)
0.0170347653931948241825044957	(37,9)
0.0172321584052007921803714037	(37,10)
0.0174591471907961721586600461	(37,11)
0.0176968466542111673763398231	(37,12)
0.0179162015960427441080539067	(37,13)
0.018078362728557527423722457	(37,14)
0.0181365782749967891039992934	(37,15)
0.0180396858497170144328256189	(37,16)
0.017737037815851146670135129	(37,17)
0.0171844245964873014373751622	(37,18)
0.0163503259861611477202265681	(37,19)
0.0152216723933651158834892804	(37,20)
0.0138082751928994455552816582	(37,21)
0.0121452023720185937801184171	(37,22)
0.0102926168394720615899991844	(37,23)
0.0083329180715329033514569938	(37,24)
0.0063653758239528148117910625	(37,25)
0.0044987594792983950336253313	(37,26)
0.0028427027675377246793959357	(37,27)
0.0014986757493111681036806196	(37,28)
0.0005514597111900334265097348	(37,29)
0.000061948001956576076079242	(37,30)
0.0166936413943289509908221875	(38,1)
0.0166941695520157572267268135	(38,2)
0.0166977288068327425989222639	(38,3)
0.016709162409776660073510645	(38,4)
0.0167352735875912870456060918	(38,5)
0.0167841378171414516143510909	(38,6)
0.0168640195954493827752262424	(38,7)
0.0169818504797901393048780903	(38,8)
0.0171413100903427305962831505	(38,9)
0.0173406632788117321512364874	(38,10)
0.0175706234689377395884479612	(38,11)
0.0178126086514349422753097947	(38,12)
0.018037806767696820533419596	(38,13)
0.0182074492152359454772395993	(38,14)
0.0182745912316312315052164867	(38,15)
0.01818751541323889419696493	(38,16)
0.0178946266840471650933481563	(38,17)
0.0173504301527561164936324924	(38,18)
0.0165219296868986379418923001	(38,19)
0.0153946120345581691080480264	(38,20)
0.0139771360119634337988793491	(38,21)
0.0123039505024286117644027503	(38,22)
0.0104353071421524481388453348	(38,23)
0.0084544707096165907682596484	(38,24)
0.0064623002519360521961276094	(38,25)
0.0045697124442199310635806758	(38,26)
0.0028887943872977938667303495	(38,27)
0.0015234772373937527577769226	(38,28)
0.0005607096217700247906143699	(38,29)
0.0000629940636606829753616354	(38,30)
0.0167857983782580534985649273	(39,1)
0.0167863199647643709315572617	(39,2)
0.0167898349926060961380945775	(39,3)
0.0168011271866768270992478026	(39,4)
0.0168269192491607491011762382	(39,5)
0.0168752007866761738577377177	(39,6)
0.0169541718166655791494128121	(39,7)
0.0170707585180783244272668274	(39,8)
0.0172287373991330525280034378	(39,9)
0.0174266089408766395878828669	(39,10)
0.0176554733264487992205705084	(39,11)
0.0178972568589038334163918595	(39,12)
0.0181236949596854455396007254	(39,13)
0.0182964744540420302510904068	(39,14)
0.0183688569858237303037717747	(39,15)
0.0182889395369779640153504597	(39,16)
0.0180044666326626566054171437	(39,17)
0.0174688235235533265694318828	(39,18)
0.0166475633427622884321351137	(39,19)
0.0155246178808774646484752977	(39,20)
0.0141072682831445162434828837	(39,21)
0.0124290397361447710860933171	(39,22)
0.0105499262456081850288246258	(39,23)
0.0085537039527496906551122384	(39,24)
0.0065424861813941770929596033	(39,25)
0.0046290384480359991795347084	(39,26)
0.0029276491520545696603649068	(39,27)
0.0015445090254812508938041728	(39,28)
0.0005685839272729719932170954	(39,29)
0.0000638862543351140098029912	(39,30)
0.0168679816709220141599232922	(40,1)
0.0168684879290370949916924788	(40,2)
0.0168718997141064422851747047	(40,3)
0.0168828609077217092921010879	(40,4)
0.0169079008062708614845738379	(40,5)
0.0169547889126184096588513699	(40,6)
0.0170315225589232008241673513	(40,7)
0.0171449040263216803509865497	(40,8)
0.0172987359469034421720516851	(40,9)
0.017491759591231435929974524	(40,10)
0.0177155648589830955504269194	(40,11)
0.0179527956180767829083559127	(40,12)
0.0181760399338168426686139799	(40,13)
0.0183478103081476033016234893	(40,14)
0.0184219627126602264100224452	(40,15)
0.0183467590511915231230984544	(40,16)
0.0180695456151520796578588386	(40,17)
0.0175427256263112251211974443	(40,18)
0.016730400847904776705948139	(40,19)
0.0156148175780961611384547284	(40,20)
0.0142016453796385322006634542	(40,21)
0.0125231847910531360362962105	(40,22)
0.0106388417134627203153073827	(40,23)
0.0086325756793816611549547342	(40,24)
0.0066074518747122828400520613	(40,25)
0.0046778215089792800040832978	(40,26)
0.0029599565209494583843533062	(40,27)
0.0015621360223373205375941385	(40,28)
0.0005752171875855022090531015	(40,29)
0.0000646397036117310359030905	(40,30)
0.0169415112663907389003707293	(41,1)
0.016941993739130778126405986	(41,2)
0.0169452452903280855639301932	(41,3)
0.0169556924133132191515037055	(41,4)
0.0169795620925082014782004892	(41,5)
0.0170242744677357618114718246	(41,6)
0.017097491693904063163875138	(41,7)
0.0172057797490816286151623944	(41,8)
0.0173529026545755628425608679	(41,9)
0.0175378528355918403093539697	(41,10)
0.0177528161436173164046661872	(41,11)
0.017981363132265107853636969	(41,12)
0.0181972344463596817896923946	(41,13)
0.0183641267283394987142756299	(41,14)
0.0184368592407649763816176725	(41,15)
0.0183641840414943992235460119	(41,16)
0.018093282265808142187416765	(41,17)
0.0175756841244965106876762503	(41,18)
0.0167740156054084988914600724	(41,19)
0.0156686926004756566689352149	(41,20)
0.0142635370603155886622438796	(41,21)
0.012589334809566575737406533	(41,22)
0.0107045956346551166344648648	(41,23)
0.0086931654461612191599115254	(41,24)
0.0066587944070381229897613588	(41,25)
0.0047171924498778133267174599	(41,26)
0.0029864308226407081812727396	(41,27)
0.0015767343308769141769327363	(41,28)
0.0005807476025348524138856964	(41,29)
0.0000652699228304274322189267	(41,30)
0.017007501848606205702011552	(42,1)
0.0170079525410463259289972535	(42,2)
0.017010989982482542135689487	(42,3)
0.0170207499883387195980441803	(42,4)
0.0170430543793614378369414262	(42,5)
0.0170848521042122402278337774	(42,6)
0.0171533458534649611467451283	(42,7)
0.0172547610660377807061456423	(42,8)
0.0173927655085047379206114449	(42,9)
0.0175666178465624745144576005	(42,10)
0.0177692069612218030616120576	(42,11)
0.0179852345905078613863916942	(42,12)
0.0181898824450502126759755626	(42,13)
0.0183483708198145194097287374	(42,14)
0.0184168253106453197616667997	(42,15)
0.0183447825806567290470251238	(42,16)
0.0180794597096930426500403909	(42,17)
0.0175715944218708405268781142	(42,18)
0.0167822922325409762869971232	(42,19)
0.015689985263586946869064386	(42,20)
0.0142964168998781052221302202	(42,21)
0.0126305861826743770993272872	(42,22)
0.01074982708020364100466617	(42,23)
0.0087376096233672915078624477	(42,24)
0.0066981390852612827796400471	(42,25)
0.0047482927254473329119911728	(42,26)
0.0030077882651495720168850538	(42,27)
0.0015886791013369964884309466	(42,28)
0.0005853125405523236563235748	(42,29)
0.0000657923028188546852395556	(42,30)
0.0170668905707378176041247544	(43,1)
0.0170673021017752843104281524	(43,2)
0.0170700756953430836335145997	(43,3)
0.0170789888442143485760777047	(43,4)
0.0170993633514066790595129337	(43,5)
0.0171375648573680769243762809	(43,6)
0.0172002227787847197920204725	(43,7)
0.0172931277416377152804371966	(43,8)
0.0174198014629620285939797723	(43,9)
0.0175797878444407599688336156	(43,10)
0.0177667839734200192485455892	(43,11)
0.0179668179470344200956164262	(43,12)
0.0181567833470016477975533688	(43,13)
0.0183037378137498835191792378	(43,14)
0.0183654241164236220288742955	(43,15)
0.0182924227740193190457036529	(43,16)
0.0180321543680333694925594076	(43,17)
0.0175346178677970377636349797	(43,18)
0.0167593379965049923928758447	(43,19)
0.0156826079845842740526824435	(43,20)
0.0143038741560994074756620869	(43,21)
0.01265010139556937134078039	(43,22)
0.0107772013856482509474227239	(43,23)
0.0087680433387084483109982712	(43,24)
0.0067270949319596167780152916	(43,25)
0.0047722430519422134587144993	(43,26)
0.0030247272418823394074391075	(43,27)
0.0015983342253584437554169718	(43,28)
0.0005890447699089406324135846	(43,29)
0.000066221692003752130015231	(43,30)
0.0171204618621397095295567807	(44,1)
0.0171208276038071972183472415	(44,2)
0.017123292687772692920419365	(44,3)
0.0171312155587051844664151693	(44,4)
0.0171493329225124022277810389	(44,5)
0.0171833267743386813247861269	(44,6)
0.0172391519483305012249923893	(44,7)
0.0173220814598963556900836796	(44,8)
0.0174354494946675230986619723	(44,9)
0.0175791070031363783116529052	(44,10)
0.0177476595948424715395712505	(44,11)
0.0179286427988365890738839585	(44,12)
0.0181009091167694123706336939	(44,13)
0.0182336350102457549142388388	(44,14)
0.0182864535936202941809875534	(44,15)
0.0182112099858697023546601763	(44,16)
0.0179556619866068054838814028	(44,17)
0.0174690996614480188424276117	(44,18)
0.0167093965848407516277405065	(44,19)
0.0156505573451553051625110325	(44,20)
0.0142895324229113128575166031	(44,21)
0.012651035914249286112813636	(44,22)
0.0107893478785975552209057856	(44,23)
0.0087865504353018235310884546	(44,24)
0.0067472170618071608588760056	(44,25)
0.0047901173559597143176435982	(44,26)
0.0030379122205053268174481037	(44,27)
0.0016060440046424356549675054	(44,28)
0.0005920694371208704275694249	(44,29)
0.0000665720595960774402341162	(44,30)
0.0171688693544675315851309068	(45,1)
0.0171691835565270414813704635	(45,2)
0.0171713013848613985256719526	(45,3)
0.0171781095684187612804630242	(45,4)
0.0171936859938316301747572681	(45,5)
0.0172229422803331542587098245	(45,6)
0.017271071619119819896300645	(45,7)
0.0173427593168792605814445839	(45,8)
0.017441119045125613427754525	(45,9)
0.0175663321168508076510902969	(45,10)
0.017714005045273475987728474	(45,11)
0.0178733430535866033395455834	(45,12)
0.0180253751048210508054584861	(45,13)
0.018141639969779229306068661	(45,14)
0.0181838920682224891736972942	(45,15)
0.0181054211790457991705806309	(45,16)
0.0178544230656689600813458163	(45,17)
0.0173794887634175555475447861	(45,18)
0.0166367665035708803572186494	(45,19)
0.0155978350859562428948882364	(45,20)
0.0142569769090354595056086628	(45,21)
0.0126364745846578556707998837	(45,22)
0.0107888071317662574191480129	(45,23)
0.0087951221625862193420209322	(45,24)
0.0067599763751472664184463596	(45,25)
0.0048029222581457104750844934	(45,26)
0.0030479613037522710533467974	(45,27)
0.0016121268210835201939693267	(45,28)
0.0005945017972668275155797402	(45,29)
0.0000668562440852248338852239	(45,30)
0.0172126551141659193782142693	(46,1)
0.0172129130118864737225704378	(46,2)
0.0172146514802222674063609085	(46,3)
0.0172202419062996138166316033	(46,4)
0.0172330423547345149869385324	(46,5)
0.0172571225008826790036300136	(46,6)
0.0172968425300150347433935352	(46,7)
0.0173562435692707526095084919	(46,8)
0.0174381942262000695072418129	(46,9)
0.0175432295165219043279167395	(46,10)
0.0176680382290813196895271838	(46,11)
0.0178036342423678158048026345	(46,12)
0.017933405751598355542444551	(46,13)
0.0180314543348911326848515945	(46,14)
0.0180618409194620909118076705	(46,15)
0.0179794382432406371782447925	(46,16)
0.017732949698844809107903415	(46,17)
0.0172702618294052360716285349	(46,18)
0.016545725987129514082568141	(46,19)
0.0155283776609586667785148584	(46,20)
0.0142096916272014212350243867	(46,21)
0.0126093784509674161758396372	(46,22)
0.0107779882898733474089107796	(46,23)
0.0087956248554973135395971537	(46,24)
0.0067667366219100386541418952	(46,25)
0.0048115820370628886291093561	(46,26)
0.0030554373774864791112221741	(46,27)
0.0016168707429494771641471941	(46,28)
0.0005964456668807988059371373	(46,29)
0.0000670857834461588860348045	(46,30)
0.0172522664155646219136287588	(47,1)
0.0172524643188177651213012296	(47,2)
0.0172537985644732750704888489	(47,3)
0.0172580914251848368224866298	(47,4)
0.0172679339793884510666173792	(47,5)
0.0172864988151598837402603998	(47,6)
0.0173172585803469518509064508	(47,7)
0.0173635680124816653939812757	(47,8)
0.0174280342512420205577444012	(47,9)
0.0175115678222598956005121644	(47,10)
0.0176120071909161369677508535	(47,11)
0.0177222864257893879405596422	(47,12)
0.0178282963307991133912121837	(47,13)
0.0179068546833106204957491886	(47,14)
0.0179244658540311041679935387	(47,15)
0.017837682036370813843405147	(47,16)
0.01759575556726247073729747	(47,17)
0.0171458528091909409957813598	(47,18)
0.0164404658376062778919038518	(47,19)
0.0154459954480016299811179325	(47,20)
0.0141510072200857235538379257	(47,21)
0.0125725423553110239444567425	(47,22)
0.0107591365259603948935185618	(47,23)
0.0087897764428003780243722968	(47,24)
0.0067687385671707836670226412	(47,25)
0.0048169287906395701362735758	(47,26)
0.0030608426184607030370972538	(47,27)
0.0016205309272012816537194979	(47,28)
0.0005979925429634851990600553	(47,29)
0.0000672708204354361365221822	(47,30)
0.0172880703045383902739827823	(48,1)
0.0172882056666298606194590383	(48,2)
0.0172891185320621243141160479	(48,3)
0.0172920587657556746415170988	(48,4)
0.0172988179915313457172143372	(48,5)
0.0173116339398894136347186923	(48,6)
0.0173330548285561697455849316	(48,7)
0.0173657214020478654550520327	(48,8)
0.017411970603656256135795069	(48,9)
0.0174731071741011637385468144	(48,10)
0.0175481699518468483754958964	(48,11)
0.0176320936831495570883995163	(48,12)
0.0177133719137420944957293668	(48,13)
0.0177716417666789469436801558	(48,14)
0.017775938264862711717958951	(48,15)
0.0176845486441910788988620571	(48,16)
0.0174472905147859437635377683	(48,17)
0.0170105894396232092209341728	(48,18)
0.016325031123727098403788529	(48,19)
0.0153543221848123330101425192	(48,20)
0.0140840596202906415621258997	(48,21)
0.0125285631873318762518286056	(48,22)
0.0107343102527225387727785408	(48,23)
0.0087791312772571241638378065	(48,24)
0.0067670907287576712253764043	(48,25)
0.0048196973340848361139947687	(48,26)
0.0030646160256138205755184029	(48,27)
0.0016233286228536936623916241	(48,28)
0.0005992213119245274919501699	(48,29)
0.0000674200741704589700294276	(48,30)
0.0173203661990524967162314089	(49,1)
0.0173204376640393297012068689	(49,2)
0.0173209200153173511323568963	(49,3)
0.0173224783249415491876644925	(49,4)
0.0173260875699193118350150417	(49,5)
0.0173330308472284642609870085	(49,6)
0.0173449131651773292040079969	(49,7)
0.0173636483487315572970957955	(49,8)
0.0173913014779176682831685418	(49,9)
0.0174295856091491401144069182	(49,10)
0.0174787715499493603989319305	(49,11)
0.0175358411743997727056733096	(49,12)
0.0175919446985466416348145657	(49,13)
0.0176295893921189032084947566	(49,14)
0.017620377973437704066650633	(49,15)
0.0175243491005184206045172579	(49,16)
0.0172918807787231134718210275	(49,17)
0.0168686374336500944969813593	(49,18)
0.0162032721938105596494051276	(49,19)
0.0152567747077449116656752428	(49,20)
0.0140117592690840953431662152	(49,21)
0.012479818229111315397822215	(49,22)
0.0107053673621436491750798867	(49,23)
0.0087650725075240249335803764	(49,24)
0.0067627659621697380795984635	(49,25)
0.0048205242456866807878018363	(49,26)
0.003067133564610759946745645	(49,27)
0.0016254515440800289695405917	(49,28)
0.0006001984597175236174171302	(49,29)
0.0000675408678217538043336924	(49,30)
0.0173493967580200990721490835	(50,1)
0.0173494041856316450532984313	(50,2)
0.0173494550800090751869530687	(50,3)
0.0173496284670488478177542752	(50,4)
0.0173500810549471492194013961	(50,5)
0.0173511398111493820317083779	(50,6)
0.0173534660101005166116601178	(50,7)
0.0173582481183455252877476671	(50,8)
0.0173672840322636942927931829	(50,9)
0.0173827032562947658012159071	(50,10)
0.0174060191022576577224755097	(50,11)
0.0174362707335015946836508742	(50,12)
0.017467270775305322884915293	(50,13)
0.0174843940720679639657902538	(50,14)
0.0174617984493481106354868398	(50,15)
0.0173612535260159856658482511	(50,16)
0.0171336755926545291142586502	(50,17)
0.0167239527545637002152641542	(50,18)
0.0160788050169098590207628649	(50,19)
0.0151565226357744169055887225	(50,20)
0.013936770219874493760929645	(50,21)
0.0124284527014539293288722307	(50,22)
0.0106739594987289107059801049	(50,23)
0.0087488110164799010982450907	(50,24)
0.0067566030377956332867175687	(50,25)
0.0048199503932381612899107178	(50,26)
0.0030687104733318460515301377	(50,27)
0.0016270553629521745067627222	(50,28)
0.000600978688372191622231353	(50,29)
0.0000676392016177179772205678	(50,30)
0.0173753572290865671677028582	(51,1)
0.0173753016967662684700160415	(51,2)
0.0173749283961162519935363123	(51,3)
0.0173737401999172424172846564	(51,4)
0.0173710894983166426097106536	(51,5)
0.0173663638605159999313116544	(51,6)
0.0173592983707615084621806968	(51,7)
0.0173503717569785243696217934	(51,8)
0.0173411249828043446386970185	(51,9)
0.0173341050058398767763206194	(51,10)
0.0173320556774830168443627296	(51,11)
0.0173360458974708138955537903	(51,12)
0.017342507301876531307248204	(51,13)
0.0173396264143887144041240511	(51,14)
0.0173040553810338913099389383	(51,15)
0.0171992403566849763169856061	(51,16)
0.0169766005348681714156796214	(51,17)
0.0165802419863254433455568953	(51,18)
0.0159549804810913637487651994	(51,19)
0.0150564672795867399399945556	(51,20)
0.013861498137149587255638866	(51,21)
0.0123763753654883689426692679	(51,22)
0.0106415331876324126806929294	(51,23)
0.0087313898294875572028486435	(51,24)
0.0067493122848559664835555122	(51,25)
0.0048184262387542303419342097	(51,26)
0.0030696052620371916284475962	(51,27)
0.0016282660677767065333937201	(51,28)
0.0006016058435589582407866703	(51,29)
0.0000677198603476734799317568	(51,30)
0.0173984034626692130086620111	(52,1)
0.0173982872446717252744027418	(52,2)
0.0173975050743596776723807047	(52,3)
0.0173950045156748349385688723	(52,4)
0.0173893628757635765934077672	(52,5)
0.0173790628965782403128388833	(52,6)
0.0173629485790866588655617779	(52,7)
0.0173408179444081851527741068	(52,8)
0.0173139700492350496988721307	(52,9)
0.017285362284660533825451972	(52,10)
0.0172589337262055643721722191	(52,11)
0.0172377172048228733121759924	(52,12)
0.0172206709534651913032185907	(52,13)
0.0171986850614919409192147752	(52,14)
0.0171507992514349575073446636	(52,15)
0.0170420510600736943554538274	(52,16)
0.0168243176838347841063796141	(52,17)
0.0164409304823582276949931495	(52,18)
0.0158348619595219045440219443	(52,19)
0.0149592287726992395415473244	(52,20)
0.0137880859725955948350902562	(52,21)
0.0123252608670713754108818085	(52,22)
0.0106093365333272055899440331	(52,23)
0.0087136928411974077501974456	(52,24)
0.0067414843575447458333493507	(52,25)
0.0048163192205985810111152029	(52,26)
0.0030700249508308623892349844	(52,27)
0.0016291829409596566634107911	(52,28)
0.0006021140615781627693378942	(52,29)
0.0000677865450179242744303868	(52,30)
0.0174186587559526595908479979	(53,1)
0.0174184852798579802070077986	(53,2)
0.017417317335503256385451513	(53,3)
0.0174135785722967679758344214	(53,4)
0.0174051151598674261194738016	(53,5)
0.0173895567101291009915218421	(53,6)
0.0173649080027883896326512777	(53,7)
0.0173303279552998600143545335	(53,8)
0.0172868927352643292356232348	(53,9)
0.0172379545312190049238893171	(53,10)
0.0171885887615912991385957807	(53,11)
0.0171436885160977654604933402	(53,12)
0.0171045983906368951627045107	(53,13)
0.0170647538240618993823904973	(53,14)
0.0170054323636027172668781038	(53,15)
0.0168931504904790347641210423	(53,16)
0.0166801923734459184506210385	(53,17)
0.0163091377065971954912032738	(53,18)
0.0157212102101540795794255245	(53,19)
0.0148671402202826673845513011	(53,20)
0.0137184159545157022107712916	(53,21)
0.0122765574238051269960810478	(53,22)
0.0105784301678245241267305539	(53,23)
0.0086964567106230009357112691	(53,24)
0.0067336012018504997478543639	(53,25)
0.0048139225422417919031524613	(53,26)
0.0030701311133185896296324789	(53,27)
0.0016298819271022198155860892	(53,28)
0.0006025290510596718933782141	(53,29)
0.0000678420191306531305735689	(53,30)
0.0174362196678243027420042436	(54,1)
0.0174359934492569407661655364	(54,2)
0.0174344701567041147472555109	(54,3)
0.0174295908694245545732604253	(54,4)
0.0174185284271164480358529784	(54,5)
0.0173981271103514650191759706	(54,6)
0.0173656200023111337035769396	(54,7)
0.0173195800808015403423277608	(54,8)
0.0172608828941170377184109624	(54,9)
0.017193250921238699722817162	(54,10)
0.0171228139225857382853841562	(54,11)
0.0170561850225733651835477761	(54,12)
0.0169969093714339862023446642	(54,13)
0.0169407625002030006068282407	(54,14)
0.0168710705734429772827890183	(54,15)
0.0167556928235143799465707379	(54,16)
0.0165472661234782874302396184	(54,17)
0.0161876589772456271617503722	(54,18)
0.0156164745048087955694887715	(54,19)
0.0147822475388935339875744456	(54,20)
0.0136541164576239237901026677	(54,21)
0.01223149843572504798167484	(54,22)
0.0105497011483939080867090022	(54,23)
0.008680284819929489632059325	(54,24)
0.0067260483563840915820945469	(54,25)
0.0048114647477105053032178176	(54,26)
0.003070046333639138161062063	(54,27)
0.0016304191846469191871111005	(54,28)
0.0006028694335741072305359452	(54,29)
0.00006788826109012055886205	(54,30)
0.0174511609246015923049485562	(55,1)
0.0174508874813586619073139488	(55,2)
0.0174490460179774613292510957	(55,3)
0.0174431455504531806018542386	(55,4)
0.0174297561513783178610239848	(55,5)
0.0174050193541596068282215631	(55,6)
0.0173654783791825264587135728	(55,7)
0.017309183833359122494719815	(55,8)
0.0172368354924038594222949429	(55,9)
0.0171524928461638503156967943	(55,10)
0.0170632359858650834818696616	(55,11)
0.0169772235212451093508146219	(55,12)
0.0168999730191959784991083738	(55,13)
0.0168293517308697210031088363	(55,14)
0.016750509826579450013156247	(55,15)
0.0166324928415958880055512728	(55,16)
0.0164282351593182022985714449	(55,17)
0.0160789526869338768789127397	(55,18)
0.0155227887859488222715299373	(55,19)
0.0147063136104311405185182048	(55,20)
0.0135965723183580056338112523	(55,21)
0.0121911166393948670554457714	(55,22)
0.010523878571137837568824116	(55,23)
0.0086656622712621359655795515	(55,24)
0.0067191277975714129902508852	(55,25)
0.0048091195280613415322382322	(55,26)
0.0030698607295382371706532121	(55,27)
0.0016308346402543504848500733	(55,28)
0.0006031480773224451284457614	(55,29)
0.0000679266153849335202449894	(55,30)
0.0174635395171443648104660283	(56,1)
0.017463225264332424233158843	(56,2)
0.0174611088524292109332748174	(56,3)
0.0174543259430444106117970189	(56,4)
0.0174389258150613075647295133	(56,5)
0.0174104430419933995394191345	(56,6)
0.0173648255352182478465503995	(56,7)
0.0172996742256797810227373504	(56,8)
0.0172155399452918291442743597	(56,9)
0.0171167775942126573976676884	(56,10)
0.0170112933249231278578165323	(56,11)
0.0169085854478980732260662748	(56,12)
0.0168158776526374150882766578	(56,13)
0.0167328421219254971999871626	(56,14)
0.0166461974682906754954304823	(56,15)
0.0165260022184682088142509268	(56,16)
0.0163254338305016397545808593	(56,17)
0.0159851320009304396320039526	(56,18)
0.0154419716191430823896203149	(56,19)
0.0146408253879048446300160455	(56,20)
0.0135469372153185291687215182	(56,21)
0.0121562595094038188704998555	(56,22)
0.0105015497669022062519035935	(56,23)
0.0086529709974843380777399777	(56,24)
0.0067130706302217246854572728	(56,25)
0.0048070152746467962391080363	(56,26)
0.003069638242808323730950374	(56,27)
0.0016311553920523446130504595	(56,28)
0.0006033733682973731972860491	(56,29)
0.0000679579363605404599980095	(56,30)
0.0174733980726110193827656202	(57,1)
0.0174730502007587406628042879	(57,2)
0.0174707072863529172656958202	(57,3)
0.0174631974320458680738968149	(57,4)
0.01744614094964377535478158	(57,5)
0.0174145726237176622628917088	(57,6)
0.0173639505352457621972177558	(57,7)
0.0172915063812504455420450875	(57,8)
0.0171976703530726029235969177	(57,9)
0.0170870436291559030325474062	(57,10)
0.0169682162463638412413572668	(57,11)
0.0168517930780452858434437698	(57,12)
0.0167464044915564148771921769	(57,13)
0.0166532077649668761489303342	(57,14)
0.0165602082017817699958666513	(57,15)
0.0164382903735509609588093202	(57,16)
0.0162408221885179515501616034	(57,17)
0.0159079600233480426339518003	(57,18)
0.0153755287389769207059483377	(57,19)
0.0145870026595544397222144157	(57,20)
0.0135061468343968658069107026	(57,21)
0.0121276047298594779180986582	(57,22)
0.0104831760693253644990063296	(57,23)
0.0086425041778632671032130188	(57,24)
0.0067080490216797838354469762	(57,25)
0.0048052439685140777353481972	(57,26)
0.0030694224470960654956653677	(57,27)
0.0016313988343311479398049864	(57,28)
0.0006035503732057609411657671	(57,29)
0.0000679827195166661824910905	(57,30)
0.0174807675686074662034751958	(58,1)
0.0174803939070518095811446183	(58,2)
0.0174778772394939853391625062	(58,3)
0.01746980974220968197876702	(58,4)
0.0174514826988626882787921321	(58,5)
0.0174175476365517928515325041	(58,6)
0.0173630872389160865343732247	(58,7)
0.0172850506990328110026522829	(58,8)
0.0171837769245391944064362534	(58,9)
0.017064057805890944565551295	(58,10)
0.0169350100660973609776114915	(58,11)
0.0168080892292694060495950304	(58,12)
0.0166930054718691233183650705	(58,13)
0.0165920542143414262464901756	(58,14)
0.0164942245108540855628853656	(58,15)
0.0163710294340965781631662843	(58,16)
0.0161759769868598961829487285	(58,17)
0.0158488474638358552323333611	(58,18)
0.0153246570677661235121871875	(58,19)
0.0145458072918297715489614114	(58,20)
0.0134749316733296992549579854	(58,21)
0.0121056747014720686987275826	(58,22)
0.0104691072825196907213480787	(58,23)
0.0086344792713256744936514956	(58,24)
0.0067041868761046060306029373	(58,25)
0.0048038690673073950827707858	(58,26)
0.0030692416695580463559428485	(58,27)
0.001631575401038706180626755	(58,28)
0.0006036818576088357538584726	(58,29)
0.0000680012162962847557541783	(58,30)
0.0174856694436039828209731633	(59,1)
0.0174852783117343713322634471	(59,2)
0.0174826439415719593709602672	(59,3)
0.0174741986929498313283842883	(59,4)
0.0174550109805674406595936259	(59,5)
0.0174194727757702387693914807	(59,6)
0.0173624126398587182132692569	(59,7)
0.0172805887591840929595629356	(59,8)
0.0171742788265497581426074167	(59,9)
0.017048404805161168421036173	(59,10)
0.0169124412225808357269548237	(59,11)
0.0167784207289268690005066047	(59,12)
0.0166567853379673651171358711	(59,13)
0.0165506009262433402728664554	(59,14)
0.0164495213366732005001190892	(59,15)
0.0163254828515061792917578503	(59,16)
0.0161320854151260057149425759	(59,17)
0.0158088519268639354958478589	(59,18)
0.0152902492113179811144454488	(59,19)
0.0145179519214760032298360824	(59,20)
0.0134538285017235325775627332	(59,21)
0.0120908492090041461592654574	(59,22)
0.0104595941210754187569154363	(59,23)
0.0086290491026287517323735965	(59,24)
0.0067015688411658639062917296	(59,25)
0.0048029321191428451253230553	(59,26)
0.0030691132657651527068211232	(59,27)
0.0016316908479107287819539098	(59,28)
0.0006037691309543353737335569	(59,29)
0.0000680135292521829579140839	(59,30)
0.0174881171450183662858256108	(60,1)
0.0174877171942003355113664636	(60,2)
0.0174850234082897410874715468	(60,3)
0.0174763874734444166886813193	(60,4)
0.0174567653069027694795210033	(60,5)
0.0174204178781992214149053208	(60,6)
0.0173620455229611670321341593	(60,7)
0.0172783101201186921718941773	(60,8)
0.017169458652172479886414983	(60,9)
0.0170404790128939011528670539	(60,10)
0.0169010266609540872975682554	(60,11)
0.0167634258483783597125565339	(60,12)
0.0166384881281022198401306944	(60,13)
0.0165296681356886904056662911	(60,14)
0.0164269548016131079131953556	(60,15)
0.016302497262761799544586701	(60,16)
0.0161099409675735824732266355	(60,17)
0.0157886780746062452768393912	(60,18)
0.0152728975957186623170228944	(60,19)
0.0145039072441302084621526256	(60,20)
0.013443189672424266874857137	(60,21)
0.0120833755428569104729970322	(60,22)
0.0104547980429056905574371416	(60,23)
0.0086263105572465614432139777	(60,24)
0.0067002473304607598731190286	(60,25)
0.0048024578958855672598560837	(60,26)
0.0030690469260309829462362967	(60,27)
0.0016317480130159093584799713	(60,28)
0.0006038126973756583141327071	(60,29)
0.0000680196852777202565335958	(60,30)