c^1_2_(sigma,mu)
9.1384669361336060209e-8	(1,1)
8.209291124708129163354e-7	(1,2)
2.2714583500397956522133e-6	(1,3)
4.424073788107126998682e-6	(1,4)
7.246266424849662648971e-6	(1,5)
0.000010687694455958563083187	(1,6)
0.000014675742677260920869417	(1,7)
0.000019111702270965537091546	(1,8)
0.000023868415740131398990645	(1,9)
0.00002879013474040408136104	(1,10)
0.000033695145830366459619978	(1,11)
0.000038381448555746659844889	(1,12)
0.0000426354482833331518882	(1,13)
0.00004624328535174209076083	(1,14)
0.00004900409778049680574421	(1,15)
0.0000507442416265792822538	(1,16)
0.00005133130150833609969323	(1,17)
0.00005068663686205726833728	(1,18)
0.00004879524036886859026101	(1,19)
0.00004571183558268882331316	(1,20)
0.00004156240127928509247788	(1,21)
0.00003654065963560262332911	(1,22)
0.00003089947409973083389615	(1,23)
0.00002493753438915849753166	(1,24)
0.00001898212112052896353898	(1,25)
0.00001336910251183456887772	(1,26)
8.42158620563975432388e-6	(1,27)
4.42880405411247323916e-6	(1,28)
1.6268305074135446882e-6	(1,29)
1.82621818124481227e-7	(1,30)
8.232326041554444656325e-7	(2,1)
7.3952843119927896866688e-6	(2,2)
0.0000204622788332195102979017	(2,3)
0.000039853970103229329324833	(2,4)
0.000065277504872675835000696	(2,5)
0.000096279386506885304713103	(2,6)
0.000132205473185936435629615	(2,7)
0.000172166564676157713679217	(2,8)
0.000215017187498822867505683	(2,9)
0.000259354314384114023996949	(2,10)
0.000303541017763770573471473	(2,11)
0.000345757619374396842313147	(2,12)
0.00038407999739914955461279	(2,13)
0.00041658164213240052393355	(2,14)
0.0004414531295526136991208	(2,15)
0.0004571302215721662020458	(2,16)
0.00046242007603662826649588	(2,17)
0.00045661426624488683467077	(2,18)
0.00043957758787319372154717	(2,19)
0.00041180298777031541534555	(2,20)
0.00037442529564349460797835	(2,21)
0.0003291895888362945681651	(2,22)
0.00027837370252149512912935	(2,23)
0.00022466828537191054315355	(2,24)
0.00017102153976537549134418	(2,25)
0.00012045902796594207057974	(2,26)
0.00007589136340219032164402	(2,27)
0.00003992400055194493333651	(2,28)
0.0000146835423267111412372	(2,29)
1.673962052198681253e-6	(2,30)
2.2905771542525449604343e-6	(3,1)
0.0000205767717422976974488518	(3,2)
0.0000569346138141580423061149	(3,3)
0.0001108904186120216038257	(3,4)
0.000181629378413846293737694	(3,5)
0.000267889746352789303912717	(3,6)
0.000367851552385027475525264	(3,7)
0.000479040867381782439233072	(3,8)
0.000598270786204461579583656	(3,9)
0.000721637869293310667460756	(3,10)
0.000844587952215664758740074	(3,11)
0.000962058450698714906835323	(3,12)
0.00106869621868812795878452	(3,13)
0.0011591414745894334370321	(3,14)
0.0012283601826402093654329	(3,15)
0.00127200043081828275273981	(3,16)
0.00128674354600150197211312	(3,17)
0.00127061850848727068269978	(3,18)
0.0012232490025161431518791	(3,19)
0.00114600621445327370476127	(3,20)
0.00104204701935141547063356	(3,21)
0.00091622595834873529527013	(3,22)
0.00077487965327278035254378	(3,23)
0.00062549312019014207280889	(3,24)
0.00047626784460557611344088	(3,25)
0.00033562049993796346461174	(3,26)
0.00021164797087859327681125	(3,27)
0.00011159822083146556143226	(3,28)
0.0000413871127840975891132	(3,29)
5.198449714585592327e-6	(3,30)
4.4985333645204080216366e-6	(4,1)
0.0000404113415863736869243733	(4,2)
0.0001118156153425171754772756	(4,3)
0.000217781138823745936446024	(4,4)
0.000356707887824680784030475	(4,5)
0.000526118316211098024897846	(4,6)
0.000722438911974923438131409	(4,7)
0.000940812279099418033333325	(4,8)
0.001174981305869281713737095	(4,9)
0.001417282207335627643741948	(4,10)
0.001658773747068753793871381	(4,11)
0.001889516628328752560283927	(4,12)
0.00209900120058852630115795	(4,13)
0.00227670485567907938160545	(4,14)
0.00241274452986511318561733	(4,15)
0.00249857628962144740593584	(4,16)
0.00252768455662068742681718	(4,17)
0.00249619925480789797778035	(4,18)
0.00240338068895816866902145	(4,19)
0.00225191938173860291337449	(4,20)
0.00204801091988393098446485	(4,21)
0.001801183064504253450538	(4,22)
0.00152387249114126344030488	(4,23)
0.00123076975328152655496885	(4,24)
0.0009379714732992244932728	(4,25)
0.00066199645861000950400652	(4,26)
0.00041873573775036879875726	(4,27)
0.00022241411104525496902888	(4,28)
0.0000846419206725940769298	(4,29)
0.000013630159226746391115	(4,30)
7.4494635516543886879919e-6	(5,1)
0.000066920216813485405459489	(5,2)
0.0001851640385896577413362171	(5,3)
0.000360640771535280973826226	(5,4)
0.000590701577262688119905061	(5,5)
0.000871245354974712437601626	(5,6)
0.001196357421547421348334356	(5,7)
0.001557998705442200634607102	(5,8)
0.001945814211854965730817872	(5,9)
0.002347121620362317289546292	(5,10)
0.0027471251860767328050872	(5,11)
0.003129378081767809800985102	(5,12)
0.00347649009827860965957336	(5,13)
0.00377104986566966424343659	(5,14)
0.00399670435128622966901274	(5,15)
0.00413931615835559815871998	(5,16)
0.00418810356849942599852499	(5,17)
0.00413666121941256300002813	(5,18)
0.00398376185799932204376658	(5,19)
0.0037338519078179724422023	(5,20)
0.0033971748296321402946857	(5,21)
0.00298948473305970311949248	(5,22)
0.00253134597074277750256467	(5,23)
0.00204704955175276889226239	(5,24)
0.00156321094638326164857758	(5,25)
0.00110714308272213800966238	(5,26)
0.00070512028330427116713886	(5,27)
0.00038066141580529193347902	(5,28)
0.000152962332738081869318	(5,29)
0.000035598418116754763663	(5,30)
0.0000111370446636153562820152	(6,1)
0.0001000465999063110094814326	(6,2)
0.0002768228009958098914898375	(6,3)
0.000539163825677740822591349	(6,4)
0.000883111796892962083256172	(6,5)
0.001302540225299508618504883	(6,6)
0.001788615019681080821972227	(6,7)
0.002329330912874845936409264	(6,8)
0.002909225908450082736008929	(6,9)
0.003509364570443043697460737	(6,10)
0.004107657557515082942024786	(6,11)
0.004679551907592545853411023	(6,12)
0.00519908742973364961288412	(6,13)
0.00564027311931069084179629	(6,14)
0.00597869809148799447629709	(6,15)
0.00619325835068546079895154	(6,16)
0.00626785748575113495529549	(6,17)
0.00619292890303858274963502	(6,18)
0.00596663107963693568832048	(6,19)
0.00559558574739724086840302	(6,20)
0.00509506068369238486762595	(6,21)
0.00448854132968380851309906	(6,22)
0.00380668511754062045494721	(6,23)
0.00308570473496638093107605	(6,24)
0.00236527681093084064743613	(6,25)
0.00168611599933725124920984	(6,26)
0.00108738704867095440559396	(6,27)
0.00060414600422106957653108	(6,28)
0.0002650042774814890697669	(6,29)
0.000090195458463768756009	(6,30)
0.0000155392200344522387373155	(7,1)
0.0001395923580403227623389352	(7,2)
0.0003862438158009298513142186	(7,3)
0.000752283645663587360927511	(7,4)
0.001232194631257203649854243	(7,5)
0.001817439718103644718619065	(7,6)
0.002495712768111395927830627	(7,7)
0.003250294293841772755969737	(7,8)
0.004059654891164430467381001	(7,9)
0.00489743270017606314256522	(7,10)
0.005732878631653388626704683	(7,11)
0.006531817306322327457535909	(7,12)
0.00725811715057436312963851	(7,13)
0.00787560539914029203552771	(7,14)
0.00835030888706309079847169	(7,15)
0.00865285536533654590378862	(7,16)
0.00876083781583493158639324	(7,17)
0.00866092977237680584093387	(7,18)
0.008350545187888732757598	(7,19)
0.00783886219169636908696513	(7,20)
0.00714707442185794077796875	(7,21)
0.00630779289886943916843556	(7,22)
0.0053635904989026594630947	(7,23)
0.00436475380563046618811049	(7,24)
0.00336637682494771013777303	(7,25)
0.00242499126273250488499255	(7,26)
0.00159497310730126827999597	(7,27)
0.00092499077110671566075492	(7,28)
0.0004547634212392982479767	(7,29)
0.000212378750347576391255	(7,30)
0.0000206110696574863896014967	(8,1)
0.0001851539763132557637266292	(8,2)
0.0005123108006532662939616716	(8,3)
0.000997827436937259039462684	(8,4)
0.001634396379175042978742413	(8,5)
0.002410716887772651246686019	(8,6)
0.003310506924406615672184031	(8,7)
0.004311653819800555847038985	(8,8)
0.005385692059214254965192604	(8,9)
0.006497774938997337718096981	(8,10)
0.007607263796238394392425794	(8,11)
0.008668998004915279608881845	(8,12)
0.00963523689296614724400185	(8,13)
0.01045818848124047028037466	(8,14)
0.01109296745174650179082717	(8,15)
0.0115007638385764774016005	(8,16)
0.01165196145229591025728526	(8,17)
0.011528926154964072456944	(8,18)
0.01112819169913811532737841	(8,19)
0.01046180523812474168725277	(8,20)
0.00955765344882331277755	(8,21)
0.00845866865951786698525645	(8,22)
0.00722090560515861872459246	(8,23)
0.00591057524420057045109844	(8,24)
0.00460021369488864842412397	(8,25)
0.00336424328646167399912369	(8,26)
0.00227424155418033982133384	(8,27)
0.00139426709911116178199429	(8,28)
0.0007765952529477059160202	(8,29)
0.000458190714845374296989	(8,30)
0.0000262792033990903711835259	(9,1)
0.0002360721916802892739913167	(9,2)
0.0006531999358720967309528446	(9,3)
0.001272244985514999368263572	(9,4)
0.002083909643769621199756356	(9,5)
0.003073827511969204693304217	(9,6)
0.004221314299654032303440343	(9,7)
0.005498294556501863882411788	(9,8)
0.006868642810382853606245715	(9,9)
0.00828815021349483629404711	(9,10)
0.009705273245664033872786222	(9,11)
0.011062744306584978175740041	(9,12)
0.01230003266512713575678412	(9,13)
0.01335654752733959324683509	(9,14)
0.01417538309237146604401868	(9,15)
0.01470732835244484695982344	(9,16)
0.01491481078358044456026742	(9,17)
0.01477541951193055457747784	(9,18)
0.01428466366541265206444249	(9,19)
0.01345766573931740573572053	(9,20)
0.01232956481387058117118285	(9,21)
0.0109545041232221934204154	(9,22)
0.00940319301847825531456708	(9,23)
0.00775915434803222882394457	(9,24)
0.00611388359946735421045245	(9,25)
0.00456124513169514581711033	(9,26)
0.00319150423250870110361658	(9,27)
0.00208543461974903432553357	(9,28)
0.0013089453414049175848505	(9,29)
0.000908638067854300975724	(9,30)
0.0000324397839488648895368667	(10,1)
0.0002914142331262321193953385	(10,2)
0.0008063307326686790214147449	(10,3)
0.001570513018529270229913636	(10,4)
0.002572516884710907833048576	(10,5)
0.003794679908658908812654133	(10,6)
0.005211597489468869233757838	(10,7)
0.00678881437412760424323261	(10,8)
0.00848202312804748624117942	(10,9)
0.010237027544200515187320006	(10,10)
0.011990662231220585982146255	(10,11)
0.01367276567695297569947684	(10,12)
0.0152091921619808626900158	(10,13)
0.01652572943444341868448615	(10,14)
0.01755267656417977484671608	(10,15)
0.01822974215447323795857422	(10,16)
0.01851085784489110248752392	(10,17)
0.01836847380934723002554703	(10,18)
0.01779691613361901943574559	(10,19)
0.01681444079065284825623096	(10,20)
0.01546371143748916134443842	(10,21)
0.01381055060162558543166448	(10,22)
0.0119409551084011234567477	(10,23)
0.00995651395731333083391761	(10,24)
0.00796850673005424660928249	(10,25)
0.0060910800883941953105116	(10,26)
0.00443398793859397448966935	(10,27)
0.00309542921340424599142891	(10,28)
0.0021555213432482354972955	(10,29)
0.001670906681876268768984	(10,30)
0.0000389623411901310798084796	(11,1)
0.000350008086658206043588798	(11,2)
0.0009684608354982615388690304	(11,3)
0.00188631980682314580117665	(11,4)
0.003089892623034359061121179	(11,5)
0.004558080217082756436565929	(11,6)
0.006260575263619916026897826	(11,7)
0.008156316701898018841859078	(11,8)
0.010192545689920204377813488	(11,9)
0.012304768683718360780915097	(11,10)
0.014417854115909038545984606	(11,11)
0.01644837756050229120376953	(11,12)
0.01830819726669337976752256	(11,13)
0.01990910117295956656626346	(11,14)
0.02116823294329682369897237	(11,15)
0.02201389290875146687536791	(11,16)
0.02239123289312382162301709	(11,17)
0.02226733128789418021552052	(11,18)
0.02163515154472132250582074	(11,19)
0.0205159535698255811928732	(11,20)
0.01895983833527829360224614	(11,21)
0.01704425177972093671508446	(11,22)
0.01487044157887263275040836	(11,23)
0.0125580342294003423468388	(11,24)
0.01023806406316606413716743	(11,25)
0.00804492517993391363253986	(11,26)
0.00610781910169443028173134	(11,27)
0.00454232594993067638047469	(11,28)
0.0034427301124301378126074	(11,29)
0.002875682260387568367963	(11,30)
0.0000457007232030653646537017	(12,1)
0.0004105408692110542027540601	(12,2)
0.0011359581897179089108054139	(12,3)
0.002212595093101106368390895	(12,4)
0.00362447078788020200989612	(12,5)
0.00534700989216358668930033	(12,6)
0.007344972628268648685433866	(12,7)
0.009570681221985916605097946	(12,8)
0.01196294041389896289916751	(12,9)
0.014447004311714150689441867	(12,10)
0.016935850359334670573000878	(12,11)
0.01933289224183774082062314	(12,12)
0.02153610975240217584698316	(12,13)
0.02344341088263144279323176	(12,14)
0.02495888711044534477270127	(12,15)
0.02599949421150341986209701	(12,16)
0.02650160287001064379883425	(12,17)
0.02642682694435377937383292	(12,18)
0.02576655824697983600937466	(12,19)
0.02454471496568296905860811	(12,20)
0.02281834023938765618791179	(12,21)
0.02067585643451224682236622	(12,22)
0.01823297380535850398276007	(12,23)
0.0156264515238961280643566	(12,24)
0.01300609606818071156499916	(12,25)
0.01052553952234792257631418	(12,26)
0.00833245425067738011464529	(12,27)
0.0065589205979273357091306	(12,28)
0.0053126655684660915258825	(12,29)
0.004669832831647649496544	(12,30)
0.0000525106576911851666787341	(13,1)
0.0004717165843209839621543093	(13,2)
0.001305237493208543767101627	(13,3)
0.002542359857120076998856764	(13,4)
0.004164835418549145304821557	(13,5)
0.006144673672881027156069614	(13,6)
0.008441825538338695426434877	(13,7)
0.011002201296112857499931859	(13,8)
0.013756469699999621598546961	(13,9)
0.016620033852677289503832232	(13,10)
0.019494476498895161511204332	(13,11)
0.02227062204199408953905602	(13,12)
0.02483318914192959364686098	(13,13)
0.02706682420102170575043378	(13,14)
0.02886313225156249970999126	(13,15)
0.03012817728440027167999792	(13,16)
0.03078982591126961314613925	(13,17)
0.03080426888159862495377732	(13,18)
0.03016108073346257759329448	(13,19)
0.02888626820792380722093853	(13,20)
0.02704290558220034428267807	(13,21)
0.02472914633924092859870669	(13,22)
0.02207361766220736038063904	(13,23)
0.01922842671479403818376467	(13,24)
0.01636021484642229751484008	(13,25)
0.0136398688542219255307119	(13,26)
0.01123162191130549360889823	(13,27)
0.0092823402199788531881203	(13,28)
0.007911789857203909030062	(13,29)
0.007204612262646886556566	(13,30)
0.0000592708589771071144283585	(14,1)
0.0005324457274770978616767449	(14,2)
0.0014732847558936515579271541	(14,3)
0.002869747573097779582030514	(14,4)
0.004701391827644939251569527	(14,5)
0.006936960006067025682054749	(14,6)
0.009531849189857348352500898	(14,7)
0.012425949724977677797863379	(14,8)
0.015542343119588417831838993	(14,9)
0.018787293196838890720017524	(14,10)
0.022051851279203080304906574	(14,11)
0.02521523606192471111867947	(14,12)
0.02814995761234824713694307	(14,13)
0.03072845259279252679658541	(14,14)
0.0328308064816312364715694	(14,15)
0.03435298007831335409851656	(14,16)
0.03521485085486159817094786	(14,17)
0.0353673384814218447699115	(14,18)
0.03479791488302826286694451	(14,19)
0.03353390142256331647794127	(14,20)
0.03164312046226079911107757	(14,21)
0.02923168017845609387051709	(14,22)
0.02643890982985606374447377	(14,23)
0.02342970499928196048267109	(14,24)
0.02038476599779600380653013	(14,25)
0.01748939738014331293229323	(14,26)
0.01492166635991629010039474	(14,27)
0.0128407822977899984906216	(14,28)
0.0113765538642929809392044	(14,29)
0.010620706413136165389749	(14,30)
0.0000659024707949977210882494	(15,1)
0.0005920199410931073809231109	(15,2)
0.0016381404838201522933102426	(15,3)
0.003190944826472610337552804	(15,4)
0.005227905476080438344505749	(15,5)
0.007714705780093610798317844	(15,6)
0.010602536277697626722690047	(15,7)
0.013825790201850871534086198	(15,8)
0.017300684848565544446322549	(15,9)
0.020925275055196482217870369	(15,10)
0.024581202988388063561810773	(15,11)
0.02813735561136249939824988	(15,12)
0.03145539462530565341208305	(15,13)
0.03439690512283887561592943	(15,14)
0.0368317028594301365565455	(15,15)
0.03864666983050521573633317	(15,16)
0.03975437440743733213956863	(15,17)
0.040100690455269859997216	(15,18)
0.03967066665363143294630449	(15,19)
0.03849201094874510300617808	(15,20)
0.03663573541641908833907058	(15,21)
0.03421373632985604545579991	(15,22)
0.03137334040559337799069135	(15,23)
0.02828910626778826630840829	(15,24)
0.02515240589261124679888258	(15,25)
0.02215950300383306672826391	(15,26)
0.01949897789663961999904861	(15,27)
0.0173394108907283548079432	(15,28)
0.0158182259417537357656409	(15,29)
0.015032514403039499842159	(15,30)
0.000072381199492212375226619	(16,1)
0.0006502210060596448118505694	(16,2)
0.0017992011820741706140597351	(16,3)
0.003504778107318007682787273	(16,4)
0.005742461441090109871635853	(16,5)
0.008475106833614342629088808	(16,6)
0.011650083111602616098560405	(16,7)
0.015196864028788519811530915	(16,8)
0.019025600030037065350475627	(16,9)
0.023027161691462393167747423	(16,10)
0.027075017318856836251947751	(16,11)
0.03102912389637327942374615	(16,12)
0.03474179128999259679217059	(16,13)
0.03806524764515072320886137	(16,14)
0.04086041533794629231919178	(16,15)
0.04300622739943456150818923	(16,16)
0.04440869623925599924529143	(16,17)
0.04500890546806407333246109	(16,18)
0.04478913873780048663934458	(16,19)
0.04377648423057800531068605	(16,20)
0.0420434478836041921275132	(16,21)
0.03970535311194225928767498	(16,22)
0.03691457506868293419426505	(16,23)
0.03385192678241134487906355	(16,24)
0.03071575742102289719282152	(16,25)
0.02770951788324654721248715	(16,26)
0.02502868009358380986348355	(16,27)
0.0228479546618756220868823	(16,28)
0.0213097346374208675671164	(16,29)
0.020514604758608151600857	(16,30)
0.0000787384582733006464040672	(17,1)
0.0007073311180829944830904394	(17,2)
0.0019572477390466170802692663	(17,3)
0.003812768781824796134077192	(17,4)
0.006247553278620270881753316	(17,5)
0.009221845720798528856382802	(17,6)
0.012679557431866392969099252	(17,7)
0.016545793311470172947292686	(17,8)
0.020725400693227600333190149	(17,9)
0.025103050808813473332236035	(17,10)
0.029545228611950680841501561	(17,11)
0.033904315105871753678615522	(17,12)
0.03802471681894097045958641	(17,13)
0.04175075436555350544700643	(17,14)
0.04493579384875276393636983	(17,15)
0.04745191865207462518622388	(17,16)
0.0491993184945305540336261	(17,17)
0.05011453390688767917425539	(17,18)
0.05017674445367998443952547	(17,19)
0.04941142448258791476288161	(17,20)
0.04789089734354567608432235	(17,21)
0.04573157625735806728753385	(17,22)
0.04308796068523570355865701	(17,23)
0.04014373303254544521486938	(17,24)
0.0371005456393653516406599	(17,25)
0.03416528084263333118382599	(17,26)
0.03153669257486025994328113	(17,27)
0.0293923888946278723810938	(17,28)
0.0278770904030172243415007	(17,29)
0.027093005025003546184276	(17,30)
0.0000850515620768591583778835	(18,1)
0.0007640448050180084818301339	(18,2)
0.0021142016880573608617064817	(18,3)
0.004118658247055814813605032	(18,4)
0.006749304810602125796863291	(18,5)
0.009963942630454129237041165	(18,6)
0.013703317615731880571975397	(18,7)
0.017888616454745900300043559	(18,8)
0.022420016786760978226719475	(18,9)
0.027176815096194390142906221	(18,10)
0.032019517010667564577718687	(18,11)
0.036794076486511912352229327	(18,12)
0.04133823265945359883142479	(18,13)
0.04548964183754625516104814	(18,14)
0.0490952665252086036585648	(18,15)
0.05202129253160407960291333	(18,16)
0.05416272393408770637256784	(18,17)
0.05545177089093343357959302	(18,18)
0.05586420356525875886050547	(18,19)
0.05542299184330251244928563	(18,20)
0.05419876953750412329529906	(18,21)
0.05230692948653486361660186	(18,22)
0.04990144374558057580438446	(18,23)
0.04716578144962352233591082	(18,24)
0.0443015394106732552475382	(18,25)
0.0415155863538220527511902	(18,26)
0.03900663762152662692293021	(18,27)
0.03695221768208078826674311	(18,28)
0.0354969344060482489602929	(18,29)
0.034742888929596921727864	(18,30)
0.0000914266874735630746010631	(19,1)
0.0008213158525123220177213881	(19,2)
0.0022727016739645410282329193	(19,3)
0.004427583108650967982620507	(19,4)
0.007256119456107032368390921	(19,5)
0.010713764157634211236234741	(19,6)
0.014738280540409466569842003	(19,7)
0.019247234477972003524272181	(19,8)
0.024136565897271542324621153	(19,9)
0.029280771859986867269423883	(19,10)
0.034535091568657439676525702	(19,11)
0.039739879942275806707499177	(19,12)
0.04472711170426044162520925	(19,13)
0.04932869935531527954988057	(19,14)
0.0533860668721045482399809	(19,15)
0.05676022714691461365356473	(19,16)
0.05934149107539127545996048	(19,17)
0.0610579071590510978952297	(19,18)
0.0618815984110260047300312	(19,19)
0.06183232169602072667090974	(19,20)
0.06097780548350143906538445	(19,21)
0.05943069894849952942707095	(19,22)
0.05734225765113335121562946	(19,23)
0.05489316803095551063127657	(19,24)
0.05228214819202141304654055	(19,25)
0.04971313649145841669244746	(19,26)
0.04738198124652913748182525	(19,27)
0.04546357168642746951156292	(19,28)
0.0441003062967840695898325	(19,29)
0.043392689093745662030389	(19,30)
0.0000979801413085342398227731	(20,1)
0.0008801890381560583522440171	(20,2)
0.0024356379126961998298844514	(20,3)
0.004745168710514790808581442	(20,4)
0.007777196464613816335060751	(20,5)
0.011484837547498271223649699	(20,6)
0.01580292645047601125918295	(20,7)
0.020645523139861560751329445	(20,8)
0.025904520686814360548074665	(20,9)
0.031449892731407263385748726	(20,10)
0.037131974890216121448998795	(20,11)
0.0427859652584344573097441	(20,12)
0.04823857766858341730729153	(20,13)
0.05331651580985250571752176	(20,14)
0.0578561893892402615260623	(20,15)
0.06171389771579189300835082	(20,16)
0.06477558872935747187686743	(20,17)
0.06696528023461674917788788	(20,18)
0.06825130989005627483800003	(20,19)
0.0686497526758893731780759	(20,20)
0.06822458832457512704742516	(20,21)
0.06708448716040997692807933	(20,22)
0.06537637784323585622134405	(20,23)
0.06327623289460113479508529	(20,24)
0.06097773155375159064590395	(20,25)
0.05867961693740763853670139	(20,26)
0.05657264762689838917023482	(20,27)
0.05482705338195407116266188	(20,28)
0.053581348106331990293667	(20,29)
0.052933241990216011211949	(20,30)
0.0001048228471712210458675748	(21,1)
0.0009416607729243859407870666	(21,2)
0.0026057666507527474428682547	(21,3)
0.00507677857512852437140732	(21,4)
0.008321302881079702684346254	(21,5)
0.012290043143184274688066152	(21,6)
0.016914825509160882357206432	(21,7)
0.022106129178192577908692263	(21,8)
0.02775173933422861129456881	(21,9)
0.033717068781779148661795718	(21,10)
0.039847545701679860528402323	(21,11)
0.04597325006780673092268016	(21,12)
0.051915722076124961234082764	(21,13)
0.0574965925140780704006899	(21,14)
0.06254743223461571712206682	(21,15)
0.06692002048585136844104983	(21,16)
0.07049611863413757154752387	(21,17)
0.0731958247278971315454418	(21,18)
0.07498367902416340044954194	(21,19)
0.07587187962511402099374296	(21,20)
0.07592022632015919421430501	(21,21)
0.07523270657278480705548494	(21,22)
0.07395093446764597831679685	(21,23)
0.0722449184629704990922813	(21,24)
0.07030184173725644679120256	(21,25)
0.06831367485043049787820731	(21,26)
0.06646450015926724015422716	(21,27)
0.06491841590350238981754867	(21,28)
0.0638088163815996409591605	(21,29)
0.063229727399959317615006	(21,30)
0.0001120506607300450447831765	(22,1)
0.001006592104781397679769032	(22,2)
0.0027854695103239780336674355	(22,3)
0.005427046052632710246149266	(22,4)
0.008896007813360646895508763	(22,5)
0.013140488884738627613266432	(22,6)
0.018089101343068630239362781	(22,7)
0.023648487646924142720552026	(22,8)
0.029702022596827925823250413	(22,9)
0.036110219734380534742735234	(22,10)
0.042713243907472694230029063	(22,11)
0.049335709307501902170819894	(22,12)
0.055793673310861449522849355	(22,13)
0.0619034530899785602593794	(22,14)
0.06749163189005020804413067	(22,15)
0.07240542257662877548332317	(22,16)
0.07652244829487825765845734	(22,17)
0.07975900201452538204632798	(22,18)
0.08207596024434680035622511	(22,19)
0.08348173630452698174104394	(22,20)
0.08403193620840521883068614	(22,21)
0.08382568787222588068124434	(22,22)
0.08299891289149158567473062	(22,23)
0.08171506542665995289976402	(22,24)
0.08015405082786077944033626	(22,25)
0.07850014596572423270361047	(22,26)
0.07692977441721322751520161	(22,27)
0.07559995281883104504086986	(22,28)
0.0746381356358441659133007	(22,29)
0.074134061612152257177771	(22,30)
0.0001197406033591029369816172	(23,1)
0.0010756748872669659271761627	(23,2)
0.0029766599316000082313220072	(23,3)
0.005799692424760740323146596	(23,4)
0.009507385725274574079372374	(23,5)
0.014045076125960431411146334	(23,6)
0.019337842803542272677473299	(23,7)
0.025288071941145463088891669	(23,8)
0.031774206469472195762701691	(23,9)
0.038651248878942204170147429	(23,10)
0.045753425505619940396190605	(23,11)
0.05289918814054805518031236	(23,12)
0.059898446798583810788137147	(23,13)
0.06656163090320498954035076	(23,14)
0.07270990632715884005907004	(23,15)
0.07818567374679649832213608	(23,16)
0.08286237277015523854831293	(23,17)
0.08665263470041207409226182	(23,18)
0.08951396413377892724028597	(23,19)
0.09145136626996748756513858	(23,20)
0.09251663794454791391227803	(23,21)
0.09280436278516295396531223	(23,22)
0.09244495143469301704109553	(23,23)
0.09159531114269618298560663	(23,24)
0.09042789295305746798249514	(23,25)
0.08911894200770661582456914	(23,26)
0.0878367736267537424364651	(23,27)
0.08673083112055141029993066	(23,28)
0.085922171766729403485129	(23,29)
0.085495895765842558215249	(23,30)
0.000127951447377483969557207	(24,1)
0.0011494370389427020388398427	(24,2)
0.0031807977646851433904942084	(24,3)
0.006197555572346385710908421	(24,4)
0.010160064324061472509179208	(24,5)
0.015010572884258400638066229	(24,6)
0.020670210615723908108221602	(24,7)
0.027036544938233586237834613	(24,8)
0.033982373306025953381851383	(24,9)
0.041356335436638297230369332	(24,10)
0.048985764479162102641166918	(24,11)
0.05668194958721998040940202	(24,12)
0.06424768289807681994175778	(24,13)
0.071486649701519126423400206	(24,14)
0.07821393766368347531499088	(24,15)
0.08426673503914128217607479	(24,16)
0.08951419504119515989950627	(24,17)
0.09386548258617463223182933	(24,18)
0.09727518693373867920169057	(24,19)
0.09974555379320299690519447	(24,20)
0.10132532097779436032323995	(24,21)
0.10210528250420550492502468	(24,22)
0.10221100930554866913544493	(24,23)
0.10179338382251652117496296	(24,24)
0.10101774082068701102457092	(24,25)
0.10005244609312620120963653	(24,26)
0.09905770187143904064696908	(24,27)
0.0981752663470582412337627	(24,28)
0.0975196416848984554731555	(24,29)
0.097171144720989823912993	(24,30)
0.0001367265877214953266836155	(25,1)
0.0012282683416553650007589489	(25,2)
0.0033989606775666210453218918	(25,3)
0.006622729217328545073170698	(25,4)
0.010857453239137382993174673	(25,5)
0.016041952844039041678321976	(25,6)
0.022092906863758216254191484	(25,7)
0.028902378449875465141049691	(25,8)
0.036336640169953081841710283	(25,9)
0.04423691034189135812772458	(25,10)
0.052422434295464738558847012	(25,11)
0.060696079885494136277247952	(25,12)
0.06885229412138757055629047	(25,13)
0.076686930379871879930370927	(25,14)
0.08400815545682973301573164	(25,15)
0.0906474342475920788333269	(25,16)
0.09646950708584763419948451	(25,17)
0.10138033952033327538654372	(25,18)
0.10533222897920671215900507	(25,19)
0.10832556429847706557260868	(25,20)
0.11040710095874480478627378	(25,21)
0.11166497840462001130450031	(25,22)
0.11222101259818530660780616	(25,23)
0.11222100911835739036151111	(25,24)
0.11182394308899407019086746	(25,25)
0.11119084702236555767512134	(25,26)
0.11047415848387543157900811	(25,27)
0.10980813829019525626392719	(25,28)
0.1093008103855707781347526	(25,29)
0.109027724935013517566658	(25,30)
0.0001460974737140655106994178	(26,1)
0.0013124512696417041870863979	(26,2)
0.0036319294721937064189272127	(26,3)
0.007076729178560949629840723	(26,4)
0.011602016665275542381968237	(26,5)
0.017142798412606881121439559	(26,6)
0.02361073059727744349224547	(26,7)
0.030891581130069317697593438	(26,8)
0.038844075900600661026015039	(26,9)
0.047300775950756290926362691	(26,10)
0.056071439957028984822700787	(26,11)
0.064949038493759009247898561	(26,12)
0.073718234424796488261595287	(26,13)
0.08216577657021085570354463	(26,14)
0.09009193134300789686586995	(26,15)
0.09732185826779406547196262	(26,16)
0.10371576477546810829424213	(26,17)
0.10917677222558852598632168	(26,18)
0.11365567590206097940990703	(26,19)
0.11715214416268854915811295	(26,20)
0.11971231306551172940528474	(26,21)
0.12142312369870990730666852	(26,22)
0.12240406028619655783822922	(26,23)
0.12279713906294522844458836	(26,24)
0.12275605872760617756649179	(26,25)
0.12243536638023529147618195	(26,26)
0.12198035056222273765884119	(26,27)
0.1215181869056418232149496	(26,28)
0.1211506728784187660604666	(26,29)
0.12094872848511278827455	(26,30)
0.0001560865466947164631109313	(27,1)
0.0014021873791920537820303935	(27,2)
0.0038802611080378014032954612	(27,3)
0.00756063563004926272852513	(27,4)
0.012395506489668677525027585	(27,5)
0.018315644902651631612586187	(27,6)
0.025227051229674812543343829	(27,7)
0.033008316565852619031917413	(27,8)
0.041509475993530244533362269	(27,9)
0.050553045751966601187304005	(27,10)
0.059937725937728523743342397	(27,11)
0.069444932559556767483470155	(27,12)
0.078847933190026439960559958	(27,13)
0.0879229557768472428476398	(27,14)
0.096461289856681967943037526	(27,15)
0.10428117147328083940901302	(27,16)
0.11123818770782330494561269	(27,17)
0.11723307242103382197839396	(27,18)
0.12221607195474801134454629	(27,19)
0.12618748362763162375220923	(27,20)
0.12919443399717154108191622	(27,21)
0.13132438691398276528804674	(27,22)
0.13269618636002418007556055	(27,23)
0.13344960655192585800330245	(27,24)
0.13373439545709385205465091	(27,25)
0.13369968136009259823734786	(27,26)
0.13348440962832461252602349	(27,27)
0.13320924071847945283551014	(27,28)
0.1329701194029881930506112	(27,29)
0.132833555330787033603176	(27,30)
0.0001667092564162384281435023	(28,1)
0.0014976154223692607803104951	(28,2)
0.004144338821080673345485804	(28,3)
0.008075190713487573307909709	(28,4)
0.013239122161202169905989493	(28,5)
0.019562216294430694724582365	(28,6)
0.026944132200283155145445005	(28,7)
0.035255324632167275923538725	(28,8)
0.04433588859504499282969855	(28,9)
0.053996778478570482856243213	(28,10)
0.064023917865041685080642024	(28,11)
0.07418536117670274030545019	(28,12)
0.084241232363110420823380597	(28,13)
0.093955714965452729281657826	(28,14)
0.103109983479699053884680042	(28,15)
0.1115147270855286855025886	(28,16)
0.11902088025526127090545411	(28,17)
0.12552735830851756692237215	(28,18)
0.13098497128780479073909269	(28,19)
0.1353961873023967712231255	(28,20)
0.13881094297646966940215714	(28,21)
0.14131915846319469429111581	(28,22)
0.14304093281075961935929757	(28,23)
0.14411553318821085070747541	(28,24)
0.14469024992908002671115405	(28,25)
0.14491000461241415823484319	(28,26)
0.14490832841769812032992562	(28,27)
0.14480003704167936640889758	(28,28)
0.1446756732723220943726638	(28,29)
0.144597608521764273470707	(28,30)
0.0001779751465828012914378669	(29,1)
0.0015988210984728634380737351	(29,2)
0.0044243991023249785903648467	(29,3)
0.008620851063881275651852189	(29,4)
0.014133596648102454510308561	(29,5)
0.020883551806391158171748037	(29,6)
0.028763304287539946061609659	(29,7)
0.037634146210581321708552023	(29,8)
0.047324893364978803186273774	(29,9)
0.057633311463890775823111456	(29,10)
0.068330707897748767515284215	(29,11)
0.079169847133979074678718628	(29,12)
0.089895855488482158407262374	(29,13)
0.100259274231899156022414702	(29,14)
0.110029994743012374242832224	(29,15)
0.119010558138296848064583803	(29,16)
0.12704728884483543316541882	(29,17)
0.13403797330136326552667496	(29,18)
0.13993525191750429274540741	(29,19)
0.14474547715047531798074416	(29,20)
0.14852338919357536237551316	(29,21)
0.15136346154235944129309218	(29,22)
0.15338908850849973657028571	(29,23)
0.15474088800093079798402226	(29,24)
0.15556528688385776689645695	(29,25)
0.1560042939723678875845942	(29,26)
0.15618702089364159788119311	(29,27)
0.15622316084338559833154444	(29,28)
0.1561983445349434019185274	(29,29)
0.156171103879874363627996	(29,30)
0.000189888201806152998388392	(30,1)
0.0017058401706327112604675755	(30,2)
0.0047205403176213686646229061	(30,3)
0.009197804575674165875737879	(30,4)
0.015079223814332494078957913	(30,5)
0.022280046033568268343178	(30,6)
0.030685020167305851026220749	(30,7)
0.040145193104623084205732323	(30,8)
0.050476686701816170636287562	(30,9)
0.061462359857402325852615025	(30,10)
0.072856965043448059682353425	(30,11)
0.084395953577391808452617561	(30,12)
0.095807523804288606424743974	(30,13)
0.10682693300148702095043178	(30,14)
0.117211620571583840337036085	(30,15)
0.126755425270306194786563114	(30,16)
0.13530019582988824159911258	(30,17)
0.14274340628093186095862613	(30,18)
0.14904094106533045080366346	(30,19)
0.15420490114406130538043715	(30,20)
0.15829696308868366563889654	(30,21)
0.16141836827736759214240168	(30,22)
0.16369793730718807697209915	(30,23)
0.16527956124403848842902768	(30,24)
0.16631044039864042171005067	(30,25)
0.16693099170711191883414713	(30,26)
0.16726691888533266572611435	(30,27)
0.16742352631184800131907318	(30,28)
0.167482030766484249983228	(30,29)
0.167497429147576425774445	(30,30)
0.000202446699115583141142953	(31,1)
0.001818657131756508752903731	(31,2)
0.0050327190139482634030448934	(31,3)
0.009805963192950932822619472	(31,4)
0.016075846551366253582776581	(31,5)
0.023751431275110712163145204	(31,6)
0.03270882975140221354875238	(31,7)
0.042787715106986508512115093	(31,8)
0.053790039068555224222535878	(31,9)
0.065481962418173219239503448	(31,10)
0.077599667115289608874841262	(31,11)
0.08985919904618892756303898	(31,12)
0.101969850144287116201197741	(31,13)
0.113649937030466408336949649	(31,14)
0.124643304609936108484671235	(31,15)
0.134734604182110642367624548	(31,16)
0.14376144923051249147516899	(31,17)
0.15162194819171174076395888	(31,18)
0.15827678110943534824664936	(31,19)
0.16374579002135644763945875	(31,20)
0.16809982580545634262422927	(31,21)
0.17144918603561178558975112	(31,22)
0.17393028958862407189464273	(31,23)
0.17569223553633027067913581	(31,24)
0.17688462633269816188886204	(31,25)
0.17764758806347614272611255	(31,26)
0.17810440465766067300627896	(31,27)
0.1783567038174980719012793	(31,28)
0.1784817699513349331453435	(31,29)
0.178531358694157412032848	(31,30)
0.0002156427789448693489690138	(32,1)
0.0019372013505839792337037877	(32,2)
0.0053607392553264161889622671	(32,3)
0.010444942136252112124328381	(32,4)
0.017122822741804269813710593	(32,5)
0.02529672729792362950009202	(32,6)
0.034833311113657379809713594	(32,7)
0.045559709827024794833684268	(32,8)
0.057262181885750906029033176	(32,9)
0.069688344046231303324706998	(32,10)
0.082553737759653542514097633	(32,11)
0.095552867869722646282261953	(32,12)
0.108374121151359974455143476	(32,13)
0.120717229859163436858750148	(32,14)
0.132311353616815671193402151	(32,15)
0.142931560277931777289659797	(32,16)
0.152411586043920896660934845	(32,17)
0.1606512514387590740423007	(32,18)
0.16761770988590403835780084	(32,19)
0.17334064169413673952978276	(32,20)
0.17790238081511673518264039	(32,21)
0.18142460116670944662695771	(32,22)
0.18405348678778741942759088	(32,23)
0.1859452453862759765042177	(32,24)
0.18725345793384173261456536	(32,25)
0.18811920159303616302093192	(32,26)
0.18866427213535006321422937	(32,27)
0.18898728508412458855588805	(32,28)
0.189162038281108729000879	(32,29)
0.189237316600441601150022	(32,30)
0.0002294618953025593455675021	(33,1)
0.0020613421325489397205813314	(33,2)
0.0057042389585255409721841004	(33,3)
0.011114033301298090577755279	(33,4)
0.018218981734777318727784856	(33,5)
0.026914177266857315898982689	(33,6)
0.037055982788529012076016986	(33,7)
0.04845780898851244952328263	(33,8)
0.060888666327516923937755908	(33,9)
0.074075746507849856315702004	(33,10)
0.087711849383022960984073094	(33,11)
0.101467786104673844485909898	(33,12)
0.115009047019495748029202708	(33,13)
0.128015176361198361301568231	(33,14)
0.140199633115866643055359941	(33,15)
0.151327612107736705229230225	(33,16)
0.161229455897606448334078061	(33,17)
0.16980790268095856620902989	(33,18)
0.17703836844756155479344544	(33,19)
0.1829625477408314527912278	(33,20)
0.18767660247463355217090554	(33,21)
0.1913158944909599101445973	(33,22)
0.19403849223584795959540479	(33,23)
0.19600953713872265599220759	(33,24)
0.19738807521727463812541295	(33,25)
0.19831728546736210964207744	(33,26)
0.19891832474377410201310254	(33,27)
0.19928739351905809171086981	(33,28)
0.1994951991098105717174695	(33,29)
0.199587793996441833568288	(33,30)
0.0002438822511270465379339273	(34,1)
0.0021908836476882758631125173	(34,2)
0.0060626758634213458319547457	(34,3)
0.011812177961945877668115918	(34,4)
0.019362579741194270714590413	(34,5)
0.028601182247493811176799061	(34,6)
0.03937321448846347729571042	(34,7)
0.051477163417453663000872526	(34,8)
0.064663221807266856226703129	(34,9)
0.078636260929401754783588028	(34,10)
0.09306423135894974307810015	(34,11)
0.10759210799271326774138414	(34,12)
0.121860528900657482902543332	(34,13)
0.135527313011265036656118766	(34,14)
0.148289300544586450366316799	(34,15)
0.159901644465374365440639476	(34,16)
0.170191907444765311978769722	(34,17)
0.179067071916878097303481027	(34,18)
0.18651269873582302951838238	(34,19)
0.19258472323565424410669207	(34,20)
0.19739548101519878042716105	(34,21)
0.20109628595045393160122432	(34,22)
0.20385912353072869840082953	(34,23)
0.20585978239080303547324051	(34,24)
0.20726413916740204802622323	(34,25)
0.20821850908701917945640186	(34,26)
0.20884415772648454758530747	(34,27)
0.20923538645585041199990039	(34,28)
0.2094601490707615076446029	(34,29)
0.209561966279614243754629	(34,30)
0.0002588742838102520952368154	(35,1)
0.0023255603093524024132435062	(35,2)
0.0064353147530339932978824409	(35,3)
0.012537941921807991067656654	(35,4)
0.020551259294866180847896076	(35,5)
0.030354241859488948014462974	(35,6)
0.041780146617645007123272653	(35,7)
0.054611340177711262382087941	(35,8)
0.06857763085681794146191597	(35,9)
0.083359682032979514669462258	(35,10)
0.09859850661612392967800335	(35,11)
0.113911138845394760185804529	(35,12)
0.128911472186272386703953759	(35,13)
0.143234154719266537736482273	(35,14)
0.156558606601506777777062661	(35,15)
0.168629901849829750227895049	(35,16)
0.179273567388030323195519208	(35,17)
0.188402266195302667697613473	(35,18)
0.19601365737208302945458242	(35,19)
0.20218016362569583382305657	(35,20)
0.20703260502148838599638039	(35,21)
0.21074042686617325717910919	(35,22)
0.21349144244379187854118783	(35,23)
0.21547365872929160069429845	(35,24)
0.21686100278451462990525627	(35,25)
0.21780382551320920461770413	(35,26)
0.21842413430292542737892213	(35,27)
0.21881475781782358236027656	(35,28)
0.2190411693027576209593666	(35,29)
0.2191445178834204446230476	(35,30)
0.0002744002389481207875067594	(36,1)
0.0024650329455834031619947641	(36,2)
0.0068212168688102119578385013	(36,3)
0.013289494953928635705505995	(36,4)
0.021782015783772996260415372	(36,5)
0.0321689054876669312061156	(36,6)
0.044270624578741985146645194	(36,7)
0.057852239552872194417606392	(36,8)
0.07262162981295196189110654	(36,9)
0.088233395135654650504041999	(36,10)
0.104299568989800414808451382	(36,11)
0.120407207704958258024634379	(36,12)
0.136141659446801155576849021	(36,13)
0.151113071808484773707286841	(36,14)
0.164982777463519628429578391	(36,15)
0.177485873362568647832440523	(36,16)
0.188446720992577504059184332	(36,17)
0.197785194134007024534169215	(36,18)
0.20551304880321449031822537	(36,19)
0.21172142888030922600282741	(36,20)
0.21656187874767778199212407	(36,21)
0.22022403454940324764693642	(36,22)
0.22291329488395247179135795	(36,23)
0.22483128848546657213343024	(36,24)
0.2261610482335628245240527	(36,25)
0.22705771288356909989367346	(36,26)
0.22764454302271459696693951	(36,27)
0.22801322799625036127011154	(36,28)
0.228226968222862152284786	(36,29)
0.228324660860721385007466	(36,30)
0.0002904138547781147603508096	(37,1)
0.0026088859648997281851067336	(37,2)
0.0072192320788619660329880883	(37,3)
0.014064595611716281145664447	(37,4)
0.023051172814184978915504106	(37,5)
0.03403973661859703595629974	(37,6)
0.046837151324527296633208613	(37,7)
0.061190036221574810266395075	(37,8)
0.076782840474478908578721332	(37,9)
0.093242301700740360274760127	(37,10)
0.110149507436012828314820598	(37,11)
0.127059595753655617527602362	(37,12)
0.14352768833150982635285292	(37,13)
0.159138241158090147077149138	(37,14)
0.173533979989795435512755719	(37,15)
0.186440268689708789807670811	(37,16)
0.197681290832960930167547592	(37,17)
0.207185734831830933114698886	(37,18)
0.214981468181048728484258396	(37,19)
0.22118054224368923569058775	(37,20)
0.22595735887153153847842192	(37,21)
0.22952365156124949316635575	(37,22)
0.23210398136359663265527152	(37,23)
0.23391481453903854835938167	(37,24)
0.23514916809052777514212297	(37,25)
0.23596756707256252532061184	(37,26)
0.23649491307007854064353023	(37,27)
0.23682199736004816200254206	(37,28)
0.2370098920566601460028307	(37,29)
0.237095323394740569986485	(37,30)
0.0003068601717640166758658113	(38,1)
0.0027566256463569029023565831	(38,2)
0.0076279941579277010619018641	(38,3)
0.01486058210629087371442925	(38,4)
0.024354367532687802342250759	(38,5)
0.035960291924098137672844692	(38,6)
0.049470860293787244718070541	(38,7)
0.064613147238882389722936565	(38,8)
0.081046735682479921302075568	(38,9)
0.098368786494602039016086757	(38,10)
0.116127579909329803542814036	(38,11)
0.133844522558377541522748722	(38,12)
0.151042975258809423651461172	(38,13)
0.167280670506835873125422977	(38,14)
0.182181366526682074672793451	(38,15)
0.195461078949712677221604199	(38,16)
0.206944904429497543544110734	(38,17)
0.216571998614425329006402695	(38,18)
0.224388338318755938467307054	(38,19)
0.23052898513542004002582818	(38,20)
0.23519318985808099553291756	(38,21)
0.23861650689917921366809574	(38,22)
0.24104403382218894464691059	(38,23)
0.2427080880125243205578038	(38,24)
0.24381236483503456900556451	(38,25)
0.24452321928517658712545478	(38,26)
0.24496746090569798792688816	(38,27)
0.24523513658927047548549651	(38,28)
0.2453852761994632936321727	(38,29)
0.2454524812541778731276521	(38,30)
0.0003236754781340413459508552	(39,1)
0.0029076796509229091253904772	(39,2)
0.0080459194469202869347268666	(39,3)
0.015674369767973503023958556	(39,4)
0.025686546739114803935162108	(39,5)
0.037923116278438615179321759	(39,6)
0.052161510265274210418167039	(39,7)
0.068108228630826421530118675	(39,8)
0.0853966407425532042384245	(39,9)
0.10359272811420401007243265	(39,10)
0.122210238142768128440878919	(39,11)
0.140735190395461510427783896	(39,12)
0.158657823620936733772815231	(39,13)
0.17550829258667114679547626	(39,14)
0.190891193453426332915765779	(39,15)
0.204513713671292535988193052	(39,16)
0.216203038998295761047026292	(39,17)
0.225910464837579460721233846	(39,18)
0.233702023183333529862476948	(39,19)
0.23973776827929018904449407	(39,20)
0.24424361610304175858350334	(39,21)
0.24748045584955964303987296	(39,22)
0.24971507454353689233901425	(39,23)
0.25119644292888648768711499	(39,24)
0.25213944323972909291584431	(39,25)
0.25271655296562574872707134	(39,26)
0.25305664244953943608647	(39,27)
0.25324908791293522271975341	(39,28)
0.2533509114072394957320308	(39,29)
0.2533946061493633625617351	(39,30)
0.0003407874005223644659537655	(40,1)
0.0030613978363296117248986922	(40,2)
0.0084712091187231186814451611	(40,3)
0.016502455529158726417309263	(40,4)
0.02704197449067445202502395	(40,5)
0.039919754697854915580727827	(40,6)
0.054897503386149745359493545	(40,7)
0.071660202038569228567381058	(40,8)
0.089813772130139787030922514	(40,9)
0.10889155405501693204014739	(40,10)
0.128371203851700857862881081	(40,11)
0.147701886072629861496856634	(40,12)
0.166339554317873416274983876	(40,13)
0.183786124820754819293959648	(40,14)
0.199627006731015988599231293	(40,15)
0.213561204448990043042257519	(40,16)
0.225419231095557206911220158	(40,17)
0.235166181909007558261657691	(40,18)
0.242890000782981926279235265	(40,19)
0.24877756004645310565327969	(40,20)
0.25308305043665763844204081	(40,21)
0.25609397711668359605719165	(40,22)
0.25809973515982774418728506	(40,23)
0.2593665354564380411427844	(40,24)
0.26012077306004064029234249	(40,25)
0.26054119727774496377891873	(40,26)
0.26075878794460054744592433	(40,27)
0.26086225429060558346909103	(40,28)
0.26090660177798596603460478	(40,29)
0.260922207906105452687116	(40,30)
0.000358115147723345453918136	(41,1)
0.0032170544473123851459503371	(41,2)
0.0089018552485206975082403465	(41,3)
0.017340929810443817512319242	(41,4)
0.028414251806511942180605787	(41,5)
0.04194078205577603121787747	(41,6)
0.057665927443785738471950382	(41,7)
0.07525231260151121133364351	(41,8)
0.094277314608594030741154509	(41,9)
0.114240341113796375531350016	(41,10)
0.134581596455112409006360358	(41,11)
0.154712139208732355762015623	(41,12)
0.174052695997426542447888334	(41,13)
0.192076489970127360820279413	(41,14)
0.208349887544911142938489109	(41,15)
0.222564465935435424429326099	(41,16)
0.234555339435327835395293468	(41,17)
0.244303015661481626624845784	(41,18)
0.251919079806756642263036349	(41,19)
0.257618855033957493562904781	(41,20)
0.26168618110493570968167286	(41,21)
0.26443620880431673123797318	(41,22)
0.26618161703546212220932291	(41,23)
0.26720622889818709690589116	(41,24)
0.26774810310197919510375355	(41,25)
0.2679922781551308528110001	(41,26)
0.26807180040021744057512616	(41,27)
0.26807465732623960725334407	(41,28)
0.2680537952158766865943957	(41,29)
0.268037451093400993235541	(41,30)
0.0003755699141219411129617063	(42,1)
0.0033738517401626816679294275	(42,2)
0.00933565085102141873631575	(42,3)
0.018185496121955414775156713	(42,4)
0.029796348967574687899283208	(42,5)
0.043975851259018683958246799	(42,6)
0.060452623220504803868510344	(42,7)
0.078866218974058042265442585	(42,8)
0.098764537531021060543581796	(42,9)
0.119611961508102748138552998	(42,10)
0.14081011196399631239560183	(42,11)
0.161730935498209199176391747	(42,12)
0.181759232016142107449873276	(42,13)
0.200339292905341462431261847	(42,14)
0.21701875117756241985748299	(42,15)
0.231482605231391919821002694	(42,16)
0.243571850012520510490590495	(42,17)
0.253283933580166156519938605	(42,18)
0.260755646288157595865874039	(42,19)
0.266232168339868176192044535	(42,20)
0.27002810225129228698116742	(42,21)
0.27248700810773471573794464	(42,22)
0.27394527787796555948518282	(42,23)
0.27470450930869816710830995	(42,24)
0.27501441155816341670322661	(42,25)
0.27506621175614829095506874	(42,26)
0.2749949023374322847979393	(42,27)
0.27488764849747092366241156	(42,28)
0.27479527083664660374276528	(42,29)
0.2747438304903972975206618	(42,30)
0.0003930554472445120664008205	(43,1)
0.0035309250814818668166292204	(43,2)
0.0097702039942892696567218949	(43,3)
0.019031498589485044278223763	(43,4)
0.031180650739804346908447789	(43,5)
0.046013760326314045385541934	(43,6)
0.063242277441176050708585406	(43,7)
0.082482115952645972288272528	(43,8)
0.103250950596580640721125185	(43,9)
0.124977274530725896688627878	(43,10)
0.147023252094947404276305051	(43,11)
0.168720982922573748178385676	(43,12)
0.189418900674274834800005803	(43,13)
0.208532348415020248018645756	(43,14)
0.225590692283011148755959599	(43,15)
0.240273271171818331940045548	(43,16)
0.25242821358123632303992624	(43,17)
0.262071313832151291986930346	(43,18)
0.269365928538482277746011996	(43,19)
0.274588243457035773152422328	(43,20)
0.2780844557906577784654907	(43,21)
0.2802270227516717581602628	(43,22)
0.28137623280520268218959386	(43,23)
0.28185142011486484867148546	(43,24)
0.28191378103453003305026892	(43,25)
0.28176052868214198274818476	(43,26)
0.28152841904827931871796427	(43,27)
0.28130366173280451864038025	(43,28)
0.28113487118886249746799816	(43,29)
0.281045893175822691208595	(43,30)
0.0004104687809944251761061599	(44,1)
0.0036873495351578726223866356	(44,2)
0.010202956028387446971924449	(44,3)
0.019873957476123961316968627	(44,4)
0.032559014622517892700291843	(44,5)
0.048042538480863300086212983	(44,6)
0.066018541380050924437027065	(44,7)
0.086078889630786788911567112	(44,8)
0.107710498668905209914774739	(44,9)
0.130305362817349917067870992	(44,10)
0.153185601897507762632471819	(44,11)
0.175643028140480565376088835	(44,12)
0.196989544674238058160130785	(44,13)
0.216611754588240756881812479	(44,14)
0.234021369693789900819953731	(44,15)
0.24889303538890198150807004	(44,16)
0.261083206409616850441151997	(44,17)
0.270627269429291073999447842	(44,18)
0.27771627046908700494013368	(44,19)
0.282658264008549878412918087	(44,20)
0.28583157520563050517602119	(44,21)
0.2876377650808507445101454	(44,22)
0.28846096110506734106886923	(44,23)
0.28863800717900271171995889	(44,24)
0.28844128975038197111720622	(44,25)
0.28807372034289013795349023	(44,26)
0.28767358955966837323741114	(44,27)
0.28732599830337723302039632	(44,28)
0.28707727006642390878054468	(44,29)
0.2869489979061428276084137	(44,30)
0.0004277011325720672916576411	(45,1)
0.0038421479195675007591461773	(45,2)
0.010631203878528548567428616	(45,3)
0.020707612598237868315097121	(45,4)
0.033922841944386466036770181	(45,5)
0.050049550962123181402588757	(45,6)
0.068764174648174407637054312	(45,7)
0.089634304316534210697620673	(45,8)
0.11211579445876848258679089	(45,9)
0.135563811414015798940953832	(45,10)
0.159260153263812694150339194	(45,11)
0.182456219419574672868763629	(45,12)
0.204427505032596646777963857	(45,13)
0.224532305842939046420883484	(45,14)
0.242265423780662432232905026	(45,15)
0.257297797357684453951877245	(45,16)
0.26949530603554606445884945	(45,17)
0.278913979137171740193608623	(45,18)
0.285773405138380547722793159	(45,19)
0.290414061620910407375113195	(45,20)
0.29324662412537479334754941	(45,21)
0.2947016821986860376831402	(45,22)
0.29518691248319860054743053	(45,23)
0.29505626830741445267625842	(45,24)
0.2945929129244802225351769	(45,25)
0.29400510133096933190643986	(45,26)
0.29343239891658718195918056	(45,27)
0.29295863737531390417572246	(45,28)
0.29262776903612004252640024	(45,29)
0.2924591047816209160366629	(45,30)
0.0004446389569904612158393797	(46,1)
0.0039943002802859870873524172	(46,2)
0.011052126250933038793199981	(46,3)
0.021526974337650711989779788	(46,4)
0.035263161309449367534382117	(46,5)
0.052021621797499961745732548	(46,6)
0.071461213061859457486187823	(46,7)
0.09312521967212507886404134	(46,8)
0.116438386966081464070108911	(46,9)
0.140719026835314092082802376	(46,10)
0.165208670672476516115189178	(46,11)
0.189118511524634636193349404	(46,12)
0.211688053897968734173325771	(46,13)
0.2322479391710677230569659	(46,14)
0.250276919252592358887083301	(46,15)
0.265443205928353107668635454	(46,16)
0.277623074500187902748473339	(46,17)
0.286894017927454647765171159	(46,18)
0.293504721912803846914589411	(46,19)
0.29782831406330040703132133	(46,20)
0.30030772455918373885963714	(46,21)
0.30140221764688832687536899	(46,22)
0.30154250870392846755335718	(46,23)
0.30109910328170194759608089	(46,24)
0.3003654303750349871083645	(46,25)
0.29955468361878802119280209	(46,26)
0.29880742729651027549917956	(46,27)
0.2982060674247287687283834	(46,28)
0.29779211763375495251876464	(46,29)
0.297582590016543737313711	(46,30)
0.0004611651486863330176947441	(47,1)
0.004142754683964712202824993	(47,2)
0.0114628134901068222140851	(47,3)
0.022326381739513308726085767	(47,4)
0.036570723550948431829529583	(47,5)
0.053945173275296833570504699	(47,6)
0.074091158827606204307728335	(47,7)
0.09652783570997264262908725	(47,8)
0.120649062616736204175342783	(47,9)
0.145736592261548119258833909	(47,10)
0.170992094468017063686200989	(47,11)
0.195587107012876856717824438	(47,12)
0.218725859955477444742797253	(47,13)
0.239712206692082221460580747	(47,14)
0.258009806177781627463591372	(47,15)
0.273285090160127092037403603	(47,16)
0.285425542265397560099504266	(47,17)
0.2945306808749219714169546	(47,18)
0.30087852203233386913899416	(47,19)
0.30487472938336292923396466	(47,20)
0.30699407136248697642292301	(47,21)
0.30772386184657590803733659	(47,22)
0.30751713822214311261729239	(47,23)
0.3067602621163196644002217	(47,24)
0.30575633791330215365229711	(47,25)
0.30472305987697034871790589	(47,26)
0.30380171290011759493058554	(47,27)
0.30307313511564956694212324	(47,28)
0.30257635356012354314809067	(47,29)
0.3023260819984998082939566	(47,30)
0.0004771603752052849287149754	(48,1)
0.0042864391984315077109030813	(48,2)
0.011860300714051521257273367	(48,3)
0.023100066967799194223440809	(48,4)
0.037836106998185940711020744	(48,5)
0.055806380350566799859075147	(48,6)
0.076635190602468880510497606	(48,7)
0.099817962444457345513010042	(48,8)
0.124718175067788153387245496	(48,9)
0.150581653990142289904994103	(48,10)
0.176570975953495308615390543	(48,11)
0.20181892747057606845307078	(48,12)
0.225495479391423610577291029	(48,13)
0.246878767201318486983598312	(48,14)
0.265418391968670928312890091	(48,15)
0.280779892625981910212460711	(48,16)
0.2928625867477352663216383	(48,17)
0.30178829543907968154685029	(48,18)
0.30786425863331565100868287	(48,19)
0.31152821315826231588281845	(48,20)
0.31328603093825687127211999	(48,21)
0.31365218991555865183270359	(48,22)
0.3131011427260638645060729	(48,23)
0.31203429048184284153294494	(48,24)
0.3107637612652369129265824	(48,25)
0.30951129430272545692077353	(48,26)
0.30841862660852781684707486	(48,27)
0.30756490925926865697809006	(48,28)
0.30698666021240634486297086	(48,29)
0.3066963158204008978617607	(48,30)
0.0004925045235186404006187575	(49,1)
0.0044242748843616908837001237	(49,2)
0.012241603744229880929782069	(49,3)
0.023842225177814426498511062	(49,4)
0.039049831517538938623407473	(49,5)
0.057591337719358953194739504	(49,6)
0.079074390333195992298286149	(49,7)
0.102971310195074678379450393	(49,8)
0.128615998737042077466354059	(49,9)
0.155219333285505523802699393	(49,10)
0.181905937631753241431404213	(49,11)
0.207771107408139986624970937	(49,12)
0.231951864796988579007518022	(49,13)
0.253701889107634376264837224	(49,14)
0.272457817132629287033504821	(49,15)
0.28788509877317565047823132	(49,16)
0.29989530013637439764800012	(49,17)
0.30863251805005014158605211	(49,18)
0.31443275841354937850686906	(49,19)
0.31776501717038788002963536	(49,20)
0.31916522334771017940487294	(49,21)
0.31917388657547921806256193	(49,22)
0.31828579551392736623976067	(49,23)
0.31691647214019295150167938	(49,24)
0.31538637208195545125082502	(49,25)
0.31392082011540777965620667	(49,26)
0.31266175713048961866256069	(49,27)
0.31168655818829579545014188	(49,28)
0.31102923959494490312763683	(49,29)
0.3107000041754873834417778	(49,30)
0.0005070782354063534071313558	(50,1)
0.004555189586838320674613863	(50,2)
0.012603757244832238069197614	(50,3)
0.02454708866704661947089433	(50,4)
0.040202479468626978248148552	(50,5)
0.059286236836500756901496024	(50,6)
0.081389983172065223761831487	(50,7)
0.105963795799950113281758189	(50,8)
0.132313100282358231093425174	(50,9)
0.159615156907680388837111242	(50,10)
0.186958151114888445758842221	(50,11)
0.213401502854849095733133023	(50,12)
0.238050883941029543937498094	(50,13)
0.260136956999411194153864646	(50,14)
0.27908452775913650483991347	(50,15)
0.29455965640601435408507049	(50,16)
0.30648634190353145494765976	(50,17)
0.31503061183823096811601872	(50,18)
0.32055642313002048684441175	(50,19)
0.32356286882274010132242707	(50,20)
0.32461458794594124908683789	(50,21)
0.32427675870423979030237023	(50,22)
0.32306327236047781652853454	(50,23)
0.32140276887408217300228295	(50,24)
0.31962330616238075918342841	(50,25)
0.31795334339211337925192002	(50,26)
0.3165348058544583140623964	(50,27)
0.31544323936330191329102338	(50,28)
0.31471019913618948396059644	(50,29)
0.3143437229899578358791968	(50,30)
0.0005207645046949946561423033	(51,1)
0.004678132282382687782408552	(51,2)
0.012943854395489963511793919	(51,3)
0.025209003990750239068151825	(51,4)
0.041284821434387527664377882	(51,5)
0.060877549747591162210218027	(51,6)
0.083563586238554356597619517	(51,7)
0.108771859361526694031149603	(51,8)
0.135780721547960732361412042	(51,9)
0.163735498880836445947172117	(51,10)
0.191689824567807297823322611	(51,11)
0.218669206189372069654980442	(51,12)
0.243749840060376026870049386	(51,13)
0.266140974070167565888888764	(51,14)
0.28525673799398498854222004	(51,15)
0.3007643798974129778434613	(51,16)
0.31260027215396567763098416	(51,17)
0.32095170319887785940611803	(51,18)
0.32620940999782094533717094	(51,19)
0.32890108144013365901213222	(51,20)
0.32961843339357563632299255	(51,21)
0.32894973670878311791619482	(51,22)
0.32742661603759197796707779	(51,23)
0.32548975881132999035597961	(51,24)
0.32347408436829883190798182	(51,25)
0.32161075323915035072467556	(51,26)
0.32004149093120487891144302	(51,27)
0.31884000033957007232123061	(51,28)
0.31803545125613049531468626	(51,29)
0.3176338104900003722935907	(51,30)
0.0005334503061300020886890602	(52,1)
0.004792087710007439264256419	(52,2)
0.013259087346969272022829212	(52,3)
0.025822510584432073370917169	(52,4)
0.042287944351641509865649893	(52,5)
0.062352216274677538752020278	(52,6)
0.085577461566424539332862351	(52,7)
0.111372785635325350792558051	(52,8)
0.138991166939205996068239662	(52,9)
0.167548025517291513120192077	(52,10)
0.196064691085577854325719357	(52,11)
0.223535058426720951709764741	(52,12)
0.249007985210906987279603531	(52,13)
0.271673052773808777234049236	(52,14)
0.2909348761316219794926473	(52,15)
0.30646233431923018080783095	(52,16)
0.3182038626785377233216169	(52,17)
0.32636701565481599228083948	(52,18)
0.3313677908069916936443635	(52,19)
0.33376064626777251411833345	(52,20)
0.33416247344585332068631126	(52,21)
0.33318286632304587451216321	(52,22)
0.33136969597812389688012606	(52,23)
0.3291745742921900201958981	(52,24)
0.32693853691304809419398966	(52,25)
0.32489503847665399906054744	(52,26)
0.32318546029352444820350129	(52,27)
0.3218816904133627662618961	(52,28)
0.32101062473022608299319172	(52,29)
0.3205762786089043882696303	(52,30)
0.0005450282234193001209630941	(53,1)
0.004896090994711983673482769	(53,2)
0.013546787653829037208096491	(53,3)
0.026382419328185113892459981	(53,4)
0.043203379496774035336731443	(53,5)
0.063697830851530430723102107	(53,6)
0.08741476826388105972742913	(53,7)
0.113745023809600422524266411	(53,8)
0.141918187806393442645143537	(53,9)
0.171022135362520327807088101	(53,10)
0.200048489142510113238600531	(53,11)
0.227962150065696929101734457	(53,12)
0.2537870182939771768599106	(53,13)
0.276694886355484636129324707	(53,14)
0.29608200842149633083626862	(53,15)
0.31161919528794170532707081	(53,16)
0.32326638325710680378522282	(53,17)
0.33125008016044087776137942	(53,18)
0.33600969018953037843683027	(53,19)
0.33812430748726330875510455	(53,20)
0.33823385030568668793649978	(53,21)
0.33696729270509430884235499	(53,22)
0.33488716474927695061779862	(53,23)
0.3324548405445307069324157	(53,24)
0.33001673179206045264560142	(53,25)
0.32780821109545587510714455	(53,26)
0.32597021341192271447314428	(53,27)
0.32457288237580602088128666	(53,28)
0.3236409870209382695630789	(53,29)
0.3231767357742986623637944	(53,30)
0.0005553980426146798767496458	(54,1)
0.004989241959533374649193506	(54,2)
0.013804465844105015744973725	(54,3)
0.026883889422563633389853267	(54,4)
0.044023227677304818986974289	(54,5)
0.064902825159596688335474474	(54,6)
0.089059808734196354915132679	(54,7)
0.115868499224316671011495298	(54,8)
0.144537356228188668927150249	(54,9)
0.174129385585042090417621912	(54,10)
0.203609426201814079035765322	(54,11)
0.231916301684092290664694614	(54,12)
0.258051559612977402178862711	(54,13)
0.28117119430184765504120632	(54,14)
0.30066423521260110144601544	(54,15)
0.31620358093017541932233959	(54,16)
0.32775986137973613591796353	(54,17)
0.33557692156695754695626888	(54,18)
0.3401154039505238519645232	(54,19)
0.34197662193125939660729538	(54,20)
0.34182114756635253167953723	(54,21)
0.3402952388426973679340325	(54,22)
0.3379744130629020523056239	(54,23)
0.33532861645139813900120615	(54,24)
0.33270890813068146913290753	(54,25)
0.3303522367610582503917065	(54,26)
0.32839903162112520644399779	(54,27)
0.32691780386178282291903203	(54,28)
0.32593137682651563440485534	(54,29)
0.3254403202049002599152354	(54,30)
0.000564468276570525800573791	(55,1)
0.005070718818436906014418575	(55,2)
0.014029849275584144259161309	(55,3)
0.027322501925842384527271601	(55,4)
0.04474027894984081912082053	(55,5)
0.065956642677162493560904642	(55,6)
0.090498263764810445214727421	(55,7)
0.117724910552179571362896241	(55,8)
0.146826420595218756525943897	(55,9)
0.176843896408325137551436415	(55,10)
0.206718616739351446845453808	(55,11)
0.235366515746261609665859166	(55,12)
0.261769594211156634181573786	(55,13)
0.28507013525552927958207855	(55,14)
0.30465105463062421047993558	(55,15)
0.32018735296111246310545782	(55,16)
0.33165931410624124648422159	(55,17)
0.33932622143433870466112068	(55,18)
0.34366749872670089071461559	(55,19)
0.34530400540243874393286523	(55,20)
0.34491439488112238514566896	(55,21)
0.34315998030187107770705223	(55,22)
0.34062752502201651188416051	(55,23)
0.33779433864596066215244756	(55,24)
0.33501541517937426017976371	(55,25)
0.33252897261516389854222963	(55,26)
0.33047491685632642164607687	(55,27)
0.32892027781344049297246573	(55,28)
0.32788614615077417113723824	(55,29)
0.3273716429121374575878324	(55,30)
0.000572157586776069357591196	(56,1)
0.005139790947333638428396616	(56,2)
0.014220917442130775921282309	(56,3)
0.027694328329916920940617926	(56,4)
0.045348124231086913111410982	(56,5)
0.066849901325863753862575062	(56,6)
0.091717411398896112050342241	(56,7)
0.119298006116583130775815809	(56,8)
0.148765635606892160634650927	(56,9)
0.179142725469194069138807428	(56,10)
0.209350486307989953521155596	(56,11)
0.238285391548189568906984402	(56,12)
0.264912876778067350197317928	(56,13)
0.28836368152303188732415579	(56,14)
0.30801568957361798911320479	(56,15)
0.32354588441982388687420261	(56,16)
0.33494295125046186248269017	(56,17)
0.34247945772562027047311563	(56,18)
0.34665089445707820194330967	(56,19)
0.34809476760252727608602679	(56,20)
0.34750506649921171309291376	(56,21)
0.34555581828960846990967738	(56,22)
0.34284323520821531384599993	(56,23)
0.33985077007245163169319347	(56,24)
0.33693665760963019437912714	(56,25)
0.33434011258008314914513377	(56,26)
0.33220053862809533316912565	(56,27)
0.33058367159968215244896511	(56,28)
0.32950911124298792795878743	(56,29)
0.3289747396598510563646664	(56,30)
0.000578396070402632727197034	(57,1)
0.005195830444394252857266056	(57,2)
0.014375933931948149682990932	(57,3)
0.027995992626998422795431291	(57,4)
0.045841256291494250272824926	(57,5)
0.067574540580540960024274542	(57,6)
0.092706324754219573956747639	(57,7)
0.120573833349576377844202289	(57,8)
0.150338059705596470534683562	(57,9)
0.181006204481616472937862623	(57,10)
0.211483133839435793092733794	(57,11)
0.240649495853913263763895837	(57,12)
0.267457291570037235286026281	(57,13)
0.2910279499536539833345449	(57,14)
0.31073537440697317929775126	(57,15)
0.32625829210556160073427999	(57,16)
0.3375923494499839640798145	(57,17)
0.34502102215410786161107925	(57,18)
0.34905293125123240217338039	(57,19)
0.35033913766585678007614771	(57,20)
0.34958607571699926956710505	(57,21)
0.3474780528688299199916107	(57,22)
0.34461888907217159137522932	(57,23)
0.34149695402593516327347635	(57,24)
0.33847304767136261102179247	(57,25)
0.33578714031937722619274589	(57,26)
0.33357818905312265876741255	(57,27)
0.33191085435551221779458761	(57,28)
0.33080351180403968682374925	(57,29)
0.330253031195052987982263	(57,30)
0.000583126382912133485376177	(58,1)
0.005238322213327914008723675	(58,2)
0.01449347430187573201289245	(58,3)
0.028224725440205141429969858	(58,4)
0.046215157818358769405456981	(58,5)
0.068123949696889391196747491	(58,6)
0.093456044344536553458177148	(58,7)
0.121540955889891544764671705	(58,8)
0.151529813572187409547321828	(58,9)
0.182418231273368057919653128	(58,10)
0.213098645132522481400279427	(58,11)
0.242439682556282369597581558	(58,12)
0.269383161551271228304985494	(58,13)
0.29304348466202927237829533	(58,14)
0.31279159832264101504580222	(58,15)
0.3283076321991502051457442	(58,16)
0.33959259696225250159454761	(58,17)
0.34693831607836474229440924	(58,18)
0.35086342223125233571873581	(58,19)
0.35202928218358013419365144	(58,20)
0.35115176712652347722776143	(58,21)
0.34892295797665054266845139	(58,22)
0.34595240791402806327900234	(58,23)
0.34273217454160828258059312	(58,24)
0.33962496467534295974236659	(58,25)
0.33687128995861003875699366	(58,26)
0.33460974575244603437644372	(58,27)
0.33290416213527649343616014	(58,28)
0.33177197791004090647090077	(58,29)
0.331209291130494128610969	(58,30)
0.000586304669974685253444367	(59,1)
0.005266872333847367938882804	(59,2)
0.014572449216276505471238372	(59,3)
0.028378408955117729417552681	(59,4)
0.046466374501780155720921272	(59,5)
0.068493074099108625636758038	(59,6)
0.093959720978794349199594809	(59,7)
0.122190633473952516358419773	(59,8)
0.152330294079550668272450712	(59,9)
0.183366511127978537845773713	(59,10)
0.214183351391256194848804591	(59,11)
0.243641355604796395278504332	(59,12)
0.270675501808282397518797269	(59,13)
0.29439548779352776424638526	(59,14)
0.31417030289129518592679515	(59,15)
0.32968105793047473355445244	(59,16)
0.34093240921703246190886735	(59,17)
0.34822182586198947271491181	(59,18)
0.35207469381608139817299653	(59,19)
0.35315931741366234830855017	(59,20)
0.35219790831450810730805895	(59,21)
0.34988775966987575842074835	(59,22)
0.3468422595436848707507841	(59,23)
0.34355592385521121628255523	(59,24)
0.34039272216959057462826759	(59,25)
0.33759351462866122220266127	(59,26)
0.33529664243383218611165461	(59,27)
0.33356537051532905076649569	(59,28)
0.33241650417092864583819096	(59,29)
0.3318456209385943208279613	(59,30)
0.000587901286647048155606925	(60,1)
0.005281214521299420825363429	(60,2)
0.01461212230341467028441071	(60,3)
0.028455611591801657462099356	(60,4)
0.04659257142547667301071192	(60,5)
0.068678497446115508765637449	(60,6)
0.094212725948813631564263774	(60,7)
0.122516960563891216233265707	(60,8)
0.152732339026400513972949565	(60,9)
0.183842742383130107140957131	(60,10)
0.214728027729791980869756832	(60,11)
0.244244670462666981503390583	(60,12)
0.271324213204088076790132353	(60,13)
0.29507399527838468149143755	(60,14)
0.31486203187431870014242745	(60,15)
0.33036993846827030788026523	(60,16)
0.34160421526060500576625796	(60,17)
0.34886517854712080293174273	(60,18)
0.35268161472600305186525471	(60,19)
0.35372531711268493029725933	(60,20)
0.35272168238789257567761776	(60,21)
0.35037061876525434208479015	(60,22)
0.3472874355012676414967333	(60,23)
0.3439678775059982800162627	(60,24)
0.34077654309061959865441884	(60,25)
0.33795446286333595706549879	(60,26)
0.33563984699233344905422777	(60,27)
0.33389567433563679410390689	(60,28)
0.3327384307199814006597644	(60,29)
0.3321634316069064287715282	(60,30)