c^2_1_(sigma,mu)
3.31168774260431554817e-7	(1,1)
2.975076776658513633832e-6	(1,2)
8.233954781773095683676e-6	(1,3)
0.000016050340401733461729206	(1,4)
0.00002633905575468649149396	(1,5)
0.00003898837672544158620049	(1,6)
0.00005386151439317080489703	(1,7)
0.00007079835167272509093149	(1,8)
0.0000896173747510533693714	(1,9)
0.00011011774093979556846893	(1,10)
0.00013208143175612110379357	(1,11)
0.00015527545149700715738463	(1,12)
0.00017945404594939729269453	(1,13)
0.0002043609315266957864451	(1,14)
0.0002297315402383980377421	(1,15)
0.000255295298715605342625	(1,16)
0.0002807779684769139798105	(1,17)
0.0003059040785493906025527	(1,18)
0.0003303994797829889766306	(1,19)
0.0003539940426182189388031	(1,20)
0.0003764245071906012907102	(1,21)
0.0003974374775474704538076	(1,22)
0.0004167925319463586534657	(1,23)
0.0004342654005588326760895	(1,24)
0.000449651142429631183196	(1,25)
0.000462767237207926088821	(1,26)
0.000473456495714344819662	(1,27)
0.00048158968817205132146	(1,28)
0.0004870677907165221141	(1,29)
0.00048982375979270605	(1,30)
3.005556759121394494856e-6	(2,1)
0.000027000619520853459778159	(2,2)
0.000074728112760685293263418	(2,3)
0.000145666517612949269388657	(2,4)
0.00023904275493412828125694	(2,5)
0.00035384277767189368671054	(2,6)
0.0004888249950410218240965	(2,7)
0.00064253601526138568881599	(2,8)
0.00081332816219592519058534	(2,9)
0.00099937823932095984477428	(2,10)
0.00119870707889390185450234	(2,11)
0.00140919951696057141959702	(2,12)
0.00162862456393721388555592	(2,13)
0.00185465568104637265490942	(2,14)
0.0020848912086755518431635	(2,15)
0.002316875107860501756908	(2,16)
0.002548118256600584381251	(2,17)
0.0027761205780067375238498	(2,18)
0.0029983942612936740066428	(2,19)
0.0032124882684977854378216	(2,20)
0.0034160142040667704426225	(2,21)
0.0036066734707115826053659	(2,22)
0.003782285456922673578462	(2,23)
0.0039408163160482011540987	(2,24)
0.004080407721887161703858	(2,25)
0.004199404839074017084309	(2,26)
0.004296382643756163225034	(2,27)
0.004370169683219894339	(2,28)
0.0044198683794292814272	(2,29)
0.004444871062575387288	(2,30)
8.480078923805794193896e-6	(3,1)
0.000076181353618477453680918	(3,2)
0.000210842880966498173398639	(3,3)
0.000410993139943382654870308	(3,4)
0.00067445069782851706439177	(3,5)
0.00099835398744421486751475	(3,6)
0.00137919906695018991871365	(3,7)
0.0018128839345247824922612	(3,8)
0.00229475788178902268002549	(3,9)
0.00281967441854839797234332	(3,10)
0.00338204647856979472050326	(3,11)
0.00397590289955668988972725	(3,12)
0.00459494552693657818212687	(3,13)
0.0052326066793761428921312	(3,14)
0.0058821070892207508843362	(3,15)
0.0065365147492809044288975	(3,16)
0.0071888053198750751949505	(3,17)
0.0078319248474770072931685	(3,18)
0.0084588555019051090667652	(3,19)
0.0090626848503610849939252	(3,20)
0.0096366788663457182641783	(3,21)
0.010174358446104545509876	(3,22)
0.0106695787129688533382244	(3,23)
0.0111166098770509799229856	(3,24)
0.011510217934271751956569	(3,25)
0.011845743083662306570541	(3,26)
0.012119173458556340899081	(3,27)
0.01232721163894904460792	(3,28)
0.0124673314589195720922	(3,29)
0.012537822849188280659	(3,30)
0.000016971343719148872996456	(4,1)
0.000152463194023466746619458	(4,2)
0.000421963831888251802861706	(4,3)
0.000822528056005869721833294	(4,4)
0.00134978947755492219619693	(4,5)
0.00199801978790824677012891	(4,6)
0.00276020398008119730503732	(4,7)
0.00362812872790304499839786	(4,8)
0.00459248095031749060632883	(4,9)
0.00564295367872874606049062	(4,10)
0.00676835668591528195747865	(4,11)
0.00795672988276490872206769	(4,12)
0.00919545817921685678274538	(4,13)
0.01047138725830177747560497	(4,14)
0.0117709404397769302280402	(4,15)
0.0130802374269079360900556	(4,16)
0.0143852161612069626941075	(4,17)
0.0156717591984066509800897	(4,18)
0.0169258259319861226173607	(4,19)
0.0181335916236157492706142	(4,20)
0.0192815935774736598658925	(4,21)
0.0203568839692253350555336	(4,22)
0.0213471878848662486740041	(4,23)
0.022241064129657977812052	(4,24)
0.023028065430336382587834	(4,25)
0.023698893869884322093765	(4,26)
0.024245546847444505602906	(4,27)
0.02466144861095046152306	(4,28)
0.024941562505447415168	(4,29)
0.025082479524641703542	(4,30)
0.000028727395929889924700106	(5,1)
0.000258074465137287397452087	(5,2)
0.000714258129131246979946181	(5,3)
0.001392292547851510643233642	(5,4)
0.00228478526203887697204468	(5,5)
0.00338203677245675821274214	(5,6)
0.00467216707399520229063346	(5,7)
0.00614126455123930345606849	(5,8)
0.00777355234428015850333953	(5,9)
0.00955156743082868171366556	(5,10)
0.01145634821559677458621454	(5,11)
0.01346762730067593973354267	(5,12)
0.01556402722605450617995933	(5,13)
0.0177232581872922252767845	(5,14)
0.0199223179156932768180399	(5,15)
0.0221376949056743236077413	(5,16)
0.0243455768719587788124702	(5,17)
0.0265220666230426150277331	(5,18)
0.0286434073940786316722003	(5,19)
0.0306862190847144308379738	(5,20)
0.0326277458356625820385825	(5,21)
0.0344461140362952684071683	(5,22)
0.036120598305460822561095	(5,23)
0.03763189137559650004411	(5,24)
0.038962372294239711030505	(5,25)
0.040096366091864603777466	(5,26)
0.041020387186771773110383	(5,27)
0.04172335841096202244729	(5,28)
0.0421967977078477574304	(5,29)
0.04243496528708112383	(5,30)
0.000043960279978412675580087	(6,1)
0.000394920078469967299807943	(6,2)
0.001092997821360508263042699	(6,3)
0.0021305629170632723340004	(6,4)
0.00349630011240423298971313	(6,5)
0.00517536041260515851070251	(6,6)
0.00714955315062154393223893	(6,7)
0.009397572450702846766317	(6,8)
0.0118952508774161884425455	(6,9)
0.01461583324015160612705921	(6,10)
0.01753026429487201907089677	(6,11)
0.02060748534869131686947574	(6,12)
0.02381473637626788565035419	(6,13)
0.0271178620110996409675098	(6,14)
0.0304816214733856938666546	(6,15)
0.0338700039366977414944589	(6,16)
0.0372465518404677411568394	(6,17)
0.0405746950897866966682585	(6,18)
0.0438180988716285250669064	(6,19)
0.04694102694746757880428	(6,20)
0.0499087208153605467952474	(6,21)
0.0526877931931512176194414	(6,22)
0.0552466320348564106276462	(6,23)
0.057555808967413331041002	(6,24)
0.05958848385406107315925	(6,25)
0.061320795377284925164886	(6,26)
0.062732226284817703446353	(6,27)
0.06380593140667090803336	(6,28)
0.0645290168184500638812	(6,29)
0.064892759615021523462	(6,30)
0.000062787462991671984990769	(7,1)
0.000564055302459566753527092	(7,2)
0.001561103416891201390580971	(7,3)
0.003043031447540345340028639	(7,4)
0.00499367286960505374560696	(7,5)
0.00739180791883534844658786	(7,6)
0.01021143511346719567870119	(7,7)
0.01342209221582926805616435	(7,8)
0.01698921683377294078612028	(7,9)
0.02087453706114715173467605	(7,10)
0.02503648354725356685880182	(7,11)
0.02943061603401824299000394	(7,12)
0.03401005950398870966504322	(7,13)
0.0387259473909080785149216	(7,14)
0.0435278715428844729966134	(7,15)
0.0483643405262744132126938	(7,16)
0.0531832491794985815086887	(7,17)
0.0579323628913292330840784	(7,18)
0.0625598197864717848190828	(7,19)
0.0670146528405241392726708	(7,20)
0.0712473319966924831595185	(7,21)
0.0752103237835154129870274	(7,22)
0.0788586629721019524260054	(7,23)
0.082150527746729770919772	(7,24)
0.085047806998475836738184	(7,25)
0.087516645983618183007722	(7,26)
0.08952795497541106467832	(7,27)
0.09105786487584341991091	(7,28)
0.0920881141581745841485	(7,29)
0.092606353003665248062	(7,30)
0.000085194644280235775783394	(8,1)
0.000765351658485283783872353	(8,2)
0.002118219194037831320136706	(8,3)
0.004129003866074708152024164	(8,4)
0.00677576093352590681246302	(8,5)
0.01002967876477320698274088	(8,6)
0.01385544250963497536503886	(8,7)
0.01821166538813376830887618	(8,8)
0.02305137513868951302942702	(8,9)
0.02832254334327018010843716	(8,10)
0.0339686465025263116474708	(8,11)
0.03992924970666491931809539	(8,12)
0.04614060628886164872135593	(8,13)
0.0525362696476640028475264	(8,14)
0.0590477161440990106017043	(8,15)
0.0656049802848463913710197	(8,16)
0.072137305002519063154184	(8,17)
0.078573810517687971006727	(8,18)
0.0848441848911792760940249	(8,19)
0.0908793979367318269105439	(8,20)
0.0966124377647920024679136	(8,21)
0.1019790660749213169940036	(8,22)
0.1069185846997873636433909	(8,23)
0.111374602178430115628658	(8,24)
0.115295785674481213931937	(8,25)
0.118636580717631204716896	(8,26)
0.121357879347705559991368	(8,27)
0.12342761651638342462703	(8,28)
0.1248212751878152809429	(8,29)
0.125522282498826524049	(8,30)
0.000111026016678593296384502	(9,1)
0.000997409432536274202026433	(9,2)
0.002760471056453318512428027	(9,3)
0.00538092728231007700709076	(9,4)
0.00883016540848655366668659	(9,5)
0.01307060717421616512067822	(9,6)
0.01805617503405554630374549	(9,7)
0.02373284741285589121837961	(9,8)
0.03003928806297644404503691	(9,9)
0.03690753471963947169614718	(9,10)
0.04426373345107493767318191	(9,11)
0.0520289072433080799765688	(9,12)
0.06011975016255077907208723	(9,13)
0.0684494415482747875309385	(9,14)
0.0769284777200251307249609	(9,15)
0.0854655212499916674736845	(9,16)
0.0939682696273773100240642	(9,17)
0.1023443458691768869635646	(9,18)
0.1105022131761137021680479	(9,19)
0.1183521140812017491463496	(9,20)
0.1258070318117923362282715	(9,21)
0.1327836680243345289146646	(9,22)
0.1392034270115467040616089	(9,23)
0.144993392324837917730918	(9,24)
0.15008727792509944870831	(9,25)
0.154426332879227068360758	(9,26)
0.157960176607852624172376	(9,27)
0.16064754102160446871858	(9,28)
0.1624568967043988049728	(9,29)
0.16336694263094297488	(9,30)
0.000140001817287399370143839	(10,1)
0.001257715343177057988596903	(10,2)
0.003480902896432308067645025	(10,3)
0.00678524075107413204402311	(10,4)
0.0111346267679997757575749	(10,5)
0.01648162768418869498004719	(10,6)
0.02276805520466458269571892	(10,7)
0.02992565563592441029881644	(10,8)
0.03787689640284585965643725	(10,9)
0.0465358326462193238492994	(10,10)
0.05580903813834681741275808	(10,11)
0.065596586791887085416576	(10,12)
0.07579307378109855261190319	(10,13)
0.086288668379077221833072	(10,14)
0.0969701936369264423683877	(10,15)
0.1077222305944360047151377	(10,16)
0.1184282464694446188938649	(10,17)
0.1289717469653290483730935	(10,18)
0.1392374523215597636487613	(10,19)
0.149112495004517717370383	(10,20)
0.1584876341256948714122257	(10,21)
0.1672584780377172374917654	(10,22)
0.1753267024498606973523111	(10,23)
0.182601247241009105152024	(10,24)
0.18899947136691780339891	(10,25)
0.194448242274880661351587	(10,26)
0.198884934404245630912239	(10,27)
0.20225831092177493556076	(10,28)
0.2045292639541376085406	(10,29)
0.205671391243424391874	(10,30)
0.000171758413251797016618942	(11,1)
0.001543002654693920003427599	(11,2)
0.00427047325787805163455276	(11,3)
0.008324318040725632692379819	(11,4)
0.01366021293999118776449783	(11,5)
0.02021989416196072635005399	(11,6)
0.02793184723898297990954021	(11,7)
0.03671213738620149987859808	(11,8)
0.04646536386480978394223666	(11,9)
0.05708572052436100071927737	(11,10)
0.06845814526345744747794229	(11,11)
0.08045954265136074480349862	(11,12)
0.09296006613313408654090306	(11,13)
0.1058244487687434914068882	(11,14)
0.1189133739679440185334512	(11,15)
0.1320848798182147505035445	(11,16)
0.1451957920479935267902892	(11,17)
0.1581031811889267408927659	(11,18)
0.1706658389748458015904341	(11,19)
0.182745767442356918106924	(11,20)
0.1942096717047308019274686	(11,21)
0.2049304441963028014783498	(11,22)
0.2147886246549203596321661	(11,23)
0.223673816603378026471215	(11,24)
0.231486037998257704154135	(11,25)
0.238136981400402036303612	(11,26)
0.243551157787753008379106	(11,27)
0.24766689819142725135981	(11,28)
0.2504371887953862618111	(11,29)
0.251830317990047589452	(11,30)
0.000205903521244796319186353	(12,1)
0.001849747244989372834692061	(12,2)
0.00511942827552485920706042	(12,3)
0.009979143883495221926690913	(12,4)
0.0163757111001819735166477	(12,5)
0.02423918073341170287755797	(12,6)
0.03348363788252353522742653	(12,7)
0.04400817474484591978331224	(12,8)
0.05569801952097159431820434	(12,9)
0.06842580407222648178623877	(12,10)
0.08205295263598231669100444	(12,11)
0.09643117426103128073172703	(12,12)
0.11140404251681931089916665	(12,13)
0.12680864723735589855196259	(12,14)
0.1424773043371543639854812	(12,15)
0.1582393108385082658831188	(12,16)
0.1739227329636540760634296	(12,17)
0.1893562153160685282788954	(12,18)
0.2043707987235524484644518	(12,19)
0.218801733250650416894682	(12,20)
0.2324902713052485165388017	(12,21)
0.2452854238357238699461558	(12,22)
0.2570456605684015618443603	(12,23)
0.2676405333275177932638616	(12,24)
0.276952199969725941044886	(12,25)
0.28487682558478542377783	(12,26)
0.291325837547255933146332	(12,27)
0.29622701187001201288492	(12,28)
0.2995253701552733602634	(12,29)
0.301183869234224183712	(12,30)
0.000242077769054454632032211	(13,1)
0.002174720648058953551069475	(13,2)
0.006018832297117111233139514	(13,3)
0.01173229757989502268031415	(13,4)
0.01925252378455928245757086	(13,5)
0.02849712906838656423285835	(13,6)
0.03936484794016042546989337	(13,7)
0.05173664337906213242816926	(13,8)
0.06547701291150563681589812	(13,9)
0.08043547389104989485192529	(13,10)
0.09644821137424649159637506	(13,11)
0.11333987036945675892129937	(13,12)
0.13092547285730372969082435	(13,13)
0.14901243883117860665225861	(13,14)
0.1674026896674548327562468	(13,15)
0.185894811388451448784723	(13,16)
0.2042862548101306519743102	(13,17)
0.2223755491621397831670895	(13,18)
0.2399645055323673367351953	(13,19)
0.2568603864359212275265978	(13,20)
0.2728780179635792949909545	(13,21)
0.2878418213569474030639148	(13,22)
0.3015877415157026003784582	(13,23)
0.3139650508882126406655152	(13,24)
0.324838008440030793523668	(13,25)
0.334087354929576277728331	(13,26)
0.341611627525719798368015	(13,27)
0.34732827884426567393111	(13,28)
0.3511745877175488251664	(13,29)
0.353108351398871494404	(13,30)
0.000280012669610071700974924	(14,1)
0.002515510866955694724192326	(14,2)
0.00696200929793931625177216	(14,3)
0.013570762662760932856733991	(14,4)
0.02226927937591959040959582	(14,5)
0.03296207235002352677851346	(14,6)
0.04553165781104963554071479	(14,7)
0.05983979871365462159413752	(14,8)
0.0757289867727855228952648	(14,9)
0.09302415374417155248488128	(14,10)
0.11153459846621857163555614	(14,11)
0.13105611151268655998796897	(14,12)
0.15137327437568028580109628	(14,13)
0.17226190523669340898884309	(14,14)
0.1934916189511105262458311	(14,15)
0.2148284652209413872147373	(14,16)
0.2360376063687263294901341	(14,17)
0.2568859948821180657797767	(14,18)
0.2771450111007845430834124	(14,19)
0.2965930230750771342324723	(14,20)
0.3150178336297944694711771	(14,21)
0.3322189837969848151077733	(14,22)
0.3480098867311306683332694	(14,23)
0.3622197716218171336443053	(14,24)
0.374695422583678047637928	(14,25)
0.385302702655562054474749	(14,26)
0.393927857553351384822765	(14,27)
0.4004785974434507026862	(14,28)
0.4048849575833513575964	(14,29)
0.407099940165840382967	(14,30)
0.000319574154329701806505083	(15,1)
0.002870913457369025761814741	(15,2)
0.00794562523960765453680886	(15,3)
0.015488036590090526903279685	(15,4)
0.02541529365980022474350366	(15,5)
0.03761815781592995646471462	(15,6)
0.05196208087161215307314438	(15,7)
0.06828856696482900649059254	(15,8)
0.08641682586339079315167551	(15,9)
0.10614571729924638100748742	(15,10)
0.12725597857876778366064081	(15,11)
0.14951271863368656939094048	(15,12)
0.17266815155669735184184222	(15,13)
0.19646453235964921342690871	(15,14)
0.2206372481355576141255649	(15,15)
0.2449180099155124144572334	(15,16)
0.2690380850852305795026054	(15,17)
0.2927315078488896227058337	(15,18)
0.3157382062037214659539068	(15,19)
0.3378069882020753546100744	(15,20)
0.3586983375930956539850128	(15,21)
0.3781869786360242989880029	(15,22)
0.3960641811298634354003605	(15,23)
0.4121397885551570694115309	(15,24)
0.426243963695736577163505	(15,25)
0.438228656298609919175794	(15,26)
0.447968805493162425317127	(15,27)
0.45536329529881166182371	(15,28)
0.460335684328303342247	(15,29)
0.462834730728735877931	(15,30)
0.000360781680052038771607632	(16,1)
0.003241103174402770460706904	(16,2)
0.008970163097106294340385593	(16,3)
0.017485056519389909025759253	(16,4)
0.02869208833128322421219616	(16,5)
0.04246759252489699096968445	(16,6)
0.05865906133436396751577878	(16,7)
0.07708660787891383116025234	(16,8)
0.09754478296123451752668231	(16,9)
0.11980475910892737085036435	(16,10)
0.14361688313478864144017063	(16,11)
0.16871358325678995687476757	(16,12)
0.19481259942946110424641518	(16,13)
0.22162048759212455104637416	(16,14)
0.2488363317993065516213913	(16,15)
0.2761555843994281064156861	(16,16)
0.3032739450733587728125265	(16,17)
0.3298911857242917757393644	(16,18)
0.3557148304632939886426548	(16,19)
0.3804636081784564719350098	(16,20)
0.4038706087144990339543904	(16,21)
0.425686091299949677360744	(16,22)
0.4456799139347730136944422	(16,23)
0.4636435731912529114739711	(16,24)
0.479391863486481530409989	(16,25)
0.49276418174313951734025	(16,26)
0.503625516185450579287157	(16,27)
0.51186716596656640397542	(16,28)
0.5174072410106132432834	(16,29)
0.520190988960965365768	(16,30)
0.000403797479796039582855206	(17,1)
0.003627537404375828565467479	(17,2)
0.010039655560968560011907167	(17,3)
0.019569678070636847535271095	(17,4)
0.0321125348886011268843634	(17,5)
0.04752937402780718945680302	(17,6)
0.06564871591401459486912635	(17,7)
0.08626799390550095277507918	(17,8)
0.10915552388674138073117542	(17,9)
0.13405293514494077925067507	(17,10)
0.16067807694259717552632203	(17,11)
0.1887283916264898451667227	(17,12)
0.21788471783143318068091162	(17,13)
0.2478154589781776322216949	(17,14)
0.27818102575305030399124496	(17,15)
0.3086384394751074125846369	(17,16)
0.3388459686954136924715538	(17,17)
0.3684676658133617134706225	(17,18)
0.3971776747727617525629169	(17,19)
0.4246641947940150947211753	(17,20)
0.4506330073560866901144344	(17,21)
0.4748105021442333081308697	(17,22)
0.4969461697107366387810803	(17,23)
0.5168145611755515448210215	(17,24)
0.534216745517133234002625	(17,25)
0.548981320342943687327413	(17,26)
0.560965050557677077463975	(17,27)
0.57005321986913398589997	(17,28)
0.5761597821561965681206	(17,29)
0.579227393660191354462	(17,30)
0.000448888544977760605561995	(18,1)
0.004032614628280472508405264	(18,2)
0.011160739762223045593191317	(18,3)
0.021754832567577163988885116	(18,4)
0.03569783006336488941267202	(18,5)
0.05283481170637283018818372	(18,6)
0.07297414311486805060532262	(18,7)
0.09588906571775061524342595	(18,8)
0.12131980541348111073508031	(18,9)
0.14897625856486904831068733	(18,10)
0.17854128796610349996571171	(18,11)
0.20967462676140274897546684	(18,12)
0.24201734781284886027600676	(18,13)
0.27519681375200354489601503	(18,14)
0.3088319834246576133830398	(18,15)
0.3425389181132904828425955	(18,16)
0.3759363096381275958140954	(18,17)
0.4086508449002461664863391	(18,18)
0.440322228834432033841696	(18,19)
0.4706077096023802940060327	(18,20)
0.4991859840842729872880432	(18,21)
0.5257604049045213441351163	(18,22)
0.5500614580817665325158028	(18,23)
0.571848528338993362765965	(18,24)
0.590911012794152724071436	(18,25)
0.607068879512095902597129	(18,26)
0.620172792576361917889421	(18,27)
0.63010393842969281276076	(18,28)
0.6367736888790067766911	(18,29)
0.640123225032518182558	(18,30)
0.000496372129516984360125659	(19,1)
0.004459184853786981372199286	(19,2)
0.01234130231287957669101853	(19,3)
0.02405588577417895313719471	(19,4)
0.03947316121292953786273973	(19,5)
0.05842110985716791522351528	(19,6)
0.08068655701048236482621389	(19,7)
0.10601677522378090313310316	(19,8)
0.13412171483159269482550529	(19,9)
0.16467695491982870959616573	(19,10)
0.19732743183201080084375985	(19,11)
0.23169195314372925229121009	(19,12)
0.26736844720512329881372068	(19,13)
0.30393983780850868356061455	(19,14)
0.34098037696202728670783305	(19,15)
0.3780622227464552478369906	(19,16)
0.4147620194597518328329973	(19,17)
0.450667227630429597179937	(19,18)
0.4853819636137094665078107	(19,19)
0.5185321414329341861765819	(19,20)
0.5497697599455231168996855	(19,21)
0.5787762410370416260830385	(19,22)
0.6052647929531689470245029	(19,23)
0.6289818403406543380279901	(19,24)
0.649707622882476025611052	(19,25)
0.667256112560141222090632	(19,26)
0.681474432131075233708449	(19,27)
0.69224197267711282256204	(19,28)
0.6994694060004791040365	(19,29)
0.703097769523979886978	(19,30)
0.000546559707994437159795039	(20,1)
0.004910046159863437117917574	(20,2)
0.013589085925159016688684895	(20,3)
0.02648792182546844360884816	(20,4)
0.04346324928816468164185103	(20,5)
0.06432477049244799935334707	(20,6)
0.08883617412818451920433683	(20,7)
0.11671670839549815354353545	(20,8)
0.14764351210408771570732317	(20,9)
0.18125484221293324462496225	(20,10)
0.21715428698805485028377942	(20,11)
0.25491598599062095943595005	(20,12)
0.29409079776273502806436675	(20,13)
0.33421327181273604323437566	(20,14)
0.37480920288845374062970618	(20,15)
0.41540348204577239244733909	(20,16)
0.4555279187469351225714094	(20,17)
0.4947286966399374319800751	(20,18)
0.5325731448249928633063446	(20,19)
0.5686555546023014289836079	(20,20)
0.6026018437326612556271521	(20,21)
0.634072958270474227407819	(20,22)
0.6627669966922898278467106	(20,23)
0.6884201328060596708555968	(20,24)
0.710806494277162813220877	(20,25)
0.729737215973142379934131	(20,26)
0.745058927567850350898348	(20,27)
0.75665195131924336247741	(20,28)
0.7644284792324531551647	(20,29)
0.768330971260638687946	(20,30)
0.000599712448976223153159284	(21,1)
0.005387544689187506336194664	(21,2)
0.014910582347120564222280653	(21,3)
0.029063585331995958466654727	(21,4)
0.047688808009094310274703969	(21,5)
0.07057635300105084389440734	(21,6)
0.09746497629124331759408903	(21,7)
0.1280435769475845445974003	(21,8)
0.16195360255495259978110611	(21,9)
0.19879256669466547525622543	(21,10)
0.23811880885798654667861692	(21,11)
0.27945753517459635996200216	(21,12)
0.32230806910045335874219576	(21,13)
0.3661521265146653071593548	(21,14)
0.41046282293208722729516652	(21,15)
0.45471403504175902327822123	(21,16)
0.4983896857829108361285871	(21,17)
0.5409925091349113128674818	(21,18)
0.5820518801963036117408457	(21,19)
0.6211303650324831672895359	(21,20)
0.6578287453436118429892639	(21,21)
0.6917893937799676000118457	(21,22)
0.7226980034234930747556087	(21,23)
0.7502837963993051953017759	(21,24)
0.774318440461913898893538	(21,25)
0.794613980450386992920422	(21,26)
0.811020139056102456853877	(21,27)
0.8234213572367542760767	(21,28)
0.83173393060940633127463	(21,29)
0.835903558106626088449	(21,30)
0.000656015027524498114298999	(22,1)
0.005893339392091690715200067	(22,2)
0.016310381276260169725295556	(22,3)
0.031791812343204256347971692	(22,4)
0.052164461784658155921140922	(22,5)
0.07719739340092191115936551	(22,6)
0.10660245754798691838422759	(22,7)
0.14003563379104290770901945	(22,8)
0.17709947875005898012368322	(22,9)
0.21734694866242649119096906	(22,10)
0.26028677910979652724763962	(22,11)
0.30539048190929848739609616	(22,12)
0.35210087325046702642459124	(22,13)
0.39984189385844300562489356	(22,14)
0.44802933973428935548990715	(22,15)
0.49608200917085055092919842	(22,16)
0.5434327036451085146574236	(22,17)
0.589538506782615067077858	(22,18)
0.6338898096752244257255023	(22,19)
0.6760176475808997002310688	(22,20)
0.7154990508312654780868904	(22,21)
0.7519602752176358796262596	(22,22)
0.7850779457292533079115384	(22,23)
0.8145783045211247455133875	(22,24)
0.8402348847506842819831948	(22,25)
0.861865026453329312476204	(22,26)
0.879325704120602667130605	(22,27)
0.89250914807883606659483	(22,28)
0.90133871683617793210679	(22,29)
0.905765421310324852178	(22,30)
0.000715567637317644589460838	(23,1)
0.006428330267962619618326204	(23,2)
0.0177909717768282684441363	(23,3)
0.034677443376007251237383741	(23,4)
0.056898111147345179523046142	(23,5)
0.08419946633506378474820001	(23,6)
0.11626433139037272222429042	(23,7)
0.15271297993109947873211528	(23,8)
0.19310558874647741058780773	(23,9)
0.23694638247392949133731479	(23,10)
0.2836897181744578212644092	(23,11)
0.33274819642361813106451834	(23,12)
0.38350269351028380956555513	(23,13)
0.43531400756469914089873505	(23,14)
0.48753562494132341209046945	(23,15)
0.5395269667890408345593323	(23,16)
0.5906663901278456774446137	(23,17)
0.6403632058816527668047212	(23,18)
0.6880680411001431004609776	(23,19)
0.7332810063415617410147273	(23,20)
0.7755573149832920513513916	(23,21)
0.8145102160114711228418627	(23,22)
0.8498113203450387774848264	(23,23)
0.8811885995010674005222063	(23,24)
0.9084224959488863125013741	(23,25)
0.931340695270546728873743	(23,26)
0.949812166964150602185504	(23,27)
0.963741085464885358421	(23,28)
0.97306120234578506662182	(23,29)
0.977731163776872987415	(23,30)
0.000778391372662083311074893	(24,1)
0.006992706715973427008676249	(24,2)
0.019352876117445337527082222	(24,3)
0.037721484428215075194851297	(24,4)
0.061891361557753502196669481	(24,5)
0.09158482114516638663152589	(24,6)
0.12645341258161512551802629	(24,7)
0.16607872990346584642012153	(24,8)
0.20997482293791536771420655	(24,9)
0.25759268331791877303814151	(24,10)
0.30832713209574810530171855	(24,11)
0.36152622768298926189268289	(24,12)
0.41650306342483960401680055	(24,13)
0.47254956209803173659374467	(24,14)
0.52895163350529712866831401	(24,15)
0.58500487435999773479712984	(24,16)
0.64002988421711873107941277	(24,17)
0.6933862639119294139160297	(24,18)
0.7444844564332171632300696	(24,19)
0.7927947724671603054365131	(24,20)
0.8378531898079059590542184	(24,21)
0.879263795506977441718666	(24,22)
0.9166980180590728877234116	(24,23)
0.9498910436576505768550853	(24,24)
0.9786360029253941080455191	(24,25)
1.002776639818370911783185	(24,26)
1.022199229885812849211822	(24,27)
1.0368245062217482254169	(24,28)
1.04660028913154640079003	(24,29)
1.051495412903786092909	(24,30)
0.00084444067777429598332749	(25,1)
0.007586059375209807218635912	(25,2)
0.020994959326657787697525744	(25,3)
0.040921710528387423853717566	(25,4)
0.06714051436525013466324482	(25,5)
0.09934785020072943513025463	(25,6)
0.13716164901142713453485676	(25,7)
0.18012168944122444656473925	(25,8)
0.22769191613768405569964432	(25,9)
0.27926528906508548175880225	(25,10)
0.33417158686297620270606219	(25,11)
0.39168832099165141368114427	(25,12)
0.45105459718985674893709748	(25,13)
0.5114874245787980552169654	(25,14)
0.57219966493811798157084821	(25,15)
0.63241857922251448448665405	(25,16)
0.69140380113314308944953012	(25,17)
0.7484635693823651299519818	(25,18)
0.8029681828596235320508619	(25,19)
0.8543598882328547080160633	(25,20)
0.9021587335050781664292099	(25,21)
0.9459642801279602775633147	(25,22)
0.9854534155109968990756745	(25,23)
1.0203748084091232286928768	(25,24)
1.0505407746082810171861547	(25,25)
1.075817456476358164750307	(25,26)
1.096114267594129868562673	(25,27)
1.11137352345996944979438	(25,28)
1.12156108787515080517226	(25,29)
1.126658730467507712102	(25,30)
0.000913617517285888793296661	(26,1)
0.008207507427732603925869576	(26,2)
0.022714781548407915400821357	(26,3)
0.044273352740120105449563011	(26,4)
0.072637694814320240075691881	(26,5)
0.107476760355002216332338715	(26,6)
0.1483724347760960979678557	(26,7)
0.19481940401807464714535647	(26,8)
0.24622732131302506919487341	(26,9)
0.3019260452762819775724234	(26,10)
0.36117448776091349085779351	(26,11)
0.42317327241226896912948702	(26,12)
0.48708099807939892745994312	(26,13)
0.55203347457078766673906404	(26,14)
0.61716490982696616537993009	(26,15)
0.68162973496729831172352131	(26,16)
0.74462360318436735180292884	(26,17)
0.80540211589284593521613873	(26,18)
0.8632960145830338268284904	(26,19)
0.9177219029415881628506019	(26,20)
0.9681879836317426600738418	(26,21)
1.0142947490939282534212669	(26,22)
1.0557309972743505346184423	(26,23)
1.0922659028941326173072302	(26,24)
1.1237381312463294766311208	(26,25)
1.150043122380211995350819	(26,26)
1.171119704228139464002672	(26,27)
1.18693713174098872530735	(26,28)
1.19748351988484224477462	(26,29)
1.20275646639108527309	(26,30)
0.000985783914688011604738046	(27,1)
0.008855811240220390367364816	(27,2)
0.024508909825609932799001991	(27,3)
0.047769706115855826317387142	(27,4)
0.078371850461654134268335905	(27,5)
0.115955052953525099416408118	(27,6)
0.16006265964525756230068047	(27,7)
0.21014086261431833030684736	(27,8)
0.2655406499940734916943844	(27,9)
0.32552346284554163839593025	(27,10)
0.38927123392834948813444925	(27,11)
0.45590105979091718301332523	(27,12)
0.52448424586209411586756717	(27,13)
0.59406892816730425261380808	(27,14)
0.66370499041569886857727592	(27,15)
0.73246963606734076560218174	(27,16)
0.79949180077598229328990673	(27,17)
0.86397363258200423686455091	(27,18)
0.9252075216172172198754108	(27,19)
0.9825875895152353297273635	(27,20)
1.0356150863806186678027282	(27,21)
1.0838977123745815380055214	(27,22)
1.1271434065612673769654945	(27,23)
1.1651495682489624769215476	(27,24)
1.1977889602884367826055216	(27,25)
1.224993680292407848251518	(27,26)
1.246738587530824975033492	(27,27)
1.263025468388540233517542	(27,28)
1.27386904616721704328876	(27,29)
1.279285724606124348213	(27,30)
0.001060771428346648127058306	(28,1)
0.009529457494425507491786031	(28,2)
0.026373153749070789516550105	(28,3)
0.051402589283355509470625498	(28,4)
0.08432950627243509937638969	(28,5)
0.124762644097990012164800845	(28,6)
0.17220426253866098427898507	(28,7)
0.22604855149591440491751399	(28,8)
0.28558329343251562657134465	(28,9)
0.34999597471751469969317985	(28,10)
0.41838518103267231371553109	(28,11)
0.48977758491280707167621061	(28,12)
0.56315019552816746805787673	(28,13)
0.63745687364448756337865417	(28,14)
0.71165751550336280060613637	(28,15)
0.78474787382325067600535796	(28,16)
0.85578778698837337900977222	(28,17)
0.92392566595735014005229973	(28,18)
0.988417433091779058251182	(28,19)
1.0486386635656202279850985	(28,20)
1.104089360773662850833801	(28,21)
1.1543915005958713338840483	(28,22)
1.1992801104597286149308311	(28,23)
1.2385891364685675977962977	(28,24)
1.2722336572763730222867495	(28,25)
1.300190122994979162151505	(28,26)
1.322476255278300353710799	(28,27)
1.339132082152250796391714	(28,28)
1.35020334495737226007014	(28,29)
1.35572824720281962668	(28,30)
0.001138387466818742309536433	(29,1)
0.010226715923625849307535602	(29,2)
0.028302722528386892310738848	(29,3)
0.05516265090172051413451893	(29,4)
0.090495268578266912208278762	(29,5)
0.133876613589645083800585376	(29,6)
0.18476527301015147192503107	(29,7)
0.24249983694221535601224137	(29,8)
0.30630019777410365056440944	(29,9)
0.37527415866404354259240625	(29,10)
0.44843037211830708493503287	(29,11)
0.52469797917021067040960017	(29,12)
0.60295253109875597472861535	(29,13)
0.68204695263251020018416097	(29,14)
0.76084557221383156305417629	(29,15)
0.83825872278079093274965741	(29,16)
0.91327519905556759841499659	(29,17)
0.98498998781902817174845427	(29,18)
1.0526251481663518826735465	(29,19)
1.1155424334523356799843958	(29,20)
1.1732470990377144600336233	(29,21)
1.2253831989016467606793911	(29,22)
1.2717214213314170731190635	(29,23)
1.3121410651206998852227095	(29,24)
1.346608073931774182655102	(29,25)
1.375151132838160711027727	(29,26)
1.397837726781366384539722	(29,27)
1.41475182397874444622902	(29,28)
1.42597453996221960251238	(29,29)
1.431568812733466923052	(29,30)
0.00121841903075300794265424	(30,1)
0.010945672930938249131211734	(30,2)
0.030292318085832390851656827	(30,3)
0.059039551444097261145390008	(30,4)
0.096852124578855766264695608	(30,5)
0.143271651605659486080131389	(30,6)
0.19771043602199293255006733	(30,7)
0.25944780193421837536882164	(30,8)
0.32763095104578789354809045	(30,9)
0.40128211924182995416475457	(30,10)
0.47931326697638344733383976	(30,11)
0.5605487414822515619060778	(30,12)
0.64375538196709244958472955	(30,13)
0.72767853233141701599193137	(30,14)
0.81108153658710377197127808	(30,15)
0.89278567330555114458040259	(30,16)
0.97170725250034848832640931	(30,17)
1.04688880062496538013943083	(30,18)
1.11752186644096640189245837	(30,19)
1.1829598884540867887435223	(30,20)
1.2427206203345667560783683	(30,21)
1.2964786472496012976423926	(30,22)
1.3440493981603419321961561	(30,23)
1.3853666699597804884555059	(30,24)
1.4204559917107918474512917	(30,25)
1.449406189918800130870716	(30,26)
1.472341328003359364401555	(30,27)
1.489394864106608407799394	(30,28)
1.50068748035341260508434	(30,29)
1.506309648029013800441	(30,30)
0.001300634676405042570057881	(31,1)
0.011684249231633728165750173	(31,2)
0.032336183938998061432997646	(31,3)
0.063022058828997052199373577	(31,4)
0.103381600575759697667725033	(31,5)
0.152920296565967275411995287	(31,6)
0.21100154893910309616805223	(31,7)
0.27684170590715577866902223	(31,8)
0.34951039532814702690226278	(31,9)
0.42793828993482633340231537	(31,10)
0.51093378118892277405621574	(31,11)
0.59720907131328194400130532	(31,12)
0.68541501676889198358945856	(31,13)
0.77418283520316833629207067	(31,14)
0.86216971892981643956195816	(31,15)
0.94810467265199762297300129	(31,16)
1.03083065250277645895470227	(31,17)
1.10933938212007520661252552	(31,18)
1.18279601140882312726892442	(31,19)
1.2505519246290448875269327	(31,20)
1.3121452979465686659737322	(31,21)
1.367290242771967654393277	(31,22)
1.4158563747501467798866384	(31,23)
1.4578413101903495213289541	(31,24)
1.4933388808546632231700193	(31,25)
1.52250581236501159942044	(31,26)
1.545529315975651151158019	(31,27)
1.562597602542113109958673	(31,28)
1.57387484037145075592965	(31,29)
1.579481621763498055068	(31,30)
0.001384785434449579036612526	(32,1)
0.012440208110467076163147941	(32,2)
0.034428128112337297712868485	(32,3)
0.067098093446591108380224882	(32,4)
0.110063837236989180234575183	(32,5)
0.16279305039213971470895832	(32,6)
0.22459762960700123510180229	(32,7)
0.29462722335722124821712062	(32,8)
0.37186896048311809919004116	(32,9)
0.45515589535582993736621193	(32,10)
0.54318592029840458543012592	(32,11)
0.63455172892053385757584228	(32,12)
0.72778099363125340450974221	(32,13)
0.82138445062458062934479595	(32,14)
0.91390831184330652303569448	(32,15)
1.00398658264345141837479567	(32,16)
1.09038862672531948174633573	(32,17)
1.17205774487739957320950207	(32,18)
1.24813754908103727549462766	(32,19)
1.3179843321216955723636082	(32,20)
1.381165200856499175937292	(32,21)
1.4374431985164063698794595	(32,22)
1.4867517794169979925806334	(32,23)
1.5291616990624320520775598	(32,24)
1.5648436239879309953218159	(32,25)
1.594029612923660692557625	(32,26)
1.616976190862370033538512	(32,27)
1.633931164489733997833725	(32,28)
1.64510573234844503390125	(32,29)
1.6506529147237413368	(32,30)
0.001470605248373595697579533	(33,1)
0.013211159363215620563313357	(33,2)
0.036561534105750518486203296	(33,3)
0.071254749914798233646541572	(33,4)
0.116877626711756370285021021	(33,5)
0.172858437395402343670311441	(33,6)
0.23845500677096060622004919	(33,7)
0.31274658075448770176898128	(33,8)
0.39463286972281610967742695	(33,9)
0.48284325661944511557194561	(33,10)
0.57595822627804793546690031	(33,11)
0.6724436744544383386381062	(33,12)
0.7706970523374953748988708	(33,13)
0.86910254648144349970183556	(33,14)
0.96609098899503242535342056	(33,15)
1.06019922900610654070946528	(33,16)
1.15012347797785584149461561	(33,17)
1.23476172860105777815324158	(33,18)
1.3132416353165767160278641	(33,19)
1.3849319897491164555925388	(33,20)
1.4494378051071152439428291	(33,21)
1.5065807215139093816431518	(33,22)
1.556367715433689849676056	(33,23)
1.5989518147034108654869775	(33,24)
1.6345886845150216371368802	(33,25)
1.663592657232231781454137	(33,26)
1.686295185816193065004216	(33,27)
1.703007974947837217457087	(33,28)
1.71399233035575926506475	(33,29)
1.719435665583467534706	(33,30)
0.001557811314524199039105647	(34,1)
0.013994562354721922428034222	(34,2)
0.038729369417866929195175045	(34,3)
0.075478314068074145798079539	(34,4)
0.123800441918583857187069143	(34,5)
0.183083051565729264196339502	(34,6)
0.25252739442386409005184276	(34,7)
0.33113867218346429036140349	(34,8)
0.41772431784945338120469317	(34,9)
0.51090406215830634134475999	(34,10)
0.60913418041839257715079086	(34,11)
0.71074665157175721652123089	(34,12)
0.81400193458122401334045358	(34,13)
0.91715198565259647349832114	(34,14)
1.01850837601387145721640756	(34,15)
1.11650927740157863848163458	(34,16)
1.20977890249506389241601543	(34,17)
1.29717377888862980387783486	(34,18)
1.37781185111006344786273416	(34,19)
1.451082529978861429757701	(34,20)
1.5166380410222180578695502	(34,21)
1.5743683791287869498069927	(34,22)
1.6243635745917930061167906	(34,23)
1.6668676878640637695101366	(34,24)
1.7022290017287335955900105	(34,25)
1.7308504115489728818333004	(34,26)
1.753143228328886419413876	(34,27)
1.769486711482134646272488	(34,28)
1.7801948074921928286898	(34,29)
1.785490897349519952209	(34,30)
0.001646104553968343716131275	(35,1)
0.014787730260976041562894958	(35,2)
0.040924197344441039926074637	(35,3)
0.079754286318425792878359344	(35,4)
0.130808476244769401440270177	(35,5)
0.193431619140258785271772563	(35,6)
0.26676598694082731941033593	(35,7)
0.3497392016100435570876016	(35,8)
0.44106168180455402144635674	(35,9)
0.53923767561488215925471713	(35,10)
0.64259264599867169040274945	(35,11)
0.74931780985601650510277105	(35,12)
0.85753023617510290268360882	(35,13)
0.96534445899228183686538183	(35,14)
1.07094951070665497510834705	(35,15)
1.17268405668680787289628272	(35,16)
1.2691021956016135280022579	(35,17)
1.35902353385406800894875714	(35,18)
1.44156314595852163091951257	(35,19)
1.5161395931028046648482217	(35,20)
1.5824617946209195593008533	(35,21)
1.6404977731273921922878795	(35,22)
1.6904298064460873803420873	(35,23)
1.7326011943576786424740646	(35,24)
1.7674597473732293730385266	(35,25)
1.795502422707584925082038	(35,26)
1.817224523999689968062397	(35,27)
1.833075793376664780185952	(35,28)
1.84342475047084388747209	(35,29)
1.848531891061249952998	(35,30)
0.001735170336114800509181141	(36,1)
0.015587836572722223464944483	(36,2)
0.04313819503213641301991467	(36,3)
0.084067417186621409558068887	(36,4)
0.137876703128762417747023436	(36,5)
0.203867090350724764781201106	(36,6)
0.2811195939253207657837784	(36,7)
0.36848087609638937091371617	(36,8)
0.46455979332047685083279132	(36,9)
0.56773951578476780948394713	(36,10)
0.67620839020415975581076411	(36,11)
0.78801040887658126798967547	(36,12)
0.90111333592985309919104072	(36,13)
1.01348967966947007177100404	(36,14)
1.12320333579104565173069346	(36,15)
1.22849336931149516971398387	(36,16)
1.32784638023601133962006696	(36,17)
1.42005024921730509539647427	(36,18)
1.50422451553597803330668671	(36,19)
1.5798256939107471401133197	(36,20)
1.6466288859093878281380502	(36,21)
1.7046895464168553465158373	(36,22)
1.7542908735314278647449633	(36,23)
1.7958828906257008162859181	(36,24)
1.8300189923430831494501112	(36,25)
1.8572947902918499504760294	(36,26)
1.878292833863075332928143	(36,27)
1.893535488024355111032766	(36,28)
1.90344713954681163657136	(36,29)
1.908326098595824825904	(36,30)
0.001824679501688680416743315	(37,1)
0.016391924288023273295188548	(37,2)
0.045363178968861717151292456	(37,3)
0.088401757294622055341690895	(37,4)
0.14497895924217614778829653	(37,5)
0.214350765731714010812649595	(37,6)
0.29553482192688596082768926	(37,7)
0.38729365882966581122134781	(37,8)
0.48813028392673877969374745	(37,9)
0.5963015196345721692933256	(37,10)
0.70985269614774753601441567	(37,11)
0.82667461334747232674693562	(37,12)
0.94458040782268148976244854	(37,13)
1.0613966411396621999449597	(37,14)
1.17506022074018492789673569	(37,15)
1.28371127886439233398384916	(37,16)
1.38577224155770690321878046	(37,17)
1.48000503901169544221041286	(37,18)
1.56554138648366878533590399	(37,19)
1.6418846720185141205277395	(37,20)
1.7088854969738621773215627	(37,21)
1.766695700922902226300844	(37,22)
1.8157073802268665677263142	(37,23)
1.8564838923701524548978731	(37,24)
1.8896892977616409916231288	(37,25)
1.9160214602980319572798178	(37,26)
1.936152488844447050404388	(37,27)
1.950678690301193427228429	(37,28)
1.96008095838032083441683	(37,29)
1.964695663828053693208	(37,30)
0.00191428968909774357820869	(38,1)
0.017196917829974543366118565	(38,2)
0.047590638009057642613837731	(38,3)
0.092740721999958929361838272	(38,4)
0.152088051526352400336623855	(38,5)
0.224842457251001005273635134	(38,6)
0.30995630312635997082595435	(38,7)
0.40610508156779030118164991	(38,8)
0.51168200088843154880452002	(38,9)
0.62481268517311513003513796	(38,10)
0.74339405896396903090516285	(38,11)
0.86515836934503825327284773	(38,12)
0.98775950113836650854988701	(38,13)
1.10887491700951274835544461	(38,14)
1.22631348379345178350733251	(38,15)
1.33811783846463574104657372	(38,16)
1.442650224693106651458748	(38,17)
1.538652884062117619029446	(38,18)
1.62527765833196935155503434	(38,19)
1.70208367736042591261554005	(38,20)
1.7690060070426777629257969	(38,21)
1.8263011936759510433274984	(38,22)
1.8744773560549728376406161	(38,23)
1.9142167936750315591763553	(38,24)
1.9462982461365168617012169	(38,25)
1.971524374404974517439557	(38,26)
1.990658192486989009602281	(38,27)
2.004370440257506477337319	(38,28)
2.01319850933747699472786	(38,29)
2.017516632949837928805	(38,30)
0.002003646944332665156663007	(39,1)
0.017999637511084070024976424	(39,2)
0.049811773438289271036210718	(39,3)
0.097067169695458501575695781	(39,4)
0.159175886441654573548682822	(39,5)
0.235300681722700352219249456	(39,6)
0.32432696723315881079403176	(39,7)
0.42484061108118248072152411	(39,8)
0.53512148637149981258084893	(39,9)
0.65315968338135740135794278	(39,10)
0.77669895112252366572900319	(39,11)
0.90330834162006708242731916	(39,12)
1.03047866251722679643817499	(39,13)
1.15573596991146230104063597	(39,14)
1.27676087424428818843194955	(39,15)
1.39150071369085034430013339	(39,16)
1.49826214445204018609925889	(39,17)
1.59577435480399568577706242	(39,18)
1.68321735041778742487338134	(39,19)
1.7602146442507353103070757	(39,20)
1.8267941979926989162413774	(39,21)
1.8833247889679194167675801	(39,22)
1.9304366892668265262184975	(39,23)
1.9689356429142213981925068	(39,24)
1.9997179503616180057521699	(39,25)
2.0236925335552789221023085	(39,26)
2.041713689519767357993766	(39,27)
2.054526272136509272704192	(39,28)
2.06272353816321376298649	(39,29)
2.066716963538256880408	(39,30)
0.002092387582959829345243723	(40,1)
0.018796816261781611319565409	(40,2)
0.05201754529366909654913483	(40,3)
0.101363492237629357084764238	(40,4)
0.166213618872256831916602154	(40,5)
0.245682882619582467865481307	(40,6)
0.33858835100737397097572941	(40,7)
0.44342406181559807022169886	(40,8)
0.55835350925476665943235979	(40,9)
0.68122752506390181672481138	(40,10)
0.80963263842441712907065008	(40,11)
0.94097088823751014230292936	(40,12)
1.07256707026400497965512967	(40,13)
1.20179443361810665075894739	(40,14)
1.32620597351519757252171947	(40,15)
1.44365665411140566898509548	(40,16)
1.55240265890348444589767341	(40,17)
1.65116700141894678512455246	(40,18)
1.73916581193031038887189154	(40,19)
1.81609522183944565783056208	(40,20)
1.8820838123581461422976288	(40,21)
1.9376191669133906404473037	(40,22)
1.9834587324091417904477712	(40,23)
2.0205350202908938066047047	(40,24)
2.0498636088532592272292097	(40,25)
2.072460066352316366557212	(40,26)
2.089269410357047161434243	(40,27)
2.101109520571369083318938	(40,28)
2.10862830489801677479982	(40,29)
2.112273474907765835305	(40,30)
0.002180140268303896004314283	(41,1)
0.019585118300451829051665258	(41,2)
0.054198724045950928108526711	(41,3)
0.105611715752574787478664977	(41,4)
0.173171817782239859034477682	(41,5)
0.255945675901412347527051531	(41,6)
0.35268093916268616713038216	(41,7)
0.46177804620698511694176972	(41,8)
0.58128163813406224834137091	(41,9)
0.70890026764014020254787792	(41,10)
0.84206002751058276566683511	(41,11)
0.97799304862675672664609634	(41,12)
1.11385615197842881476437189	(41,13)
1.24686933466573039691902539	(41,14)
1.37445947745978342778257098	(41,15)
1.49439277389073941069682929	(41,16)
1.60488046814853854560931848	(41,17)
1.70464637718498022352710776	(41,18)
1.79295046984642058108025417	(41,19)
1.86956914909512149642195959	(41,20)
1.9347384695798068952110012	(41,21)
1.9890703152476777620509512	(41,22)
2.0334531301609771507240101	(41,23)
2.0689482917414624571094388	(41,24)
2.0966912055423765702403728	(41,25)
2.1178034231509424057226132	(41,26)
2.133319231533295099615022	(41,27)
2.144127739107927231687472	(41,28)
2.15092976664931062967012	(41,29)
2.154207910696974564926	(41,30)
0.002266528269217134073511929	(42,1)
0.020361159416109933862145533	(42,2)
0.056345946732020657190736233	(42,3)
0.109793610036556807183907865	(42,4)
0.180020645672859806321845089	(42,5)
0.266045115425511063982075979	(42,6)
0.36654453037666684057675592	(42,7)
0.47982445412361242763382875	(42,8)
0.6038088442737886420939801	(42,9)
0.73606174741497989348723399	(42,10)
0.8738465267622789443706575	(42,11)
1.01422352299940365478216252	(42,12)
1.15418065964795879037828059	(42,13)
1.29078522449436184399708527	(42,14)
1.42134032921710887553370338	(42,15)
1.54352761144828146386942744	(42,16)
1.65551921211963561424965132	(42,17)
1.75604667661805222300160375	(42,18)
1.84442110834320969654699737	(42,19)
1.92050608410983701153494715	(42,20)
1.984650970165534784956143	(42,21)
2.0375962566388167416549824	(42,22)
2.0803639458313780262053234	(42,23)
2.1141451398718112444560767	(42,24)
2.1401944785171690604416259	(42,25)
2.1597378404592747760348095	(42,26)
2.173896514286745484096871	(42,27)
2.183628406958856473436012	(42,28)
2.18968505746598269756272	(42,29)
2.192582303668972542803	(42,30)
0.002351171861875850154372088	(43,1)
0.021121528544227219917816399	(43,2)
0.058449776652798825284599609	(43,3)
0.11389080482148651702282507	(43,4)
0.186730048985268209160139726	(43,5)
0.2759369736657200194691928	(43,6)
0.38011862240296485050111367	(43,7)
0.49748495335779069194267788	(43,8)
0.62583812400018847462929673	(43,9)
0.76259632406734069225802346	(43,10)
0.90485890436338545679101704	(43,11)
1.0495136239785520364546087	(43,12)
1.19337968059339442200118684	(43,13)
1.33337319912999347348184849	(43,14)
1.46667668012767369340947178	(43,15)
1.59089194882200183274846408	(43,16)
1.70415805458194844440341804	(43,17)
1.8052209859669948456239994	(43,18)
1.89344969160958215246956883	(43,19)
1.96880091765896008025523372	(43,20)
2.0317420386151891887162825	(43,21)
2.0831451851347676030541603	(43,22)
2.1241671835221535165297547	(43,23)
2.1561284916889669608443437	(43,24)
2.1804012981109777277040566	(43,25)
2.1983132348737551582220855	(43,26)
2.211069595718184684095536	(43,27)
2.21969411001609415827827	(43,28)
2.22498645914006252457467	(43,29)
2.227493840460334862395	(43,30)
0.00243369084171293100631522	(44,1)
0.021862810331222980271502421	(44,2)
0.060500765793450707938120745	(44,3)
0.117884911259393624129483865	(44,4)
0.193269956738508530865718214	(44,5)
0.28557703370399439689008313	(44,6)
0.39334281066079721361992818	(44,7)
0.51468150369442396247784724	(44,8)
0.64727313098350908563465541	(44,9)
0.78838962557339245183748606	(44,10)
0.93496612953734105527903733	(44,11)
1.08371818458528679292627294	(44,12)
1.23129756735370491458275047	(44,13)
1.37447178986384963027884832	(44,14)
1.51030666467297609795708921	(44,15)
1.63632938203817029657250107	(44,16)
1.75065195334907079624760918	(44,17)
1.8520411584015294776095497	(44,18)
1.93992975820107096662120233	(44,19)
2.01437261789252643889502693	(44,20)
2.0759585727523561973120915	(44,21)
2.1256931010745075705677635	(44,22)
2.1648678167261025688004503	(44,23)
2.1949309740330789436535998	(44,24)
2.2173696033229957893862108	(44,25)
2.2336096906929131735080543	(44,26)
2.244936908894670699681033	(44,27)
2.252437381583348348222564	(44,28)
2.25695605438815125040207	(44,29)
2.25906942069827401562	(44,30)
0.002513707113331721547166099	(45,1)
0.022581608398756394506332093	(45,2)
0.062489519166391781159585121	(45,3)
0.12175764706721925082803697	(45,4)
0.199610484844582194118270494	(45,5)
0.29492138870814652716664599	(45,6)
0.40615719507730275981960361	(45,7)
0.53133687772010835158094889	(45,8)
0.6680188098576932632974231	(45,9)
0.81332928332785150693955049	(45,10)
0.96404018529517211857452982	(45,11)
1.11669641010348899181006124	(45,12)
1.26778477431374119117208963	(45,13)
1.41392771470424463427292605	(45,14)
1.5520789834989855844958597	(45,15)
1.67969664368737808845639255	(45,16)
1.79487162823803207180534371	(45,17)
1.89639733893622284876903049	(45,18)
1.98377542832037076155040246	(45,19)
2.05716266597519888544742429	(45,20)
2.1172714788254217602412816	(45,21)
2.1652410433930003871084092	(45,22)
2.2024964408489707888979203	(45,23)
2.2306110309109300302734615	(45,24)
2.2511830450802444600628706	(45,25)
2.2657327013513191017880546	(45,26)
2.275621900980573681973705	(45,27)
2.281995378311911444049655	(45,28)
2.28574024198264047083981	(45,29)
2.287460092037843586154	(45,30)
0.002590847327819249804259416	(46,1)
0.023274569033102006804787156	(46,2)
0.064406760317126043388618084	(46,3)
0.125490963852797450120805115	(46,4)
0.205722143681992326569924872	(46,5)
0.3039267453413003617383196	(46,6)
0.41850279033664511278853642	(46,7)
0.54737518214726664049445116	(46,8)
0.68798202359766439804504425	(46,9)
0.83730564873416573159345261	(46,10)
0.99195684329323923855621157	(46,11)
1.1483126646051440639074678	(46,12)
1.30269859337399741317249896	(46,13)
1.45159648628378125404766635	(46,14)
1.591853295961568608284368	(46,15)
1.72086368763726399630861379	(46,16)
1.83670324803616554665763876	(46,17)
1.93819717433541380466693649	(46,18)
2.02492007530613182264891202	(46,19)
2.09713315121094093650268995	(46,20)
2.1556731783789751438480943	(46,21)
2.2018120219965312837352399	(46,22)
2.2371056673728951482691495	(46,23)
2.2632488332742050992446595	(46,24)
2.2819464772199880476079946	(46,25)
2.2948083134140889264387089	(46,26)
2.303267903756991695824591	(46,27)
2.308524549437874789334452	(46,28)
2.31150427416102500013684	(46,29)
2.312835522477389334309	(46,30)
0.0026647455382323161600066	(47,1)
0.023938405037090777639629308	(47,2)
0.066243397267108735402215261	(47,3)
0.12906717521193052247759395	(47,4)
0.211576046631708161883332013	(47,5)
0.31255072775562643191910423	(47,6)
0.43032193503374050630116429	(47,7)
0.56272237399289143124183765	(47,8)
0.7070721679842407867192959	(47,9)
0.8602124839546419893242728	(47,10)
1.01859639352783073763085778	(47,11)
1.17843718596202067782353041	(47,12)
1.33590378509643811632913086	(47,13)
1.48734287722254078357840266	(47,14)
1.62950043008333651933376479	(47,15)
1.75971355315803768178995653	(47,16)
1.87604786553920850917592839	(47,17)
1.97736475081804637875508346	(47,18)
2.06331471917121625933849902	(47,19)
2.13426459886807001552555925	(47,20)
2.1911748748752537515705845	(47,21)
2.2354477514833580365592865	(47,22)
2.2687663721373243515907484	(47,23)
2.2929421025061820227543253	(47,24)
2.3097814228255722039102599	(47,25)
2.320978304975376944371997	(47,26)
2.328033090860343922753405	(47,27)
2.332195434923715364073465	(47,28)
2.3344269524527527298989	(47,29)
2.335378646260545793563	(47,30)
0.002735045845200620906124033	(48,1)
0.024569919492636105875809493	(48,2)
0.067990588197375624954968123	(48,3)
0.132469084246487103215456142	(48,4)
0.217144117387059310406562107	(48,5)
0.32075217900721646236798786	(48,6)
0.4415586955414965910741084	(48,7)
0.57730676646909273272949566	(48,8)
0.72520176732688500487363194	(48,9)
0.88194762082501892855022137	(48,10)
1.04384432355267594686644177	(48,11)
1.20694672593916705082701043	(48,12)
1.36727310545510473334987621	(48,13)
1.52104124857849330626094949	(48,14)
1.66490242323309645131056169	(48,15)
1.79614203161359939100673519	(48,16)
1.91282063551815206493007165	(48,17)
2.01383930740207341837168614	(48,18)
2.09892620347968947861725037	(48,19)
2.16855360499777502607410081	(48,20)
2.2238036660505298107904886	(48,21)
2.2662052818966280937510428	(48,22)
2.2975639007456971461094011	(48,23)
2.3198019554981443287533509	(48,24)
2.3348216264518465312444683	(48,25)
2.3443955098885524890348609	(48,26)
2.350085632876804947231713	(48,27)
2.353187702770980601362529	(48,28)
2.35469559127665847954263	(48,29)
2.355280592156238829674	(48,30)
0.002801405005643729519784802	(49,1)
0.025166029191340263081564211	(49,2)
0.069639806203274943097027475	(49,3)
0.135680109207590644593438673	(49,4)
0.222399293946507633744180109	(49,5)
0.32849145689687652333891184	(49,6)
0.45215926068542511921311708	(49,7)
0.59105951991846283807858753	(49,8)
0.74228704638626153408828403	(49,9)
0.90241358313797788453100921	(49,10)
1.06759194367624669204831349	(49,11)
1.23372511442834863650276261	(49,12)
1.39668773152949194555277067	(49,13)
1.55257575091017455961605543	(49,14)
1.6979524111950870642695734	(49,15)
1.83005716328448202920538437	(49,16)
1.94694985436713525036883979	(49,17)
2.04757377540511977525861533	(49,18)
2.13173521756799334477956738	(49,19)
2.20001035060130928706499973	(49,20)
2.2535995828444734277911585	(49,21)
2.2941536134883371892676862	(49,22)
2.3235943217165105163611189	(49,23)
2.3439488632313220747898575	(49,24)
2.3572087835318501799318839	(49,25)
2.3652193771701481693745779	(49,26)
2.36959913702880406994991	(49,27)
2.371685509625809953427077	(49,28)
2.37250133135640035341485	(49,29)
2.372735975024299419775	(49,30)
0.002863494978606660272469311	(50,1)
0.025723787499750004936365938	(50,2)
0.071182902476085744014543532	(50,3)
0.138684406019670817612605977	(50,4)
0.227315727290929860403656906	(50,5)
0.33573072140033135585844764	(50,6)
0.46207232358658273444026746	(50,7)
0.60391511356872906399022106	(50,8)
0.7582484741461149378494928	(50,9)
0.92151816858448025653124354	(50,10)
1.08973695616744528065248342	(50,11)
1.25866374901548340713735685	(50,12)
1.42403759217826644364532493	(50,13)
1.58184041061665114616711571	(50,14)
1.72855438659606475936669177	(50,15)
1.86137859490678022088116959	(50,16)
1.97837586233752923682641492	(50,17)
2.0785331952454127734156106	(50,18)
2.16173422456194865839193335	(50,19)
2.22865606320345968442305479	(50,20)
2.280612628302261866568687	(50,21)
2.3193703717059784852210886	(50,22)
2.3469608039284708942981453	(50,23)
2.3655087976259393506407828	(50,24)
2.3770885183756076370543185	(50,25)
2.3836118327579485537229321	(50,26)
2.386748434229471386819002	(50,27)
2.387873243521633594014124	(50,28)
2.38803485886753360909939	(50,29)
2.387938605020171441854	(50,30)
0.002921005383248632666821609	(51,1)
0.02624040643509668605004506	(51,2)
0.072612167293245606611412931	(51,3)
0.141466986493540787895613338	(51,4)
0.231868972839823894076215988	(51,5)
0.34243421100727837151285057	(51,6)
0.47124944729028512366152355	(51,7)
0.61581179429489801902610619	(51,8)
0.77301127573112205527264338	(51,9)
0.93917498760938856480433921	(51,10)
1.11018396786345973597604558	(51,11)
1.28166201287328700630559841	(51,12)
1.44922161191097730885909764	(51,13)
1.60873911661214146138457981	(51,14)
1.75662284994805677525589079	(51,15)
1.89003683024419957566634108	(51,16)
2.00704984988396334178503679	(51,17)
2.10669306060492828444642224	(51,18)
2.18892535231301847133767285	(51,19)
2.25452048789604336420008628	(51,20)
2.3048998809491132837014642	(51,21)
2.3419386067669386454601919	(51,22)
2.3677701802632920947474044	(51,23)
2.3846096242673245379029477	(51,24)
2.3946066629015011220094083	(51,25)
2.3997334898387685471109116	(51,26)
2.401705754038530176069879	(51,27)
2.40193168446422989145809	(51,28)
2.40148256252806829491237	(51,29)
2.401077644820893953644	(51,30)
0.002973645845124921829985834	(52,1)
0.026713277737299509032235163	(52,2)
0.073920388226668825253408993	(52,3)
0.144013831092261472063479339	(52,4)
0.23603617287762178731192761	(52,5)
0.34856850544701831983726292	(52,6)
0.47964541104957811750180018	(52,7)
0.62669199896800643067273804	(52,8)
0.78650590935657029650017682	(52,9)
0.95530395728710291893888102	(52,10)
1.1288449467268030724972027	(52,11)
1.30262762542260835501484596	(52,12)
1.4721478778375133017596049	(52,13)
1.63318552406145138333393624	(52,14)
1.78208237791133958707335784	(52,15)
1.9159724065968062204790906	(52,16)
2.03293260897240134305686173	(52,17)
2.13203763758187905836122355	(52,18)
2.21331829976572374602552043	(52,19)
2.27763942285177397364659706	(52,20)
2.3265227175247146807199402	(52,21)
2.3619437701081511842661519	(52,22)
2.3861297450421107415366962	(52,23)
2.4013777824194687428629528	(52,24)
2.4099058705337987255784328	(52,25)
2.4137402351275040299014043	(52,26)
2.414637308430607675883098	(52,27)
2.414034598430398114206496	(52,28)
2.4130231404127562883995	(52,29)
2.412334224688119533808	(52,30)
0.003021148208122877860861057	(53,1)
0.027139992733989935953595295	(53,2)
0.07510090500919911856727295	(53,3)
0.14631199517422503523379951	(53,4)
0.239796228244907638228439364	(53,5)
0.3541027724426960899540981	(53,6)
0.48721853438294624232599659	(53,7)
0.63650274734080536968827211	(53,8)
0.79866850572808726530518261	(53,9)
0.96983174905232758978119836	(53,10)
1.14563962383655261190485881	(53,11)
1.32147693131269255889502258	(53,12)
1.4927337407304873706053458	(53,13)
1.65510289288576278789437901	(53,14)
1.8048671338708963096165856	(53,15)
1.93913502974425591901159496	(53,16)
2.05599326847297111722509958	(53,17)
2.15455830302132525451294736	(53,18)
2.23492830583134825828943826	(53,19)
2.29805236673451761729521223	(53,20)
2.3455442002797535051918442	(53,21)
2.3794709083808143754167316	(53,22)
2.4021443195925794526037392	(53,23)
2.4159352791875820274927587	(53,24)
2.4231225842190010164642871	(53,25)
2.4257802023865017374677438	(53,26)
2.42570028883751431950166	(53,27)
2.424345763723181646691152	(53,28)
2.42282465157014271720778	(53,29)
2.421878508461001224375	(53,30)
0.003063268590776962366909898	(54,1)
0.027518360807572706653678573	(54,2)
0.076147660533270919130730228	(54,3)
0.14834970770488159140139426	(54,4)
0.243129957701685741175147274	(54,5)
0.35900899630887718708485261	(54,6)
0.49393097627758649561265276	(54,7)
0.64519600277390548748951832	(54,8)
0.80944126778547507888353535	(54,9)
0.98269218972946237197363347	(54,10)
1.16049584302093491321194816	(54,11)
1.3381351340367938952550686	(54,12)
1.51090586190444329748949936	(54,13)
1.6744238790953272652718068	(54,14)
1.82492034564577929014225421	(54,15)
1.95948269858309639836254863	(54,16)
2.07620805021956814375098042	(54,17)
2.17425194209451232532704212	(54,18)
2.25377422198602374398472194	(54,19)
2.31580031781768105484722109	(54,20)
2.3620266647909468453237745	(54,21)
2.3946021050262974122097235	(54,22)
2.4159136085789870072756783	(54,23)
2.4283970122537809595479013	(54,24)
2.4343843646560489924977083	(54,25)
2.435991131448145839714285	(54,26)
2.435040267903094438792989	(54,27)
2.433016415695251658228403	(54,28)
2.43104199469665002634899	(54,29)
2.42986719081451189499	(54,30)
0.00309978926720960841097388	(55,1)
0.027846426287013160095295384	(55,2)
0.077055247493729825496424247	(55,3)
0.150116461502554669790376528	(55,4)
0.246020243491978059887267715	(55,5)
0.36326218638954173198915444	(55,6)
0.49974900716397790082130192	(55,7)
0.65272899844183496207952106	(55,8)
0.8187728291040640649822843	(55,9)
0.99382661579159102146269503	(55,10)
1.17334986084730432496911013	(55,11)
1.35253648093579325557363783	(55,12)
1.52660021782541242345636768	(55,13)
1.69109029677329427178640725	(55,14)
1.84219377421497167776124675	(55,15)
1.97698084880399877047062547	(55,16)
2.09355907918534028661038117	(55,17)
2.19111944068453466775988681	(55,18)
2.26987672387279105406867842	(55,19)
2.3309237573415445434926324	(55,20)
2.3760295358264258488149621	(55,21)
2.4074141901817382629876625	(55,22)
2.4275298598932517205696706	(55,23)
2.4388684255335969732818493	(55,24)
2.4438075747719922240236198	(55,25)
2.4444981011328385971000374	(55,26)
2.442788987805426077903858	(55,27)
2.440183086566694878672578	(55,28)
2.43781478707713962694515	(55,29)
2.436441397207028935679	(55,30)
0.003130520354630623180849696	(56,1)
0.028122483602183599959741767	(56,2)
0.0778189502286271518920766	(56,3)
0.151603094165103035765207597	(56,4)
0.248452161771324912347761452	(56,5)
0.36684056352602299845806968	(56,6)
0.50464325154479855819613531	(56,7)
0.65906452697736332817224051	(56,8)
0.82661856963036569701464465	(56,9)
1.00318418114856240111106081	(56,10)
1.18414659998762727144081146	(56,11)
1.36462440646497660116034305	(56,12)
1.53976207414905678106864355	(56,13)
1.70505286778546889933906692	(56,14)
1.85664719584614560992044894	(56,15)
1.99160154251229557490834734	(56,16)
2.10803327769313666112546485	(56,17)
2.20516430346579218836702783	(56,18)
2.28325669143344543633435877	(56,19)
2.3434608429662807319177067	(56,20)
2.3876073914460351042419129	(56,21)
2.4179767319359202870905191	(56,22)
2.4370758330907720093663378	(56,23)
2.4474434944584528345448329	(56,24)
2.4514954091945005019009394	(56,25)
2.4514116176459894151219849	(56,26)
2.449062510689365458868165	(56,27)
2.445965811197174017801593	(56,28)
2.44326561146778212873963	(56,29)
2.441724952584581253009	(56,30)
0.003155301291175565876504841	(57,1)
0.028345090555193892162847241	(57,2)
0.078434781357602115486741957	(57,3)
0.152801858912685253575743903	(57,4)
0.250413096701054104540256533	(57,5)
0.36972572294673741179613367	(57,6)
0.50858889942130762620484042	(57,7)
0.66417119181450001826899541	(57,8)
0.83294088773751288374490386	(57,9)
1.01072211901748345332456948	(57,10)
1.19283985908319099839863627	(57,11)
1.37435164042944992132856807	(57,12)
1.55034594028487157963779257	(57,13)
1.7162709750891120014399516	(57,14)
1.86824791805185575854403496	(57,15)
2.00332272785548129438256935	(57,16)
2.11962136981641309336461706	(57,17)
2.21639142392337113472138255	(57,18)
2.29393378171897688020115656	(57,19)
2.35344583228773334659748443	(57,20)
2.3968082893920340785596378	(57,21)
2.4263503158723213494990085	(57,22)
2.4446230755749688953981339	(57,23)
2.4542030323138664873928374	(57,24)
2.4575362528276886454150527	(57,25)
2.4568260360671426416724103	(57,26)
2.453959703422633307234193	(57,27)
2.450466666883080115870056	(57,28)
2.44749859619665943929496	(57,29)
2.445822982711795712629	(57,30)
0.003174002089864455244276086	(58,1)
0.028513079581096290802735355	(58,2)
0.078899512866987490450831828	(58,3)
0.153706484677175283586288302	(58,4)
0.25189283716489026796328838	(58,5)
0.37190277218207585716522117	(58,6)
0.51156588492265641105124786	(58,7)
0.66802361877619227566595211	(58,8)
0.83770942784256392684532703	(58,9)
1.0164059585748857753051502	(58,10)
1.19939248215579224163447851	(58,11)
1.38168028745818826455236551	(58,12)
1.55831551464117639789313811	(58,13)
1.72471243392523745690475694	(58,14)
1.87697034746081575548527089	(58,15)
2.012127589596998160164368	(58,16)
2.12831701825792074675660168	(58,17)
2.22480602807909897905043022	(58,18)
2.30192521364793394322653003	(58,19)
2.36090775136736102227137635	(58,20)
2.4036723649554159451052045	(58,21)
2.4325851153739049597977127	(58,22)
2.450230501892548835807901	(58,23)
2.459213305983970867443257	(58,24)
2.4620023503842628394480348	(58,25)
2.4608182911025228970777252	(58,26)
2.457561028176420388360054	(58,27)
2.453768615131196246265155	(58,28)
2.45059829405512413584821	(58,29)
2.448820812511773723334	(58,30)
0.00318652435660256652885961	(59,1)
0.028625566889568633858838439	(59,2)
0.079210701343685194017734486	(59,3)
0.154312224870241117641129196	(59,4)
0.25288365522370041382457734	(59,5)
0.3733604428275666335039938	(59,6)
0.51355903080765152220364002	(59,7)
0.67060262672276472933201568	(59,8)
0.84090126303613094645945321	(59,9)
1.02020969713734060773595477	(59,10)
1.20377649037233573935419812	(59,11)
1.38658188331605443179774646	(59,12)
1.56364362946724414783351668	(59,13)
1.73035329326713824524119584	(59,14)
1.88279562506043058242772426	(59,15)
2.01800400825861424229000187	(59,16)
2.13411611211461825432328076	(59,17)
2.23041280945592556033365757	(59,18)
2.30724477965518044964419264	(59,19)
2.36586931909836843276056775	(59,20)
2.4082307058479316941583417	(59,21)
2.4367197522148564600935354	(59,22)
2.4539432694212606655977483	(59,23)
2.4625249483262628111949072	(59,24)
2.464948768559980557228497	(59,25)
2.4634469140013412507454751	(59,26)
2.459927611836646036596203	(59,27)
2.455934615479692295438516	(59,28)
2.45262882809586722850343	(59,29)
2.45078312855588239214	(59,30)
0.003192802062407195626416938	(60,1)
0.028681959399484288572374615	(60,2)
0.079366707115724031557363904	(60,3)
0.15461589436893648102864764	(60,4)
0.2533803655917809341491965	(60,5)
0.37409117520518816159511524	(60,6)
0.51455815777371484803695998	(60,7)
0.67189535633295259274168351	(60,8)
0.8425010323403176808441591	(60,9)
1.02211592857836484770442817	(60,10)
1.20597317858726640608714829	(60,11)
1.38903743278143472834166104	(60,12)
1.56631220272306310212898426	(60,13)
1.73317767772439239451951089	(60,14)
1.88571134141090350804197215	(60,15)
2.02094414201499940875870412	(60,16)
2.13701622010786257893539292	(60,17)
2.23321526885718298567079538	(60,18)
2.30990209539657176860349243	(60,19)
2.36834613493387683270032831	(60,20)
2.4105045070582703074965381	(60,21)
2.4387804453542814249161918	(60,22)
2.45579194317846116645202	(60,23)
2.4641721549356258036071078	(60,24)
2.466412634116933731084673	(60,25)
2.4647513150580870207042332	(60,26)
2.461100570566479680160817	(60,27)
2.457006985365633164157073	(60,28)
2.45363327679907447826681	(60,29)
2.451753377400437453139	(60,30)