c^3_1_(sigma,mu)
1.81321254652572488518074076	(1,1)
1.8132111785892981544928367	(1,2)
1.81320195410538813470550072	(1,3)
1.81317225118090973410100286	(1,4)
1.8131040089831308734303226	(1,5)
1.81297472918575306077374317	(1,6)
1.81275873842680776153492812	(1,7)
1.81242865354417310405355992	(1,8)
1.81195698179084758057538833	(1,9)
1.81131778167275100999728382	(1,10)
1.81048830679065796138009064	(1,11)
1.80945055525412511342393009	(1,12)
1.80819265086689879629913969	(1,13)
1.80670998920698152632825991	(1,14)
1.80500609164239046625346681	(1,15)
1.80309312280611429127073406	(1,16)
1.80099204155842032278786933	(1,17)
1.79873237135980098051469726	(1,18)
1.79635159257014656973488425	(1,19)
1.79389417575449305265936059	(1,20)
1.79141029088852088890962618	(1,21)
1.7889542417254379521677128	(1,22)
1.78658268687976697453318119	(1,23)
1.78435271886248061832464676	(1,24)
1.7823198789389453511493876	(1,25)
1.7805361889814680088176993	(1,26)
1.7790482813022013578587827	(1,27)
1.7778957037817721484350822	(1,28)
1.777109470607943585752041	(1,29)
1.7767109189056504272598	(1,30)
1.78082574227784256711832584	(2,1)
1.78082435286718656052597796	(2,2)
1.78081498357488300875948431	(2,3)
1.78078481436607499813792159	(2,4)
1.78071550088460777718916249	(2,5)
1.7805841916206521402256761	(2,6)
1.78036481018814016795507326	(2,7)
1.78002954356376676375893906	(2,8)
1.77955046742535336013305625	(2,9)
1.77890123306482487835383467	(2,10)
1.77805873703847360285661017	(2,11)
1.77700469490618727162213134	(2,12)
1.77572704409986715480713677	(2,13)
1.77422110799368470600056956	(2,14)
1.77249046332255579849151893	(2,15)
1.77054746577395468208147104	(2,16)
1.76841340331094629300237836	(2,17)
1.76611826292943053950210758	(2,18)
1.76370011340577820741289558	(2,19)
1.7612041234161471082440977	(2,20)
1.75868125046996554409430189	(2,21)
1.75618665069401028542882586	(2,22)
1.75377787199008563371817395	(2,23)
1.75151290291967462647387288	(2,24)
1.7494481564094985695342436	(2,25)
1.7476364707233617612194288	(2,26)
1.7461252099560369115479595	(2,27)
1.7449545425764064446283026	(2,28)
1.744155969435805702104669	(2,29)
1.7437511624669946609319	(2,30)
1.71736196188240184623624812	(3,1)
1.71736053058062356063255099	(3,2)
1.71735087880160055845061139	(3,3)
1.71731979998386358573905964	(3,4)
1.71724839668967985665499802	(3,5)
1.71711312845105148395608572	(3,6)
1.71688713272891852174298557	(3,7)
1.71654175805625358910073777	(3,8)
1.7160482384260578715700496	(3,9)
1.71537943111805711734680642	(3,10)
1.7145115367414827318990843	(3,11)
1.71342572046281367932686734	(3,12)
1.71210955718554065599847496	(3,13)
1.71055823069419970866612638	(3,14)
1.70877542715571191482753828	(3,15)
1.70677387643783231556494542	(3,16)
1.70457550988898315676011073	(3,17)
1.70221121986385710479837179	(3,18)
1.69972022364808810358938461	(3,19)
1.69714905177330402771540113	(3,20)
1.69455019726181731017981509	(3,21)
1.69198047737277045772158987	(3,22)
1.68949917227914133886435995	(3,23)
1.68716601522266908149382314	(3,24)
1.6850391156258717310198941	(3,25)
1.6831729000800530858574787	(3,26)
1.6816161559207845208942181	(3,27)
1.6804102582517603287328124	(3,28)
1.67958765394653490373393	(3,29)
1.67917066565904373058	(3,30)
1.62533692214939943767552668	(4,1)
1.62533543058584376700586093	(4,2)
1.62532537244042756311811705	(4,3)
1.62529298512259826563134717	(4,4)
1.62521857558160378314995417	(4,5)
1.62507761230788218009294755	(4,6)
1.62484210198381535984841861	(4,7)
1.6244821872975014092580047	(4,8)
1.62396789199174251986496398	(4,9)
1.62327093205031365811631356	(4,10)
1.62236650834890326221657245	(4,11)
1.62123499628598029523657945	(4,12)
1.6198634518612185133181515	(4,13)
1.61824686122201525511235901	(4,14)
1.61638907152863717679367753	(4,15)
1.61430335462640373208782942	(4,16)
1.61201257086447702213030991	(4,17)
1.60954891777143852464032079	(4,18)
1.60695326642566788584811191	(4,19)
1.60427410644698583575441306	(4,20)
1.60156613778972161235094946	(4,21)
1.59888856317773818792023715	(4,22)
1.59630314840095354774974357	(4,23)
1.5938721282034102375866233	(4,24)
1.5916560426743982603469022	(4,25)
1.5897115925922731434871064	(4,26)
1.5880896019105795487318391	(4,27)
1.5868331715283943990343908	(4,28)
1.585976100825999569258916	(4,29)
1.5855416425033458320032	(4,30)
1.5082997097966402691979844	(5,1)
1.50829814249751736746154248	(5,2)
1.50828757364083048128817677	(5,3)
1.5082535418363288984708516	(5,4)
1.50817535415075860235814483	(5,5)
1.50802723364695642103631372	(5,6)
1.50777976611397292167106384	(5,7)
1.50740157929783563440008367	(5,8)
1.50686117694645134466719306	(5,9)
1.50612884241530922998650083	(5,10)
1.50517852279034685492293267	(5,11)
1.50398960465409084021997692	(5,12)
1.5025484967607223433180268	(5,13)
1.50084994282849824355998797	(5,14)
1.49889799906663558014725588	(5,15)
1.49670662543376525958662944	(5,16)
1.49429985634587670759743034	(5,17)
1.49171153487504563829162412	(5,18)
1.48898461359387743746078815	(5,19)
1.48617004427578800981687594	(5,20)
1.48332529681227062079999707	(5,21)
1.48051256415163151144920595	(5,22)
1.47779672407476963825989759	(5,23)
1.4752431395893691059654502	(5,24)
1.4729153871694385517485479	(5,25)
1.4708730056752785157025524	(5,26)
1.4691693584121294384169517	(5,27)
1.4678496964500189929515416	(5,28)
1.466949503228701639959119	(5,29)
1.4664931889652575414031	(5,30)
1.37064026574707459047809332	(6,1)
1.37063861076817661290221103	(6,2)
1.37062745065682077982493058	(6,3)
1.37059151502297703154375719	(6,4)
1.37050895340065414084789145	(6,5)
1.37035254715537988815599198	(6,6)
1.37009123748802558711871796	(6,7)
1.36969189915077152222108868	(6,8)
1.36912127783326514965800621	(6,9)
1.36834800112492008602914253	(6,10)
1.36734456889219944223601236	(6,11)
1.36608922903650223725673349	(6,12)
1.36456764894376647750416431	(6,13)
1.36277430133619997635303518	(6,14)
1.36071349533820102303329208	(6,15)
1.35839999884733400440448069	(6,16)
1.35585921608052243438090605	(6,17)
1.35312690364832611447295252	(6,18)
1.35024842881697407161648065	(6,19)
1.3472775938303912690212135	(6,20)
1.34427506937088426132341016	(6,21)
1.34130649757682219532763664	(6,22)
1.33844033974060609794929112	(6,23)
1.3357455552405692087265723	(6,24)
1.3332892059319009949457375	(6,25)
1.3311340838240219894186121	(6,26)
1.3293364592779512902824231	(6,27)
1.3279440422230359374465801	(6,28)
1.326994240248668063526482	(6,29)
1.3265127852636921685644	(6,30)
1.21741240271419768582527239	(7,1)
1.21741065195205182305378942	(7,2)
1.21739884594235571414051399	(7,3)
1.21736083053716211497242229	(7,4)
1.21727349081724101381307283	(7,5)
1.21710803342334669318763653	(7,6)
1.21683160355561650970813197	(7,7)
1.21640916224467596749387266	(7,8)
1.21580553708860270904034525	(7,9)
1.21498755102916444498432799	(7,10)
1.21392612933100408530603215	(7,11)
1.21259828497470367987693088	(7,12)
1.21098888722932769163055168	(7,13)
1.2090921270758027234295598	(7,14)
1.20691260604542341343329943	(7,15)
1.20446599135732165458059657	(7,16)
1.20177919925096429472317405	(7,17)
1.19889008924230815722207098	(7,18)
1.19584667371913298750421942	(7,19)
1.19270586882413678338908342	(7,20)
1.18953183295776344884242341	(7,21)
1.18639395753609704128566151	(7,22)
1.18336459004556645467614822	(7,23)
1.1805165812813176688934258	(7,24)
1.1779207564562454103808374	(7,25)
1.1756434133356139505344554	(7,26)
1.1737439496008674601190123	(7,27)
1.1722727163815517633664265	(7,28)
1.171269185599252484399311	(7,29)
1.1707605058801129126429	(7,30)
1.05418180042513675008374326	(8,1)
1.05417994946875992775200136	(8,2)
1.0541674678171212232015699	(8,3)
1.05412727688047920809994018	(8,4)
1.05403493913928423877462055	(8,5)
1.05386001428958929757113574	(8,6)
1.05356776962762171698595842	(8,7)
1.05312116611186124276410711	(8,8)
1.05248302830522896858860537	(8,9)
1.05161829713108494555483137	(8,10)
1.05049625955284226612268679	(8,11)
1.04909264920602929053736233	(8,12)
1.04739151676332059556549457	(8,13)
1.04538677825952615927668613	(8,14)
1.04308336337188194713572179	(8,15)
1.04049790314097506428449823	(8,16)
1.03765891702581570060904758	(8,17)
1.03460648154653194107896696	(8,18)
1.03139138600445845840410368	(8,19)
1.0280738037608438728346468	(8,20)
1.02472152920232030826205627	(8,21)
1.02140784981037852516133508	(8,22)
1.0182091388133070985281062	(8,23)
1.0152022660494445710666475	(8,24)
1.0124619324422849799301093	(8,25)
1.0100580366391104894633101	(8,26)
1.0080531808745450816275059	(8,27)
1.0065004171706677349736753	(8,28)
1.005441324933332064373496	(8,29)
1.0049044973502655128842	(8,30)
0.88688463556144880071441864	(9,1)
0.88688268292016174249731052	(9,2)
0.88686951557592028610125054	(9,3)
0.88682711676262818732049636	(9,4)
0.88672970679150869453926027	(9,5)
0.88654517430110805517130178	(9,6)
0.88623688179666199925394677	(9,7)
0.88576576273139327914988382	(9,8)
0.88509261325562080840583234	(9,9)
0.88418047176309418796754079	(9,10)
0.88299697404692953435211477	(9,11)
0.88151657160758742354918238	(9,12)
0.87972250557868244411697531	(9,13)
0.8776084387462406480790652	(9,14)
0.87517966285657409494355624	(9,15)
0.87245381719306050184718928	(9,16)
0.86946107636609792446760362	(9,17)
0.86624378932126593301468444	(9,18)
0.86285557651710537035934141	(9,19)
0.85935991679513755768797552	(9,20)
0.85582827843490423216631984	(9,21)
0.85233786914569298822663803	(9,22)
0.8489690963681410609237792	(9,23)
0.8458028415507683448366136	(9,24)
0.842917659596919426483672	(9,25)
0.8403870172786262556532808	(9,26)
0.8382766821634354119583136	(9,27)
0.836642366787889452037939	(9,28)
0.835527721894584062595963	(9,29)
0.8349627581072735714173	(9,30)
0.72166738703103065682660506	(10,1)
0.7216653325848452899333075	(10,2)
0.72165147874069353924980689	(10,3)
0.72160686947268996876270675	(10,4)
0.72150438147271888330966125	(10,5)
0.72131023083023101197652867	(10,6)
0.7209858743065788513643048	(10,7)
0.72049021831662988906326832	(10,8)
0.71978203364721185644960636	(10,9)
0.71882246313110683669517537	(10,10)
0.71757750359482102776530773	(10,11)
0.71602034286689238272335045	(10,12)
0.71413343769413553950805086	(10,13)
0.7119102290055357033326975	(10,14)
0.70935640671330201753627069	(10,15)
0.70649065645511506026383714	(10,16)
0.70334484437489460833634534	(10,17)
0.69996362198839935249699383	(10,18)
0.69640346000709277642618262	(10,19)
0.69273114626768895156460881	(10,20)
0.68902180725803791385524586	(10,21)
0.68535653391996615230270987	(10,22)
0.6818197094622182236557142	(10,23)
0.6784961491423253086124535	(10,24)
0.6754681690045478586003858	(10,25)
0.6728127023323474719284384	(10,26)
0.6705985793033825823642344	(10,27)
0.668884077457069752260003	(10,28)
0.66771483868687711360432	(10,29)
0.6671222332273449067129	(10,30)
0.56467202477115312587321862	(11,1)
0.56466986737635101327582938	(11,2)
0.56465531932193444800585291	(11,3)
0.56460847479721687709903122	(11,4)
0.56450085193290864379373693	(11,5)
0.56429697602883882133660901	(11,6)
0.56395637817416370052620392	(11,7)
0.56343591824456962102567064	(11,8)
0.56269232513659230106338745	(11,9)
0.56168483536627688906606022	(11,10)
0.56037780456609950410406153	(11,11)
0.5587431655353954654935923	(11,12)
0.55676261165980457108080695	(11,13)
0.55442939571845476312673491	(11,14)
0.55174965097944504366631712	(11,15)
0.54874316329719297558068502	(11,16)
0.54544354856446392113887143	(11,17)
0.54189781794250752130580389	(11,18)
0.53816534221360866004837902	(11,19)
0.53431625473263742697155462	(11,20)
0.53042935823811061555978521	(11,21)
0.52658962286590422547123099	(11,22)
0.5228853800458614260355588	(11,23)
0.5194053288815380738705976	(11,24)
0.5162354778369499425881851	(11,25)
0.5134561451706748486440657	(11,26)
0.5111391369646625586811525	(11,27)
0.509345212414313589324573	(11,28)
0.508121933029630796579304	(11,29)
0.5075019763376945237493	(11,30)
0.4217355164918741406083649	(12,1)
0.42173325086377769599861045	(12,2)
0.42171797296523932467363391	(12,3)
0.42166877847335779002840368	(12,4)
0.42155575737713288438545866	(12,5)
0.42134165796345426522490539	(12,6)
0.42098398833568010789488843	(12,7)
0.42043746016925819604322029	(12,8)
0.41965666211283979092588433	(12,9)
0.41859883743851507020103433	(12,10)
0.41722663311623792344902769	(12,11)
0.41551068615801739640569607	(12,12)
0.41343191830234856291926417	(12,13)
0.41098342197867508326424408	(12,14)
0.40817183865891745984135238	(12,15)
0.40501815435713968294591652	(12,16)
0.40155786492937558508343057	(12,17)
0.39784049434694298854360577	(12,18)
0.393928480436089962017789	(12,19)
0.38989547280080737461699043	(12,20)
0.38582411499352564638622193	(12,21)
0.3818034059637547863279774	(12,22)
0.3779257532900922871107357	(12,23)
0.3742838420504233931842612	(12,24)
0.370967448256542553298116	(12,25)
0.3680603248595857006804814	(12,26)
0.365637282055313329685791	(12,27)
0.363761572843205213737326	(12,28)
0.362482680476868229240728	(12,29)
0.3618345875204404548954	(12,30)
0.29799464807070638329670648	(13,1)
0.29799226134684455379709355	(13,2)
0.2979761668713025880279204	(13,3)
0.29792434317126254528046716	(13,4)
0.29780528251894391492305985	(13,5)
0.29757974553094235652001296	(13,6)
0.29720297832319188430376761	(13,7)
0.29662729219211665723407466	(13,8)
0.2958048871146719412193612	(13,9)
0.29469078626128080142649611	(13,10)
0.29324574025416897658775822	(13,11)
0.29143895799112723622777781	(13,12)
0.28925052611606896038081694	(13,13)
0.28667339185615367205129768	(13,14)
0.28371480364077999062849868	(13,15)
0.28039712978177138279080973	(13,16)
0.27675800609521448554219467	(13,17)
0.27284979681069499714768966	(13,18)
0.26873838729518029965125383	(13,19)
0.26450135980390632521756873	(13,20)
0.26022563260557250649723214	(13,21)
0.2560046667224601381064603	(13,22)
0.2519353620018753467205823	(13,23)
0.2481147747151325902784136	(13,24)
0.2446367923847246882638119	(13,25)
0.2415888986149037235886573	(13,26)
0.2390491522828214907106261	(13,27)
0.237083492697740998385464	(13,28)
0.235743466465538264088917	(13,29)
0.2350644539118980603588	(13,30)
0.19742919670519977619883815	(14,1)
0.19742666538154322725525282	(14,2)
0.19740959583749076070307998	(14,3)
0.1973546326390913123812574	(14,4)
0.19722836035535581743541312	(14,5)
0.19698916657385308346161309	(14,6)
0.19658959756197619539794442	(14,7)
0.19597910093697928072185401	(14,8)
0.19510702931996244655784011	(14,9)
0.19392576322547854784612783	(14,10)
0.19239380166068056702683571	(14,11)
0.1904786662338581235644429	(14,12)
0.18815946984867846358269844	(14,13)
0.18542901464034890698517196	(14,14)
0.18229530541026318864097832	(14,15)
0.17878239344893632710660001	(14,16)
0.17493049963725861534660059	(14,17)
0.17079540286558097262846624	(14,18)
0.16644711755332573209386235	(14,19)
0.16196791976689109063829164	(14,20)
0.15744981272015808049335584	(14,21)
0.1529915473792856402893382	(14,22)
0.1486953312298207181965232	(14,23)
0.1446633675083217678709459	(14,24)
0.1409943686072214301936432	(14,25)
0.1377801818169867149993409	(14,26)
0.1351026544038981836751061	(14,27)
0.133030849780465447623586	(14,28)
0.131618708739161143615194	(14,29)
0.1309032307070066841312	(14,30)
0.12242773394412180173780936	(15,1)
0.1224250220216892361653392	(15,2)
0.12240673466152434915148901	(15,3)
0.12234785039079179781229193	(15,4)
0.12221257125341233180920082	(15,5)
0.12195632143126294161732794	(15,6)
0.12152827628561916936069007	(15,7)
0.12087430921935968694773844	(15,8)
0.1199402211805335239460637	(15,9)
0.11867509980036092544539607	(15,10)
0.11703464365987306325156614	(15,11)
0.11498428349409435392470444	(15,12)
0.1125019374141591366468358	(15,13)
0.10958025200956125010553603	(15,14)
0.10622820525234751589695266	(15,15)
0.10247197934398625978333476	(15,16)
0.09835505004609942698833329	(15,17)
0.09393748094263640372431852	(15,18)
0.08929445339855728350446587	(15,19)
0.08451410254931539853243933	(15,20)
0.0796947636261572927721575	(15,21)
0.0749417590843189460887293	(15,22)
0.070363874018698230491333	(15,23)
0.0660696748649844290627483	(15,24)
0.0621638249694331892612999	(15,25)
0.0587435416095083472965201	(15,26)
0.0558953243061598681648262	(15,27)
0.053692065828299142845915	(15,28)
0.052190637086944629378194	(15,29)
0.051430016729574871185	(15,30)
0.07349506993496154932484355	(16,1)
0.07349212896326971635983948	(16,2)
0.07347229707701224106689096	(16,3)
0.07340843983046474431305679	(16,4)
0.07326173771181530488556825	(16,5)
0.07298385700773673201344237	(16,6)
0.07251969924794053711618447	(16,7)
0.07181060785223205376639404	(16,8)
0.07079788516877396804845267	(16,9)
0.06942645249820365815322135	(16,10)
0.0676484719155612710741465	(16,11)
0.06542674365643077521064675	(16,12)
0.06273769806979845337507094	(16,13)
0.05957381748405100390385554	(16,14)
0.05594535062098426282397768	(16,15)
0.05188121913008904866653819	(16,16)
0.04742906000173335567168182	(16,17)
0.04265439575911530680548637	(16,18)
0.03763897260541836878376166	(16,19)
0.03247835123875506129814511	(16,20)
0.0272788724024685624198489	(16,21)
0.0221541468340496661516987	(16,22)
0.0172212356886057132892706	(16,23)
0.0125966925834753278186495	(16,24)
0.0083926331633619845323106	(16,25)
0.0047129844787929744936114	(16,26)
0.0016500470336490928012479	(16,27)
-0.000718520223443442974787	(16,28)
-0.002332204962615871513552	(16,29)
-0.0031495716560896699926	(16,30)
0.04921072592407713891378537	(17,1)
0.04920749715381659569657158	(17,2)
0.04918572458607088811446696	(17,3)
0.04911561888377167129302993	(17,4)
0.04895456421348987344967131	(17,5)
0.04864950595519949470642261	(17,6)
0.04813997791594011930367069	(17,7)
0.04736163672630143718810069	(17,8)
0.04625014195777458683788851	(17,9)
0.04474519626793839343957747	(17,10)
0.04279454306253235298835732	(17,11)
0.04035771228146187472206733	(17,12)
0.03740931006022491382464639	(17,13)
0.03394166638767268319983155	(17,14)
0.02996668640750725669360361	(17,15)
0.0255167941580000218890668	(17,16)
0.02064490933736791477529843	(17,17)
0.01542345398769577886853501	(17,18)
0.00994244201094781867766812	(17,19)
0.00430675533431310183780418	(17,20)
-0.0013672478861506863797917	(17,21)
-0.0069556184356725230345605	(17,22)
-0.0123310046732692981176674	(17,23)
-0.0173669531185616889899388	(17,24)
-0.0219421399615119763033186	(17,25)
-0.0259443722175847410868606	(17,26)
-0.0292742228476681317207983	(17,27)
-0.031848192080390663415126	(17,28)
-0.033601314313584720502902	(17,29)
-0.0344891540445438885845	(17,30)
0.04648517575484681489694677	(18,1)
0.04648159398126884166018683	(18,2)
0.04645744104914023961314451	(18,3)
0.04637967129756130760809171	(18,4)
0.04620101285775812915643208	(18,5)
0.04586262203663655151590825	(18,6)
0.04529745261211998543509156	(18,7)
0.04443419443820873821793611	(18,8)
0.04320160186938386896971977	(18,9)
0.04153300355570005624628995	(18,10)
0.03937076434515096120220788	(18,11)
0.03667046068491665096890871	(18,12)
0.03340453586733572534713332	(18,13)
0.02956522242441548325840659	(18,14)
0.02516655599916727529292844	(18,15)
0.02024535625042433176435385	(18,16)
0.01486111202704057260232076	(18,17)
0.00909477491163826405990276	(18,18)
0.00304653117627790448727471	(18,19)
-0.00316731888540173710034551	(18,20)
-0.0094181986002106884111421	(18,21)
-0.0155696030431419955537395	(18,22)
-0.0214817377163507979408132	(18,23)
-0.0270162311754988248758721	(18,24)
-0.0320407225721904740325865	(18,25)
-0.0364331529702646229106231	(18,26)
-0.0400856228772713530821753	(18,27)
-0.042907713124231407963983	(18,28)
-0.044829198125590690125438	(18,29)
-0.0458021069201344762457	(18,30)
0.06106813712012667520138183	(19,1)
0.06106413530093900277011186	(19,2)
0.06103714993457552395062253	(19,3)
0.06095026070441875010555608	(19,4)
0.06075065604585199114163768	(19,5)
0.06037260593315393194650761	(19,6)
0.05974124036156966536310368	(19,7)
0.0587769723385301801508552	(19,8)
0.05740036434945201768132656	(19,9)
0.05553720226727088423888613	(19,10)
0.05312351467944616794491852	(19,11)
0.05011026300504569292270414	(19,12)
0.04646743238400992480254579	(19,13)
0.04218727752388106890438566	(19,14)
0.03728652172500325635981313	(19,15)
0.03180736887377263858748105	(19,16)
0.02581726250012787979506982	(19,17)
0.0194074062653901107060726	(19,18)
0.01269013864212009254045962	(19,19)
0.00579532332213986529029923	(19,20)
-0.0011340304465033396760993	(19,21)
-0.0079466711181384435707089	(19,22)
-0.014488274859918899270543	(19,23)
-0.0206066356921149686318804	(19,24)
-0.0261566561972887803384619	(19,25)
-0.0310049577116936722165891	(19,26)
-0.035033972649352797654585	(19,27)
-0.038145424696653354646006	(19,28)
-0.04026314019608040869664	(19,29)
-0.0413351628794111282617	(19,30)
0.08818522124425920283363983	(20,1)
0.08818073484085923765789306	(20,2)
0.08815048185820628299723735	(20,3)
0.08805307215256287853675013	(20,4)
0.08782930419319866592882313	(20,5)
0.08740550673977496063706437	(20,6)
0.08669779247006348284601601	(20,7)
0.08561704470897651584309454	(20,8)
0.08407441123356892749785037	(20,9)
0.0819870365672600020668785	(20,10)
0.07928373158890895205252703	(20,11)
0.07591026245544747677424709	(20,12)
0.07183394488282344546690647	(20,13)
0.06704725802601932871203419	(20,14)
0.06157024501503907813535571	(20,15)
0.055451541761281140359992	(20,16)
0.04876796577816215574312714	(20,17)
0.04162269370717073589970604	(20,18)
0.03414214992010929482746727	(20,19)
0.02647180912690253999835252	(20,20)
0.0187711752930355035175773	(20,21)
0.011208232321635360482297	(20,22)
0.0039536675333937428097542	(20,23)
-0.0028248506785174395326543	(20,24)
-0.0089680991331871137685282	(20,25)
-0.0143302401497171457391493	(20,26)
-0.0187831422356836829815032	(20,27)
-0.022220000778000778725061	(20,28)
-0.0245582224590857378491	(20,29)
-0.0257415684216122475565	(20,30)
0.12315241334791776586055583	(21,1)
0.12314738358840715611210358	(21,2)
0.12311346669904545790583205	(21,3)
0.12300426080791343019649215	(21,4)
0.12275340063178791739225807	(21,5)
0.12227831492118533343813732	(21,6)
0.12148501707587213171965545	(21,7)
0.12027373070383315622577824	(21,8)
0.11854509588337350106367864	(21,9)
0.11620665002118171553402782	(21,10)
0.11317923637661038949278281	(21,11)
0.10940297111858353425600795	(21,12)
0.10484240298010741572270355	(21,13)
0.09949053260841787767485112	(21,14)
0.09337142234141931647551362	(21,15)
0.08654121773550529711606561	(21,16)
0.07908751176857170112882663	(21,17)
0.07112709993552134071161072	(21,18)
0.06280228648688004958139647	(21,19)
0.0542759963430118490059354	(21,20)
0.0457260137844156969210023	(21,21)
0.0373387020208169322028646	(21,22)
0.0293025562175272143710757	(21,23)
0.021801910299042787449538	(21,24)
0.0150110624423691226677041	(21,25)
0.0090890154798446607979664	(21,26)
0.0041749568753626242863581	(21,27)
0.000384537909656766078209	(21,28)
-0.00219303964185588367711	(21,29)
-0.0034971545338581421384	(21,30)
0.16184815384515380148931853	(22,1)
0.16184252956711145671008904	(22,2)
0.16180460379884948543488967	(22,3)
0.16168249131424427864104618	(22,4)
0.16140199011367119953721736	(22,5)
0.16087079656949454549311617	(22,6)
0.1599838890816238754901701	(22,7)
0.15862986136469629421754179	(22,8)
0.15669791999138180774353039	(22,9)
0.15408519768836342179262855	(22,10)
0.15070398294510281962198703	(22,11)
0.14648843757998739680278418	(22,12)
0.14140037591617686597802407	(22,13)
0.13543371804723055267939479	(22,14)
0.1286173064494639899227843	(22,15)
0.12101588529999453334407081	(22,16)
0.11272917503341632164921144	(22,17)
0.10388911635551741658161637	(22,18)
0.09465549157186881831967435	(22,19)
0.08521024095037705645169333	(22,20)
0.07575086572497342008242	(22,21)
0.0664833406053259991040064	(22,22)
0.0576149470432183463432372	(22,23)
0.0493473898277327938760798	(22,24)
0.041870484265367747177754	(22,25)
0.0353566122020577734812819	(22,26)
0.0299560556832985199897397	(22,27)
0.025793238630565657952773	(22,28)
0.02296384791483289023419	(22,29)
0.0215327701640450466353	(22,30)
0.2009864825207922068045602	(23,1)
0.20098022068966338195978395	(23,2)
0.20093799588431925686442479	(23,3)
0.20080204295789419619326854	(23,4)
0.20048975790445494837264643	(23,5)
0.19989840732624657080148224	(23,6)
0.19891115493606905649460449	(23,7)
0.19740416475290174591635626	(23,8)
0.19525446187844949210476236	(23,9)
0.1923481551735056990526975	(23,10)
0.18858856297989660720864966	(23,11)
0.18390374588766810182529969	(23,12)
0.178252950974050068487196	(23,13)
0.1716315176625182443538332	(23,14)
0.16407388793032046110460561	(23,15)
0.15565449713489428018789874	(23,16)
0.14648648306640866105451278	(23,17)
0.13671832132293208349638801	(23,18)
0.12652865373268463414882441	(23,19)
0.11611970367198532912943068	(23,20)
0.1057097529972566946670677	(23,21)
0.0955251825558737809199883	(23,22)
0.0857925528108163426386542	(23,23)
0.0767311315438203498119319	(23,24)
0.0685461759354161337760272	(23,25)
0.0614231632712885938731292	(23,26)
0.0555230545568189337785593	(23,27)
0.050978582228793284947498	(23,28)
0.04789148647976943028188	(23,29)
0.0463305891016012841107	(23,30)
0.23819840642911306315526351	(24,1)
0.23819147169377506253371495	(24,2)
0.23814470951028552827604542	(24,3)
0.23799414920435406577367847	(24,4)
0.23764832128640573701303908	(24,5)
0.23699349288665905833325145	(24,6)
0.23590038109531588568482623	(24,7)
0.23423208202976208003140022	(24,8)
0.23185286046180018470177497	(24,9)
0.22863735241077209498909519	(24,10)
0.22447965532195028383068393	(24,11)
0.21930173337079897252102968	(24,12)
0.21306056386155528505813241	(24,13)
0.20575350458338359354722284	(24,14)
0.19742147341253358342202598	(24,15)
0.18814969287664543661737376	(24,16)
0.17806594699729726456439039	(24,17)
0.16733650179074257907892529	(24,18)
0.15616002788216954189441896	(24,19)
0.14476000949334752702768191	(24,20)
0.1333762110006624651259096	(24,21)
0.1222557924618199342424807	(24,22)
0.1116446217500302112998907	(24,23)
0.1017792353615129787877543	(24,24)
0.0928797711372696481644433	(24,25)
0.0851440552504516584291641	(24,26)
0.0787428929707069123850144	(24,27)
0.073816504087230978933061	(24,28)
0.07047196997630114044215	(24,29)
0.0687815245534609202942	(24,30)
0.27196953289389698684408157	(25,1)
0.27196189660967393260296092	(25,2)
0.27191040393599629469082479	(25,3)
0.27174461501052728646164429	(25,4)
0.27136382030068325451009894	(25,5)
0.2706428294000344174759258	(25,6)
0.26943941029558323902944579	(25,7)
0.26760309511171828223336992	(25,8)
0.26498495901273727646058408	(25,9)
0.26144786798901432987585219	(25,10)
0.25687659621136299028474419	(25,11)
0.25118715474465551659211549	(25,12)
0.24433466941771707905166155	(25,13)
0.23631920921837346625855794	(25,14)
0.22718910033767516777648849	(25,15)
0.21704145531691430367224499	(25,16)
0.20601988026014208879744758	(25,17)
0.19430956583215726641411145	(25,18)
0.18213018675813569814002475	(25,19)
0.16972720007516416261346134	(25,20)
0.157362223785160476686659	(25,21)
0.1453031868219825574495284	(25,22)
0.1338148738178032125335431	(25,23)
0.1231503608649990587009651	(25,24)
0.1135436754180888224280001	(25,25)
0.105203841064669967592085	(25,26)
0.0983103102179729502888805	(25,27)
0.093009663320204001181582	(25,28)
0.08941337305644317373021	(25,29)
0.0875964000786163330923	(25,30)
0.30149493456209211770108533	(26,1)
0.30148657364370240623404418	(26,2)
0.30143019486184160256625065	(26,3)
0.30124867686791187823629048	(26,4)
0.30083176930119573825248865	(26,5)
0.30004245892799212367468731	(26,6)
0.29872517008119270032625619	(26,7)
0.29671549394736848962979717	(26,8)
0.29385101328520736803138523	(26,9)
0.28998265673268835919646694	(26,10)
0.28498590165288264750356349	(26,11)
0.27877107170454202254718697	(26,12)
0.27129196850804509958061923	(26,13)
0.26255215180536803591415908	(26,14)
0.25260834258873349073775841	(26,15)
0.24157065654788285753746799	(26,16)
0.22959965382251546408946422	(26,17)
0.2169004779411378385010251	(26,18)
0.2037146111556457531777584	(26,19)
0.1903099592104924952782559	(26,20)
0.1769700720303544199062089	(26,21)
0.1639833002989027689956645	(26,22)
0.1516325906245181351322908	(26,23)
0.1401864567313483575073387	(26,24)
0.1298914616390952424112933	(26,25)
0.1209663384441834276596452	(26,26)
0.1135976934101040453486503	(26,27)
0.107937095179756170233561	(26,28)
0.10409926931893505550707	(26,29)
0.102161090487849574185	(26,30)
0.32650467804658330407991589	(27,1)
0.32649557389049678435463456	(27,2)
0.32643418360951165061359432	(27,3)
0.3262365334887639366081995	(27,4)
0.32578259109563526333984145	(27,5)
0.32492323011074184902210058	(27,6)
0.32348922431477867475697989	(27,7)
0.32130194445891881373788565	(27,8)
0.31818528263845549104049755	(27,9)
0.3139781716731344019408992	(27,10)
0.30854692843386930535543526	(27,11)
0.30179656120333910195158059	(27,12)
0.29368017117620715417843962	(27,13)
0.28420566679579675152388346	(27,14)
0.27343920057979134951137991	(27,15)
0.26150501583018856202190546	(27,16)
0.2485817211910801211799689	(27,17)
0.2348953477780348111711592	(27,18)
0.2207098365156501463243964	(27,19)
0.20631580939885361455028248	(27,20)
0.1920185705352839755815391	(27,21)
0.178126254686950833415319	(27,22)
0.1649389068872351915641384	(27,23)
0.1527390667827178539120905	(27,24)
0.1417841842832281064065006	(27,25)
0.1323009478684852081524492	(27,26)
0.1244813961144113786861006	(27,27)
0.118480528896317010138476	(27,28)
0.11441504799003176610351	(27,29)
0.112362837756716048363	(27,30)
0.34709669291233923373179406	(28,1)
0.34708683050963272077193947	(28,2)
0.34702032758314394195192309	(28,3)
0.34680622040220860044362018	(28,4)
0.3463145010350167018509843	(28,5)
0.34538370021593200718851704	(28,6)
0.34383070515721299862674567	(28,7)
0.34146246608469298606236147	(28,8)
0.33808907230871065351613179	(28,9)
0.33353749332925337992083791	(28,10)
0.32766511509021947400270624	(28,11)
0.32037209419205237027430689	(28,12)
0.31161153946979193150951075	(28,13)
0.30139663498459939123288096	(28,14)
0.28980404549607831228567552	(28,15)
0.2769732751305547046418989	(28,16)
0.26310203984546332737525657	(28,17)
0.24843810686415816863411147	(28,18)
0.2332683887312157173462977	(28,19)
0.21790630516929441941626034	(28,20)
0.202678512356678604352465	(28,21)
0.1879120425547048878068009	(28,22)
0.1739227181920237084736525	(28,23)
0.1610054428925467374086875	(28,24)
0.1494266753178747250711263	(28,25)
0.1394191062774884598798773	(28,26)
0.1311783221400498662064331	(28,27)
0.12486107139604604206304	(28,28)
0.12058466546124919114529	(28,29)
0.118427036848807877442	(28,30)
0.36359649946475163755844654	(29,1)
0.36358586673945840226688302	(29,2)
0.36351416980363023402463234	(29,3)
0.36328334438315371937110007	(29,4)
0.3627532526802002888280689	(29,5)
0.36174990206455899821739898	(29,6)
0.36007611542614074285259321	(29,7)
0.35752428807955290626411592	(29,8)
0.35389066635453644038965573	(29,9)
0.34899036570603553204853128	(29,10)
0.34267215024304818772434707	(29,11)
0.33483186732620025348174647	(29,12)
0.32542341393551782583386484	(29,13)
0.31446623511844852298529237	(29,14)
0.30204862376770242877361445	(29,15)
0.2883264803072869115258429	(29,16)
0.27351764800435071409878813	(29,17)
0.25789239409333871095863942	(29,18)
0.24176098550602537942334642	(29,19)
0.22545955128924234786094129	(29,20)
0.2093354989681410864727315	(29,21)
0.1937336588539134373399282	(29,22)
0.1789840982526670465295169	(29,23)
0.1653922270272467871678493	(29,24)
0.153231465246760061454741	(29,25)
0.142738416600511851065239	(29,26)
0.1341102284781648762676331	(29,27)
0.127503644465565364795522	(29,28)
0.12303517404257330830332	(29,29)
0.120781810921436723893	(29,30)
0.37645023753195929889836264	(30,1)
0.37643882488974613404841407	(30,2)
0.37636186931945848451105536	(30,3)
0.37611411842825558609162085	(30,4)
0.37554518325773811953194177	(30,5)
0.37446840930792920450644969	(30,6)
0.3726724268945731655104318	(30,7)
0.36993499805202787901727299	(30,8)
0.36603854750971812997712503	(30,9)
0.3607865119141358747774802	(30,10)
0.35401941100303274079197944	(30,11)
0.34562939265814073483547676	(30,12)
0.33557198331080847476918835	(30,13)
0.32387392114569992039289577	(30,14)
0.31063626697289576177059701	(30,15)
0.29603244516377024617576023	(30,16)
0.28030139987645423189631253	(30,17)
0.26373657426081434973604324	(30,18)
0.24667184507930085736201233	(30,19)
0.22946580348946776778873466	(30,20)
0.2124858298458304084264447	(30,21)
0.1960932714479858581578529	(30,22)
0.1806307377484580364702775	(30,23)
0.166412140974262806920887	(30,24)
0.1537157013656808065970592	(30,25)
0.1427797670963311932260655	(30,26)
0.1338010132266717818705618	(30,27)
0.126934404023398064942141	(30,28)
0.12229423129815983529468	(30,29)
0.119955566478641821074	(30,30)
0.38614943609226535857781632	(31,1)
0.38613723614205126593209304	(31,2)
0.3860549721731487855819798	(31,3)
0.38579013647559462472007823	(31,4)
0.38518199699369567325847111	(31,5)
0.38403113604645911816930404	(31,6)
0.3821119070188156430317228	(31,7)
0.37918740988472410943830986	(31,8)
0.37502632347381630139800266	(31,9)
0.36942063865346805822858335	(31,10)
0.36220306739678316915747675	(31,11)
0.35326272474413362963312245	(31,12)
0.34255765696273449140059735	(31,13)
0.33012296145266187252539598	(31,14)
0.31607361715263722180727197	(31,15)
0.30060167915274612766324633	(31,16)
0.28396810859874075433440336	(31,17)
0.26649010541712120046747713	(31,18)
0.24852528356412494181077755	(31,19)
0.23045429792167175828791095	(31,20)
0.2126635629101550794482921	(31,21)
0.1955295081518181976629811	(31,22)
0.1794054501271317993814026	(31,23)
0.1646116992196892446955087	(31,24)
0.1514290516599889425658295	(31,25)
0.1400954053877039188601489	(31,26)
0.130804933821554959463263	(31,27)
0.123709071707232613757535	(31,28)
0.1189185098788896391466	(31,29)
0.116505443170603380544	(31,30)
0.39318216436624311846270152	(32,1)
0.39316917177259130907972076	(32,2)
0.39308156350585096507444376	(32,3)
0.39279952834684564449104825	(32,4)
0.39215192656606265096751454	(32,5)
0.39092651058076834342241723	(32,6)
0.38888331313713994153386485	(32,7)
0.3857707889421441256948679	(32,8)
0.3813439959352421550448402	(32,9)
0.37538376370509520306032643	(32,10)
0.36771548422186165462409772	(32,11)
0.35822595323414559300376466	(32,12)
0.34687666422717262136090615	(32,13)
0.33371215981294322660362814	(32,14)
0.3188624824310369832825624	(32,15)
0.30253938852260940304065919	(32,16)
0.28502670143157691512191294	(32,17)
0.2666658544276777513371415	(32,18)
0.2478381952547085578219085	(32,19)
0.22894589893968990432950756	(32,20)
0.2103933309663159850190968	(32,21)
0.1925704413126493679721435	(32,22)
0.1758393216190472606202345	(32,23)
0.1605245187567818318173517	(32,24)
0.1469071649817774575170179	(32,25)
0.1352225350349746607308886	(32,26)
0.125660321033721491970619	(32,27)
0.118366742337447667427652	(32,28)
0.11344757008544409749282	(32,29)
0.110971219789441527827	(32,30)
0.39800418467932557433983924	(33,1)
0.39799039610748516236169806	(33,2)
0.39789742113722221899478471	(33,3)
0.39759811533694129682574806	(33,4)
0.39691089330290720819110254	(33,5)
0.3956106443061505664377943	(33,6)
0.39344307579455122670165715	(33,7)
0.39014205721272370936241883	(33,8)
0.38544919640493243310196678	(33,9)
0.37913449247671169587262379	(33,10)
0.37101654897640698254502995	(33,11)
0.36098059292081551778473175	(33,12)
0.34899251677637716728063405	(33,13)
0.33510739923196598038964833	(33,14)
0.31947147014068530766716109	(33,15)
0.30231720511441265835837536	(33,16)
0.28395204940392506807549897	(33,17)
0.26474203181241112326991255	(33,18)
0.24509209660593381081347363	(33,19)
0.22542525606301477441443328	(33,20)
0.2061626154001778158631744	(33,21)
0.1877059815033770014231294	(33,22)
0.170424226929536376747786	(33,23)
0.154643956452739504183136	(33,24)
0.1406444262931712327728617	(33,25)
0.1286561803933580711910879	(33,26)
0.118862540105280522554057	(33,27)
0.111402922865655987090545	(33,28)
0.10637695359028482709681	(33,29)
0.103848436296343659314	(33,30)
0.40102421336360887994805032	(34,1)
0.40100962748635918676094696	(34,2)
0.40091127694566337127756074	(34,3)
0.40059467293436144969794854	(34,4)
0.39986777297277865896451627	(34,5)
0.39849260328624415767683014	(34,6)
0.39620057988386039313392879	(34,7)
0.39271108884608524542842661	(34,8)
0.38775250186584903682715001	(34,9)
0.38108436008084579542385567	(34,10)
0.37251904689490660045820975	(34,11)
0.36194099804436246586163449	(34,12)
0.3493214679013857035696814	(34,13)
0.33472715106582649325678433	(34,14)
0.31832154976150748849970759	(34,15)
0.30035880645806202047518606	(34,16)
0.28117064770785576562228349	(34,17)
0.26114793594184806329901081	(34,18)
0.24071893859238422536438366	(34,19)
0.2203266899607794136363982	(34,20)
0.2004077121847260908723701	(34,21)
0.1813739302438532752899161	(34,22)
0.1635989745937779892311589	(34,23)
0.1474093508459091717861917	(34,24)
0.133080295238136659685923	(34,25)
0.1208356176802054775661236	(34,26)
0.110850504747024464903826	(34,27)
0.103256114387467229944869	(34,28)
0.09814481379703405684016	(34,29)
0.095575049304117831768	(34,30)
0.40259850194361804742287718	(35,1)
0.40258311948655611013999108	(35,2)
0.40247939835164538140660386	(35,3)
0.40214551313741861375117641	(35,4)
0.4013789800066323858112054	(35,5)
0.39992899605443603780178143	(35,6)
0.39751275833927130022951424	(35,7)
0.39383531264325240977508563	(35,8)
0.38861204941238959532863	(35,9)
0.38159246169038113821920363	(35,10)
0.37258331050971129301410026	(35,11)
0.36146903418547130347158564	(35,12)
0.34822720929699638609047852	(35,13)
0.33293719866808074634326675	(35,14)
0.31578080501678326339638186	(35,15)
0.29703469797229982930210546	(35,16)
0.27705543034476942756260645	(35,17)
0.25625880380444976232491825	(35,18)
0.23509599907994483513521889	(35,19)
0.2140291338327787458117291	(35,20)
0.1935087312165840940027636	(35,21)
0.1739550468773663270872206	(35,22)
0.1557444502897603211316641	(35,23)
0.1392012485583605732939152	(35,24)
0.1245946185856906942249733	(35,25)
0.1121397714631801481872838	(35,26)
0.10200215011302062307306	(35,27)
0.09430334846841709927462	(35,28)
0.0891274974752263000993	(35,29)
0.086527037335350870448	(35,30)
0.40303116170877193233009096	(36,1)
0.40301498551707753851626917	(36,2)
0.40290591305637560920888867	(36,3)
0.40255480965767353511120361	(36,4)
0.40174879376173880886919536	(36,5)
0.40022430185932262525769292	(36,6)
0.39768442361369751289714965	(36,7)
0.39382004828838383113027444	(36,8)
0.3883338789066541804908562	(36,9)
0.38096580325543169067271489	(36,10)
0.37151757982804933564671923	(36,11)
0.35987444890440600722355596	(36,12)
0.34602125272717931162670222	(36,13)
0.33005103036332802883665478	(36,14)
0.31216483854571477782159233	(36,15)
0.2926626304395688385979937	(36,16)
0.27192620293148948415346999	(36,17)
0.25039626374838704898909718	(36,18)
0.22854636256417101513318219	(36,19)
0.2068566495918217265879176	(36,20)
0.1857901601554344981946355	(36,21)
0.1657736718953510307716249	(36,22)
0.1471843105579144699319279	(36,23)
0.1303421767256262166630123	(36,24)
0.1155084855521503091705112	(36,25)
0.1028881517808370301035557	(36,26)
0.092635444784864892095745	(36,27)
0.084861261320582006671828	(36,28)
0.0796406634810826007199	(36,29)
0.077019542782082669149	(36,30)
0.40257772389608476490533276	(37,1)
0.40256075901075245638047026	(37,2)
0.40244636929771384122522113	(37,3)
0.40207815838003704601042494	(37,4)
0.40123291944468481072694695	(37,5)
0.39963443244120254348870802	(37,6)
0.39697183081438419788198671	(37,7)
0.39292207140635045837992528	(37,8)
0.387175500476923131928792	(37,9)
0.37946287178834162932215065	(37,10)
0.36958157545645447116668048	(37,11)
0.35741844741727443988479431	(37,12)
0.34296650772189818105874209	(37,13)
0.32633341869167038962606894	(37,14)
0.30774035280588026728767692	(37,15)
0.287511183955817897913012	(37,16)
0.26605323310150753062005208	(37,17)
0.24383193833761324183405632	(37,18)
0.22134254431166749541013741	(37,19)
0.1990820846598678905953267	(37,20)
0.1775245669216049953584175	(37,21)
0.1571014884966635205426471	(37,22)
0.1381888154211179609739743	(37,23)
0.1211005555951903701149693	(37,24)
0.1060882247272967656760615	(37,25)
0.0933449341538086009337697	(37,26)
0.083012546618802160479107	(37,27)
0.075190312469344104787418	(37,28)
0.06994354630916745642131	(37,29)
0.067311158837023454858	(37,30)
0.40145027137864450300437348	(38,1)
0.40143252511379365042443908	(38,2)
0.4013128675469254696131451	(38,3)
0.40092770908183494773560291	(38,4)
0.40004361987675795166712813	(38,5)
0.3983718638666605243669155	(38,6)
0.39558780960067922756482045	(38,7)
0.391354745437176533761901	(38,8)
0.38535102612847096341348341	(38,9)
0.37729876624010741356574303	(38,10)
0.36699162800105549177941467	(38,11)
0.35431881956183504249090631	(38,12)
0.33928240514672452705955475	(38,13)
0.3220055400333104842269374	(38,14)
0.30273026623018623546963427	(38,15)
0.28180488285504483821629511	(38,16)
0.25966236888716523871348449	(38,17)
0.2367925737988449203227131	(38,18)
0.21371164143004843473333255	(38,19)
0.1909322576501965446084566	(38,20)
0.168937834327634681758271	(38,21)
0.1481628203289964974734514	(38,22)
0.1289802014803116914871799	(38,23)
0.1116961556272833813477506	(38,24)
0.0965509488839429149535163	(38,25)
0.0837245900208083907539516	(38,26)
0.073345510712453989546786	(38,27)
0.065500556525337020709396	(38,28)
0.06024477323440754608964	(38,29)
0.057609770198311510778	(38,30)
0.39982309652539304523066896	(39,1)
0.39980457854081832778515361	(39,2)
0.3996797183315550324033623	(39,3)
0.39927782315156181269212537	(39,4)
0.39835537297002615477100341	(39,5)
0.39661129353204138065060659	(39,6)
0.39370742036210508873681095	(39,7)
0.38929367647317015279019476	(39,8)
0.38303682251949725644735475	(39,9)
0.37465084726697357289611306	(39,10)
0.3639263236837567640016477	(39,11)
0.35075558007580999257089938	(39,12)
0.33515053122004293306815417	(39,13)
0.31725060220565484966905464	(39,14)
0.29731933566889965877415115	(39,15)
0.27572981640253450498827049	(39,16)
0.25294066381792006765267223	(39,17)
0.22946567872316652861454553	(39,18)
0.20584099723258640072256501	(39,19)
0.1825936625698939629998886	(39,20)
0.1602149191411190810102466	(39,21)
0.1391404596607895147619307	(39,22)
0.1197385909465172236681676	(39,23)
0.1023060950873336130301408	(39,24)
0.0870706436282924397894085	(39,25)
0.0741980631333306111485026	(39,26)
0.063802544397368548194218	(39,27)
0.055957962315774793356378	(39,28)
0.05070872877347586810569	(39,29)
0.048078940986282762554	(39,30)
0.39783826948469424699160665	(40,1)
0.39781899184957754581765373	(40,2)
0.3976890104505268110334895	(40,3)
0.39727064161165837172487607	(40,4)
0.39631043930645908366621998	(40,5)
0.39449520689557809981563781	(40,6)
0.39147351951813903529784526	(40,7)
0.38688227633496854232037633	(40,8)
0.38037707080809469808963683	(40,9)
0.37166429265990933879332594	(40,10)
0.36053205408972341846475583	(40,11)
0.34687651155090419352082933	(40,12)
0.33072016310456142831116134	(40,13)
0.31221937322053924336608696	(40,14)
0.29165968060554744419073162	(40,15)
0.26943916318555642942892637	(40,16)
0.24604190909883805981876286	(40,17)
0.22200507464459940601709166	(40,18)
0.1978837834218373664202918	(40,19)
0.1742180974557703317425895	(40,20)
0.1515055422610263962063345	(40,21)
0.1301814327790040463483107	(40,22)
0.1106078429033536910279813	(40,23)
0.0930707834202164078218473	(40,24)
0.0777842038375496712420773	(40,25)
0.0648988943608990281286963	(40,26)
0.054514210252804899009872	(40,27)
0.046690679120748936228857	(40,28)
0.0414618653016217264009	(40,29)
0.038844248230544107937	(40,30)
0.39561078585453354018610592	(41,1)
0.39559076309944009142355342	(41,2)
0.39545575855362479776601013	(41,3)
0.39502123244359494754145419	(41,4)
0.39402400887855927203138331	(41,5)
0.392139023111224511299553	(41,6)
0.38900190330575992624062934	(41,7)
0.38423690355101334643101624	(41,8)
0.37748890366762669611556374	(41,9)
0.36845722913044014774758289	(41,10)
0.35692814152395083697916302	(41,11)
0.34280228252776683542753544	(41,12)
0.32611337972551208784967511	(41,13)
0.30703528620955701570878512	(41,14)
0.28587588561200189106460265	(41,15)
0.26305829712135655110063055	(41,16)
0.23909175210458468766408297	(41,17)
0.21453603875538997627983998	(41,18)
0.1899641809421823005491347	(41,19)
0.1659278983417967896488124	(41,20)
0.142929490362551421947557	(41,21)
0.1214023818555710518025809	(41,22)
0.101701024452916278625675	(41,23)
0.0840994861380832453447783	(41,24)
0.0687970915427160549618621	(41,25)
0.0559289665229574579195078	(41,26)
0.045579246916458679853648	(41,27)
0.037794918290968556538873	(41,28)
0.03259862704675143046269	(41,29)
0.029999227605691184302	(41,30)
0.39323314315994235396099023	(42,1)
0.39321239231504895367026243	(42,2)
0.3930724795123347945212613	(42,3)
0.39262216666018192858462709	(42,4)
0.39158877647775123270724755	(42,5)
0.38963566912915310757265236	(42,6)
0.38638587975237532431403646	(42,7)
0.38145143214324255091398637	(42,8)
0.37446696967061760915542366	(42,9)
0.36512529106104728794565899	(42,10)
0.35321139111795527781432684	(42,11)
0.33863099253371900796495347	(42,12)
0.32142960039093861923260361	(42,13)
0.30179897393768876095578703	(42,14)
0.28006953530576856513142329	(42,15)
0.25668933008228084417448037	(42,16)
0.23219225669432285353940005	(42,17)
0.20715989440969603380466577	(42,18)
0.182182014833255744899145	(42,19)
0.1578206330429584582400976	(42,20)
0.1345813821216348548951014	(42,21)
0.1128944145603618505451163	(42,22)
0.0931053508545136930018799	(42,23)
0.0754753579894128807558658	(42,24)
0.0601884596825483648705362	(42,25)
0.0473637114944282203892707	(42,26)
0.03706984805788386598922	(42,27)
0.029340289129156326542539	(42,28)
0.02418682532315483665531	(42,29)
0.021610768759820298413	(42,30)
0.39077930442135350375683237	(43,1)
0.39075784503943365931035319	(43,2)
0.39061315587022460379650587	(43,3)
0.39014748142583043853074632	(43,4)
0.38907890406015015876591098	(43,5)
0.3870595406475424111480007	(43,6)
0.38370022731131369967846287	(43,7)
0.37860120683892270026951368	(43,8)
0.37138738386674031246208479	(43,9)
0.36174556532506592192719382	(43,10)
0.34946002914957103205972125	(43,11)
0.33444210395664811530050482	(43,12)
0.3167495115856460887472243	(43,13)
0.296592193753647728094891	(43,14)
0.27432314305713905106112464	(43,15)
0.25041505260790996366881344	(43,16)
0.22542586675230587101346756	(43,17)
0.19995801036662245239615047	(43,18)
0.17461680312278884901408	(43,19)
0.1499732134042249810893802	(43,20)
0.1265348558426974999854622	(43,21)
0.1047273760834686541804287	(43,22)
0.0848865469643262699567768	(43,23)
0.0672598943286974812982992	(43,24)
0.0520156893792733742164094	(43,25)
0.0392567252145680953020244	(43,26)
0.029036343463159224570639	(43,27)
0.021374531698133346455585	(43,28)
0.0162724068046391476197	(43,29)
0.01372390160332428094	(43,30)
0.38830806868259274985410713	(44,1)
0.38828592284570173759612046	(44,2)
0.38813660624480513158849107	(44,3)
0.38765605010578950826106032	(44,4)
0.3865533899916298426364757	(44,5)
0.38446986985723102474989763	(44,6)
0.38100456016785888796848894	(44,7)
0.37574640481810890519073822	(44,8)
0.36831108480856750001883145	(44,9)
0.35837994262110922536573474	(44,10)
0.34573704825719125577764428	(44,11)
0.33029978170350666671100624	(44,12)
0.31213840315331588547582201	(44,13)
0.29148116440269533544221185	(44,14)
0.26870349495266048919948211	(44,15)
0.24430229406989356860834047	(44,16)
0.21885879386588468182918671	(44,17)
0.19299522884425665432641509	(44,18)
0.1673312385703191070257191	(44,19)
0.1424454431645822364963463	(44,20)
0.1188461936511851754604965	(44,21)
0.096953556533242474302646	(44,22)
0.0770926406856893180717043	(44,23)
0.0594968092236470384825915	(44,24)
0.0443183473074617774970556	(44,25)
0.0316437954992552060401027	(44,26)
0.021511285800260450604176	(44,27)
0.013927649146758167307611	(44,28)
0.00888361679199067319798	(44,29)
0.006365975200996889806	(44,30)
0.38586589986115993001557793	(45,1)
0.38584309217028108276685614	(45,2)
0.38568931404599066064164226	(45,3)
0.38519441061638546231005293	(45,4)
0.38405889656005895108892665	(45,5)
0.38191355139700695357788917	(45,6)
0.37834615168314114523957872	(45,7)
0.37293485553849925742663737	(45,8)
0.36528664966974303958531909	(45,9)
0.35507792709744592564750862	(45,10)
0.34209301147432714153742226	(45,11)
0.32625569271903282264404156	(45,12)
0.30764896605449968102045236	(45,13)
0.28651936690842114125158052	(45,14)
0.26326446107505746441138804	(45,15)
0.23840475395926583553757144	(45,16)
0.21254388010585898666898005	(45,17)
0.1863227722866381482601575	(45,18)
0.1603741517419403102037747	(45,19)
0.135283048186173860543022	(45,20)
0.1115574270600218283833498	(45,21)
0.0896108764964792059863444	(45,22)
0.0697572292493763373321533	(45,23)
0.0522153793296293266984725	(45,24)
0.0371216006607179211427917	(45,25)
0.0245463789448461254713565	(45,26)
0.014512978447955406242259	(45,27)
0.007015474314703372490581	(45,28)
0.00203459185539212706913	(45,29)
-0.000449736530344421756	(45,30)
0.3834892783642334022766209	(46,1)
0.38346583591140433860122136	(46,2)
0.38330777895658395933540187	(46,3)
0.38279911652726106719176502	(46,4)
0.3816321002184258882203103	(46,5)
0.37942749100704242409076765	(46,6)
0.3757622805021691040382536	(46,7)
0.37020438322064274627684843	(46,8)
0.36235263211341393056919415	(46,9)
0.35187896901251399654380592	(46,10)
0.33856837991936703884170394	(46,11)
0.32235133026346696547241301	(46,12)
0.30332361659829368125719777	(46,13)
0.28174987430050590132996443	(46,14)
0.25804933857113660564452473	(46,15)
0.23276536821356684849137751	(46,16)
0.20652299897591573473074892	(46,17)
0.1799806907483760334676842	(46,18)
0.1537830158763727476440083	(46,19)
0.1285202478570801659805248	(46,20)
0.1046989809707982252279449	(46,21)
0.0827256061060716280025321	(46,22)
0.0629022721068253944026551	(46,23)
0.0454333059970684629614241	(46,24)
0.0304391411590410289041403	(46,25)
0.01797457764110166396572	(46,26)
0.008048494642084346299883	(46,27)
0.000642720607844627198546	(46,28)
-0.00427156828354810208022	(46,29)
-0.00672095250189753044	(46,30)
0.38120664225805231075742963	(47,1)
0.38118259458071095427160165	(47,2)
0.38102045796415118012488426	(47,3)
0.38049867770975245385766921	(47,4)
0.37930163136382507598242316	(47,5)
0.37704054370546279313973409	(47,6)
0.37328216618289820915382599	(47,7)
0.36758473889528363947119647	(47,8)
0.35953948986823308272621588	(47,9)
0.34881438744681225650695737	(47,10)
0.335195431199049163341218	(47,11)
0.31861993000778047290907665	(47,12)
0.29919641412161560899879491	(47,13)
0.27720727694130378502694659	(47,14)
0.253092792847415762667688	(47,15)
0.2274182762711302979271796	(47,16)
0.2008290593024163317370004	(47,17)
0.1739999134998504901893551	(47,18)
0.1475860557786098429613071	(47,19)
0.122181928431392057484023	(47,20)
0.0982919154113734202046831	(47,21)
0.0763146755853772739168528	(47,22)
0.0565404673010412264752782	(47,23)
0.0391591516597113585116959	(47,24)
0.0242756736281981312902588	(47,25)
0.0119296709755470867609024	(47,26)
0.002116243173402040979865	(47,27)
-0.005194427553221549760969	(47,28)
-0.01004019422611135083476	(47,29)
-0.012453770037689452093	(47,30)
0.37903998127936910623760311	(48,1)
0.37901536029685960178833037	(48,2)
0.37884935923452699674528286	(48,3)
0.37831515382595258946032222	(48,4)
0.37708966695656923127872131	(48,5)
0.37477510481001777961397942	(48,6)
0.37092855769580636350796377	(48,7)
0.36509918539923762314724609	(48,8)
0.35687116544013338380087904	(48,9)
0.34590894652992876593264982	(48,10)
0.33199983199855340531844586	(48,11)
0.31508804137123643542943332	(48,12)
0.29529463539464962352520142	(48,13)
0.27291926643847279565975438	(48,14)
0.24842245939993552696467227	(48,15)
0.22239045065914915143059199	(48,16)
0.19548767295021752275958284	(48,17)
0.1684039646315847880397707	(48,18)
0.1418040192995916580420387	(48,19)
0.1162854756343462586016884	(48,20)
0.0923498212104721389019731	(48,21)
0.0703876325496104338173319	(48,22)
0.0506772659543801520393323	(48,23)
0.0333944048087591521999061	(48,24)
0.0186290234085536306540958	(48,25)
0.0064062569640980719074133	(48,26)
-0.003291864615279088577613	(48,27)
-0.01050612961505057261872	(48,28)
-0.01528285033854908850141	(48,29)
-0.017660462810576618598	(48,30)
0.3770061406560321108694584	(49,1)
0.37698098058839931197236831	(49,2)
0.37681134579546654133513646	(49,3)
0.37626545763102155410064402	(49,4)
0.37501323296104730996672825	(49,5)
0.37264841080275422240717111	(49,6)
0.36871903181649411732827102	(49,7)
0.36276579237370015579542931	(49,8)
0.35436637704555121278534803	(49,9)
0.34318214228708087862437511	(49,10)
0.32900192194573972206553348	(49,11)
0.31177681110451654477381436	(49,12)
0.29164006256483052089679099	(49,13)
0.26890793461814521311665548	(49,14)
0.24406026223571163209807589	(49,15)
0.21770304436473107040866685	(49,16)
0.1905185407328468974856482	(49,17)
0.1632103960269121736494816	(49,18)
0.1364516637400555405003732	(49,19)
0.1108423179136658790285854	(49,20)
0.0868804202126573063811416	(49,21)
0.0649482961527255435621258	(49,22)
0.0453125747546546733565839	(49,23)
0.028135223533161134714159	(49,24)
0.0134919129308425288837491	(49,25)
0.0013940539777633810653777	(49,26)
-0.008188595058950920580965	(49,27)
-0.015307057061492506668326	(49,28)
-0.02001549568166089724392	(49,29)
-0.022357638411497741686	(49,30)
0.37511788435430170801428591	(50,1)
0.37509222162368488779189949	(50,2)
0.37491919864945281420076623	(50,3)
0.37436241771164310195155945	(50,4)
0.37308526623989183409694887	(50,5)
0.37067359968462179394321733	(50,6)
0.3666670510808831380818758	(50,7)
0.36059849096192411274599471	(50,8)
0.35203966948725640310453433	(50,9)
0.34064924983209211389673118	(50,10)
0.32621775843976958463283261	(50,11)
0.3087030286975299736203971	(50,12)
0.28825003399676985059456872	(50,13)
0.26519083655074579080077162	(50,14)
0.24002349734946706987597736	(50,15)
0.21337250376551995973123595	(50,16)
0.1859366034844158910059938	(50,17)
0.1584319838082771071812054	(50,18)
0.1315390024631799451299653	(50,19)
0.1058592249454045649483759	(50,20)
0.0818869142018643234416242	(50,21)
0.0599961521056324677556206	(50,22)
0.0404421906394750900863947	(50,23)
0.0233739022887285187770411	(50,24)
0.008853452804372497174163	(50,25)
-0.0031205909832330324559668	(50,26)
-0.012589872657012882561733	(50,27)
-0.019614867177222026445645	(50,28)
-0.02425695419428874446898	(50,29)
-0.02656470703177764599	(50,30)
0.3733847600063383301327785	(51,1)
0.37335863312145255313090985	(51,2)
0.37318248157046979889910634	(51,3)
0.37261564291922902018672303	(51,4)
0.37131547816845476128034754	(51,5)
0.36886057310173329774015953	(51,6)
0.36478282360591404112614974	(51,7)
0.35860793053346000852321707	(51,8)
0.34990226731834713475057862	(51,9)
0.33832217324816077393321173	(51,10)
0.32365996473385316121616193	(51,11)
0.30587997577144757440399927	(51,12)
0.28513829992653946184966533	(51,13)
0.26178185917078075382827452	(51,14)
0.23632572227651138165003415	(51,15)
0.20941148749647234316186634	(51,16)
0.1817529979528499863638873	(51,17)
0.1540777272065940162272197	(51,18)
0.1270723500586775156946774	(51,19)
0.1013393993292403026249237	(51,20)
0.0773691203350881956463398	(51,21)
0.055527526547420015007331	(51,22)
0.0360590061487635534968431	(51,23)
0.0191001011138250596348321	(51,24)
0.0047003875597110196535178	(51,25)
-0.0071534463289707008671705	(51,26)
-0.01651351871796147009242	(51,27)
-0.023448939485641868669944	(51,28)
-0.02802765061498969376393	(51,29)
-0.03030261742908586514	(51,30)
0.37181380091993895713407739	(52,1)
0.37178725034430674125079514	(52,2)
0.37160824298816177229855913	(52,3)
0.37103222390499816886503521	(52,4)
0.36971105538489082146784857	(52,5)
0.36721669567276131164551447	(52,6)
0.36307400022519923134160733	(52,7)
0.35680217290622058528560038	(52,8)
0.34796276577940763889779344	(52,9)
0.33621013362959548199319009	(52,10)
0.32133841668289316310075776	(52,11)
0.30331811472308376987038028	(52,12)
0.28231571794757397726358124	(52,13)
0.25869193013172287556005582	(52,14)
0.2329774858653287883936138	(52,15)
0.20582962480960801184076941	(52,16)
0.1779758504574745903946776	(52,17)
0.1501536822412782999798987	(52,18)
0.1230551980432699593154902	(52,19)
0.0972833932930067978943347	(52,20)
0.0733244250357830709413258	(52,21)
0.0515365711615768116626436	(52,22)
0.0321540185668965280501828	(52,23)
0.0153018713654808935154216	(52,24)
0.0010181312035932870683649	(52,25)
-0.0107213559645634354018505	(52,26)
-0.019978210860596372582877	(52,27)
-0.026829336697043162572791	(52,28)
-0.03134857336004399194578	(52,29)
-0.033592821073389982116	(52,30)
0.37041009446887341355974913	(53,1)
0.37038316247363931298539046	(53,2)
0.37020158425904109635541459	(53,3)
0.36961730106020292272383777	(53,4)
0.36827722698705057560166468	(53,5)
0.36574736084231681308912876	(53,6)
0.36154623828333695219961252	(53,7)
0.3551872534297506884688829	(53,8)
0.34622768888224416503868716	(53,9)
0.33432022464046272175732869	(53,10)
0.31926079744237913905692812	(53,11)
0.30102564575868191834550192	(53,12)
0.27979081721290902447553408	(53,13)
0.25592959541583098060642455	(53,14)
0.22998692632595451645881111	(53,15)
0.2026341409624947657868034	(53,16)
0.1746109353393599823643921	(53,17)
0.1466636568320817408906657	(53,18)
0.1194889475001323863404221	(53,19)
0.0936898768510340547226905	(53,20)
0.069748583133547506208837	(53,21)
0.0480160869645421814329452	(53,22)
0.0287171711795924442478006	(53,23)
0.0119665073815641682034846	(53,24)
-0.0022083768393626614625439	(53,25)
-0.0138413836888135648512002	(53,26)
-0.023002630591267189779476	(53,27)
-0.029775956526303650328063	(53,28)
-0.03424043010854316748548	(53,29)
-0.036456429908891152686	(53,30)
0.36917724087117905554350536	(54,1)
0.36914997137350422170267966	(54,2)
0.36896611833337071452416622	(54,3)
0.36837452287361573340112684	(54,4)
0.36701772219592812588191268	(54,5)
0.36445644729309034229016068	(54,6)
0.36020365613940064334039991	(54,7)
0.35376763299796845167557505	(54,8)
0.34470193871553647643468682	(54,9)
0.33265785964408454917195419	(54,10)
0.31743304409891242981135804	(54,11)
0.29900895614666222977528339	(54,12)
0.27757025493651943966792499	(54,13)
0.25350148893619273563366547	(54,14)
0.22736026036894159804272267	(54,15)
0.1998303720003167505059071	(54,16)
0.1716622201652259575184214	(54,17)
0.1436097890307237524876788	(54,18)
0.1163735202840411796513777	(54,19)
0.0905562792512619157323272	(54,20)
0.0666363845856097325121326	(54,21)
0.0449582098778998780272493	(54,22)
0.025738050754572729782405	(54,23)
0.0090812493181556910094209	(54,24)
-0.0049939689591048585781727	(54,25)
-0.0165301143212556760871813	(54,26)
-0.025604770352393037695021	(54,27)
-0.032307844952074572020286	(54,28)
-0.03672296609015858876253	(54,29)
-0.038913537431269744118	(54,30)
0.3681177218564700656473641	(55,1)
0.36809016024466080675101718	(55,2)
0.36790433831998737562884409	(55,3)
0.36730641421186567297857901	(55,4)
0.36593513799850939358983683	(55,5)
0.36334668544191796586774615	(55,6)
0.35904919792129205132974152	(55,7)
0.35254656054901135753262229	(55,8)
0.3433891555347598117669268	(55,9)
0.33122712994194952442284897	(55,10)
0.31585970569630709828175605	(55,11)
0.2972729810054674057094072	(55,12)
0.27565918427455829998095334	(55,13)
0.25141271289195964503686516	(55,14)
0.22510218181919721603371652	(55,15)
0.1974221869361347830697066	(55,16)
0.1691323153808256545444614	(55,17)
0.1409930259112400722806501	(55,18)
0.1137078663962210828491024	(55,19)
0.0878793216465547491418264	(55,20)
0.0639822073216618042830998	(55,21)
0.0423549774773741018170161	(55,22)
0.0232064616757817175261802	(55,23)
0.0066338587331645611316856	(55,24)
-0.0073526770372899032399735	(55,25)
-0.0188030877358093986027925	(55,26)
-0.02780137526576247037966	(55,27)
-0.034442645379734137264149	(55,28)
-0.03881441900984769993659	(55,29)
-0.040982676744567479789	(55,30)
0.36723319492701975011781696	(56,1)
0.36720538787369143424376901	(56,2)
0.36701791165495925674172381	(56,3)
0.36641467023163487656620945	(56,4)
0.36503123248581800659714262	(56,5)
0.36241994974702933598780109	(56,6)
0.35808492427341397375079408	(56,7)
0.35152636180883880831767811	(56,8)
0.34229200439592567410834204	(56,9)
0.33003108985678717043242505	(56,10)
0.31454422831896328940919088	(56,11)
0.29582149114738766054813157	(56,12)
0.27406154888841541286996	(56,13)
0.24966714388908228663959006	(56,14)
0.22321618438819210233274186	(56,15)
0.195412331700248810279475	(56,16)
0.1670228425600273588797454	(56,17)
0.1388135172024181423884773	(56,18)
0.111490381770992728573554	(56,19)
0.0856554556443622902457894	(56,20)
0.0617804715281409325905937	(56,21)
0.0401987931091392745118486	(56,22)
0.0211128939450834802101144	(56,23)
0.0046130852248611520825149	(56,24)
-0.0092972711740603857790458	(56,25)
-0.0206743454002106648006025	(56,26)
-0.029607498303632001370744	(56,27)
-0.036196161758457261019456	(56,28)
-0.04053108819026479387748	(56,29)
-0.042680392939632254585	(56,30)
0.36652472573704982117010782	(57,1)
0.36649672100176285023090513	(57,2)
0.36630791239955504326802804	(57,3)
0.3657003884520529364747446	(57,4)
0.36430715642071600979428478	(57,5)
0.36167748937149043540462446	(57,6)
0.35731224165640502356292102	(57,7)
0.35070866684980075636230431	(57,8)
0.34141240090587986418272791	(57,9)
0.32907198120799017232459893	(57,10)
0.31348917971155592193538471	(57,11)
0.29465732032704835821876618	(57,12)
0.27278031633968574840887402	(57,13)
0.24826767672041235838883976	(57,14)
0.22170482021766032188007498	(57,15)
0.1938027062208293826927615	(57,16)
0.1653347324576102806917615	(57,17)
0.1370709348786727348573321	(57,18)
0.1097192479105329103486756	(57,19)
0.0838812196235183649004522	(57,20)
0.060026007933723293227068	(57,21)
0.0384828007867819206592169	(57,22)
0.0194488994321716352856931	(57,23)
0.0030090395172523801586092	(57,24)
-0.0108388930879275807444511	(57,25)
-0.0221560721474855324594665	(57,26)
-0.031036150851318694572991	(57,27)
-0.037582017021331416339879	(57,28)
-0.04188699889482017292009	(57,29)
-0.044020910551546167058	(57,30)
0.36599296845220504940815059	(58,1)
0.36596481467513077696035997	(58,2)
0.36577500153043610576159155	(58,3)
0.36516424885275906162597151	(58,4)
0.36376363290648124470213224	(58,5)
0.3611201070831629558746024	(58,6)
0.35673208009137116035226861	(58,7)
0.35009458636734423216941866	(58,8)
0.34075168599288855971307474	(58,9)
0.32835140705991918243985996	(58,10)
0.31269642325241620710099787	(58,11)
0.29378254159498832280076752	(58,12)
0.27181765984243761230072304	(58,13)
0.24721641510973513657553876	(58,14)
0.22056990326542708043703903	(58,15)
0.192594583510334824552328	(58,16)
0.1640684616423256237822186	(58,17)
0.1357647275426388560661486	(58,18)
0.1083927024515648150274711	(58,19)
0.0825535223585293592714196	(58,20)
0.0587143502814509094757946	(58,21)
0.037201181845142107900993	(58,22)
0.0182073882265115626925483	(58,23)
0.0018134857462100473108784	(58,24)
-0.011986770572391937816925	(58,25)
-0.0232583187879686703599648	(58,26)
-0.032098033618631730298573	(58,27)
-0.038611391302785192967187	(58,28)
-0.04289364594466590354496	(58,29)
-0.045015880037446955223	(58,30)
0.3656383017123086340554495	(59,1)
0.36561004820058783295094324	(59,2)
0.36541956284597384821218243	(59,3)
0.36480664962374430204250101	(59,4)
0.36340109278706436074887757	(59,5)
0.36074829403008441821766525	(59,6)
0.35634502699786933803011453	(59,7)
0.34968484433310610164944257	(59,8)
0.34031075735569276129120081	(59,9)
0.3278704623804068413806993	(59,10)
0.3121672488625371812280182	(59,11)
0.29319860023719141805491819	(59,12)
0.27117509570463016799962499	(59,13)
0.2465148165672707786568222	(59,14)
0.21981266449166646135700945	(59,15)
0.1917887775673194066789816	(59,16)
0.1632242344638476816280128	(59,17)
0.1348943164367872505605215	(59,18)
0.1075092477547056853370845	(59,19)
0.0816698614709674574055175	(59,20)
0.057841960091625444868985	(59,21)
0.0363493821547669684163686	(59,22)
0.0173828546571476423426271	(59,23)
0.0010200632817553622068768	(59,24)
-0.0127480019464288562422568	(59,25)
-0.0239887938529152852605922	(59,26)
-0.032801335653989901301006	(59,27)
-0.039292827275635548273606	(59,28)
-0.04355980369474095572045	(59,29)
-0.0456741902007266068	(59,30)
0.3654609259181344925837992	(60,1)
0.3654326224266773372549351	(60,2)
0.36524180021009356510310885	(60,3)
0.36462780429019674620706151	(60,4)
0.36321977150619257309446109	(60,5)
0.36056232612500823347722827	(60,6)
0.35615142286783963067392873	(60,7)
0.34947987277381743086899776	(60,8)
0.34009016334005004612526154	(60,9)
0.32762982734077480163894561	(60,10)
0.31190246653540169541557704	(60,11)
0.2929064089025903434557144	(60,12)
0.2708535819395716289174385	(60,13)
0.24616379669021566954829815	(60,14)
0.21943386403204339497147788	(60,15)
0.1913857651715212784071358	(60,16)
0.1628021154043561216052747	(60,17)
0.134459238226328693710895	(60,18)
0.1070678028911166151821001	(60,19)
0.0812284824573196900355196	(60,20)
0.0574063899624068896067459	(60,21)
0.0359242767287394629465382	(60,22)
0.0169715404399945383986073	(60,23)
0.0006244461722210376261887	(60,24)
-0.0131274018278428084464348	(60,25)
-0.0243527152840840186767606	(60,26)
-0.033151591851435345786746	(60,27)
-0.039632092675387514257004	(60,28)
-0.04389139222046139951682	(60,29)
-0.046001836305110054578	(60,30)