d^2_(sigma,mu)
-0.000013656528256	(1,1)
-0.00012268434129	(1,2)
-0.0003395467998	(1,3)
-0.0006618751498	(1,4)
-0.0010861593779	(1,5)
-0.0016077976906	(1,6)
-0.002221158956	(1,7)
-0.00291965553	(1,8)
-0.003695823732	(1,9)
-0.004541409379	(1,10)
-0.005447456082	(1,11)
-0.006404394607	(1,12)
-0.007402132235	(1,13)
-0.008430141795	(1,14)
-0.009477550774	(1,15)
-0.010533231479	(1,16)
-0.011585893675	(1,17)
-0.01262418132	(1,18)
-0.01363677499	(1,19)
-0.01461250112	(1,20)
-0.01554044892	(1,21)
-0.0164100946	(1,22)
-0.017211432	(1,23)
-0.01793510753	(1,24)
-0.01857255641	(1,25)
-0.01911613646	(1,26)
-0.019559255	(1,27)
-0.019896484	(1,28)
-0.0201236594	(1,29)
-0.02023796	(1,30)
-0.000121116313074423	(2,1)
-0.00108805654835025	(2,2)
-0.00301135499067272	(2,3)
-0.00587000309744608	(2,4)
-0.00963286948378306	(2,5)
-0.0142591377584093	(2,6)
-0.0196988592478206	(2,7)
-0.0258935979061513	(2,8)
-0.0327771434367409	(2,9)
-0.0402762696112971	(2,10)
-0.0483115178085906	(2,11)
-0.0567979905384815	(2,12)
-0.0656461456265711	(2,13)
-0.0747625881489141	(2,14)
-0.0840508634104591	(2,15)
-0.093412259555773	(2,16)
-0.102746632168292	(2,17)
-0.111953264977365	(2,18)
-0.120931780260572	(2,19)
-0.129583109631315	(2,20)
-0.137810530800202	(2,21)
-0.145520768981886	(2,22)
-0.152625153474808	(2,23)
-0.159040811310707	(2,24)
-0.164691871582221	(2,25)
-0.16951064694986	(2,26)
-0.1734387536706	(2,27)
-0.17642812889367	(2,28)
-0.1784419043287	(2,29)
-0.179455098833	(2,30)
-0.00032697422583495573	(3,1)
-0.0029373949190333111	(3,2)
-0.0081296675588628823	(3,3)
-0.0158470720177017428	(3,4)
-0.026005552040108665	(3,5)
-0.038494891317804642	(3,6)
-0.053180199311435137	(3,7)
-0.069903646626286359	(3,8)
-0.088486386320772777	(3,9)
-0.108730599992547836	(3,10)
-0.13042161544212232	(3,11)
-0.15333005518837017	(3,12)
-0.17721399067252789	(3,13)
-0.20182109388858581	(3,14)
-0.22689079452553189	(3,15)
-0.25215646464724355	(3,16)
-0.27734766283254196	(3,17)
-0.3021924742895368	(3,18)
-0.3264199819839942	(3,19)
-0.34976289610461538	(3,20)
-0.37196035567150009	(3,21)
-0.39276089782006753	(3,22)
-0.41192556882821287	(3,23)
-0.4292311282625265	(3,24)
-0.4444732758854938	(3,25)
-0.4574698123924241	(3,26)
-0.4680636316365693	(3,27)
-0.4761254353475759	(3,28)
-0.481556062464407	(3,29)
-0.48428833440078	(3,30)
-0.000615272378644287762	(4,1)
-0.0055273406041561012	(4,2)
-0.01529771633632782368	(4,3)
-0.02981965534541559745	(4,4)
-0.0489349489097744751	(4,5)
-0.0724361172569977637	(4,6)
-0.1000691844992786555	(4,7)
-0.1315369254215813309	(4,8)
-0.16650246804529174	(4,9)
-0.2045931401159558413	(4,10)
-0.2454044618330353744	(4,11)
-0.2885042095092153571	(4,12)
-0.3334365028291717776	(4,13)
-0.3797258988022540832	(4,14)
-0.426881504931262948	(4,15)
-0.474401149180232956	(4,16)
-0.521775662045497558	(4,17)
-0.568493334134363	(4,18)
-0.614044609774912146	(4,19)
-0.657927063033669593	(4,20)
-0.699650677952128985	(4,21)
-0.738743421762998078	(4,22)
-0.774757061186264049	(4,23)
-0.807273131202781581	(4,24)
-0.83590892690052956	(4,25)
-0.86032335602627794	(4,26)
-0.88022246630327694	(4,27)
-0.89536445018999398	(4,28)
-0.905563932300326	(4,29)
-0.910695361676894	(4,30)
-0.0009665812497947220335	(5,1)
-0.008683347028857523078	(5,2)
-0.024032415280427365286	(5,3)
-0.046846059811217869859	(5,4)
-0.07687563993714086795	(5,5)
-0.11379499693878903581	(5,6)
-0.15720476061552244666	(5,7)
-0.20663740284531811418	(5,8)
-0.26156286498949101011	(5,9)
-0.32139459157399480082	(5,10)
-0.38549582291229226806	(5,11)
-0.45318603167434542543	(5,12)
-0.5237474290582379969	(5,13)
-0.5964315105123776163	(5,14)
-0.6704656538022071834	(5,15)
-0.7450598186267513581	(5,16)
-0.8194134225740242619	(5,17)
-0.8927224796095584962	(5,18)
-0.9641870825621070736	(5,19)
-1.0330192898654262646	(5,20)
-1.0984514404861830181	(5,21)
-1.1597448724694664763	(5,22)
-1.2161989641759979045	(5,23)
-1.267160358350653112	(5,24)
-1.312032173409798821	(5,25)
-1.350282959448353655	(5,26)
-1.381455123493616659	(5,27)
-1.405172533376133108	(5,28)
-1.42114701460966648	(5,29)
-1.429183480440614	(5,30)
-0.00136133223013522254648	(6,1)
-0.0122296180262400553616	(6,2)
-0.0338472182290921030615	(6,3)
-0.065977836754124090027	(6,4)
-0.108271079118664528622	(6,5)
-0.160267130355450892919	(6,6)
-0.221402707428395590412	(6,7)
-0.291018076060327189802	(6,8)
-0.36836490780342343326	(6,9)
-0.45261475881832115425	(6,10)
-0.54286797596630195583	(6,11)
-0.63816287532518446679	(6,12)
-0.73748508835544712692	(6,13)
-0.83977702575949209344	(6,14)
-0.94394746213093287337	(6,15)
-1.04888128942944497093	(6,16)
-1.15344951856034951252	(6,17)
-1.25651962167455665094	(6,18)
-1.35696630085236325652	(6,19)
-1.45368274132515797942	(6,20)
-1.5455923612349160956	(6,21)
-1.6316610090712032739	(6,22)
-1.7109094899585209642	(6,23)
-1.782426229613263395	(6,24)
-1.845379817232315621	(6,25)
-1.8990311127540681504	(6,26)
-1.9427445658637089984	(6,27)
-1.975998378307933217	(6,28)
-1.99839315011400641	(6,29)
-2.0096586845760452	(6,30)
-0.00178189109738437365215	(7,1)
-0.0160077350207551905411	(7,2)
-0.0443036721085240115463	(7,3)
-0.0863602727763365477499	(7,4)
-0.1417184975204574703384	(7,5)
-0.209775619463272201188	(7,6)
-0.289792801378784639154	(7,7)
-0.380904089496196964129	(7,8)
-0.482126568161969957433	(7,9)
-0.592371422555545777786	(7,10)
-0.710455679929209211941	(7,11)
-0.835114439994095099411	(7,12)
-0.96501345699553218776	(7,13)
-1.098761993279937177054	(7,14)
-1.234925919657913407539	(7,15)
-1.37204108461926436487	(7,16)
-1.50862700633799140333	(7,17)
-1.64320095388073833662	(7,18)
-1.77429247467926754243	(7,19)
-1.90045839414666013163	(7,20)
-2.02029826276009677412	(7,21)
-2.13247016065476196253	(7,22)
-2.23570669613329111887	(7,23)
-2.32883095987766491816	(7,24)
-2.41077212868804035404	(7,25)
-2.4805803583690367296	(7,26)
-2.5374405708242261403	(7,27)
-2.5806847296424830722	(7,28)
-2.609802213527741045	(7,29)
-2.6244479377066512	(7,30)
-0.00221284254898510785816	(8,1)
-0.01987921315617110611248	(8,2)
-0.05501849153753303205058	(8,3)
-0.1072461811244197373926	(8,4)
-0.1759915388932726209649	(8,5)
-0.2605045845778923660439	(8,6)
-0.3598651408944322831675	(8,7)
-0.472993674016409831299	(8,8)
-0.5986636813127115698524	(8,9)
-0.735515369869284968003	(8,10)
-0.882070383785307406675	(8,11)
-1.036747367993645641481	(8,12)
-1.19787819701558386406	(8,13)
-1.363724742930252577184	(8,14)
-1.532496101535458972273	(8,15)
-1.702366232866783517861	(8,16)
-1.871491996435223941429	(8,17)
-2.038031568809084147355	(8,18)
-2.200163219666847167938	(8,19)
-2.356104392707014990842	(8,20)
-2.504130992645964414551	(8,21)
-2.64259672373325910995	(8,22)
-2.76995226485662549326	(8,23)
-2.88476400804496248564	(8,24)
-2.98573203742249145985	(8,25)
-3.07170698990278417386	(8,26)
-3.14170542117279565774	(8,27)
-3.1949233031097413394	(8,28)
-3.2307473022252346201	(8,29)
-3.24876353193471668	(8,30)
-0.002639708627671383717902	(9,1)
-0.02371398822571809860131	(9,2)
-0.06563169548185508290005	(9,3)
-0.1279337955212027491659	(9,4)
-0.2099383591982354107996	(9,5)
-0.3107483752643691701133	(9,6)
-0.4292619480382199839605	(9,7)
-0.5641847078801836381535	(9,8)
-0.7140442359582640474203	(9,9)
-0.8772062889102177724276	(9,10)
-1.0518926031826392432208	(9,11)
-1.2362000620896607975013	(9,12)
-1.428121018887428347049	(9,13)
-1.6255645833524257786838	(9,14)
-1.8263786938451822846	(9,15)
-2.028372807957802438237	(9,16)
-2.229341049486037602435	(9,17)
-2.427085645692556622458	(9,18)
-2.619440476255102329196	(9,19)
-2.804294535226525380099	(9,20)
-2.979615082576425051108	(9,21)
-3.14347023625666151573	(9,22)
-3.294050733397263668901	(9,23)
-3.429690573971434767325	(9,24)
-3.54888625483550673524	(9,25)
-3.65031430781932668104	(9,26)
-3.7328468723961576252	(9,27)
-3.79556506000830249446	(9,28)
-3.8377699011442951797	(9,29)
-3.85899070525128017	(9,30)
-0.003046906592014769611655	(10,1)
-0.027372071144035687161434	(10,2)
-0.07575583481304869084795	(10,3)
-0.14766780926259869427192	(10,4)
-0.2423192635169167704257	(10,5)
-0.35867132922256037077388	(10,6)
-0.49544590456208198367641	(10,7)
-0.6511392095480405652807	(10,8)
-0.8240379167611535680619	(10,9)
-1.0122377459011779856961	(10,10)
-1.2136643694022883199946	(10,11)
-1.4260964319631872443092	(10,12)
-1.6471904414379936507949	(10,13)
-1.8745072442711034157151	(10,14)
-2.1055397574305754754253	(10,15)
-2.3377415923062943352795	(10,16)
-2.5685561759924584839247	(10,17)
-2.7954459536550102692294	(10,18)
-3.015921244439010511238	(10,19)
-3.227568324868990499936	(10,20)
-3.428076329960961874654	(10,21)
-3.615262594525120163764	(10,22)
-3.787096105226841043869	(10,23)
-3.941718795863135610715	(10,24)
-4.077464489944916562112	(10,25)
-4.192875370201713007701	(10,26)
-4.2867159270578222452	(10,27)
-4.35798440032702586783	(10,28)
-4.4059217741742136125	(10,29)
-4.43001841066751294	(10,30)
-0.00341601730837736081299	(11,1)
-0.030687992043407964645787	(11,2)
-0.08493294119984469976811	(11,3)
-0.16555546945028375316343	(11,4)
-0.27166906410211248015621	(11,5)
-0.40210416736827507893299	(11,6)
-0.55541919859885064853547	(11,7)
-0.72991468513281461276353	(11,8)
-0.9236506300215367906336	(11,9)
-1.13446718069467042672933	(11,10)
-1.3600085684045976120083	(11,11)
-1.5977501708802468362355	(11,12)
-1.845028419218572183051	(11,13)
-2.0990731351372515089304	(11,14)
-2.3570417572023016171758	(11,15)
-2.6160548050454988742926	(11,16)
-2.8732318483972851643609	(11,17)
-3.1257272009204495257601	(11,18)
-3.3707645531962348111439	(11,19)
-3.6056697980104966937546	(11,20)
-3.8279013843278432112237	(11,21)
-4.0350776603336403952827	(11,22)
-4.225000823000280538906	(11,23)
-4.395677270296161161448	(11,24)
-4.545334337759290221108	(11,25)
-4.672433577178653677487	(11,26)
-4.775680884908687423889	(11,27)
-4.85403389609809783729	(11,28)
-4.9067071178765336017	(11,29)
-4.933175273738004853	(11,30)
-0.0037253430747751120592472	(12,1)
-0.03346682808199279356679	(12,2)
-0.092623535864749407265696	(12,3)
-0.180545166787679082366482	(12,4)
-0.29626200174717926786147	(12,5)
-0.43849222603916460692683	(12,6)
-0.60565237177827353908577	(12,7)
-0.79587133060366021062254	(12,8)
-1.00700835774445655474303	(12,9)
-1.2366753867172564425467	(12,10)
-1.48226380738639473829617	(12,11)
-1.74097564218163625603577	(12,12)
-2.00985880476026984356075	(12,13)
-2.2858458647181703277075	(12,14)
-2.5657954949710466058582	(12,15)
-2.8465355684059833114545	(12,16)
-3.1249067180548543645722	(12,17)
-3.3978050968029311236354	(12,18)
-3.6622230792274197308318	(12,19)
-3.9152867433985799694164	(12,20)
-4.1542891505865097709399	(12,21)
-4.376718694172325280487	(12,22)
-4.5802820966458919880563	(12,23)
-4.7629219702216642708026	(12,24)
-4.922829193073039547554	(12,25)
-5.058450658894040454902	(12,26)
-5.168493203698251553401	(12,27)
-5.25192467673037719955	(12,28)
-5.30797318614903717828	(12,29)
-5.336125508521793347	(12,30)
-0.0039513031446798203242841	(13,1)
-0.035496740331035987157076	(13,2)
-0.098241329209610298562165	(13,3)
-0.191494087527591998579237	(13,4)
-0.314222811342266059319762	(13,5)
-0.465059993017010053408115	(13,6)
-0.64231192469360020068002	(13,7)
-0.84397181613995895283128	(13,8)
-1.0677377267916987014748	(13,9)
-1.3110359639205061576718	(13,10)
-1.5710503416481056317983	(13,11)
-1.84475735037364144133852	(13,12)
-2.12896688427802324452247	(13,13)
-2.42036775382222217128989	(13,14)
-2.71557681153956334441676	(13,15)
-3.01119018305281669973214	(13,16)
-3.30383485656783121346182	(13,17)
-3.5902187704448164305404	(13,18)
-3.8671775662830289425647	(13,19)
-4.1317163479497805910567	(13,20)
-4.3810450952072292091706	(13,21)
-4.6126068009018490876852	(13,22)
-4.8240978984507503394478	(13,23)
-5.0134810784412189525738	(13,24)
-5.1789911119306770119677	(13,25)
-5.319134756091770892222	(13,26)
-5.432686172848938942231	(13,27)
-5.518679510193648991047	(13,28)
-5.57640035885096025925	(13,29)
-5.605377698589214667	(13,30)
-0.0040715362603610255437653	(14,1)
-0.0365768456346527536203282	(14,2)
-0.101230361045117798866458	(14,3)
-0.197318587127920464359426	(14,4)
-0.323773508885667918565275	(14,5)
-0.479176468965886347585399	(14,6)
-0.661765181928481746592943	(14,7)
-0.86944516104960693446825	(14,8)
-1.09980680778538818223716	(14,9)
-1.35014921355257530926837	(14,10)
-1.61751136065406383147446	(14,11)
-1.89871091462889837164496	(14,12)
-2.19039021988949994040058	(14,13)
-2.48906850088945766284192	(14,14)
-2.79119869411100110517936	(14,15)
-3.09322685265865495758817	(14,16)
-3.39165172857875320090377	(14,17)
-3.68308198846313107608283	(14,18)
-3.9642885780927682129913	(14,19)
-4.2322500240816601384259	(14,20)
-4.484188925813521968304	(14,21)
-4.7175985109178028498866	(14,22)
-4.9302588476144252650065	(14,23)
-5.1202430624268936299783	(14,24)
-5.2859146330684586153913	(14,25)
-5.4259174479391353493899	(14,26)
-5.539160789584244668795	(14,27)
-5.624801668741735822668	(14,28)
-5.68222698601177317707	(14,29)
-5.71103782761605037	(14,30)
-0.0040688596482528832478821	(15,1)
-0.0365527824645625416737124	(15,2)
-0.1011634334058639344489216	(15,3)
-0.197186058865328670144645	(15,4)
-0.32354823366345857730564	(15,5)
-0.478821157537692095337538	(15,6)
-0.661223919362752229595309	(15,7)
-0.868632495039083429682365	(15,8)
-1.098595225362453947448005	(15,9)
-1.34835626380929060712881	(15,10)
-1.61488800670561354274006	(15,11)
-1.89493286019490114168522	(15,12)
-2.18505392185048173009888	(15,13)
-2.48169333752314934387226	(15,14)
-2.78123632179950754549649	(15,15)
-3.08007818773196528186232	(15,16)
-3.3746912920612168475278	(15,17)
-3.66168862051681783083504	(15,18)
-3.93788084263995195599148	(15,19)
-4.20032405602422521523907	(15,20)
-4.44635608508019304586552	(15,21)
-4.673620041796539331254	(15,22)
-4.8800748174438803419682	(15,23)
-5.0639931648877908757546	(15,24)
-5.2239489592991295018733	(15,25)
-5.358796006417060009076	(15,26)
-5.4676413339633958818689	(15,27)
-5.549816207083252092542	(15,28)
-5.60484813155671693348	(15,29)
-5.6324368529623729827	(15,30)
-0.0039347808217205603364837	(16,1)
-0.0353482593047303441188094	(16,2)
-0.0978294228401958118038571	(16,3)
-0.19068511533505367290235	(16,4)
-0.312872463497231380504145	(16,5)
-0.462997212811478071924204	(16,6)
-0.639314746182478821059888	(16,7)
-0.839736051271544985093738	(16,8)
-1.061840890726739811687188	(16,9)
-1.302900117875108874142927	(16,10)
-1.559908487081223142877563	(16,11)
-1.829628483103641873387446	(16,12)
-2.10864471620466672121424	(16,13)
-2.39342739968476282306381	(16,14)
-2.68040245517757932917513	(16,15)
-2.96602498833235069944001	(16,16)
-3.2468523388845682679889	(16,17)
-3.51961270372901963804414	(16,18)
-3.78126549333350744796153	(16,19)
-4.02905010456369380111089	(16,20)
-4.26052063103508278547229	(16,21)
-4.47356510564271488489978	(16,22)
-4.66640907472481505712813	(16,23)
-4.8376045233129605206537	(16,24)
-4.9860062915957532691546	(16,25)
-5.1107390435013293876851	(16,26)
-5.2111584922010075216783	(16,27)
-5.286810906824558613997	(16,28)
-5.33739490347743635734	(16,29)
-5.3627291748970521649	(16,30)
-0.0036713333103621616761683	(17,1)
-0.0329815458701042457562262	(17,2)
-0.091278918920088254485055	(17,3)
-0.177914530159741889568511	(17,4)
-0.291908891984419006801796	(17,5)
-0.431947153641166678696086	(17,6)
-0.596376600395613075634404	(17,7)
-0.783209187666782382279416	(17,8)
-0.990131845699777194337395	(17,9)
-1.214526928400853292437926	(17,10)
-1.453504478027290944902766	(17,11)
-1.703946994529678035886905	(17,12)
-1.962566229368990155457358	(17,13)
-2.225970290881374129403773	(17,14)
-2.49073818861280865864322	(17,15)
-2.75349799295337393865897	(17,16)
-3.01100416088527868118839	(17,17)
-3.26020936175785550613505	(17,18)
-3.4983263662461342480714	(17,19)
-3.72287622354100683251309	(17,20)
-3.93171998335631470038784	(17,21)
-4.12307251638251293564162	(17,22)
-4.29549841791078466026417	(17,23)
-4.44789140265279963258522	(17,24)
-4.5794398793113639445524	(17,25)
-4.6895824179818382807447	(17,26)
-4.7779575109528490118204	(17,27)
-4.844352334096451273425	(17,28)
-4.888655134786042167209	(17,29)
-4.910815428321108074	(17,30)
-0.0032906246711372187554715	(18,1)
-0.0295614124643315471732799	(18,2)
-0.0818129826523184169854063	(18,3)
-0.1594613049808391226946097	(18,4)
-0.2616213606928334662203494	(18,5)
-0.387099263630077856771403	(18,6)
-0.534386215442052062270681	(18,7)
-0.701657439670719978822818	(18,8)
-0.886779247642533544255252	(18,9)
-1.087326985814859817634223	(18,10)
-1.300615819423359688741545	(18,11)
-1.523745187127888887327719	(18,12)
-1.753656424981109222107968	(18,13)
-1.987201648087462746962031	(18,14)
-2.221220655642753096476805	(18,15)
-2.452621549136805066341047	(18,16)
-2.678460061306327975981952	(18,17)
-2.89601237999808979010337	(18,18)
-3.10283655554422683999383	(18,19)
-3.29681837958280345427896	(18,20)
-3.47619883550508000221362	(18,21)
-3.63958171672534742702132	(18,22)
-3.7859216308066129449224	(18,23)
-3.91449418999788945992449	(18,24)
-4.0248515806045298849926	(18,25)
-4.1167677842195314415224	(18,26)
-4.1901784138597587035675	(18,27)
-4.2451203926651763759543	(18,28)
-4.281676548369397585882	(18,29)
-4.2999296626242888656	(18,30)
-0.00281234747303694789163015	(19,1)
-0.0252647696301668104087094	(19,2)
-0.0699212588468884974028754	(19,3)
-0.1362800193148636485653472	(19,4)
-0.223576818422059694021773	(19,5)
-0.3307742998292315241071117	(19,6)
-0.4565526185183375684564136	(19,7)
-0.599304851776596203661209	(19,8)
-0.757140659248659992313825	(19,9)
-0.927901232966306631916638	(19,10)
-1.109187713677006572478511	(19,11)
-1.298404023895683865132001	(19,12)
-1.49281360135370196524616	(19,13)
-1.689607968654818397286425	(19,14)
-1.885983627499845909448603	(19,15)
-2.079222599068564549241713	(19,16)
-2.266771199791494251680029	(19,17)
-2.446311447988308023560123	(19,18)
-2.615819879895856682650952	(19,19)
-2.77360947926506671712803	(19,20)
-2.91835179144750786254552	(19,21)
-3.04907794751345463911113	(19,22)
-3.16515908473998442815583	(19,23)
-3.26626833277980422253227	(19,24)
-3.3523279780021579594621	(19,25)
-3.4234465002602190929525	(19,26)
-3.47985082514166751578	(19,27)
-3.5218193297967124835359	(19,28)
-3.549620904619584222212	(19,29)
-3.5634647610934022911	(19,30)
-0.00226017519741190050893356	(20,1)
-0.02030429044080820985298347	(20,2)
-0.0561923654062909062560048	(20,3)
-0.1095181490193527507253214	(20,4)
-0.1796586467963902939291835	(20,5)
-0.2657610949938972494223969	(20,6)
-0.3667307242787349924750443	(20,7)
-0.4812229521147813507979757	(20,8)
-0.60764367296785935070937	(20,9)
-0.744160869339262269167824	(20,10)
-0.888729861420625627999136	(20,11)
-1.039133222063791447742924	(20,12)
-1.193034834732181420180928	(20,13)
-1.348045937398409357093344	(20,14)
-1.501799472240038974355231	(20,15)
-1.652027845581403020363145	(20,16)
-1.796638460857053780314531	(20,17)
-1.933781228973706020541044	(20,18)
-2.061902719997966409125642	(20,19)
-2.179782651100448044851513	(20,20)
-2.28654988784669042024843	(20,21)
-2.38167689480203699055277	(20,22)
-2.46495340629878007830795	(20,23)
-2.53644180247823321852882	(20,24)
-2.59641810376400694790572	(20,25)
-2.64530352291449711695734	(20,26)
-2.6835920797334322772023	(20,27)
-2.7117798865619307836159	(20,28)
-2.730301394137687879048	(20,29)
-2.7394772169807361287	(20,30)
-0.00165815664335185572603546	(21,1)
-0.01489601942580767611373828	(21,2)
-0.0412242468284758307614671	(21,3)
-0.080341322560767239014739	(21,4)
-0.1317799122883953657024277	(21,5)
-0.1948921308426867968834117	(21,6)
-0.2688350728391946351667129	(21,7)
-0.3525602868756922251413705	(21,8)
-0.4448109130894240468611411	(21,9)
-0.5441297609465513771222994	(21,10)
-0.648880692320026300579878	(21,11)
-0.757284366629332900111118	(21,12)
-0.86746783089268081281207	(21,13)
-0.977525776907648192543334	(21,14)
-1.085589746933065394567206	(21,15)
-1.18990035367195541145006	(21,16)
-1.288876862528681404251892	(21,17)
-1.381178374454567371664595	(21,18)
-1.465751374822444986914695	(21,19)
-1.541859518744789048446022	(21,20)
-1.609093069459301526711976	(21,21)
-1.667357203075549245400497	(21,22)
-1.71684022719532818865351	(21,23)
-1.75796443128908194492361	(21,24)
-1.7913236317854142090655	(21,25)
-1.81761239124799070611008	(21,26)
-1.83755233901096277542129	(21,27)
-1.8518210176869034634276	(21,28)
-1.86098828568846558078	(21,29)
-1.8654646029839375526	(21,30)
-0.00102795156381966805827729	(22,1)
-0.00923453878541082187745314	(22,2)
-0.02555544426604171208724145	(22,3)
-0.0497993538489832449515127	(22,4)
-0.0816635495452993153284948	(22,5)
-0.1207182307008961152755613	(22,6)
-0.1663906011514108400012897	(22,7)
-0.2179522837609980801186348	(22,8)
-0.2745136712188786577001159	(22,9)
-0.3350284007812220872189848	(22,10)
-0.398310260295263345182925	(22,11)
-0.463063561814421077955579	(22,12)
-0.527926485765666661333604	(22,13)
-0.591525281482903102773413	(22,14)
-0.652535716625528627859027	(22,15)
-0.709747005265838691041439	(22,16)
-0.76212278408174972574199	(22,17)
-0.808853654397982288757445	(22,18)
-0.849396385192969241072774	(22,19)
-0.883496008453815169270807	(22,20)
-0.911188584999692884548609	(22,21)
-0.932784176240317117212932	(22,22)
-0.948831309097845816446244	(22,23)
-0.96006577054662360147649	(22,24)
-0.96734776575933717769533	(22,25)
-0.97159223468775919248389	(22,26)
-0.97369742753643223134993	(22,27)
-0.9744767278387201739091	(22,28)
-0.974598258354554542776	(22,29)
-0.9745361015764161245	(22,30)
-0.00038726128411862650618617	(23,1)
-0.00347886981469582616323882	(23,2)
-0.00962607694673700822074144	(23,3)
-0.01875019177601873186924962	(23,4)
-0.0307175904140543107559552	(23,5)
-0.0453239512690545710603426	(23,6)
-0.0622778047586477212961258	(23,7)
-0.0811866679879663444420675	(23,8)
-0.1015490875915402968149351	(23,9)
-0.1227555342113563537369694	(23,10)
-0.1441002849116260777563719	(23,11)
-0.1648052565075669241590011	(23,12)
-0.1840553331464915263093305	(23,13)
-0.201043235210773038178958	(23,14)
-0.215020602673801685556918	(23,15)
-0.225350912463638037374397	(23,16)
-0.23155927895303445391442	(23,17)
-0.233374196066495343161573	(23,18)
-0.230756879468989104718677	(23,19)
-0.223914979473871724931727	(23,20)
-0.213298906505117200744564	(23,21)
-0.199580642141595738994942	(23,22)
-0.183616491579998777058752	(23,23)
-0.166396585639244365212141	(23,24)
-0.14898493328015456379275	(23,25)
-0.13245439683373085889152	(23,26)
-0.11782111508717915604236	(23,27)
-0.1059826895810904132038	(23,28)
-0.0976639636685607923756	(23,29)
-0.09337355729778704016	(23,30)
0.00025063024311756835551996	(24,1)
0.00225165000500418516690767	(24,2)
0.00623356755384367171304983	(24,3)
0.01216231422838035388229291	(24,4)
0.0200012993240542615863983	(24,5)
0.0297263246290334096295107	(24,6)
0.0413415781820960948444808	(24,7)
0.0548939103383208025834997	(24,8)
0.0704825409683891820404909	(24,9)
0.0882616640293122634416368	(24,10)
0.1084341043624139532880105	(24,11)
0.1312351905585457838786039	(24,12)
0.156907232607689566565917	(24,13)
0.185666282934604136642178	(24,14)
0.2176640359183751474627292	(24,15)
0.252948606657668840057446	(24,16)
0.291428380639265275073378	(24,17)
0.332843060709234276019869	(24,18)
0.376745455427488175234893	(24,19)
0.422496534729466034246752	(24,20)
0.469274972591477968307829	(24,21)
0.516100987299780292352271	(24,22)
0.561872965191033600246324	(24,23)
0.605414269489512488297396	(24,24)
0.645526893590646820553803	(24,25)
0.68104825492222841823072	(24,26)
0.71090741847277519248184	(24,27)
0.73417732087791759197198	(24,28)
0.7501200463497330812283	(24,29)
0.75822279355696280949	(24,30)
0.00087653240986676904549787	(25,1)
0.00787445604467714048000917	(25,2)
0.02179497617615930222908394	(25,3)
0.04249270457406051127342069	(25,4)
0.06976202512806604832155694	(25,5)
0.1033501635232594017736426	(25,6)
0.1429716644096155386739173	(25,7)
0.1883221455640942900145015	(25,8)
0.2390891472751527126451328	(25,9)
0.2949581282660507778172579	(25,10)
0.3556121801970979769546209	(25,11)
0.4207248040220254238095101	(25,12)
0.4899460318680913739505839	(25,13)
0.562883167379975665168863	(25,14)
0.6390783120577150126049972	(25,15)
0.7179855024146529968503832	(25,16)
0.7989505889724861484403791	(25,17)
0.881196882809404972995429	(25,18)
0.963819086166646446404603	(25,19)
1.04578718604314954194956	(25,20)
1.125960952196685137630546	(25,21)
1.203114598442237477749273	(25,22)
1.275970189125625956486829	(25,23)
1.343237619648989791706654	(25,24)
1.403658539238012195465228	(25,25)
1.45605142835734940331206	(25,26)
1.49935515587702318631513	(25,27)
1.53266865245725653172486	(25,28)
1.5552847631876124152077	(25,29)
1.56671680616736361201	(25,30)
0.00148461410067328385590133	(26,1)
0.01333716390468215559207983	(26,2)
0.03691316407630178363723331	(26,3)
0.0719583405790378866288295	(26,4)
0.11810068784798773735278987	(26,5)
0.1748606529867067901132236	(26,6)
0.24166298663675462698721	(26,7)
0.3178489991799092362335038	(26,8)
0.402687918334248254031269	(26,9)
0.4953861696792882253463146	(26,10)
0.5950937006982916065104061	(26,11)
0.7009069213929860512378121	(26,12)
0.8118683910336706851131494	(26,13)
0.9269639654741042647539184	(26,14)
1.0451186410923452080116301	(26,15)
1.1651926989592694774665875	(26,16)
1.2859798954653468393758143	(26,17)
1.4062093294249127977059207	(26,18)
1.524552252999007214214919	(26,19)
1.639634542115048161468403	(26,20)
1.750054892106943006176027	(26,21)
1.854408160438532521108171	(26,22)
1.951312736801640232169245	(26,23)
2.039440451019019481484573	(26,24)
2.117547362707074242967331	(26,25)
2.1845038059470178651318	(26,26)
2.23932224740790558397709	(26,27)
2.28118179813579921204132	(26,28)
2.3094485336519427475611	(26,29)
2.32369106906146536019	(26,30)
0.00207155748266502410849306	(27,1)
0.01860996743120177002256515	(27,2)
0.0515056350436303867847681	(27,3)
0.10039839232036855774186051	(27,4)
0.16475328177397731724481253	(27,5)
0.2438667783182776997579959	(27,6)
0.3368748671903451864309124	(27,7)
0.4427627985014716975075467	(27,8)
0.5603763119534682740461359	(27,9)
0.6884341184067185035978701	(27,10)
0.8255414436201017133865544	(27,11)
0.9702044836357153317684579	(27,12)
1.1208456837277486293998805	(27,13)
1.2758198191007770294587452	(27,14)
1.4334309064359286588172021	(27,15)
1.591949991820645199474754	(27,16)
1.7496338292084001589485516	(27,17)
1.9047443816802462700466579	(27,18)
2.055568955829672786878103	(27,19)
2.200440639830403877587302	(27,20)
2.33775858758234057309877	(27,21)
2.466007604346998756145469	(27,22)
2.583776465974610458536493	(27,23)
2.689774454054640928606717	(27,24)
2.782845707920559088640792	(27,25)
2.861981162377826493773678	(27,26)
2.92632802861483756461525	(27,27)
2.97519695267495668706146	(27,28)
3.008067121518411074901	(27,29)
3.02458965963459907571	(27,30)
0.002635782295408118989967	(28,1)
0.02367867008141501493746246	(28,2)
0.06553309496536508801876699	(28,3)
0.12773624469858857409560767	(28,4)
0.20959400592003784315760019	(28,5)
0.31018211899739102454956203	(28,6)
0.4283493100492857240027332	(28,7)
0.5627235254196847823352153	(28,8)
0.7117223905030472666024725	(28,9)
0.8735688493601294783163551	(28,10)
1.0463126155340344269904773	(28,11)
1.2278576013563932874793466	(28,12)
1.4159949394680457227468462	(28,13)
1.6084406326528049324598493	(28,14)
1.8028763439358399229618147	(28,15)
1.9969914441947514426866862	(28,16)
2.1885242294359529252185075	(28,17)
2.3753002366525822880563715	(28,18)
2.555265823560281379191192	(28,19)
2.726515597695870638905928	(28,20)
2.887312823175054745369602	(28,21)
3.036102525302882743668272	(28,22)
3.171517582505575185589252	(28,23)
3.292378583501945521841306	(28,24)
3.39768859732811064741663	(28,25)
3.486624238359953580620066	(28,26)
3.55852450971150274050594	(28,27)
3.61287889073591796866353	(28,28)
3.6493160186416313602051	(28,29)
3.66759412270139769568	(28,30)
0.00317682262940138188347707	(29,1)
0.02853908618469387059797592	(29,2)
0.07898395675385194466618892	(29,3)
0.15394929463706043354077376	(29,4)
0.25258570619668601815951854	(29,5)
0.37375150700026375496601821	(29,6)
0.5160097185166998934935723	(29,7)
0.6776297606473522177458842	(29,8)
0.856596532182801946555673	(29,9)
1.0506292192176911135966107	(29,10)
1.25721143066119394762476	(29,11)
1.4736331804592717972616822	(29,12)
1.6970439320356131165577121	(29,13)
1.9245145621504194992839458	(29,14)
2.1531048917220281923960903	(29,15)
2.3799325682089181904726119	(29,16)
2.6022387190328973870324956	(29,17)
2.8174459972080244281849611	(29,18)
3.0232053783319024931668854	(29,19)
3.217429219033884981398061	(29,20)
3.398309463526002059706145	(29,21)
3.564321278267477250701566	(29,22)
3.714213618254039514963265	(29,23)
3.846989150486954344768134	(29,24)
3.961876519570303300904487	(29,25)
4.058298143241109937470385	(29,26)
4.13583662846660343937107	(29,27)
4.19420258504864149292447	(29,28)
4.2332061711847477832863	(29,29)
4.25273420890453974001	(29,30)
0.00369487077351838780231649	(30,1)
0.03319294307992297764554849	(30,2)
0.09186299918559786739500259	(30,3)
0.1790468455741510783147708	(30,4)
0.29374360594244451050592322	(30,5)
0.43459735652185076816684076	(30,6)
0.5998867914474169155400313	(30,7)
0.7875213586338334589276293	(30,8)
0.9950483804812097716543971	(30,9)
1.2196751052743993698719798	(30,10)
1.4583084028685100300448208	(30,11)
1.7076130024659378060953735	(30,12)
1.9640869680106746491738896	(30,13)
2.224150819418288223048661	(30,14)
2.4842446970359773619046243	(30,15)
2.7409265833441248735029736	(30,16)
2.9909641005925081839968982	(30,17)
3.2314129006821724279520383	(30,18)
3.4596760738624119458372566	(30,19)
3.673541077817642371484264	(30,20)
3.871193072931964287356704	(30,21)
4.051205863423161063101164	(30,22)
4.212513566113836578471759	(30,23)
4.354367453110451207073931	(30,24)
4.476283073117412358490879	(30,25)
4.577982803351817218114729	(30,26)
4.6593385596791906054913	(30,27)
4.72031867333240309270042	(30,28)
4.7609420988001514105089	(30,29)
4.78124228298388408808	(30,30)
0.00419046750960385321731455	(31,1)
0.03764509886988230800108291	(31,2)
0.1041836668871859563522139	(31,3)
0.20305509951097360686362347	(31,4)
0.33311068342049719951622465	(31,5)
0.49278323319620694337042904	(31,6)
0.6800682332501808818369152	(31,7)
0.8925134199436070211529391	(31,8)
1.1272234014825646454988506	(31,9)
1.3808850966414785257105734	(31,10)
1.6498179666750313820384192	(31,11)
1.9300503318156986032533345	(31,12)
2.2174198024342264303980826	(31,13)
2.5076924792028512103487512	(31,14)
2.796692645059978695859894	(31,15)
3.0804327229689572091161428	(31,16)
3.3552326966967604000253454	(31,17)
3.6178191235225063601298502	(31,18)
3.8653961492461604016699172	(31,19)
4.0956841494744616284339973	(31,20)
4.30692519460420353293295	(31,21)
4.497857881057881508772861	(31,22)
4.667666714240376973551304	(31,23)
4.815912894732524294075363	(31,24)
4.942453996088512048242588	(31,25)
5.047359766419745598849525	(31,26)
5.13083039169460709121419	(31,27)
5.19312232084733966475851	(31,28)
5.2344854382302499630375	(31,29)
5.25511417379613711666	(31,30)
0.00466430572126410764548562	(32,1)
0.04190177813959259997569259	(32,2)
0.11596318765253939980399202	(32,3)
0.22600764065153529141009565	(32,4)
0.37074206043439572905872215	(32,5)
0.54839075993947835249701611	(32,6)
0.7566668832460774231684784	(32,7)
0.9927544650028462424661553	(32,8)
1.2533100569650888346277024	(32,9)
1.5344917726061815809063859	(32,10)
1.832021130038633132320921	(32,11)
2.141279381376674872198581	(32,12)
2.457435522477052518893669	(32,13)
2.7755985431868486164480411	(32,14)
3.0909825043085390704888291	(32,15)
3.399070478010369625606632	(32,16)
3.6957628005593920309572468	(32,17)
3.9774966190711940133625216	(32,18)
4.2413270937796194405056123	(32,19)
4.4849652028075827098454271	(32,20)
4.706772043758712234487068	(32,21)
4.905713999703009510635809	(32,22)
5.08128649638710572936212	(32,23)
5.233415991927959601041076	(32,24)
5.362350305242868658066789	(32,25)
5.468546661334916977368804	(32,26)
5.55256531552738337298119	(32,27)
5.6149747509738953532807	(32,28)
5.6562725981454167688547	(32,29)
5.67682485913401781172	(32,30)
0.00511711443298192675105403	(33,1)
0.04596953022376094157203383	(33,2)
0.12721968948029029799376567	(33,3)
0.24793981682660773368512315	(33,4)
0.40669578639087803982939686	(33,5)
0.6015059870434933137116187	(33,6)
0.8298019135867936797809332	(33,7)
1.0884017734422220454978366	(33,8)
1.373508683012505601712725	(33,9)
1.6807436125269865286743245	(33,10)
2.0052200073413080375226549	(33,11)
2.34166215974625263732363	(33,12)
2.6845634922250960984644816	(33,13)
3.0283748427897972241938985	(33,14)
3.3677077051374793791926852	(33,15)
3.6975342033518040149981418	(33,16)
4.0133650762924455352129999	(33,17)
4.3113892778019355481757794	(33,18)
4.588563531166111186900806	(33,19)
4.842646381929163508741455	(33,20)
5.072177796709619799368746	(33,21)
5.276411034423220808380354	(33,22)
5.455207556489355359868551	(33,23)
5.608907778641850926895419	(33,24)
5.738190582115119927393974	(33,25)
5.84393311706651585946672	(33,26)
5.92708013797630898047854	(33,27)
5.98852950881122468141734	(33,28)
6.0290380919594034809314	(33,29)
6.04915030283401699426	(33,30)
0.00554959615934946059818075	(34,1)
0.04985466638699969177819334	(34,2)
0.13797064302982483691594409	(34,3)
0.26888570427746731593160476	(34,4)
0.4410278607402550191969146	(34,5)
0.6522120333426418073556489	(34,6)
0.8995886840353002544593985	(34,7)
1.1796080892955126898774282	(34,8)
1.4880147314184504799507798	(34,9)
1.8198845127875858188781489	(34,10)
2.169713405220663359645311	(34,11)
2.5315599681137852245302862	(34,12)
2.899236640088343117457004	(34,13)
3.2665370167545373171929127	(34,14)
3.6274799063536215000724015	(34,15)
3.9765471506755801742672188	(34,16)
4.3088918975564537662032505	(34,17)
4.620497367480993776518831	(34,18)
4.908272520309715663464015	(34,19)
5.170079112507340313879536	(34,20)
5.404692868828889125518938	(34,21)
5.611708428959649319276371	(34,22)
5.791402380999841912071152	(34,23)
5.944570690997208399245016	(34,24)
6.072356400625631127088513	(34,25)
6.176081227841828145709156	(34,26)
6.2570914825672032130804	(34,27)
6.31662528147778954404096	(34,28)
6.3557050136142524554494	(34,29)
6.37505673030633918269	(34,30)
0.00596239747531244982845288	(35,1)
0.05356299544498376717180672	(35,2)
0.14823213001406069134861634	(35,3)
0.28887668216549851679898724	(35,4)
0.4737898960328202107485876	(35,5)
0.700585633367786576966341	(35,6)
0.9661339863078206411187655	(35,7)
1.2665153973960840803782498	(35,8)
1.5970109378370963499900853	(35,9)
1.9521442317567467171254266	(35,10)
2.3257854512659926921006588	(35,11)
2.7113201328456669457556746	(35,12)
3.1018762145450180398690549	(35,13)
3.4905931899307458518028303	(35,14)
3.8709094573157386081115832	(35,15)
4.236839516795303593492234	(35,16)
4.583212717277207605237224	(35,17)
4.905849893154486552221103	(35,18)
5.201662524411279774172725	(35,19)
5.468669279804990959755556	(35,20)
5.705934925216918035406558	(35,21)
5.913444795603398166158006	(35,22)
6.091933185533861543906348	(35,23)
6.242685779529346212776696	(35,24)
6.367335031943433419386859	(35,25)
6.467664116592637710025202	(35,26)
6.54543077043619316062662	(35,27)
6.60221802713006234277748	(35,28)
6.639315184152443695257	(35,29)
6.65762975901236943637	(35,30)
0.00635609900558588493578943	(36,1)
0.05709973383685991429093638	(36,2)
0.15801859437075835490944717	(36,3)
0.307940947901280899110447	(36,4)
0.5050283239257731546373903	(36,5)
0.7466959657513360832416881	(36,6)
1.029534433647682349848753	(36,7)
1.3492528213609190109222617	(36,8)
1.700664683957313787632973	(36,9)
2.0777351779608518790986686	(36,10)
2.4737017696783773599010655	(36,11)
2.8812715187810052468808661	(36,12)
3.2928865583182370628964046	(36,13)
3.7010378861515213154670144	(36,14)
4.098598263593466024935368	(36,15)
4.47913999877881851372976	(36,16)
4.837203967290403054592694	(36,17)
5.168492423846819705253906	(36,18)
5.469968698830942615938247	(36,19)
5.739859501159713085414359	(36,20)
5.977567697631801577418023	(36,21)
6.183512922523216585411192	(36,22)
6.358922889859930305028365	(36,23)
6.505599594793094223421814	(36,24)
6.62568236883385132331032	(36,25)
6.721425214606716252347804	(36,26)
6.79500034853096794362122	(36,27)
6.84833459773492645965222	(36,28)
6.8829810353365429341022	(36,29)
6.90002539162155624479	(36,30)
0.00673121590568926649160303	(37,1)
0.0604695099477435333303936	(37,2)
0.1673428542457982742224522	(37,3)
0.3261035406276278516500579	(37,4)
0.5347844341665908745082606	(37,5)
0.790604712066545688174828	(37,6)
1.089876544249019319265959	(37,7)
1.4279367360350743371205148	(37,8)
1.7991281409317183860026575	(37,9)
2.196852579226783376969402	(37,10)
2.6137096552642804201418232	(37,11)
3.0417246591744195447539855	(37,12)
3.472655101364122718423267	(37,13)
3.898351729917945420259332	(37,14)
4.311138966170969380497955	(37,15)
4.704174133855466125155158	(37,16)
5.07174615869347198001004	(37,17)
5.409482485853410074087474	(37,18)
5.714446073160927154822857	(37,19)
5.985119598217046872772572	(37,20)
6.221288302049000405919654	(37,21)
6.423843592782823046605646	(37,22)
6.59453523463533678514832	(37,23)
6.735700564166763557775369	(37,24)
6.849995701291749129875015	(37,25)
6.94014774630032141987737	(37,26)
7.00874014804687522430625	(37,27)
7.05803716396176184374947	(37,28)
7.0898484913507421210939	(37,29)
7.10543210992563714051	(37,30)
0.00708820336776334979937288	(38,1)
0.06367641356970626690719732	(38,2)
0.17621623886700631252019142	(38,3)
0.34338660791950370658067	(38,4)
0.5630948118326207116640803	(38,5)
0.8323667027479540696873432	(38,6)
1.1472376300967044030612115	(38,7)
1.5026719273376993524340745	(38,8)
1.892539718273921615822813	(38,9)
2.3096762222281121922045083	(38,10)
2.7460400791209216763396189	(38,11)
3.192973963859667732736231	(38,12)
3.641554653261375644574749	(38,13)
4.083003634760215142380138	(38,14)
4.509116755893327304040325	(38,15)
4.912665384966055345936486	(38,16)
5.287723806955369253003305	(38,17)
5.629887841760407795389023	(38,18)
5.936365679794040804908187	(38,19)
6.205940096208374557445058	(38,20)
6.438817701960415658996002	(38,21)
6.636392718918357622278835	(38,22)
6.800958439208104782738195	(38,23)
6.935399185452409842860491	(38,24)
7.042890619625305822336092	(38,25)
7.12662866378667259441905	(38,26)
7.18959909873471935784072	(38,27)
7.23439265695505800153761	(38,28)
7.2630650576175322808183	(38,29)
7.27703827611232660764	(38,30)
0.00742746398997946340948361	(39,1)
0.0667240621026204579610737	(39,2)
0.1846487717134035492319614	(39,3)
0.3598097625102533699991784	(39,4)
0.5899919214900563890939744	(39,5)
0.8720307782053165923992095	(39,6)
1.2016869778415449715657896	(39,7)
1.5735531255025016065168443	(39,8)
1.9810259666710966417802374	(39,9)
2.4163727191193242304760582	(39,10)
2.870910280026137350161114	(39,11)
3.335300550097413740380265	(39,12)
3.799946327881980551019358	(39,13)
4.255453603177434230273078	(39,14)
4.693111749941841247132559	(39,15)
5.105336716960434741247723	(39,16)
5.486025767422114596216609	(39,17)
5.830785108819640303125542	(39,18)
6.137010981046100609546038	(39,19)
6.403826031902451733091384	(39,20)
6.631891557919518914548674	(39,21)
6.823129017681698729831864	(39,22)
6.980389628744166897109145	(39,23)
7.107109282384956806283182	(39,24)
7.20697931402299343006227	(39,25)
7.28365432605525308255728	(39,26)
7.34050861765490935060794	(39,27)
7.38044456477942719284523	(39,28)
7.4057504678112664067412	(39,29)
7.41800219922617096486	(39,30)
0.00774935530640240849962832	(40,1)
0.06961566819472342786123291	(40,2)
0.1926493576368908505154824	(40,3)
0.3753904465203479610946555	(40,4)
0.6155047029052352729042488	(40,5)
0.9096406649179664912591559	(40,6)
1.2532870455185507614928547	(40,7)
1.6406665495292318945613488	(40,8)
2.0647034779629510544313389	(40,9)
2.517097743218314012398313	(40,10)
2.988526277852262256411937	(40,11)
3.46897492544923903950504	(40,12)
3.948182225078634129519806	(40,13)
4.41615516499659168670795	(40,14)
4.863700870726837539149745	(40,15)
5.282911533495254762917345	(40,16)
5.667544801041772717970278	(40,17)
6.013257509004694221005565	(40,18)
6.317673383070848340605666	(40,19)
6.580289876234465439862454	(40,20)
6.802250305273507492768725	(40,21)
6.986021115724978783250928	(40,22)
7.13501897715001680100838	(40,23)
7.253229325205946317163028	(40,24)
7.34484932653319711713374	(40,25)
7.41397702411502725135163	(40,26)
7.46435730994409267056454	(40,27)
7.49918624758219800060061	(40,28)
7.5209690701932476790947	(40,29)
7.53142405625429670085	(40,30)
0.00805419665262990841291972	(41,1)
0.0723541014144945634804126	(41,2)
0.2002259534350382778619422	(41,3)
0.3901442632414941346844803	(41,4)
0.6396591128143520120848401	(41,5)
0.9452357697365707822774185	(41,6)
1.3020945418396074727040932	(41,7)
1.7040912885750665577694643	(41,8)
2.143680563479294618218979	(41,9)
2.611997968187542179293228	(41,10)
3.099084996300280755703258	(41,11)
3.594259164753112429171658	(41,12)
4.086607471093182135689553	(41,13)
4.565557023708443937928325	(41,14)
5.021458776368491615790792	(41,15)
5.446113518387096361076716	(41,16)
5.833175925905070878458466	(41,17)
6.178391336207228745989919	(41,18)
6.479646468756215864628564	(41,19)
6.736843264265866777576717	(41,20)
6.951628222183198153125843	(41,21)
7.127023921106399322756622	(41,22)
7.267013471145783069914707	(41,23)
7.376123785086973532048362	(41,24)
7.459042777419220567771318	(41,25)
7.52029241557113839069437	(41,26)
7.56396697512327128707175	(41,27)
7.59353588500511349846465	(41,28)
7.6117040786438770007235	(41,29)
7.62031979862706661987	(41,30)
0.00834227504516452027373784	(42,1)
0.07494194106088370003646315	(42,2)
0.2073857138709635492565457	(42,3)
0.4040852608908457726694279	(42,4)
0.6624785872401032674393361	(42,5)
0.9788518548138303602459228	(42,6)
1.3481613365912407728864645	(42,7)
1.7639004535794538777706275	(42,8)
2.218058628152620398840569	(42,9)
2.701212612634329074391427	(42,10)
3.202775883186452534055961	(42,11)
3.711408459442827042649438	(42,12)
4.21556149196783887265245	(42,13)
4.704103789734610417330077	(42,14)
5.166957737564373238293758	(42,15)
5.595665305215186660890684	(42,16)
5.983813521406529858294692	(42,17)
6.327271163686654635721948	(42,18)
6.624219039813589085671578	(42,19)
6.874987696447300728174773	(42,20)
7.081741727137298329354604	(42,21)
7.248064571124066690747676	(42,22)
7.378500668651872083836106	(42,23)
7.478104946332843234693568	(42,24)
7.55203652734650865013708	(42,25)
7.6052183549404410685485	(42,26)
7.6420704195277642625872	(42,27)
7.66631356313213051455524	(42,28)
7.6808341979626512050291	(42,29)
7.68759755413052112888	(42,30)
0.00861385002211055421941675	(43,1)
0.07738151964123717581153681	(43,2)
0.214135111840542196226497	(43,3)
0.4172261658196475608896184	(43,4)
0.683984420295286476344228	(43,5)
1.0105215873498696739768331	(43,6)
1.3915351945722418832023614	(43,7)
1.820162090164985203366781	(43,8)
2.287933230974972263313394	(43,9)
2.784874581983880771355285	(43,10)
3.299782024361352952910384	(43,11)
3.820672044013818909652405	(43,12)
4.33537853983418971096991	(43,13)
4.832235843866855760820588	(43,14)
5.300766537410301805944418	(43,15)
5.732286095936947148795516	(43,16)
6.120347360536546923228291	(43,17)
6.46097403071004333034894	(43,18)
6.752667275668018298445812	(43,19)
6.996204588079114833667786	(43,20)
7.194277347641012406789045	(43,21)
7.351028453727188903316311	(43,22)
7.471552991626520956100628	(43,23)
7.561415745089292653955013	(43,24)
7.62622385885148790905933	(43,25)
7.67127570631051588984166	(43,26)
7.70129165666233213163275	(43,27)
7.72022107421356455450111	(43,28)
7.7311131883443732225927	(43,29)
7.73603708413211495429	(43,30)
0.00886915752405268798189817	(44,1)
0.0796749577254971518007305	(44,2)
0.2204800346510474511474881	(44,3)
0.429578569023874262488945	(44,4)
0.7041960658594417374660531	(44,5)
1.0402749738109165126494921	(44,6)
1.432260346901910154990157	(44,7)
1.872939872013679685311199	(44,8)
2.353394858045729602715539	(44,9)
2.863111243322012547266074	(44,10)
3.390280799818412485228366	(44,11)
3.922293565737674453070487	(44,12)
4.446387561844346752132091	(44,13)
4.950388451764920251422633	(44,14)
5.423448554523887667006548	(44,15)
5.856688436652779072457981	(44,16)
6.2436578332633298889118	(44,17)
6.580562930479449773621113	(44,18)
6.866246390721593623977449	(44,19)
7.101945103643321192223011	(44,20)
7.290879842831113588010489	(44,21)
7.437745818586760781575319	(44,22)
7.548173087937067770248989	(44,23)
7.628214172768282240962359	(44,24)
7.68389820605761189738608	(44,25)
7.72087164883061729787895	(44,26)
7.74412898292368173985235	(44,27)
7.75782489390648002536043	(44,28)
7.7651528158369953626521	(44,29)
7.76827273307335891456	(44,30)
0.00910841294683479187355793	(45,1)
0.0818241913601459426234221	(45,2)
0.2264258596898177433295745	(45,3)
0.4411530723677316987387	(45,4)
0.72313137272456989948646	(45,5)
1.0681396945206210040668544	(45,6)
1.470377922168533722357675	(45,7)
1.9222936052978599758725	(45,8)
2.41452944887746686559781	(45,9)
2.936044886584369568222152	(45,10)
3.474444151557452108513221	(45,11)
4.016510987879200046415273	(45,12)
4.548911528221184049107013	(45,13)
5.058990278530792046791007	(45,14)
5.535559217519433626158219	(45,15)
5.969574383279183951345536	(45,16)
6.354610642109306255584418	(45,17)
6.687079929153322312465366	(45,18)
6.966182164674326408626539	(45,19)
7.193620187299989469322828	(45,20)
7.373140915752148693805232	(45,21)
7.509979423262581634282434	(45,22)
7.610280701963597147503969	(45,23)
7.680559664067107121659504	(45,24)
7.72723932182287318012103	(45,25)
7.75628582722275301764601	(45,26)
7.77294124280995147866818	(45,27)
7.78154261618543622867217	(45,28)
7.7854094435450021076642	(45,29)
7.78678011144080887265	(45,30)
0.00933181350897587818515853	(46,1)
0.08383099332435895429391	(46,2)
0.231977513035659900627419	(46,3)
0.4519594014660405157737193	(46,4)
0.7408067646871452929258374	(46,5)
1.0941413558351391383801355	(46,6)
1.505926261713145546880626	(46,7)
1.968279577158583912414043	(46,8)
2.471418719676216259279511	(46,9)
3.00379292913173825427481	(46,10)
3.552438536882996302891199	(46,11)
4.103556120826757073699014	(46,12)
4.643266339313232295811617	(46,13)
5.158461453724257063972091	(46,14)
5.637643016224588679152076	(46,15)
6.071631280629780504396258	(46,16)
6.454051232025002584300788	(46,17)
6.781539213596598422222543	(46,18)
7.053662671911559442308064	(46,19)
7.272591132864938182019656	(46,20)
7.442588861888098593950357	(46,21)
7.569413548932886825071339	(46,22)
7.659701361432202768752648	(46,23)
7.72040173775622478932392	(46,24)
7.758302102875201682528	(46,25)
7.77965951699935332367604	(46,26)
7.78993740454365810912233	(46,27)
7.79363292524299090259281	(46,28)
7.7941743126478982286751	(46,29)
7.79386654538497603527	(46,30)
0.00953954006708162539767455	(47,1)
0.0856969894265836531372353	(47,2)
0.2371395143326416198813027	(47,3)
0.4620064917178973954326842	(47,4)
0.7572373763215419083988383	(47,5)
1.11830367602004035954079	(47,6)
1.53894114184181875830746	(47,7)
2.010950779253843357310436	(47,8)
2.524140324788918428625679	(47,9)
3.06646791752390829031992	(47,10)
3.624424636595437271390123	(47,11)
4.183653869795424960864356	(47,12)
4.729759423357983787276202	(47,13)
5.249211325191016589958227	(47,14)
5.730230237301291480133467	(47,15)
6.163527352513742946921298	(47,16)
6.542799179844880384590698	(47,17)
6.864920314939107152416596	(47,18)
7.129830469207869384822344	(47,19)
7.340160951880935376481448	(47,20)
7.500679397172287068395228	(47,21)
7.617644598539497879577702	(47,22)
7.698157049617748762139848	(47,23)
7.74957100562994506833801	(47,24)
7.77900812907160913327986	(47,25)
7.79298780087853165756658	(47,26)
7.79716938768948778886312	(47,27)
7.79618900038800021394974	(47,28)
7.7935673767088209523232	(47,29)
7.79166513954012022416	(47,30)
0.00973175849488211862985347	(48,1)
0.0874236708805071761488902	(48,2)
0.2419160108052424242780667	(48,3)
0.4713025531254462680861209	(48,4)
0.7724371537625946651066067	(48,5)
1.140648618866957659208466	(48,6)
1.569455922888903742811824	(48,7)
2.050357033616788699524998	(48,8)
2.572767892672488677912387	(48,9)
3.124177374194749692877357	(48,10)
3.690556879794784138261881	(48,11)
4.25702127779935857364703	(48,12)
4.808688123528187585059972	(48,13)
5.331636022411326263929238	(48,14)
5.813833567924117525301106	(48,15)
6.245907267938301910171445	(48,16)
6.621642725261420599057801	(48,17)
6.938161698706123357867017	(48,18)
7.195775430098151619051014	(48,19)
7.397566712134881686882068	(48,20)
7.548787807323122364777488	(48,21)
7.656173374977322489119272	(48,22)
7.727258905084059260075237	(48,23)
7.76977252890194432533195	(48,24)
7.79113983038946016397103	(48,25)
7.79811460642219003918781	(48,26)
7.79652793590243438629302	(48,27)
7.79113510082722790064987	(48,28)
7.7855344036068774114897	(48,29)
7.78213215058642847324	(48,30)
0.00990862072184578124682704	(49,1)
0.0890124036225747910543143	(49,2)
0.2463108028045513908560932	(49,3)
0.4798551185780709136126823	(49,4)
0.7864189282609176882790367	(49,5)
1.1611964867733360566369	(49,6)
1.597501641853168649809887	(49,7)
2.086545043837506660107689	(49,8)
2.617370967316920203862158	(49,9)
3.177023529871676375373842	(49,10)
3.750982838335365352716346	(49,11)
4.323866431472749850074817	(49,12)
4.880337958354691599856462	(49,13)
5.406115930938795754927304	(49,14)
5.888944685740611134703669	(49,15)
6.319387814940736159239347	(49,16)
6.691333581745904730172816	(49,17)
7.002154857355179775492366	(49,18)
7.252528347090167897291504	(49,19)
7.445972939604567451710802	(49,20)
7.588202469800376419056765	(49,21)
7.686399037075697654132664	(49,22)
7.7485018843537754862422	(49,23)
7.78258139030321260606037	(49,24)
7.79633708245925569602484	(49,25)
7.79673034232832225285323	(49,26)
7.7897412168300350139649	(49,27)
7.78022596808971859449784	(49,28)
7.7718469520791986307457	(49,29)
7.7670472627818443637	(49,30)
0.01007026550880061821716439	(50,1)
0.0904644352668561184592398	(50,2)
0.2503273628147602862292627	(50,3)
0.4876710793847724702642146	(50,4)
0.7991944688014305516489794	(50,5)
1.179965982826106369025949	(50,6)
1.623107062304987216319992	(50,7)
2.119558390576230409736331	(50,8)
2.658014880894369906404164	(50,9)
3.225102976018971382066491	(50,10)
3.805842535616034714039368	(50,11)
4.384387286575050054255924	(50,12)
4.944980825609586814606374	(50,13)
5.47301316105197733375938	(50,14)
5.9560309290484415841769	(50,15)
6.384553781962738505559623	(50,16)
6.752582125602099780418303	(50,17)
7.057738991335277401903273	(50,18)
7.301055363567021311363433	(50,19)
7.48646610860821321312988	(50,20)
7.620119724139578011769823	(50,21)
7.709614650458598946709358	(50,22)
7.76326123964907753599847	(50,23)
7.78944026678872832209587	(50,24)
7.79609595009544356841015	(50,25)
7.79037179289830260191293	(50,26)
7.77837575737145589725391	(50,27)
7.76504861395954054292851	(50,28)
7.7541047630209303253544	(50,29)
7.74801629151806121594	(50,30)
0.0102168190219208008416912	(51,1)
0.0917809002486602179604161	(51,2)
0.2539688494495239578063679	(51,3)
0.4947567110581365980407329	(51,4)
0.810774518795375415693862	(51,5)
1.196974249530691380062749	(51,6)
1.646298692624368531398416	(51,7)
2.149437486906646331488202	(51,8)
2.694760578858655673649662	(51,9)
3.268506265756018492214282	(51,10)
3.85526770690814689025483	(51,11)
4.438770460317046748028101	(51,12)
5.002873207023786390759427	(51,13)
5.532669077006098903490043	(51,14)
6.015532119215275404498711	(51,15)
6.441954118492707431600407	(51,16)
6.806053026053085119602171	(51,17)
7.105696322114667716817665	(51,18)
7.34225324761035744792637	(51,19)
7.520050189581450194255636	(51,20)
7.645640007240337458192607	(51,21)
7.727004189691120209107869	(51,22)
7.77279060410741732699824	(51,23)
7.79165873116158919334686	(51,24)
7.79176924648134777281344	(51,25)
7.7804238841189991949967	(51,26)
7.76383928224372088483102	(51,27)
7.74702602668799483463709	(51,28)
7.7337400744286925046416	(51,29)
7.72647581172985888894	(51,30)
0.0103483952531251717535195	(52,1)
0.0929628235887119929015304	(52,2)
0.2572381176366991844207923	(52,3)
0.5011176917074320791186705	(52,4)
0.821168820794063556668732	(52,5)
1.212236890247675237520649	(52,6)
1.667100781428467130607357	(52,7)
2.17621950604425985459576	(52,8)
2.72766441487568978977136	(52,9)
3.307317486727533226676529	(52,10)
3.899381041972039305693901	(52,11)
4.487190029206330775485216	(52,12)
5.054254420099049213229004	(52,13)
5.585401938645434851373871	(52,14)
6.067857588350846653145037	(52,15)
6.492098422558281863210297	(52,16)
6.852361349614179804671621	(52,17)
7.146748045657819115473675	(52,18)
7.376945480558953762808194	(52,19)
7.547643181575554755032262	(52,20)
7.665765126985260609027832	(52,21)
7.739640806338638727404026	(52,22)
7.77822143871805508912651	(52,23)
7.79041397820524502111741	(52,24)
7.78456854958555004794019	(52,25)
7.76812291581198337314868	(52,26)
7.74738501159149746333584	(52,27)
7.72742232179733485207065	(52,28)
7.7120233665815093334641	(52,29)
7.70369920788013164677	(52,30)
0.0104650963242291072883689	(53,1)
0.0940111236135254842609283	(53,2)
0.2601377259236672949087444	(53,3)
0.5067591148784928669537872	(53,4)
0.830386132316347730349717	(53,5)
1.225767978122601565134119	(53,6)
1.685535297258596180546013	(53,7)
2.199938291605437706822593	(53,8)
2.756777929788960853578723	(53,9)
3.341613825246570683356733	(53,10)
3.93829543526258087192007	(53,11)
4.529806363924121184499778	(53,12)
5.099344953781115733811892	(53,13)
5.631504694690410812642228	(53,14)
6.113383449235378662954673	(53,15)
6.535453782692890421120649	(53,16)
6.892069148099317385453164	(53,17)
7.18155090753587516862226	(53,18)
7.405879103591656384374906	(53,19)
7.570074526509341824070539	(53,20)
7.681396519001190569597063	(53,21)
7.74848615259407370335926	(53,22)
7.78056357571998974882606	(53,23)
7.78675265827328705066663	(53,24)
7.77556731236971666141917	(53,25)
7.75456085696342483763746	(53,26)
7.73011698308929622285273	(53,27)
7.70734887933121466495738	(53,28)
7.6900700637442427172978	(53,29)
7.68080366408627702461	(53,30)
0.0105670127037413821616428	(54,1)
0.0949266138916917099335608	(54,2)
0.2626699416251702990767381	(54,3)
0.5116854982671220225497513	(54,4)
0.838434235203526110544889	(54,5)
1.237580056278634640721501	(54,6)
1.701621898164418042201727	(54,7)
2.220624258595105311338545	(54,8)
2.782147626226516182033378	(54,9)
3.37146513759023381443134	(54,10)
3.972113264465659324134004	(54,11)
4.566765026701275915855532	(54,12)
5.138344916788440214254659	(54,13)
5.671242956660395036665372	(54,14)
6.15245013142787537158206	(54,15)
6.572441986104437275150353	(54,16)
6.925682521218503823180647	(54,17)
7.210694360795785947453892	(54,18)
7.429722245221300791634574	(54,19)
7.588083283173964562294409	(54,20)
7.693334315599595176106667	(54,21)
7.75439053942177935837689	(54,22)
7.78070658904873913767142	(54,23)
7.78159350466273740451827	(54,24)
7.76570471461959141144303	(54,25)
7.74069032025656823061884	(54,26)
7.71299598970227058106465	(54,27)
7.68777104063635874241199	(54,28)
7.6688477537722443144886	(54,29)
7.65875765003548041299	(54,30)
0.0106542233586018620981052	(55,1)
0.0957100045865340765931151	(55,2)
0.2648367443713678663459122	(55,3)
0.5159007894113837653393906	(55,4)
0.84531994038320684926888	(55,5)
1.247684132240275906319016	(55,6)
1.715377895682568185768958	(55,7)
2.238304291751887146823755	(55,8)
2.803814748334553374926155	(55,9)
3.396933541482619600786679	(55,10)
4.000925714306452481792276	(55,11)
4.598195751616864845685999	(55,12)
5.171432620791376881202776	(55,13)
5.704853173974202828602515	(55,14)
6.185360197132328863738651	(55,15)
6.603437092678148110317096	(55,16)
6.953649131442035586486796	(55,17)
7.234698254241883732506391	(55,18)
7.449062240304390149557576	(55,19)
7.602316929516872207926627	(55,20)
7.70227705092158125978662	(55,21)
7.75809370907973037108205	(55,22)
7.77942173033915198483497	(55,23)
7.77573045660158395405988	(55,24)
7.75578992735221173006143	(55,25)
7.72732986207847813496327	(55,26)
7.69684576071863985447984	(55,27)
7.66951497912861217603071	(55,28)
7.6491835317693267363081	(55,29)
7.63838850484753977181	(55,30)
0.0107267958580327990568754	(56,1)
0.0963619033795486109233961	(56,2)
0.2666398284861782445791886	(56,3)
0.519408369217866416049319	(56,4)
0.851049089507385118122182	(56,5)
1.256089668924453941532737	(56,6)
1.726818216797507632484097	(56,7)
2.253001646609822816941135	(56,8)
2.821815074380368337992562	(56,9)
3.41807303843466545665201	(56,10)
4.024812159396279436166622	(56,11)
4.624211524053134789814799	(56,12)
5.198763315248871730649649	(56,13)
5.732541024098345486156375	(56,14)
6.212376442550019319863895	(56,15)
6.628763365811061571313488	(56,16)
6.976356140128611615076231	(56,17)
7.254010991144370372712803	(56,18)
7.464404245912087443781829	(56,19)
7.613330660296218054071238	(56,20)
7.70882183006006861528828	(56,21)
7.76022601190114041669949	(56,22)
7.77736418597303077188693	(56,23)
7.76983600384931650076484	(56,24)
7.74650649187019679616138	(56,25)
7.71516929170019555976381	(56,26)
7.68235905644675748328509	(56,27)
7.65327440644723682091093	(56,28)
7.6317711237474825693398	(56,29)
7.62038977228046829471	(56,30)
0.0107847864426945391659568	(57,1)
0.0968828160832598040663384	(57,2)
0.2680806045266569560173551	(57,3)
0.5222110539817554605537458	(57,4)
0.855626554603344956529225	(57,5)
1.262804574034442637485367	(57,6)
1.735955366741016550634132	(57,7)
2.264735857597271657920993	(57,8)
2.836178728519495734584116	(57,9)
3.434929175625588748613058	(57,10)
4.043839617221229796530608	(57,11)
4.644907772072219244134533	(57,12)
5.220468086376545196005024	(57,13)
5.754480026492342627657905	(57,14)
6.23372028482886408316612	(57,15)
6.648693545527065253241783	(57,16)
6.994128529290421048173415	(57,17)
7.269008095790233126943213	(57,18)
7.476170260069429364090891	(57,19)
7.621587052334738319648147	(57,20)
7.71346480058052267622409	(57,21)
7.76130979409696205029778	(57,22)
7.77507543410049319014307	(57,23)
7.76446450883250259837154	(57,24)
7.73841655150054245646465	(57,25)
7.70477471461318546355943	(57,26)
7.67010339264646335993388	(57,27)
7.63961682442845912488135	(57,28)
7.6171774975139230876985	(57,29)
7.6053279930789208735	(57,30)
0.0108282400692210367725505	(58,1)
0.0972731470341195845687487	(58,2)
0.2691602002363708221303839	(58,3)
0.5243110964070756660824584	(58,4)
0.859056236617289367134861	(58,5)
1.267835189290300481471387	(58,6)
1.742799394889855238576424	(58,7)
2.273522656629890520987113	(58,8)
2.846930016798584099413732	(58,9)
3.447538754321553567190323	(58,10)
4.058062280122963087353441	(58,11)
4.660361679613106070088298	(58,12)
5.236652929292819576500149	(58,13)
5.770810385334766569688384	(58,14)
6.249570431062710875414921	(58,15)
6.663447446466213804002415	(58,16)
7.00722777223662728757189	(58,17)
7.279991126949730431829599	(58,18)
7.484698454902248201350415	(58,19)
7.62745597997151728070301	(58,20)
7.71660178077757366511673	(58,21)
7.76176082517643006599911	(58,22)
7.77298550833037905146149	(58,23)
7.76005529561287405037961	(58,24)
7.73196471245538211746746	(58,25)
7.69659307766946734091772	(58,26)
7.66052615684127173112982	(58,27)
7.6289890819394781430665	(58,28)
7.6058487182873583785763	(58,29)
7.59364871136591525869	(58,30)
0.0108571904377412830186458	(59,1)
0.0975331993338769055323901	(59,2)
0.2698794611039654998587582	(59,3)
0.5257101860110925701828679	(59,4)
0.861341063522428269852973	(59,5)
1.271186280601336597162218	(59,6)
1.747357865523926056222105	(59,7)
2.279373904920645708335918	(59,8)
2.854087291410827764303239	(59,9)
3.455929590365552900789388	(59,10)
4.067521133196054802380395	(59,11)
4.670631629036168002902642	(59,12)
5.247397999728186999604643	(59,13)
5.781638063408424306183565	(59,14)
6.260061823816504870604566	(59,15)
6.673190862782635706321188	(59,16)
7.015850818141197112728965	(59,17)
7.287186882496808559313602	(59,18)
7.490242745171666935310636	(59,19)
7.63121467773046387990169	(59,20)
7.7185289188084861744669	(59,21)
7.76188961883334388013897	(59,22)
7.77141500522580133004333	(59,23)
7.75693533010379622376634	(59,24)
7.72748134936814336186141	(59,25)
7.69095602602969411780214	(59,26)
7.65395892349755663943593	(59,27)
7.62172204222583310044602	(59,28)
7.5981148542859343978695	(59,29)
7.58568150026542501845	(59,30)
0.0108716600079957311297044	(60,1)
0.0976631749898868598102018	(60,2)
0.2702389506680836365421053	(60,3)
0.5264094491972123323599217	(60,4)
0.862482988491925650773315	(60,5)
1.272861030011451799297782	(60,6)
1.749635834782498405240706	(60,7)
2.282297540090421481221312	(60,8)
2.85766284629030092974899	(60,9)
3.460120330982785718952091	(60,10)
4.072243663355967196280138	(60,11)
4.67575677857176967336277	(60,12)
5.25275704965311821764395	(60,13)
5.787034087884905247094361	(60,14)
6.265284857077485286126823	(60,15)
6.678034763325434217287968	(60,16)
7.020129359782415510450537	(60,17)
7.29074684739488318312768	(60,18)
7.492972525662157787208099	(60,19)
7.63304786468790475150663	(60,20)
7.71944327941609262350003	(60,21)
7.76190252862604358159224	(60,22)
7.77057670465709695621997	(60,23)
7.75532135164763072515987	(60,24)
7.7251852097981174819595	(60,25)
7.68808292297600477575771	(60,26)
7.65062081776473693132489	(60,27)
7.61803421023645745605896	(60,28)
7.5941937820019327744704	(60,29)
7.58164385672262242047	(60,30)