d^3_(sigma,mu)
143.415629425	(1,1)
143.415678235	(1,2)
143.416007379	(1,3)
143.417067241	(1,4)
143.419502355	(1,5)
143.424115837	(1,6)
143.431824684	(1,7)
143.443608027	(1,8)
143.46045077	(1,9)
143.483285191	(1,10)
143.51293313	(1,11)
143.550051354	(1,12)
143.595082509	(1,13)
143.64821385	(1,14)
143.709345629	(1,15)
143.778070678	(1,16)
143.853666321	(1,17)
143.935099335	(1,18)
144.021044163	(1,19)
144.109914158	(1,20)
144.199905038	(1,21)
144.289049242	(1,22)
144.37527934	(1,23)
144.456498156	(1,24)
144.53065282	(1,25)
144.595809675	(1,26)
144.650226729	(1,27)
144.692420374	(1,28)
144.721223181	(1,29)
144.73582999	(1,30)
140.9299740459488	(2,1)
140.9300231072251	(2,2)
140.9303539461842	(2,3)
140.9314192655166	(2,4)
140.9338669124489	(2,5)
140.9385041251854	(2,6)
140.9462525780359	(2,7)
140.9580963492027	(2,8)
140.9750252338933	(2,9)
140.9979760016173	(2,10)
141.0277742517292	(2,11)
141.0650794645227	(2,12)
141.1103356903951	(2,13)
141.1637300827097	(2,14)
141.2251611762407	(2,15)
141.294218455141	(2,16)
141.3701743513976	(2,17)
141.4519893727716	(2,18)
141.5383305826241	(2,19)
141.6276031476665	(2,20)
141.71799414144067	(2,21)
141.80752725430605	(2,22)
141.89412653453622	(2,23)
141.97568679609777	(2,24)
142.05014790840503	(2,25)
142.11556986597828	(2,26)
142.1702053543804	(2,27)
142.2125665103547	(2,28)
142.24148273618	(2,29)
142.2561467750874	(2,30)
136.2072699901409112	(3,1)
136.207319580143319	(3,2)
136.2076539843821128	(3,3)
136.2087307826558724	(3,4)
136.2112047948784047	(3,5)
136.2158919261571356	(3,6)
136.2237236956906845	(3,7)
136.2356945928592882	(3,8)
136.2528047101363001	(3,9)
136.2760002863188213	(3,10)
136.3061148554264479	(3,11)
136.3438136441704518	(3,12)
136.3895437068819246	(3,13)
136.4434920462868916	(3,14)
136.505553656493962	(3,15)
136.5753110540471141	(3,16)
136.6520264441390471	(3,17)
136.7346472097782882	(3,18)
136.8218249182395514	(3,19)
136.9119475184951301	(3,20)
137.003183865296573	(3,21)
137.0935391645892352	(3,22)
137.1809194112217658	(3,23)
137.2632024094429376	(3,24)
137.338312559862443	(3,25)
137.4042962956175981	(3,26)
137.4593948859433493	(3,27)
137.5021113219858628	(3,28)
137.5312681727808442	(3,29)
137.546053651483943	(3,30)
129.69513737397322731	(4,1)
129.69518780802617921	(4,2)
129.69552790382971449	(4,3)
129.69662302698882096	(4,4)
129.6991391288697495	(4,5)
129.70390595158190408	(4,6)
129.7118707340251574	(4,7)
129.72404459348937741	(4,8)
129.74144407543911841	(4,9)
129.76503056002188651	(4,10)
129.79565028606169971	(4,11)
129.83397770753752792	(4,12)
129.8804647446689702	(4,13)
129.93529824550879337	(4,14)
129.99836764889308114	(4,15)
130.0692444493628182	(4,16)
130.14717462116875391	(4,17)
130.23108467198716129	(4,18)
130.31960147705563457	(4,19)
130.41108550137954179	(4,20)
130.50367646417306626	(4,21)
130.59534995233283074	(4,22)
130.68398296963445089	(4,23)
130.76742594099763339	(4,24)
130.84357830512856768	(4,25)
130.91046455334734692	(4,26)
130.96630743424223067	(4,27)
131.00959506390068911	(4,28)
131.03913887169804596	(4,29)
131.05411967222783701	(4,30)
121.957647684145456736	(5,1)
121.957699303068831434	(5,2)
121.958047388638720616	(5,3)
121.95916823610255434	(5,4)
121.961743423050348795	(5,5)
121.966622115822388904	(5,6)
121.974773620422668877	(5,7)
121.987232396100466702	(5,8)
122.005038084607723811	(5,9)
122.029173320948358902	(5,10)
122.060502178226614971	(5,11)
122.09971206282638039	(5,12)
122.147261724868072615	(5,13)
122.203337794621645147	(5,14)
122.267821912198242904	(5,15)
122.340270099892656981	(5,16)
122.419905548287640074	(5,17)
122.505625462577419773	(5,18)
122.596022058518840569	(5,19)
122.689417222905625336	(5,20)
122.783909778321684482	(5,21)
122.877433735665186305	(5,22)
122.967825402951574115	(5,23)
123.052896770015658814	(5,24)
123.13051223186418012	(5,25)
123.198665473593272639	(5,26)
123.255553238576537116	(5,27)
123.299642754586689168	(5,28)
123.329729806732219086	(5,29)
123.344984818477055175	(5,30)
113.5848480315257966741	(6,1)
113.5849011599300242392	(6,2)
113.5852594241494392419	(6,3)
113.5864130431849624224	(6,4)
113.5890635006970761529	(6,5)
113.5940847046145715346	(6,6)
113.6024740623987527847	(6,7)
113.6152957453270264851	(6,8)
113.6336187718391405851	(6,9)
113.6584527750777250963	(6,10)
113.6906844258828460561	(6,11)
113.7310174587102137788	(6,12)
113.7799190989818045476	(6,13)
113.8375754256937711678	(6,14)
113.9038578357431326027	(6,15)
113.9783023220175190478	(6,16)
114.0601027532532799463	(6,17)
114.1481187687781339011	(6,18)
114.240898295449498428	(6,19)
114.3367140784851698126	(6,20)
114.4336130147708961024	(6,21)
114.5294765100106222595	(6,22)
114.6220895737884546232	(6,23)
114.7092159430556668546	(6,24)
114.7886762070993050906	(6,25)
114.8584257150311258538	(6,26)
114.9166289948943934033	(6,27)
114.9617275099697959612	(6,28)
114.9924978235689839124	(6,29)
115.008097631044146182	(6,30)
105.11680825862153482284	(7,1)
105.11686313407280321232	(7,2)
105.11723317883866728247	(7,3)
105.11842472642425442088	(7,4)
105.12116229599427382467	(7,5)
105.12634841861139077919	(7,6)
105.13501299257455847235	(7,7)
105.14825450380136620962	(7,8)
105.16717583080686661508	(7,9)
105.19281761691665673724	(7,10)
105.22609232316824864852	(7,11)
105.26772206799199139575	(7,12)
105.31818321438304951231	(7,13)
105.37766038806426685021	(7,14)
105.44601221298845763786	(7,15)
105.52275055049156153376	(7,16)
105.6070344469688783623	(7,17)
105.6976793571412029546	(7,18)
105.79318154339774357835	(7,19)
105.89175688539441086449	(7,20)
105.99139269735363217867	(7,21)
106.0899105716432679929	(7,22)
106.18503777216664390142	(7,23)
106.27448431222124650044	(7,24)
106.35602258635992571754	(7,25)
106.42756629630019513607	(7,26)
106.48724542266325997463	(7,27)
106.53347414636322157151	(7,28)
106.56500890855916603091	(7,29)
106.5809942031880164027	(7,30)
96.99439287355269148909	(8,1)
96.99444955080713256211	(8,2)
96.99483174524587936791	(8,3)
96.99606240862638510099	(8,4)
96.99888981015951822876	(8,5)
97.00424597441799126554	(8,6)
97.01319423679720274923	(8,7)
97.02686831417976056362	(8,8)
97.04640570342485943661	(8,9)
97.07287851704565098237	(8,10)
97.10722502670907058496	(8,11)
97.1501851988007293526	(8,12)
97.20224336654168321807	(8,13)
97.26358089199489306179	(8,14)
97.33404123910229081453	(8,15)
97.41310932442873897587	(8,16)
97.49990636209824355146	(8,17)
97.59320070638345533959	(8,18)
97.691434456738876894	(8,19)
97.79276486469938674192	(8,20)
97.89511890793676593243	(8,21)
97.99625880807792946545	(8,22)
98.09385579370950532839	(8,23)
98.18556906847560822703	(8,24)
98.26912674756928858548	(8,25)
98.34240547649627113761	(8,26)
98.40350553785273449257	(8,27)
98.45081847246215606698	(8,28)
98.48308457335028565999	(8,29)
98.4994380349272170849	(8,30)
89.537437752276758471812	(9,1)
89.537495991589331707455	(9,2)
89.537888718887158871473	(9,3)
89.5391532903998561757	(9,4)
89.542058550626467718489	(9,5)
89.547562040771731237735	(9,6)
89.556755942650634991955	(9,7)
89.570804203641995539841	(9,8)
89.590873737481226445859	(9,9)
89.618062930999345078295	(9,10)
89.653330884399626584144	(9,11)
89.69743085236615089226	(9,12)
89.750851222207710582352	(9,13)
89.813767060004334795378	(9,14)
89.886004784640321286379	(9,15)
89.967021913454450237184	(9,16)
90.055903094671808578086	(9,17)
90.151372843253503053547	(9,18)
90.251824577154490787726	(9,19)
90.355364761113799222613	(9,20)
90.459870253228925429448	(9,21)
90.5630563566990358819	(9,22)
90.662552635387799202324	(9,23)
90.755983274161886613526	(9,24)
90.84104865631250869283	(9,25)
90.915604880929877802044	(9,26)
90.977738132785612824096	(9,27)
91.025831119419818964467	(9,28)
91.05861917563160367787	(9,29)
91.07523407684216313794	(9,30)
82.943274910045119770787	(10,1)
82.943334065928145386605	(10,2)
82.943732973199940580698	(10,3)
82.945017434962240060347	(10,4)
82.947968338955167455453	(10,5)
82.95355809192645429653	(10,6)
82.962895513795413204387	(10,7)
82.977161653990147898255	(10,8)
82.997539475989344483761	(10,9)
83.025140733178399856473	(10,10)
83.06093359783021527561	(10,11)
83.105674676139389157905	(10,12)
83.159848923933888615379	(10,13)
83.223620660087667133738	(10,14)
83.29679836342408435617	(10,15)
83.378815257007770002874	(10,16)
83.46872687094924621523	(10,17)
83.565225884852429018481	(10,18)
83.666673646304815588789	(10,19)
83.771146907102453934403	(10,20)
83.876497574128057982865	(10,21)
83.980422685383344701189	(10,22)
84.080541425393438894929	(10,23)
84.174475800303370059703	(10,24)
84.25993159402515276832	(10,25)
84.334776398147890991967	(10,26)
84.397111812987137760402	(10,27)
84.445337311967377300855	(10,28)
84.478203703844331853758	(10,29)
84.49485458090368051398	(10,30)
77.2964313738873082867151	(11,1)
77.2964903101020946646454	(11,2)
77.2968877351669956367944	(11,3)
77.2981674134940424066172	(11,4)
77.3011072656487638910826	(11,5)
77.3066758451119596568922	(11,6)
77.3159772009666373073887	(11,7)
77.3301865540788942359893	(11,8)
77.3504797287626818095238	(11,9)
77.3779597009911505687246	(11,10)
77.4135839073257810909575	(11,11)
77.458096066099459110436	(11,12)
77.5119661619424043031272	(11,13)
77.5753419189308174317242	(11,14)
77.648014538866541954741	(11,15)
77.729400734707537698337	(11,16)
77.8185421926531490165118	(11,17)
77.9141226160610842784647	(11,18)
78.0145015179494684233022	(11,19)
78.1177630163722492452851	(11,20)
78.2217771209525440952562	(11,21)
78.324270435214418159066	(11,22)
78.4229028706182414454027	(11,23)
78.5153468802391206251978	(11,24)
78.5993658525953358927539	(11,25)
78.6728886172791429828498	(11,26)
78.734077447483772538954	(11,27)
78.781387438791963131972	(11,28)
78.813615641423505484314	(11,29)
78.82993877958085309326	(11,30)
72.5827804164710158230985	(12,1)
72.5828374799547955232513	(12,2)
72.5832222755398806855118	(12,3)
72.5844612751589369712217	(12,4)
72.5873076009257060380882	(12,5)
72.59269874398772771369	(12,6)
72.601702900636045397971	(12,7)
72.6154562459080351909408	(12,8)
72.6350940015330992941252	(12,9)
72.6616786121728674388089	(12,10)
72.6961286715717249631511	(12,11)
72.7391523872404313300834	(12,12)
72.7911892953311333140629	(12,13)
72.8523636102823490548248	(12,14)
72.9224520151663308877148	(12,15)
73.0008678958638348297263	(12,16)
73.0866630511971121276995	(12,17)
73.1785468514573734971106	(12,18)
73.2749217631031038977917	(12,19)
73.3739332036742780941886	(12,20)
73.4735309232636468206483	(12,21)
73.5715385898782897158598	(12,22)
73.6657280176205552374092	(12,23)
73.7538945163519144381405	(12,24)
73.8339301242130589480625	(12,25)
73.9038919488005988884494	(12,26)
73.9620634119189377489243	(12,27)
74.0070067861026036755226	(12,28)
74.037605956664148437245	(12,29)
74.053098787808374682422	(12,30)
68.7058403101521942046855	(13,1)
68.7058933935876938837396	(13,2)
68.7062513492827675841848	(13,3)
68.70740391233719425114	(13,4)
68.710051582286926943658	(13,5)
68.7150661245561617999741	(13,6)
68.7234403204596218772023	(13,7)
68.7362290886071846716314	(13,8)
68.7544846454053810986192	(13,9)
68.7791888583863404848499	(13,10)
68.8111863142827323265133	(13,11)
68.8511218113347710301414	(13,12)
68.8993859373608558569784	(13,13)
68.9560720764564395309005	(13,14)
69.0209475920643204714828	(13,15)
69.0934410918002648619616	(13,16)
69.1726466538226935366935	(13,17)
69.2573447782014379478528	(13,18)
69.3460387289993996190205	(13,19)
69.437003964602811816079	(13,20)
69.5283476117036327651565	(13,21)
69.6180744900411072264262	(13,22)
69.7041560698930056824127	(13,23)
69.7845989296732962530248	(13,24)
69.8575097252112884502699	(13,25)
69.9211543039259517791301	(13,26)
69.9740092983722346647346	(13,27)
70.0148052157279269397777	(13,28)
70.0425606176565248473812	(13,29)
70.056607399173732648796	(13,30)
65.5064390629413906570179	(14,1)
65.5064857671518134457055	(14,2)
65.5068007045182812349101	(14,3)
65.5078147370828498196519	(14,4)
65.5101440705148098185906	(14,5)
65.5145553034048697998316	(14,6)
65.521920822882642388454	(14,7)
65.5331663719516054963832	(14,8)
65.5492131480100366785801	(14,9)
65.5709172925112149234423	(14,10)
65.5990100315238424917114	(14,11)
65.6340419526447867134959	(14,12)
65.6763348893917341054075	(14,13)
65.7259445858456843947325	(14,14)
65.7826367217019503626915	(14,15)
65.8458780214399720776592	(14,16)
65.9148431220181204015365	(14,17)
65.9884367353470389606228	(14,18)
66.0653295377668753993486	(14,19)
66.1440052725393557871167	(14,20)
66.2228158682114322459073	(14,21)
66.3000410258932987926394	(14,22)
66.3739487365078355769595	(14,23)
66.4428535304113431108673	(14,24)
66.5051698678354883386931	(14,25)
66.5594588484459028092036	(14,26)
66.6044672352365997447319	(14,27)
66.6391585376187466150256	(14,28)
66.6627364857264330660541	(14,29)
66.674661589600254607009	(14,30)
62.78760582044689818550075	(15,1)
62.78764369618885532491387	(15,2)
62.78789909926650098225687	(15,3)
62.78872142172081209301261	(15,4)
62.79061025007771747692991	(15,5)
62.79418677684270196019639	(15,6)
62.80015714431043163295952	(15,7)
62.80926914910215044505298	(15,8)
62.82226423640636314439181	(15,9)
62.83982720857944858613201	(15,10)
62.86253649043945540533276	(15,11)
62.89081805115564594354943	(15,12)
62.92490610486518050029861	(15,13)
62.96481344721190379431652	(15,14)
63.01031371834651246067439	(15,15)
63.06093704530510876125062	(15,16)
63.11597948415563464488511	(15,17)
63.17452556753673130242557	(15,18)
63.23548219922896695302449	(15,19)
63.29762125658196314528481	(15,20)
63.35962767397582998964975	(15,21)
63.42014955531555770037629	(15,22)
63.47784701805554379705097	(15,23)
63.53143696820616603393342	(15,24)
63.57973176039860413078506	(15,25)
63.62167059152237192631507	(15,26)
63.65634337896251471451766	(15,27)
63.6830076597556604355973	(15,28)
63.7010996143006819799803	(15,29)
63.710240604646920369592	(15,30)
60.34411803034939938917201	(16,1)
60.34414484732182240572707	(16,2)
60.34432567664840789356556	(16,3)
60.34490786479463202616378	(16,4)
60.34624495133231735356579	(16,5)
60.34877610870048816093998	(16,6)
60.35299955843289695242759	(16,7)
60.35944090763680139408444	(16,8)
60.3686177920489315199907	(16,9)
60.38100268027782635188519	(16,10)
60.39698611158333900411722	(16,11)
60.41684291905318607877609	(16,12)
60.44070404946892944452329	(16,13)
60.4685363727105860833251	(16,14)
60.50013235885259370366935	(16,15)
60.53511072017313747397625	(16,16)
60.57292814658754775307704	(16,17)
60.61290122374414480416599	(16,18)
60.65423665114283298609745	(16,19)
60.69606710874578801285084	(16,20)
60.73748966426291001734986	(16,21)
60.77760353389283991584779	(16,22)
60.81554431447833252279263	(16,23)
60.85051244483468866584757	(16,24)
60.88179452980733064445361	(16,25)
60.90877714200030796011734	(16,26)
60.93095366213259272082127	(16,27)
60.94792549969052598439158	(16,28)
60.9593995503817240473779	(16,29)
60.965183937248838340006	(16,30)
57.99243999839628051569936	(17,1)
57.9924539747985827070663	(17,2)
57.99254821538632624406291	(17,3)
57.99285158475627213314232	(17,4)
57.99354807483543885026305	(17,5)
57.99486562050444608788038	(17,6)
57.99706131805674190526177	(17,7)
58.00040343917193849841825	(17,8)
58.00515099347976801931739	(17,9)
58.01153200957640308020545	(17,10)
58.01972210163009289070965	(17,11)
58.0298251771568806884977	(17,12)
58.04185823633103020413485	(17,13)
58.05574205309282470568743	(17,14)
58.07129909198066360089237	(17,15)
58.08825933012009487068803	(17,16)
58.10627379867693253984641	(17,17)
58.12493474897547481865188	(17,18)
58.14380052199860094549437	(17,19)
58.16242258834202924534858	(17,20)
58.18037193225271429591848	(17,21)
58.19726203321236532332637	(17,22)
58.21276614803670644497049	(17,23)
58.22662735399711424707824	(17,24)
58.23866077035930295959358	(17,25)
58.24874839500935778731083	(17,26)
58.25682793160697923962456	(17,27)
58.26287771381599591690824	(17,28)
58.26690026260187496049	(17,29)
58.2689070904281021638437	(17,30)
55.59458012593352874321142	(18,1)
55.59458006452481705071679	(18,2)
55.59457964333344764267087	(18,3)
55.59457820319047525004293	(18,4)
55.59457440950868114510707	(18,5)
55.59456537030276590707292	(18,6)
55.59454486080217389829108	(18,7)
55.59450045604697825612078	(18,8)
55.59440962911855019132953	(18,9)
55.59423521404348749984013	(18,10)
55.59392098739296966791622	(18,11)
55.59338840480985976467278	(18,12)
55.59253565461461547138284	(18,13)
55.59124009871169671873265	(18,14)
55.58936483805363706122631	(18,15)
55.58676959075835694350517	(18,16)
55.58332537845389261790959	(18,17)
55.57893179079819997135278	(18,18)
55.57353496756746961711481	(18,19)
55.56714402385511232719805	(18,20)
55.55984353773904684730113	(18,21)
55.55179996313453879718684	(18,22)
55.5432604075077315334303	(18,23)
55.53454305347325053429929	(18,24)
55.52601949137666800712593	(18,25)
55.51809023045263742622935	(18,26)
55.51115553242072537207594	(18,27)
55.50558434695781769792138	(18,28)
55.50168444231011736302879	(18,29)
55.4996767791006529951551	(18,30)
53.07043010940490202081772	(19,1)
53.07041541982752915387448	(19,2)
53.07031635627792484178405	(19,3)
53.06999729401136146198952	(19,4)
53.06926380798636937671449	(19,5)
53.06787257952583343680533	(19,6)
53.06554327879701159816663	(19,7)
53.06197161963818226833322	(19,8)
53.05684291643740479988529	(19,9)
53.04984571618337685746652	(19,10)
53.04068536950932698775198	(19,11)
53.0290976640841623868967	(19,12)
53.0148627945997435210413	(19,13)
52.99781992744131747620357	(19,14)
52.97788241120584428532314	(19,15)
52.9550533067965066068949	(19,16)
52.92944042694885933097009	(19,17)
52.90126958231108039179221	(19,18)
52.87089434184411970444711	(19,19)
52.83880043291368777152202	(19,20)
52.80560300354169403106769	(19,21)
52.77203537108876908576999	(19,22)
52.73892855967342524583467	(19,23)
52.7071818053491386035703	(19,24)
52.67772517091624996498144	(19,25)
52.65147633355348234099138	(19,26)
52.62929436639102874569684	(19,27)
52.61193383168519499611541	(19,28)
52.60000267615037442173665	(19,29)
52.593927246833761407353	(19,30)
50.39692931996583906610236	(20,1)
50.396899944229707258632855	(20,2)
50.396701847702088261554313	(20,3)
50.396063910579106192875885	(20,4)
50.394597883353920979888674	(20,5)
50.39181918054868025448031	(20,6)
50.387172585224554283153023	(20,7)
50.380061465326968768249778	(20,8)
50.369879097139005083541786	(20,9)
50.356040815678487086856704	(20,10)
50.338015916724435240234081	(20,11)
50.315358454952845455068708	(20,12)
50.287736250995866101999679	(20,13)
50.254957485543291339102961	(20,14)
50.21699419808424962344991	(20,15)
50.174001835750419732328906	(20,16)
50.126333764955816495951773	(20,17)
50.074549443409222195510456	(20,18)
50.019414841127717570548271	(20,19)
49.961893774382178804210263	(20,20)
49.903129124467057800780899	(20,21)
49.844413459637336842842022	(20,22)
49.787149323303402566480716	(20,23)
49.73280031500100361115384	(20,24)
49.68283496829425081803913	(20,25)
49.6386662109781402453667	(20,26)
49.60158977914969579440571	(20,27)
49.57272527548908012999161	(20,28)
49.55296357491313297753868	(20,29)
49.5429239842254834466294	(20,30)
47.596679583932809604059781	(21,1)
47.596635865213337124697808	(21,2)
47.59634105029730231917738	(21,3)
47.59539169646755476641112	(21,4)
47.593210292836315491581186	(21,5)
47.589076746793143514967309	(21,6)
47.582167706212705881995157	(21,7)
47.571601749537748407482343	(21,8)
47.556488317628423398531066	(21,9)
47.535978247500949057849267	(21,10)
47.509313865984153290589035	(21,11)
47.47587676404186032519487	(21,12)
47.435231549945650375945554	(21,13)
47.387164030794906089322526	(21,14)
47.331712376628746901549104	(21,15)
47.269189886119743015257915	(21,16)
47.200198030814530046893759	(21,17)
47.125628558077520211227908	(21,18)
47.046653638104328557557716	(21,19)
46.964703392782956823374227	(21,20)
46.881430662892822673955525	(21,21)
46.798663539736194936666004	(21,22)
46.718346957817125052747583	(21,23)
46.642475440273408778078301	(21,24)
46.57301981974810160038363	(21,25)
46.511851339267436716243922	(21,26)
46.46066690316505422398382	(21,27)
46.42091935653599863496817	(21,28)
46.39375651197032073551918	(21,29)
46.3799722299353407791435	(21,30)
44.721207795165584283990745	(22,1)
44.721150333206619693253555	(22,2)
44.72076284463039704013603	(22,3)
44.719515103377762064501446	(22,4)
44.716648288176999277260591	(22,5)
44.711216780297024459681974	(22,6)
44.702140663807561956405155	(22,7)
44.688266428970514696966255	(22,8)
44.668433056631769448231601	(22,9)
44.641540490615059897259512	(22,10)
44.606617475136135141335406	(22,11)
44.5628858223700365892348	(22,12)
44.509818353211007288957962	(22,13)
44.447187995884222448130478	(22,14)
44.375105815725723217644378	(22,15)
44.294046082158062373141702	(22,16)
44.204856865988755179877563	(22,17)
44.108755119824359234190651	(22,18)
44.007305743354750721929386	(22,19)
43.902384778461364569836951	(22,20)
43.796127601687559430320627	(22,21)
43.690863746085976255493993	(22,22)
43.589040734235313529458548	(22,23)
43.493139972718338730477469	(22,24)
43.405588281114211919355305	(22,25)
43.32866895493081555414945	(22,26)
43.264436363225592514266141	(22,27)
43.2146379541102912315321	(22,28)
43.1806472033122938542513	(22,29)
43.1634105264949992322892	(22,30)
41.834157103982303293811469	(23,1)
41.834086628667250877435474	(23,2)
41.833611388745802764862422	(23,3)
41.832081115300709149242257	(23,4)
41.828565346581500511908763	(23,5)
41.821905061562028558806074	(23,6)
41.810777800770257612046085	(23,7)
41.793773286562177044330997	(23,8)
41.769476055982325433872848	(23,9)
41.736551272519018286823881	(23,10)
41.693829703904358319353809	(23,11)
41.640387848814635305298824	(23,12)
41.575619365181176344387935	(23,13)
41.499294289721512278623405	(23,14)
41.411603030649385083930506	(23,15)
41.313182748463707060005187	(23,16)
41.205124494852171157761722	(23,17)
41.088960333179778840507393	(23,18)
40.966630583552179498231505	(23,19)
40.840432278383397048664167	(23,20)
40.71295082791038384274373	(23,21)
40.586977719904050889484294	(23,22)
40.465417755301082687387803	(23,23)
40.351189802580792337350031	(23,24)
40.247125307382247585006877	(23,25)
40.155868812456613574792492	(23,26)
40.079784543129193565905265	(23,27)
40.020872731564967043640886	(23,28)
39.98069883779479573557838	(23,29)
39.9603382272747759757166	(23,30)
38.997988557030901910403777	(24,1)
38.997905835072273912222609	(24,2)
38.997348014486194670060659	(24,3)
38.995551863981884469952113	(24,4)
38.991425438505081475955087	(24,5)
38.983609047913125264824755	(24,6)
38.970552410326130323299214	(24,7)
38.950604558610435934216309	(24,8)
38.922112380883383575737715	(24,9)
38.883523133436352950862305	(24,10)
38.833485914028051205139736	(24,11)
38.770946968585576059297253	(24,12)
38.695233858057053954723713	(24,13)
38.606123950790204283554936	(24,14)
38.503893424013005134672889	(24,15)
38.389343926125733024961648	(24,16)
38.263805215687801353489095	(24,17)
38.129113377976535982203529	(24,18)
37.987565535087958597419542	(24,19)
37.841853213031221673044813	(24,20)
37.694977614943553232167642	(24,21)
37.550150893988291421610767	(24,22)
37.410688068229109405443735	(24,23)
37.279894450479585763586029	(24,24)
37.160953391120102143081978	(24,25)
37.056818795067747959098641	(24,26)
36.970116342816649655604822	(24,27)
36.903056698674061534745308	(24,28)
36.85736330436697047751308	(24,29)
36.8342166968517156901404	(24,30)
36.265581489028471049060599	(25,1)
36.265487265067372247053939	(25,2)
36.264851885679749538855754	(25,3)
36.262806034267033538462627	(25,4)
36.258106149554018612736061	(25,5)
36.249204247155915712750209	(25,6)
36.234336542220283709551146	(25,7)
36.211627041873928320713065	(25,8)
36.179201386703492024933274	(25,9)
36.135305461292411197916108	(25,10)
36.07842274878656626153751	(25,11)
36.007384160200456262989262	(25,12)
35.921464199322459717350436	(25,13)
35.820457873027715939575449	(25,14)
35.704733726406336273684274	(25,15)
35.575259724278523205759209	(25,16)
35.433600318103850147586625	(25,17)
35.281884792982310876894105	(25,18)
35.122748723770813942598504	(25,19)
34.959251922041313197856922	(25,20)
34.794777488633377607736134	(25,21)
34.632917403522083841751367	(25,22)
34.477350443368514432996534	(25,23)
34.331718132575351337900838	(25,24)
34.19950397231986484876308	(25,25)
34.083920457624543988811704	(25,26)
33.98780750753466329180502	(25,27)
33.913545019408916928800027	(25,28)
33.86298141827864400974112	(25,29)
33.8373793781504194096559	(25,30)
33.676412599264848793220177	(26,1)
33.676307565015435040651102	(26,2)
33.675599291804482000049584	(26,3)
33.673318766703228464038107	(26,4)
33.668079982010227521594247	(26,5)
33.658158168864622164870048	(26,6)
33.641589379875178288751845	(26,7)
33.616287231715249250133889	(26,8)
33.580171512302050697862587	(26,9)
33.531302358499263069529935	(26,10)
33.468012945865045876947856	(26,11)
33.38903323907740694208463	(26,12)
33.293597451759996902194093	(26,13)
33.181528534953792762246878	(26,14)
33.053294264154210304211559	(26,15)
32.910031254554271034481512	(26,16)
32.753535352923504451673493	(26,17)
32.586219121722391189368836	(26,18)
32.411039306788900126812772	(26,19)
32.231399033948634726315322	(26,20)
32.051030828846494341414931	(26,21)
31.873867289904845486023704	(26,22)
31.70390634663121373251015	(26,23)
31.545077569450329132729849	(26,24)
31.401115094638290458264965	(26,25)
31.275441560130127909256532	(26,26)
31.171066195462744683214139	(26,27)
31.090499034159296452832837	(26,28)
31.03568224312796451317012	(26,29)
31.0079388648095410370431	(26,30)
31.256119522900427361275758	(27,1)
31.25600430565014275589329	(27,2)
31.25522736916292098935341	(27,3)
31.252725798970930845510281	(27,4)
31.246979461675114975637741	(27,5)
31.236097259646845947036492	(27,6)
31.217927229037651090877927	(27,7)
31.190185973645377319339446	(27,8)
31.150601587461143316873113	(27,9)
31.097062955949634840745883	(27,10)
31.027767316033225438177561	(27,11)
30.941357393426826685144465	(27,12)
30.837039500652203366544968	(27,13)
30.714674785491640357208409	(27,14)
30.574837385727214148837574	(27,15)
30.418835471970262801036459	(27,16)
30.248693832696989121917563	(27,17)
30.067099476493076371336406	(27,18)
29.877314363759190321505061	(27,19)
29.683061526133901409834645	(27,20)
29.488392257938603354879686	(27,21)
29.297542657106952130325089	(27,22)
29.114787568066800263539726	(27,23)
28.944299064566961990933556	(27,24)
28.790015215540944962540549	(27,25)
28.655523247660082706247294	(27,26)
28.543959593872979217891308	(27,27)
28.457927896944148090903032	(27,28)
28.39943495788784874665524	(27,29)
28.3698439487533283553506	(27,30)
29.018088053028293127892081	(28,1)
29.017963215677015599458533	(28,2)
29.017121412292349534853301	(28,3)
29.014411027819381178946496	(28,4)
29.008185275261831315483721	(28,5)
28.996396130228929169481627	(28,6)
28.976714564075931244790693	(28,7)
28.946672286513084731330495	(28,8)
28.903818617195583726185798	(28,9)
28.845884552452734890572152	(28,10)
28.770944809760252162962666	(28,11)
28.6775678825945296702996	(28,12)
28.564944163604898138172895	(28,13)
28.43298315413580824399147	(28,14)
28.282372698964753564684755	(28,15)
28.114595931324646945313408	(28,16)
27.931904895196336670153487	(28,17)
27.737253229566229078563399	(28,18)
27.534193415197312598381042	(28,19)
27.326746506684981747867782	(28,20)
27.119253728723733694821792	(28,21)
26.916219697696385243915835	(28,22)
26.722156402110745629532107	(28,23)
26.541435645938200165498899	(28,24)
26.378155725809145933008184	(28,25)
26.236026002476702119153751	(28,26)
26.118271036709072687397934	(28,27)
26.027554319169067395260883	(28,28)
25.96592047427715651983557	(28,29)
25.9347542117966514914964	(28,30)
26.96593841526953349752724	(29,1)
26.965804462185838188557408	(29,2)
26.9649011936025531819129	(29,3)
26.961992954991572189507224	(29,4)
26.955313006356031259774426	(29,5)
26.942664840456037585539568	(29,6)
26.921552229071394688116463	(29,7)
26.889332960707058865174199	(29,8)
26.843389370300647245635507	(29,9)
26.781306889293738769127801	(29,10)
26.70105025821762084284232	(29,11)
26.601126084910602837878823	(29,12)
26.480720415046966239971374	(29,13)
26.339801116861669694304977	(29,14)
26.17917720204532694252381	(29,15)
26.000510530490156213506299	(29,16)
25.806279297620902611218311	(29,17)
25.599696760666305316148856	(29,18)
25.384592267618358466259978	(29,19)
25.165264327751601812433096	(29,20)
24.946316892993935054120681	(29,21)
24.732490114729169545856802	(29,22)
24.528495731644837392204799	(29,23)
24.338865234889241456012673	(29,24)
24.167816446234654210810068	(29,25)
24.019141543777936694186854	(29,26)
23.896117230399445733636296	(29,27)
23.801435913697525005034928	(29,28)
23.73715558715037127758855	(29,29)
23.7046655978405730974334	(29,30)
25.096153981145271427932959	(30,1)
25.096011366226865929648943	(30,2)
25.095049693814214733628983	(30,3)
25.091953465503299043282836	(30,4)
25.084842023517544092475132	(30,5)
25.071377995098247379473462	(30,6)
25.048906879633113950003577	(30,7)
25.014622526330604950445623	(30,8)
24.965751094627537950180688	(30,9)
24.899743868631947738370254	(30,10)
24.814467377687904147357161	(30,11)
24.708378086644206037902897	(30,12)
24.580668860767936656066429	(30,13)
24.431375745887574595172818	(30,14)
24.261436373406385282636349	(30,15)
24.072695269249535651147766	(30,16)
23.8678560282570804480743	(30,17)
23.650385055043072711360771	(30,18)
23.424375678794073971034981	(30,19)
23.194384345612029878868703	(30,20)
22.965251931568606961764182	(30,21)
22.741922945091927105791753	(30,22)
22.529273715813675914512699	(30,23)
22.331958016153340773793832	(30,24)
22.154275442766139078848353	(30,25)
22.000064794655743755681371	(30,26)
21.872622024395856529001081	(30,27)
21.774640369905009696736482	(30,28)
21.70816911212922898696328	(30,29)
21.6745870399967827194092	(30,30)
23.400433873277857251703712	(31,1)
23.400283008223497964099934	(31,2)
23.399265708796586055029193	(31,3)
23.395990439056403450348418	(31,4)
23.388468102131279924303122	(31,5)
23.374227385190469865692549	(31,6)
23.350463655973001507187661	(31,7)
23.314215972799892444530854	(31,8)
23.262564299077553828391047	(31,9)
23.192836412554396175454014	(31,10)
23.102811716146523078175117	(31,11)
22.990907719082304966619739	(31,12)
22.856334857930980550034995	(31,13)
22.699206892510431649463966	(31,14)
22.520597384476800071720471	(31,15)
22.32253744820347324505754	(31,16)
22.107955441458077031278446	(31,17)
21.880564724393693697659406	(31,18)
21.644710221736580067875826	(31,19)
21.405187598854134332114454	(31,20)
21.16705003658498288016407	(31,21)
20.935416856166718692117936	(31,22)
20.715295929567872201314819	(31,23)
20.511428461570783334842978	(31,24)
20.328160980725136752052318	(31,25)
20.16934581000793994642632	(31,26)
20.038268345702340346206842	(31,27)
19.937597413076732209246955	(31,28)
19.86935387256026940301448	(31,29)
19.8348924649430410019339	(31,30)
21.867596332063979194531102	(32,1)
21.867437593923420884538308	(32,2)
21.866367210649265534105091	(32,3)
21.862921095430668204222254	(32,4)
21.855006733691336576444219	(32,5)
21.840025228683356700617581	(32,6)
21.815029308225182402342582	(32,7)
21.77691169632838770413651	(32,8)
21.722615443732716639945293	(32,9)
21.649354798576673973280265	(32,10)
21.554832518989839068272064	(32,11)
21.437437822309971696156013	(32,12)
21.2964090299217288246233	(32,13)
21.131946795331040028429751	(32,14)
20.945267639230618959802509	(32,15)
20.73859298191792842960117	(32,16)
20.515075201527486141250158	(32,17)
20.278668464971061568323526	(32,18)
20.033957177758065000951777	(32,19)
19.785958102957552699427853	(32,20)
19.539913124790346018747415	(32,21)
19.301088345597364636364449	(32,22)
19.074592163283188501794623	(32,23)
18.865220879505624628183798	(32,24)
18.677335999005233377668484	(32,25)
18.514773363558950766434443	(32,26)
18.380781089341823559473262	(32,27)
18.277981184103365930152787	(32,28)
18.20834874579910282400522	(32,29)
18.1732026749656351100867	(32,30)
20.4850094817614285659927	(33,1)
20.48484321943931441978038	(33,2)
20.483722105688246168642615	(33,3)
20.480112729745473765609918	(33,4)
20.471823808805608313668974	(33,5)
20.456134754268973308041486	(33,6)
20.429962614047701416119377	(33,7)
20.390061662263921513467596	(33,8)
20.3332467349381155391206	(33,9)
20.256627952592841192397154	(33,10)
20.157841363349785167896694	(33,11)
20.035258045519149062569648	(33,12)
19.888154043035032683657884	(33,13)
19.716825636285355169387171	(33,14)
19.522638914291945589076842	(33,15)
19.308008940886110804260117	(33,16)
19.076311070010155298723153	(33,17)
18.831733972020894579602691	(33,18)
18.579089509188800510554143	(33,19)
18.323597869265286947008733	(33,20)
18.070666950252686428423342	(33,21)
17.825683051934850936918169	(33,22)
17.593826084317220924577934	(33,23)
17.37991761731449953870774	(33,24)
17.18830506686299612201648	(33,25)
17.022780882519095003884339	(33,26)
16.886532253607666839769295	(33,27)
16.78211478996006843808681	(33,28)
16.71144283247393745446485	(33,29)
16.6757893295418789354298	(33,30)
19.239602184464432082385748	(34,1)
19.239428724162068664476797	(34,2)
19.238259080196368940337686	(34,3)
19.234493535139679413243506	(34,4)
19.225846386834413001775681	(34,5)
19.209480870397657205927428	(34,6)
19.18218487913097540960679	(34,7)
19.140581647150782148000894	(34,8)
19.081365996226032619557	(34,9)
19.001552813685729517139892	(34,10)
18.898720861377902733242956	(34,11)
18.771232716435960289053304	(34,12)
18.618411458315388114103431	(34,13)
18.440657187530571163834599	(34,14)
18.239491619852141046045937	(34,15)
18.01752626357595613220129	(34,16)
17.778357936608522662710415	(34,17)
17.526403199724901084463762	(34,18)
17.266689310175067709157782	(34,19)
17.004622565188470386317819	(34,20)
16.745755048995820620308756	(34,21)
16.495568109428301397007942	(34,22)
16.259286167910390163435301	(34,23)
16.04172876104866465952029	(34,24)
15.847203057522316134198463	(34,25)
15.679434299646779456972246	(34,26)
15.541528164800053527178097	(34,27)
15.435957079452022632579244	(34,28)
15.36456194468737818887952	(34,29)
15.328561293627088603604	(34,30)
18.118536014125927082040024	(35,1)
18.118355663835289208569437	(35,2)
18.11713956710628321979469	(35,3)
18.113224548869119705740123	(35,4)
18.104234594666535073447025	(35,5)
18.087221974307520098121102	(35,6)
18.058851596004697462840856	(35,7)
18.015622667320220752740663	(35,8)
17.954117766716717875656115	(35,9)
17.871264983078952341916372	(35,10)
17.764594723276880655546994	(35,11)
17.632470168492255931506674	(35,12)
17.474270165173726304096006	(35,13)
17.29050619390098671723565	(35,14)
17.082860983272550805192291	(35,15)
16.854144614580353491475108	(35,16)
16.608173257734928340674669	(35,17)
16.349584328398948568176109	(35,18)
16.083608299918193638149186	(35,19)
15.815820582161769973625717	(35,20)
15.551896478377218216067386	(35,21)
15.297388695170646094979711	(35,22)
15.057541215783671967911831	(35,23)
14.837146802279833752055758	(35,24)
14.640449139150168043966055	(35,25)
14.471085531845974364150929	(35,26)
14.332062586696139898775358	(35,27)
14.225755503353960738197007	(35,28)
14.15392131442692544030881	(35,29)
14.1177172748331517160992	(35,30)
17.109621144978489651760645	(36,1)
17.109434198179851872765423	(36,2)
17.108173628254521408001551	(36,3)
17.104115517264741967179972	(36,4)
17.094797451923349174264168	(36,5)
17.077165701855496837301633	(36,6)
17.047768067770650677133869	(36,7)
17.00298640954390502539634	(36,8)
16.939298455221968353441329	(36,9)
16.853553502579463696508665	(36,10)
16.743242047495046626986652	(36,11)
16.606736420475299202181278	(36,12)
16.443479324110531352992474	(36,13)
16.254100455802467971873349	(36,14)
16.04044816195897263596599	(36,15)
15.805532440117628986575441	(36,16)
15.553385999858250480134866	(36,17)
15.288859581196689839637387	(36,18)
15.017374542609275635013942	(36,19)
14.744658732301578707937714	(36,20)
14.476490601679313680421197	(36,21)
14.218472040166676986342067	(36,22)
13.975843746271781483565509	(36,23)
13.7533495598521950941144	(36,24)
13.555149368040935775888921	(36,25)
13.384774862282182921364032	(36,26)
13.245118981402945940645267	(36,27)
13.138448315219814330469605	(36,28)
13.06642777020104766510529	(36,29)
13.0301479929633118000951	(36,30)
16.201548367803350871925014	(37,1)
16.201355106512108187156402	(37,2)
16.200051965610943751015256	(37,3)
16.195856892828901243913548	(37,4)
16.186224835577075730840654	(37,5)
16.168000830582694630328032	(37,6)
16.137621208266133532657064	(37,7)
16.09135687382666901391983	(37,8)
16.025587758061664524849962	(37,9)
15.937091967662691682385646	(37,10)
15.823328039402040719189291	(37,11)
15.682685404926348329760585	(37,12)
15.514678008225674270435321	(37,13)
15.320059793627088511248133	(37,14)
15.100848455338586949475028	(37,15)
14.860254375969388074564692	(37,16)
14.602523223485277040823245	(37,17)
14.332711001323650412874333	(37,18)
14.056417473646521500795632	(37,19)
13.779506614673711357859779	(37,20)
13.507840912751013477968464	(37,21)
13.247050846320063366521134	(37,22)
13.00235313984432152127939	(37,23)
12.778423179246930911963205	(37,24)
12.579319645441309616944574	(37,25)
12.408453929426095852111489	(37,26)
12.268593573595705577651871	(37,27)
12.161887723203965506498192	(37,28)
12.08990296291969592263441	(37,29)
12.0536594477826294684161	(37,30)
15.383994891887141881285722	(38,1)
15.383795589173797828168425	(38,2)
15.382451719156055391032105	(38,3)
15.378125620673601826324914	(38,4)
15.368193240109927707344865	(38,5)
15.349402990099744283041777	(38,6)
15.318085169331229807469404	(38,7)
15.270405873789406528098	(38,8)
15.202653978561639941833178	(38,9)
15.111543602978736307805611	(38,10)
14.99450877288739881374922	(38,11)
14.849963342806350831217836	(38,12)
14.677499120060279863967054	(38,13)
14.477999444694349368434518	(38,14)
14.253654136243256012066628	(38,15)
14.007873491612834434823409	(38,16)
13.745111748424148879766115	(38,17)
13.470621580087651803228793	(38,18)
13.190168564518124755163617	(38,19)
12.909736918022087469214692	(38,20)
12.635255095099334456030268	(38,21)
12.372363225798057662378102	(38,22)
12.126235575252754910006661	(38,23)
11.901462163177656461429734	(38,24)
11.701985912950367513886976	(38,25)
11.531086125713888035248057	(38,26)
11.391395958395760868758757	(38,27)
11.284940683502187495311283	(38,28)
11.21318429715084304483932	(38,29)
11.1770739234971935499311	(38,30)
14.647647349545514073103544	(39,1)
14.647442271628510990843294	(39,2)
14.646059468097150842391932	(39,3)
14.641608130463899304470117	(39,4)
14.631388748164750887720552	(39,5)
14.61205759244497498327742	(39,6)
14.57984420399169178530029	(39,7)
14.530815797577164141289421	(39,8)
14.461176642751414256496012	(39,9)
14.367583683343253687477184	(39,10)
14.247453362966885407569534	(39,11)
14.099230613532625481677744	(39,12)
13.922590909401245400848431	(39,13)
13.718551189856976759247432	(39,14)
13.489475164744790565205776	(39,15)
13.238971593280446609283205	(39,16)
12.971698075931915663404682	(39,17)
12.693094856985336775787631	(39,18)
12.409080685737765170999737	(39,19)
12.125744650482042731736801	(39,20)
11.849064231048003313805136	(39,21)
11.584671999160866039326421	(39,22)
11.337683511521490527479254	(39,23)
11.112589108413671922436492	(39,24)
10.913204185363066803376544	(39,25)
10.742666935789636182870064	(39,26)
10.603469724049525243008211	(39,27)
10.497509760293559530982447	(39,28)
10.42614596074036182211943	(39,29)
10.3902511066706684027838	(39,30)
13.984173301263553038040315	(40,1)
13.983962709252932944102786	(40,2)
13.982542733305277149839886	(40,3)
13.97797183127753193958642	(40,4)
13.967478508016131012673626	(40,5)
13.947631276693760508582756	(40,6)
13.914564056407350429214097	(40,7)
13.864250914895379325425375	(40,8)
13.792817689346100473862078	(40,9)
13.69687056805508132270119	(40,10)
13.573814803825832219405472	(40,11)
13.422132357782063348397367	(40,12)
13.241587308316400673406922	(40,13)
13.033333400301761503593437	(40,14)
12.799908944059447006852383	(40,15)
12.545118708888615543643354	(40,16)
12.273817647721004243887695	(40,17)
11.991624022202963577026111	(40,18)
11.704597142000927838537737	(40,19)
11.418916208153370529372265	(40,20)
11.140592005608664175966485	(40,21)
10.87523412650542232319044	(40,22)
10.627885418759124300407392	(40,23)
10.402924782265558997369991	(40,24)
10.204030989268027874837847	(40,25)
10.034194724458008075168799	(40,26)
9.895763550471344594430596	(40,27)
9.790504475023201385413452	(40,28)
9.71967044949964688924208	(40,29)
9.6840597010250898314575	(40,30)
13.386163005185107617676246	(41,1)
13.385947156537459836162501	(41,2)
13.38449174456937522219477	(41,3)
13.379806872596403915292895	(41,4)
13.369052480202628810052776	(41,5)
13.348713628501216687516615	(41,6)
13.314833636494209553181996	(41,7)
13.263298983833711608346139	(41,8)
13.190162981575893480934374	(41,9)
13.091987087782523830078188	(41,10)
12.966171200609776860372528	(41,11)
12.811239527426448962386927	(41,12)
12.627048780388217991047544	(41,13)
12.414891680170310607715346	(41,14)
12.177480768318129455019439	(41,15)
11.918813373773482264070823	(41,16)
11.643935024418406280485023	(41,17)
11.358632062062599497164322	(41,18)
11.069091872457234365761231	(41,19)
10.781569722866868181401794	(41,20)
10.502095289115475914812767	(41,21)
10.236241597381674219374771	(41,22)
9.988967025316761437874821	(41,23)
9.764529750304071285876011	(41,24)
9.566465367414188374952068	(41,25)
9.397613089047543989332043	(41,26)
9.260173860723728794152681	(41,27)
9.155784193181293435227403	(41,28)
9.08559161555164063254753	(41,29)
9.0503205578589415484163	(41,30)
12.847056090667621080062511	(42,1)
12.846835240399280044646575	(42,2)
12.845346112279702992441947	(42,3)
12.840552810748980259360705	(42,4)
12.829550091965619833681565	(42,5)
12.808743811946380536289696	(42,6)
12.774091614450056993573013	(42,7)
12.72139778942766135000881	(42,8)
12.646648768097087167817909	(42,9)
12.546366904792081741026948	(42,10)
12.417952007207470673604114	(42,11)
12.259974983892254636727369	(42,12)
12.072388271658726124707436	(42,13)
11.856624675446851079419694	(42,14)
11.615569511799930085029457	(42,15)
11.353408241717203954697819	(42,16)
11.075369478219593654254229	(42,17)
10.787397407678276733595309	(42,18)
10.495795237425115154179225	(42,19)
10.206881067819083457943621	(42,20)
9.926690432155345790295038	(42,21)
9.66074806698160124284162	(42,22)
9.41391832367149987747916	(42,23)
9.190331755255210317408941	(42,24)
8.993376610590839457806599	(42,25)
8.825738905150013443975775	(42,26)
8.689473127807136390354859	(42,27)
8.58608663093414786789207	(42,28)
8.51662330837278070645164	(42,29)
8.4817353844820096283948	(42,30)
12.361062648918248545482536	(43,1)
12.360837050613565757898274	(43,2)
12.359315916477805101404145	(43,3)
12.354419693520600979568412	(43,4)
12.343181311705276758159663	(43,5)
12.321931624927216465469417	(43,6)
12.286547444821626638508299	(43,7)
12.232756121118915901655298	(43,8)
12.156482596570657409424753	(43,9)
12.054215345183352890909678	(43,10)
11.923358762145170519070995	(43,11)
11.762534128582462842985734	(43,12)
11.571791736139680355160009	(43,13)
11.352704508464611227636937	(43,14)
11.108328002319115754315417	(43,15)
10.843030443739229093472604	(43,16)
10.562215398197174830861583	(43,17)
10.271974457497592616759897	(43,18)
9.978714731078099589753733	(43,19)
9.68880482692929340269349	(43,20)
9.40827454365638935181674	(43,21)
9.142590474613377169732565	(43,22)
8.896515537842442089869009	(43,23)
8.674048019658983197124421	(43,24)
8.478426863382218405229364	(43,25)
8.312185190455304951021456	(43,26)
8.177232944605972633286146	(43,27)
8.074951077221765258042628	(43,28)
8.00628269625804292475055	(43,29)
7.9718101145452023405484	(43,30)
11.923084673345279419571945	(44,1)
11.922854579989237194866503	(44,2)
11.921303145848528398494271	(44,3)
11.91630949534301740633694	(44,4)
11.904848075487202548931127	(44,5)
11.883178909422067552606909	(44,6)
11.847102750222804305352739	(44,7)
11.792275117363101837064319	(44,8)
11.714564605457331824711577	(44,9)
11.610430624934316599622368	(44,10)
11.477286239370024055818311	(44,11)
11.313805975551149495820395	(44,12)
11.120139137602898965793831	(44,13)
10.897997729013713486925019	(44,14)
10.650603956392827536102315	(44,15)
10.38250255600814567338674	(44,16)
10.099263350318910688205368	(44,17)
9.80711479362652338400477	(44,18)
9.512556415520891944528464	(44,19)
9.221995997430401763592922	(44,20)
8.941447495486013346077454	(44,21)
8.676311362685266088957441	(44,22)
8.431243747670247842357674	(44,23)
8.210108147887242552536739	(44,24)
8.015994263339513501680252	(44,25)
7.851284433947374102064244	(44,26)
7.717747495473118944848521	(44,27)
7.616641963991925220251869	(44,28)
7.54881389743966155387927	(44,29)
7.5147785679208879313088	(44,30)
11.52864134664760311418812	(45,1)
11.52840701130639670271916	(45,2)
11.5268269836331310997335	(45,3)
11.52174139991956224883313	(45,4)
11.51006956217368769557869	(45,5)
11.48800481265380640850177	(45,6)
11.45127655983371091474933	(45,7)
11.39547347110908540494021	(45,8)
11.31641268569869296387584	(45,9)
11.21052895854882872024136	(45,10)
11.075247498806145137431043	(45,11)
10.909298146127017609128357	(45,12)
10.71292940059055493201705	(45,13)
10.487990246353317618678914	(45,14)
10.237864929689423134973045	(45,15)
9.967267617225978604706253	(45,16)
9.681925217056517502180699	(45,17)
9.388192499337028494496858	(45,18)
9.092650464799576335971962	(45,19)
8.801735794937951596628625	(45,20)
8.521438004158392179499097	(45,21)
8.257085229905549923825704	(45,22)
8.013223489421853637502633	(45,23)
7.793580935931624228197609	(45,24)
7.601099914238549837757128	(45,25)
7.438015686390489497220435	(45,26)
7.305960723021534104273431	(45,27)
7.206076077362630357632797	(45,28)
7.13911521366774334246672	(45,29)
7.1055296931231810930296	(45,30)
11.173800056640584540526	(46,1)
11.1735617330095542933174	(46,2)
11.17195482242897041648774	(46,3)
11.16678281215908866825592	(46,4)
11.154913198839747007769	(46,5)
11.13247678041024440684789	(46,6)
11.09513628324560552750254	(46,7)
11.03841837563921437043343	(46,8)
10.95809339018623643755185	(46,9)
10.85057542595769257928761	(46,10)
10.713304709236705173455	(46,11)
10.54506765387245466392647	(46,12)
10.34621117354610466457641	(46,13)
10.118718097972315238356726	(46,14)
9.866129129777783544338629	(46,15)
9.593320031849464948836954	(46,16)
9.306165240615382197084497	(46,17)
9.011135388205681111698286	(46,18)
8.714882615178357373477044	(46,19)
8.423863343605083356425713	(46,20)
8.144035559921889060825289	(46,21)
7.88065067890651457726332	(46,22)
7.638143085748545362945947	(46,23)
7.420106837904208447251117	(46,24)
7.229340441155581125960597	(46,25)
7.067937160906312155329869	(46,26)
6.937398941415690366331955	(46,27)
6.838755163969629080836082	(46,28)
6.77267172305892745402408	(46,29)
6.7395401505317918914059	(46,30)
10.85511398139410934116116	(47,1)
10.85487192422917445880867	(47,2)
10.85323984842650311094041	(47,3)
10.84798693989907171776661	(47,4)
10.83593223679179540741796	(47,5)
10.81314812252719506158828	(47,6)
10.77523525912716342020576	(47,7)
10.71766304940919487165821	(47,8)
10.63615942840677936014244	(47,9)
10.52712143326387127434807	(47,10)
10.38800657659176666520325	(47,11)
10.21765830953869023106005	(47,12)
10.01652022918901115847011	(47,13)
9.78670487437743741485264	(47,14)
9.531902903197175692306955	(47,15)
9.257143162540242566315198	(47,16)
8.968437763450677300224108	(47,17)
8.672362928249484436971506	(47,18)
8.375632294931362253718909	(47,19)
8.084714015561424288152907	(47,20)
7.805528960304719118798565	(47,21)
7.543249110854235698182123	(47,22)
7.302197455985026494475639	(47,23)
7.08583684153744280696653	(47,24)
6.896826883347781843650951	(47,25)
6.737125104937235674138257	(47,26)
6.608109663396063484584653	(47,27)
6.510704705285306730707207	(47,28)
6.44549400926637453312461	(47,29)
6.4128130157840054302232	(47,30)
10.56956643537997897823449	(48,1)
10.5693209008262373817829	(48,2)
10.56766538676150624660028	(48,3)
10.56233713704155008816403	(48,4)
10.55011008968701623912004	(48,5)
10.52700234179031487366482	(48,6)
10.4885570695525554349646	(48,7)
10.43019103006506972606248	(48,8)
10.34759393543683923923132	(48,9)
10.23714895503683255575318	(48,10)
10.09633256326746906262042	(48,11)
9.92404492878145489423102	(48,12)
9.72082368108566349012157	(48,13)
9.48890597397265113648939	(48,14)
9.23212506492420772878805	(48,15)
8.955653772981606509525036	(48,16)
8.665631819683243187986219	(48,17)
8.368731007153586465625764	(48,18)
8.071717572991383666038117	(48,19)
7.78106455380342310736123	(48,20)
7.502651579401828256123456	(48,21)
7.241570098191648206745971	(48,22)
7.002033540650806631383513	(48,23)
6.78737789181355458746592	(48,24)
6.600130071244479292186082	(48,25)
6.442119098084056256904671	(48,26)
6.314606803694287030608068	(48,27)
6.21841902972591445814333	(48,28)
6.15406320208225106607911	(48,29)
6.1218227812552565849969	(48,30)
10.31452178289674206016847	(49,1)
10.31427302872596603207954	(49,2)
10.31259581423560545602172	(49,3)
10.30719781431273350575285	(49,4)
10.29481123986602531391455	(49,5)
10.27140403217797402772388	(49,6)
10.23246642558320126502951	(49,7)
10.17336704269495816575953	(49,8)
10.08976131952065466703329	(49,9)
9.97802136116886638413119	(49,10)
9.83564369973492487047269	(49,11)
9.66158414146308828304171	(49,12)
9.45647081200377861418798	(49,13)
9.22265947950717029836152	(49,14)
8.96411785678967059130782	(49,15)
8.68615310210917095450518	(49,16)
8.395022352815599608023435	(49,17)
8.097483308828218193210137	(49,18)
7.800346692746859779410954	(49,19)
7.510084742811971388707008	(49,20)
7.232533137642134759148301	(49,21)
6.972703203453838897020174	(49,22)
6.734702113926231309594329	(49,23)
6.521744644500364176924495	(49,24)
6.336232278747156207057426	(49,25)
6.179873576918029793979478	(49,26)
6.053822069332645994082685	(49,27)
5.958812581001350905204846	(49,28)
5.89528215368851508365372	(49,29)
5.8634664828647306801212	(49,30)
10.08768251296812799813614	(50,1)
10.08743079873536815793595	(50,2)
10.08573363358951183244933	(50,3)
10.08027151179746987688309	(50,4)
10.06773830697253129516699	(50,5)
10.04405594036751048475666	(50,6)
10.00466621775967353684076	(50,7)
9.94489403553522990638363	(50,8)
9.86036428076657463006011	(50,9)
9.74744041979439882350421	(50,10)
9.60363957843798785792064	(50,11)
9.42797139044922871559189	(50,12)
9.22115009918910207298309	(50,13)
8.98564323777463688202024	(50,14)
8.725544112510717942549	(50,15)
8.44628414314599418920239	(50,16)
8.15422762909417541008988	(50,17)
7.856208867457767908634185	(50,18)
7.559075755506615394983659	(50,19)
7.269295191909812230056742	(50,20)
6.992657540061931901878951	(50,21)
6.734095817790966055024377	(50,22)
6.497615565678079563035244	(50,23)
6.286317140861488469699286	(50,24)
6.102484752751931555030515	(50,25)
5.947715199366994370748901	(50,26)
5.823062159223461315524024	(50,27)
5.729176973254919177364269	(50,28)
5.66643238690014167925588	(50,29)
5.6350205915625254018996	(50,30)
9.88705196943195326755373	(51,1)
9.88679755656026868252779	(51,2)
9.88508220303656771326586	(51,3)
9.87956162692995144803786	(51,4)
9.86689477247987349424135	(51,5)
9.84296168400351390022565	(51,6)
9.80316022478638643332531	(51,7)
9.74277587605248030342609	(51,8)
9.65740649330599706322615	(51,9)
9.54340896773145160882851	(51,10)
9.39832102014067044719466	(51,11)
9.22120360825153232214102	(51,12)
9.01285192254310947502777	(51,13)
8.7758376256476314967136	(51,14)
8.51437010919003505989217	(51,15)
8.23399460407757144801792	(51,16)
7.94117232046648429976503	(51,17)
7.642805271444575691325016	(51,18)
7.345772026232668876374406	(51,19)
7.056530706371291002260649	(51,20)
6.780826262951394397102666	(51,21)
6.523516506282491135960015	(51,22)
6.288511149308456374213582	(51,23)
6.078803910336636692823575	(51,24)
5.896570637746288473381189	(51,25)
5.743305577270960437651382	(51,26)
5.619971311295625108604864	(51,27)
5.527143379057876735302249	(51,28)
5.46513636698346241779998	(51,29)
5.4341032239275347848546	(51,30)
9.71090219937928315957879	(52,1)
9.71064535118067366711814	(52,2)
9.70891358420907308529751	(52,3)
9.70334026107239732418167	(52,4)
9.69055282320724865096266	(52,5)
9.66639358971342664842663	(52,6)
9.62622094321774166092776	(52,7)
9.5652851699087715593336	(52,8)
9.47916041293172969477287	(52,9)
9.36419870969849626713475	(52,10)
9.21795787284874458149686	(52,11)
9.03954703007158900614523	(52,12)
8.82983641222747693327502	(52,13)
8.5914934565682308790107	(52,14)
8.32883355685073248739934	(52,15)
8.04750499882367901351599	(52,16)
7.75405570483556345201312	(52,17)
7.45544696472293233906317	(52,18)
7.158582310632656813395783	(52,19)
6.869908699179360606410479	(52,20)
6.595126747846288297694069	(52,21)
6.339023327160116481103696	(52,22)
6.105419172285566772207814	(52,23)
5.897209988723389454049335	(52,24)
5.716472793858620207997363	(52,25)
5.564608885754704901085323	(52,26)
5.442498714814890105126481	(52,27)
5.350649775149823854598347	(52,28)
5.28932462697029932366428	(52,29)
5.2586412043739910518254	(52,30)
9.55774639479761410062025	(53,1)
9.5574873764374906085743	(53,2)
9.55574098336540597147324	(53,3)
9.55012065951336216229167	(53,4)
9.53722578861838318109535	(53,5)
9.51286512558467955106885	(53,6)
9.4723620127150783079327	(53,7)
9.41093567712716046063341	(53,8)
9.32413968411373576338095	(53,9)
9.20832261954327207637206	(53,10)
9.06106141555918260697197	(53,11)
8.88150961413992420372612	(53,12)
8.67060590486183657352337	(53,13)
8.43110449468480210255211	(53,14)
8.16741619123220661484326	(53,15)
7.88528133278156429729499	(53,16)
7.59132444665166550933016	(53,17)
7.2925581092808317744456	(53,18)
6.995905870100078621884056	(53,19)
6.707802114646980842259593	(53,20)
6.433905280855401255572315	(53,21)
6.178936611447478228443465	(53,22)
5.946635625606921555435334	(53,23)
5.7398093584253615965344	(53,24)
5.560446025121266475468626	(53,25)
5.409863875611707824896475	(53,26)
5.28887032222378637965858	(53,27)
5.197912586668717019084273	(53,28)
5.13720729163201290043384	(53,29)
5.106841526381020878202	(53,30)
9.4263154381583004972317	(54,1)
9.42605451657025050009593	(54,2)
9.42429529659366195604353	(54,3)
9.41863375560854841482585	(54,4)
9.40564468259472718521232	(54,5)
9.38110743873229917528915	(54,6)
9.34031474738448766028506	(54,7)
9.27845883575585969982109	(54,8)
9.1910756563321278212752	(54,9)
9.07451145285045449196794	(54,10)
8.92636087534982724570612	(54,11)
8.74581757668907587045688	(54,12)
8.53388151419427531230705	(54,13)
8.29338408091272656165749	(54,14)
8.02882047265953570458603	(54,15)
7.74601188462747626972666	(54,16)
7.45164945981475536574836	(54,17)
7.1527895124135196825984	(54,18)
6.856371381368634556293399	(54,19)
6.56881637602208836541099	(54,20)
6.295743876476265839038636	(54,21)
6.04181573061906182421677	(54,22)
5.810698789129110673641533	(54,23)
5.605121357298204725816453	(54,24)
5.426993273733710097319814	(54,25)
5.277559852869147821488571	(54,26)
5.157564631767687625918476	(54,27)
5.067402306656992100050473	(54,28)
5.00724958066075451267096	(54,29)
4.9771667951941846052369	(54,30)
9.31553811122767049268166	(55,1)
9.31527555498482798925797	(55,2)
9.31350531828776931578936	(55,3)
9.30780837833007237504956	(55,4)
9.29473840892488740080397	(55,5)
9.27004955714816654065254	(55,6)
9.22900833228936009244934	(55,7)
9.16678395194752368087096	(55,8)
9.07889756833781633416335	(55,9)
8.96169392904378956858537	(55,10)
8.81278361518565237821592	(55,11)
8.63139559793133762002502	(55,12)
8.41858337139364426573581	(55,13)
8.17724542479083404871238	(55,14)
7.91194994381021040134565	(55,15)
7.62858763677124064553123	(55,16)
7.33390640590463174057048	(55,17)
7.03499917378287020724125	(55,18)
6.73881749968781599436336	(55,19)
6.451769921322103708772074	(55,20)
6.179440737088568433674971	(55,21)
5.926439431516804617397916	(55,22)
5.696369400632995966164773	(55,23)
5.491890652612816124696418	(55,24)
5.3148453849979115940501	(55,25)
5.16641623744013070918349	(55,26)
5.047292058828343415719335	(55,27)
4.957822713374223150250792	(55,28)
4.89815091669309139381409	(55,29)
4.8683142791929369578445	(55,30)
9.22452458040444106997152	(56,1)
9.22426065955342716889523	(56,2)
9.2224812261960174357645	(56,3)
9.21675473651641271276397	(56,4)
9.20361724378363656989616	(56,5)
9.17880186906509536311557	(56,6)
9.13755329829158483810896	(56,7)
9.0750216694596705885997	(56,8)
8.98671601308689807283415	(56,9)
8.86898019530437995210644	(56,10)
8.71943860412892014010287	(56,11)
8.53735030987452033557385	(56,12)
8.3238141447865600851362	(56,13)
8.08178517095659258291893	(56,14)
7.81589285449205728254767	(56,15)
7.53208596252439749166791	(56,16)
7.23715943678663195955913	(56,17)
6.93823606367525916934761	(56,18)
6.6422766407785498363325	(56,19)
6.35567794800445171216675	(56,20)
6.08399391531420146594996	(56,21)
5.831789373122187902115961	(56,22)
5.602614030963638171643848	(56,23)
5.399070430053917743002333	(56,24)
5.222944099831862140003709	(56,25)
5.075365363845431525182272	(56,26)
4.956977563907693567331699	(56,27)
4.868093357100928552377583	(56,28)
4.80882731235056195978504	(56,29)
4.7791982453389715481828	(56,30)
9.15255282712263954434638	(57,1)
9.15228781298578147652374	(57,2)
9.15050101157918709209235	(57,3)
9.14475084835437156430984	(57,4)
9.13155926371727713819728	(57,5)
9.10664254832089200580157	(57,6)
9.06522794364257488690659	(57,7)
9.00245038687512215577559	(57,8)
8.91380935142903536484428	(57,9)
8.79564824002528144754948	(57,10)
8.6456028371354569361138	(57,11)
8.4629567324420727362291	(57,12)
8.24884550468131161544066	(57,13)
8.00626990511580570766849	(57,14)
7.73990871786435200335177	(57,15)
7.45575723462496782429808	(57,16)
7.16064784743552287542752	(57,17)
6.86172680074159754096455	(57,18)
6.56596165363562716197434	(57,19)
6.279739043575764740982438	(57,20)
6.008587862366726494319479	(57,21)
5.757036554914604346924061	(57,22)
5.528591361723472250544838	(57,23)
5.325808500695579251678601	(57,24)
5.150427983637713507406032	(57,25)
5.003538237753031774986576	(57,26)
4.885746254993313568016242	(57,27)
4.797335037119650664963502	(57,28)
4.73839675892354937840316	(57,29)
4.7089353022900835827925	(57,30)
9.09905774593851422188118	(58,1)
9.09879191088985900178338	(58,2)
9.09699957709526804279984	(58,3)
9.09123163870565622911204	(58,4)
9.07799944173692791289056	(58,5)
9.05300664829941800090118	(58,6)
9.011467424850130466468	(58,7)
8.94850534496872827940503	(58,8)
8.85961279679492498652379	(58,9)
8.74113297774689102256995	(58,10)
8.59071042593304150003143	(58,11)
8.40764737880364359372284	(58,12)
8.19310725352439018157456	(58,13)
7.95012531917872817023533	(58,14)
7.68341751752838747536932	(58,15)
7.39901407492016223851704	(58,16)
7.10377536005569190428387	(58,17)
6.80486495267218047829084	(58,18)
6.5092551111529738462309	(58,19)
6.223324433669667065191768	(58,20)
5.952582599235013338787269	(58,21)
5.701530379370297320665608	(58,22)
5.473641113784605184830452	(58,23)
5.271436079580396094587984	(58,24)
5.096621049893905447542988	(58,25)
4.950253010665764594079486	(58,26)
4.832911729747853282360315	(58,27)
4.744858036583731270771522	(58,28)
4.68616738587673001697919	(58,29)
4.6568325210757643137216	(58,30)
9.06362268470071292043256	(59,1)
9.06335630192121328084131	(59,2)
9.06156027680895652857615	(59,3)
9.05578047867307341832764	(59,4)
9.04252118590651981202979	(59,5)
9.01747763881674744369188	(59,6)
8.9758552911493667882774	(59,7)
8.91277015846894289315073	(59,8)
8.82370994498468062545436	(59,9)
8.70501777942994017261558	(59,10)
8.5543441344738411732561	(59,11)
8.37100380293348614537293	(59,12)
8.15617889389016133198169	(59,13)
7.91292780764526060262541	(59,14)
7.64599133746250043185422	(59,15)
7.36142301763291232791061	(59,16)
7.06610181316204990349512	(59,17)
6.76720273564355355989282	(59,18)
6.47170099753219215784892	(59,19)
6.185969630498004691899317	(59,20)
5.915505298119783121330948	(59,21)
5.664790140781237469831458	(59,22)
5.437275423476218510923139	(59,23)
5.235459037067268789356041	(59,24)
5.061023883376231916654268	(59,25)
4.915005980724745091596201	(59,26)
4.797966967849676740624536	(59,27)
4.710152927288986969659556	(59,28)
4.65162820426671177715168	(59,29)
4.6223781469455621030226	(59,30)
9.04597325032855914208998	(60,1)
9.04570659354571204553847	(60,2)
9.04390872184999834793497	(60,3)
9.03812299092813074419236	(60,4)
9.02485014394137334540106	(60,5)
8.99978120945447370688312	(60,6)
8.95811728604956229805291	(60,7)
8.8949706156245909957663	(60,8)
8.80582657235276768423009	(60,9)
8.68702827116925773562194	(60,10)
8.53622918177797122117751	(60,11)
8.3527504118455367215166	(60,12)
8.13778345636144526804894	(60,13)
7.89439831700312969013619	(60,14)
7.62734823654397142208337	(60,15)
7.34269840840659299510312	(60,16)
7.04733707892044314275685	(60,17)
6.74844493769835479875582	(60,18)
6.45299862024995215620685	(60,19)
6.167368312694374331564641	(60,20)
5.897044108794820751816429	(60,21)
5.646498778859679448735864	(60,22)
5.419172508582202300002181	(60,23)
5.217551468409024583486855	(60,24)
5.043307111306219211643848	(60,25)
4.897464970207768054537424	(60,26)
4.780577625787653968405625	(60,27)
4.692883797861490402755122	(60,28)
4.63444228834356846037392	(60,29)
4.605234757024791741574	(60,30)