e^2_(sigma,mu)
2.1338325401e-7	(1,1)
1.91694283273e-6	(1,2)
5.3054187461e-6	(1,3)
0.0000103417992162	(1,4)
0.0000169712402804	(1,5)
0.000025121838915	(1,6)
0.000034705608693	(1,7)
0.000045619617652	(1,8)
0.000057747245816	(1,9)
0.000070959521543	(1,10)
0.000085116501274	(1,11)
0.000100068665738	(1,12)
0.000115658316171	(1,13)
0.000131720965546	(1,14)
0.00014808673085	(1,15)
0.00016458174187	(1,16)
0.00018102958867	(1,17)
0.00019725283319	(1,18)
0.00021307460917	(1,19)
0.00022832033	(1,20)
0.00024281951441	(1,21)
0.00025640772817	(1,22)
0.00026892862506	(1,23)
0.00028023605518	(1,24)
0.00029019619396	(1,25)
0.0002986896323	(1,26)
0.0003056133589	(1,27)
0.0003108825622	(1,28)
0.000314432178	(1,29)
0.00031621812	(1,30)
1.892442391787857e-6	(2,1)
0.00001700088356797259	(2,2)
0.00004705242172926126	(2,3)
0.00009171879839759506	(2,4)
0.0001505135856841104	(2,5)
0.0002227990274751451	(2,6)
0.0003077946757471964	(2,7)
0.0004045874672836146	(2,8)
0.0005121428661990772	(2,9)
0.000629316712676518	(2,10)
0.0007548674657592275	(2,11)
0.0008874686021637732	(2,12)
0.0010257210254151728	(2,13)
0.001168165439826782	(2,14)
0.001313294740788424	(2,15)
0.001459566555558947	(2,16)
0.001605416127629563	(2,17)
0.00174926976527133	(2,18)
0.001889559066571441	(2,19)
0.002024736087989289	(2,20)
0.002153289543753161	(2,21)
0.002273762015341963	(2,22)
0.002384768023043868	(2,23)
0.002485012676729791	(2,24)
0.00257331049347221	(2,25)
0.00264860385859156	(2,26)
0.00270998052610312	(2,27)
0.00275668951396363	(2,28)
0.0027881547551355	(2,29)
0.002803985919273	(2,30)
5.10897227867118335e-6	(3,1)
0.0000458967956098954852	(3,2)
0.0001270260556072325359	(3,3)
0.000247610500276589731	(3,4)
0.000406336750626697885	(3,5)
0.000601482676840697531	(3,6)
0.000830940614241174009	(3,7)
0.001092244478535724355	(3,8)
0.001382599786262074636	(3,9)
0.001698915624883559934	(3,10)
0.00203783774128316125	(3,11)
0.00239578211231828391	(3,12)
0.00276896860425824828	(3,13)
0.00315345459200915328	(3,14)
0.0035451686644614358	(3,15)
0.0039399447601131804	(3,16)
0.00433355723175846806	(3,17)
0.00472175741077401252	(3,18)
0.00510031221849990938	(3,19)
0.0054650452516346153	(3,20)
0.00581188055736718898	(3,21)
0.00613688902843855516	(3,22)
0.006436337012940826	(3,23)
0.0067067363791019762	(3,24)
0.0069448949357108404	(3,25)
0.0071479658186316271	(3,26)
0.0073134942443213947	(3,27)
0.007439459927305873	(3,28)
0.007524313476006359	(3,29)
0.0075670052250122	(3,30)
9.61363091631699628e-6	(4,1)
0.0000863646969399390813	(4,2)
0.00023902681775512224503	(4,3)
0.00046593211477211871014	(4,4)
0.0007646085767152261728	(4,5)
0.0011318143321405900585	(4,6)
0.0015635810078012289926	(4,7)
0.0020552644597122082951	(4,8)
0.0026016010632076834372	(4,9)
0.003196767814311810021	(4,10)
0.0038344447161411777248	(4,11)
0.0045078782735814899549	(4,12)
0.005209945356705809024	(4,13)
0.005933217168785220051	(4,14)
0.00667002351455098356	(4,15)
0.007412517955941139934	(4,16)
0.008152744719460899349	(4,17)
0.00888270834584942187	(4,18)
0.00959444702773300228	(4,19)
0.01028011035990108739	(4,20)
0.010932041843002015392	(4,21)
0.011542865965046844965	(4,22)
0.012105579081035375772	(4,23)
0.0126136426750434622	(4,24)
0.01306107698282077437	(4,25)
0.01344255243791059284	(4,26)
0.01375347603598870222	(4,27)
0.01399006953421865601	(4,28)
0.0141494364421925944	(4,29)
0.01422961502620147	(4,30)
0.000015102832028042531774	(5,1)
0.0001356772973258987981	(5,2)
0.0003755064887566775826	(5,3)
0.00073196968455027921655	(5,4)
0.00120118187401782606178	(5,5)
0.00177804682716857868456	(5,6)
0.00245632438461753822905	(5,7)
0.00322870941945809553407	(5,8)
0.00408691976546079703294	(5,9)
0.00502179049334366876288	(5,10)
0.0060233722330045666884	(5,11)
0.0070810317449116472724	(5,12)
0.008183553579034968701	(5,13)
0.0093192423517559002549	(5,14)
0.0104760258406594872403	(5,15)
0.0116415596660429899698	(5,16)
0.012803334727719129092	(5,17)
0.0139487887438993515036	(5,18)
0.0150654231650329230247	(5,19)
0.0161409264041472853837	(5,20)
0.0171633037575966096585	(5,21)
0.0181210136323354136927	(5,22)
0.019003108815249967257	(5,23)
0.019799380599228954882	(5,24)
0.020500502709528106583	(5,25)
0.021098171241380525856	(5,26)
0.021585236304587760291	(5,27)
0.02195582083400207981	(5,28)
0.02220542210327603868	(5,29)
0.022330991881884593	(5,30)
0.0000212708160958628522888	(6,1)
0.000191087781660000865026	(6,2)
0.000528862784829564110336	(6,3)
0.001030903699283188906678	(6,4)
0.001691735611229133259712	(6,5)
0.002504173911803920201863	(6,6)
0.003459417303568681100182	(6,7)
0.00454715743844261234065	(6,8)
0.00575570168442849114461	(6,9)
0.00707210560653626803523	(6,10)
0.00848231212447346805984	(6,11)
0.00997129492695600729363	(6,12)
0.01152320450555386135813	(6,13)
0.01312151602749206396005	(6,14)
0.01474917909579582614647	(6,15)
0.01638877014733507767082	(6,16)
0.01802264872750546113305	(6,17)
0.01963311908866494767092	(6,18)
0.02120259845081817588305	(6,19)
0.0227137928332055934284	(6,20)
0.0241498806442955639944	(6,21)
0.0254947032667375511542	(6,22)
0.026732960780601890066	(6,23)
0.0278504098377072405467	(6,24)
0.0288340596442549315781	(6,25)
0.0296723611367823148502	(6,26)
0.030355383841620453099	(6,27)
0.030874974661061456517	(6,28)
0.03122489297053135016	(6,29)
0.031400916946500707	(6,30)
0.0000278420483966308383148	(7,1)
0.0002501208596992998522046	(7,2)
0.0006922448766956876804109	(7,3)
0.0013493792621302585585922	(7,4)
0.002214351523757147974037	(7,5)
0.003277744054113628143559	(7,6)
0.004528012521543509986779	(7,7)
0.005951626398378077564518	(7,8)
0.007533227627530780584886	(7,9)
0.009255803477430402777904	(7,10)
0.011100869998893893936572	(7,11)
0.013048663124907735928304	(7,12)
0.015078335265555190433752	(7,13)
0.01716815614499901839146	(7,14)
0.01929571749465489699279	(7,15)
0.02143814194717600570112	(7,16)
0.02357229697403111567704	(7,17)
0.02567501490438653650963	(7,18)
0.02772331991686355535051	(7,19)
0.02969466240854156455679	(7,20)
0.03156716035562651209558	(7,21)
0.0333198462602306556646	(7,22)
0.03493291712708267373229	(7,23)
0.03638798374808851434626	(7,24)
0.0376683145107506305319	(7,25)
0.0387590680995161988995	(7,26)
0.0396475089191285334415	(7,27)
0.040323198900663798003	(7,28)
0.040778159586370953835	(7,29)
0.0410069990266664253	(7,30)
0.00003457566482789231028374	(8,1)
0.0003106127055651735330075	(8,2)
0.0008596639302739536257903	(8,3)
0.00167572158006905839676	(8,4)
0.0027498677952073847025765	(8,5)
0.004070384134029568219436	(8,6)
0.0056228928264755044244916	(8,7)
0.007390526156506403614046	(8,8)
0.009354120020511118278943	(8,9)
0.011492427654207577625042	(8,10)
0.013782349746645428229293	(8,11)
0.016199177624900713148139	(8,12)
0.018716846828368497875935	(8,13)
0.021308199108285196518505	(8,14)
0.023945251586491546441762	(8,15)
0.026599472388543492466581	(8,16)
0.029242062444300374084833	(8,17)
0.031844243262641939802414	(8,18)
0.034377550307294486999027	(8,19)
0.0368141311360471092319	(8,20)
0.03912704676009319397736	(8,21)
0.04129057380833217359302	(8,22)
0.04328050413838477333226	(8,23)
0.04507443762570253883811	(8,24)
0.04665206308472642906012	(8,25)
0.04799542171723100271651	(8,26)
0.0490891472058249321521	(8,27)
0.0499206766110897084275	(8,28)
0.050480426597269290938	(8,29)
0.0507619301864799481	(8,30)
0.00004124544730736537059222	(9,1)
0.00037053106602684529064549	(9,2)
0.00102549524190398567031334	(9,3)
0.0019989655550187929557173	(9,4)
0.0032802868624724282937435	(9,5)
0.0048554433635057682830204	(9,6)
0.0067072179380971872493833	(9,7)
0.008815386060627869346149	(9,8)
0.0111569411868478757409429	(9,9)
0.013706348264222152694181	(9,10)
0.0164358219247287381753245	(9,11)
0.0193156259701509499609578	(9,12)
0.02231439092011606792264	(9,13)
0.025399446614881652791935	(9,14)
0.028537167091330973196874	(9,15)
0.031693325124340663097453	(9,16)
0.03483345389821933753804	(9,17)
0.037923213213946197225912	(9,18)
0.040928757441485973893692	(9,19)
0.043817102112914459064043	(9,20)
0.046556485665256641423556	(9,21)
0.049116722441510336183275	(9,22)
0.051469542709332244826578	(9,23)
0.05358891521830366823945	(9,24)
0.05545134773180479273818	(9,25)
0.05703616105967697939131	(9,26)
0.05832573238118996289368	(9,27)
0.059305704062629726476	(9,28)
0.059965154705379612183	(9,29)
0.06029672976955125259	(9,30)
0.0000476079155002307751821	(10,1)
0.0004276886116255576118974	(10,2)
0.00118368491895388579449925	(10,3)
0.00230730951972810459799878	(10,4)
0.00378623849245182453790149	(10,5)
0.0056042395191025057933418	(10,6)
0.0077413422587825309949439	(10,7)
0.010174050149188133832511	(10,8)
0.0128755924493930245009666	(10,9)
0.0158162147797059060265012	(10,10)
0.0189635057719107549999161	(10,11)
0.0222827567494248006923309	(10,12)
0.0257373506474686507936696	(10,13)
0.0292891756917359908705479	(10,14)
0.0328990587098527418035203	(10,15)
0.0365272123797858489887429	(10,16)
0.0401336902498821638113228	(10,17)
0.04367884302585953545671	(10,18)
0.047123769444359539238095	(10,19)
0.050430755076077976561498	(10,20)
0.053563692655640029291465	(10,21)
0.056488478039455002558807	(10,22)
0.059173376644169391310447	(10,23)
0.061589356185361493917425	(10,24)
0.063710382655389321282997	(10,25)
0.06551367765940176574533	(10,26)
0.06697993636027847258123	(10,27)
0.06809350625510977918487	(10,28)
0.068842527721472087696	(10,29)
0.06921903766667988968	(10,30)
0.00005337527044339626270296	(11,1)
0.00047949987567824944759042	(11,2)
0.00132707720624757343387671	(11,3)
0.00258680421016068364317853	(11,4)
0.00424482912659550750244073	(11,5)
0.006282877615129298108328	(11,6)
0.00867842497810704138336667	(11,7)
0.01140491695520022832443015	(11,8)
0.01443204109408651235365	(11,9)
0.0177260496983542254176459	(11,10)
0.0212501338813218376876297	(11,11)
0.0249648464200038568161792	(11,12)
0.0288285690502901903601725	(11,13)
0.0327980177365195548270378	(11,14)
0.0368287774562859627683725	(11,15)
0.040875856328835919910822	(11,16)
0.044894247631207580693139	(11,17)
0.048839487514382023840001	(11,18)
0.0526681961436911689241229	(11,19)
0.0563385905939140108399152	(11,20)
0.0598109591301225501753702	(11,21)
0.063048088442713131176292	(11,22)
0.0660156378593793834204	(11,23)
0.068682457348377518147627	(11,24)
0.071020849027488909704818	(11,25)
0.07300677464341646371073	(11,26)
0.07462001382669824099826	(11,27)
0.07584427962653277870762	(11,28)
0.076667298716820837527	(11,29)
0.07708086365215632583	(11,30)
0.000058208485543361125925738	(12,1)
0.000522919188781137399481087	(12,2)
0.00144724274788670948852651	(12,3)
0.00282101823105748566197627	(12,4)
0.00462909377729967606033545	(12,5)
0.00685144103186194698323173	(12,6)
0.00946331830903552404821513	(12,7)
0.01243548954068219079097725	(12,8)
0.01573450558975713366785981	(12,9)
0.01932305291745713191479217	(12,10)
0.02316037199041241778587764	(12,11)
0.02720274440908806650055894	(12,12)
0.0314040438243792163056368	(12,13)
0.035716341636221411370429	(12,14)
0.0400905546089226032165351	(12,15)
0.0444771182563434892414759	(12,16)
0.04882666746960709944644	(12,17)
0.0530907046375457988068034	(12,18)
0.0572222356129284332942462	(12,19)
0.0611763553656028120221319	(12,20)
0.064910767977914215170936	(12,21)
0.0683862295964425825076092	(12,22)
0.0715669077600920623133797	(12,23)
0.07442065578471350423129	(12,24)
0.076919206141766242930529	(12,25)
0.079038291545219382107845	(12,26)
0.080757706307785180521886	(12,27)
0.08206132307391214374301	(12,28)
0.0829370810335787059106	(12,29)
0.08337696107065302105	(12,30)
0.00006173911163562219256694	(13,1)
0.000554636567672437299329316	(13,2)
0.001535020768900160915033823	(13,3)
0.002992095117618624977800582	(13,4)
0.00490973142722290717687128	(13,5)
0.0072665623908907820845018	(13,6)
0.01003612382333750313562529	(13,7)
0.01318705962718685863798869	(13,8)
0.01668340198112029221054381	(13,9)
0.0204849369362579087136218	(13,10)
0.0245476615882516504968484	(13,11)
0.02882433359958814752091442	(13,12)
0.03326510756684411319566355	(13,13)
0.03781824615347222142640452	(13,14)
0.04243088768030567725651184	(13,15)
0.0470498466102002609333147	(13,16)
0.0516224196338723627103409	(13,17)
0.0560971682882002567271939	(13,18)
0.0604246494731723272275741	(13,19)
0.0645580679367153217352603	(13,20)
0.0684538296126129563932914	(13,21)
0.072071981264091391995081	(13,22)
0.0753765296632929740538711	(13,23)
0.078335641850644046133966	(13,24)
0.080921736123916828311995	(13,25)
0.083111480563933920190974	(13,26)
0.084885721450764670972363	(13,27)
0.08622936734677576548511	(13,28)
0.0871312556070462540508	(13,29)
0.087584026540456479175	(13,30)
0.000063617754068141024121332	(14,1)
0.000571513213041449275317628	(14,2)
0.001581724391329965607288411	(14,3)
0.003083102923873757255616027	(14,4)
0.005058961076338561227582417	(14,5)
0.007487132327591974181021865	(14,6)
0.01034008096763252729051474	(14,7)
0.01358508064140010835106635	(14,8)
0.01718448137164669034745564	(14,9)
0.02109608146175898920731829	(14,10)
0.02527361501021974736678844	(14,11)
0.02966735804107653705695248	(14,12)
0.03422484718577343656875901	(14,13)
0.03889169532639777598190502	(14,14)
0.0436124795954843922684275	(14,15)
0.04833166957279148371231516	(14,16)
0.05299455825904301876412147	(14,17)
0.05754815606973642306379415	(14,18)
0.0619420090326995033279891	(14,19)
0.066128906626275939662905	(14,20)
0.0700654519658362807547503	(14,21)
0.0737124767330906695294774	(14,22)
0.0770352944939753947657261	(14,23)
0.0800037978504202129684116	(14,24)
0.0825924161416946658654892	(14,25)
0.084779960124048989834218	(14,26)
0.086549387337253822949915	(14,27)
0.087887526074089622229191	(14,28)
0.08878479665643395589165	(14,29)
0.089234966056500787034	(14,30)
0.000063575932003951300748158	(15,1)
0.000571137226008789713651756	(15,2)
0.0015806786469666239757644	(15,3)
0.003081032169770760471010074	(15,4)
0.005055441150991540270400621	(15,5)
0.007481580586526438989649031	(15,6)
0.010331623740043003587426697	(15,7)
0.01357238273498567858878696	(15,8)
0.01716555039628834292887507	(15,9)
0.02106806662202016573638767	(15,10)
0.0252326251047752116053134	(15,11)
0.02960832594054533033883152	(15,12)
0.03414146752891377703279493	(15,13)
0.03877645839879920849800405	(15,14)
0.04345681752811730539838263	(15,15)
0.0481262216833119575290987	(15,16)
0.05272955143845651324262186	(15,17)
0.05721388469557527860679752	(15,18)
0.06152938816624924931236689	(15,19)
0.06563006337537851898811044	(15,20)
0.06947431382937801634164877	(15,21)
0.0730253131530709270508431	(15,22)
0.0762511690225606303432524	(15,23)
0.0791248932013717324336657	(15,24)
0.0816242024890488984667708	(15,25)
0.0837311876002665626418121	(15,26)
0.085431895843178060654202	(15,27)
0.086715878235675813945961	(15,28)
0.08757575205557370208564	(15,29)
0.088006825827537077854	(15,30)
0.000061480950339383755257557	(16,1)
0.000552316551636411626856397	(16,2)
0.001528584731878059559435267	(16,3)
0.002979454927110213639099223	(16,4)
0.004888632242144240320377259	(16,5)
0.007234331450179344873815689	(16,6)
0.009989292909101231579060751	(16,7)
0.013120875801117890392089651	(16,8)
0.016591263917605309557612317	(16,9)
0.020357814341798576158483228	(16,10)
0.024373570110644111607461927	(16,11)
0.02858794504849440427167885	(16,12)
0.03294757369069791751897251	(16,13)
0.03739730312007441911037197	(16,14)
0.04188128836214967701836138	(16,15)
0.04634414044269297967875013	(16,16)
0.05073206779507137918732663	(16,17)
0.05499394849576593184443975	(16,18)
0.05908227333333605387439886	(16,19)
0.06295390788380771564235763	(16,20)
0.06657063485992316852300457	(16,21)
0.06989945477566742007655909	(16,22)
0.072912641792575235267627	(16,23)
0.0755875706767650081352142	(16,24)
0.0779063483061836448305413	(16,25)
0.0798552975547082716825801	(16,26)
0.081424351440640742526224	(16,27)
0.082606420419133728343711	(16,28)
0.08339679536683494308344	(16,29)
0.083792643357766440076	(16,30)
0.0000573645829744087761901298	(17,1)
0.000515336654220378839941034	(17,2)
0.001426233108126378976328984	(17,3)
0.002779914533745967024507984	(17,4)
0.004561076437256546981278062	(17,5)
0.006749174275643229354626337	(17,6)
0.009318384381181454306787565	(17,7)
0.012237643557293474723115879	(17,8)
0.01547081008905901866152179	(17,9)
0.018976983256263332694342599	(17,10)
0.022711007469176421014105724	(17,11)
0.026624171789526219310732885	(17,12)
0.030665097333890471179021225	(17,13)
0.03478078579502147077193395	(17,14)
0.03891778419707513529130034	(17,15)
0.04302340613989646779154641	(17,16)
0.04704694001383247939356855	(17,17)
0.05094077127746649228336011	(17,18)
0.05466134947259584762611559	(17,19)
0.0581699409928282317580171	(17,20)
0.06143312473994241719356	(17,21)
0.06442300806847676461940032	(17,22)
0.06711716277985601031662771	(17,23)
0.06949830316644999425914403	(17,24)
0.0715537481142400616336309	(17,25)
0.0732747252809662231366364	(17,26)
0.0746555861086382658096935	(17,27)
0.075693005220257051147273	(17,28)
0.07638523648103190886264	(17,29)
0.076731491067517313657	(17,30)
0.0000514160104865190430542429	(18,1)
0.0004618970697551804245824982	(18,2)
0.0012783278539424752653969739	(18,3)
0.002491582890325611292103276	(18,4)
0.004087833760825522909692959	(18,5)
0.006048425994219966512053177	(18,6)
0.008349784616282063472979392	(18,7)
0.010963397494854999669106529	(18,8)
0.013855925744414586628988316	(18,9)
0.016989484153357184650534735	(18,10)
0.020322122178489995136586645	(18,11)
0.023808518548873263864495607	(18,12)
0.027400881640329831595437004	(18,13)
0.031050025751366605421281739	(18,14)
0.034706572744418017132450074	(18,15)
0.038322211705262579161578856	(18,16)
0.041850938457911374624718	(18,17)
0.04525019343747015297036518	(18,18)
0.04848182118037854437490356	(18,19)
0.05151278718098130397310878	(18,20)
0.05431560680476687503458775	(18,21)
0.05686846432383355354720815	(18,22)
0.05915502548135332726441246	(18,23)
0.0611639717187170228113201	(18,24)
0.0628883059469457794530094	(18,25)
0.0643244966284301787737873	(18,26)
0.0654715377165587297432429	(18,27)
0.066330006135393380874286	(18,28)
0.06690119606827183727941	(18,29)
0.0671864009785045135254	(18,30)
0.000043942929266202310806721	(19,1)
0.0003947620254713564126360847	(19,2)
0.0010925196694826327719199287	(19,3)
0.0021293753017947445088335501	(19,4)
0.0034933877878446827190902037	(19,5)
0.00516834843483174256417362	(19,6)
0.007133634664349024507131462	(19,7)
0.009364138309009315682206389	(19,8)
0.011830322800760312379903517	(19,9)
0.014498456765098541123697466	(19,10)
0.017331058026203227694976733	(19,11)
0.02028756287337006039268752	(19,12)
0.023325212521151593206971245	(19,13)
0.026400124510231537457600383	(19,14)
0.029468494179685092335134417	(19,15)
0.032487853110446321081901764	(19,16)
0.035418299996742097682500457	(19,17)
0.038223616374817312868126924	(19,18)
0.040872185623372760666421132	(19,19)
0.04333764811351666745512539	(19,20)
0.0455992467413673103522738	(19,21)
0.04764184292989772873611148	(19,22)
0.04945561069906225668993485	(19,23)
0.05103544269968444097706676	(19,24)
0.05238012465628371811659531	(19,25)
0.0534913515665659233273828	(19,26)
0.0543726691428385549340629	(19,27)
0.055028427028073632555248	(19,28)
0.055462826634681003472059	(19,29)
0.055679136892084410798	(19,30)
0.0000353152374595609454520869	(20,1)
0.0003172545381376282789528666	(20,2)
0.0008780057094732954102500749	(20,3)
0.0017112210784273867300831476	(20,4)
0.0028071663561935983426434914	(20,5)
0.0041525171092796445222249516	(20,6)
0.0057301675668552342574225674	(20,7)
0.00751910862679345860621837	(20,8)
0.00949443239012280235483391	(20,9)
0.011627513583425972955747248	(20,10)
0.013886404084697275437486503	(20,11)
0.01623645659474674137098319	(20,12)
0.018641169292690334690326999	(20,13)
0.021063217771850146204583498	(20,14)
0.023465616753750608974300485	(20,15)
0.025812935087209422193174145	(20,16)
0.028072475950891465317414549	(20,17)
0.030215331702714156570953815	(20,18)
0.032217229999968225142588155	(20,19)
0.034059103923444500700804896	(20,20)
0.035727341997604537816381749	(20,21)
0.03721370148128182797738707	(20,22)
0.03851489697341843872356167	(20,23)
0.03963190316372239403951281	(20,24)
0.04056903287131260856102692	(20,25)
0.04133286754553901745245844	(20,26)
0.0419311262458348793312853	(20,27)
0.0423715607275301684939978	(20,28)
0.042660959283401373110125	(20,29)
0.0428043315153240020106	(20,30)
0.0000259086975523727457193041	(21,1)
0.0002327503035282449392771607	(21,2)
0.000644128856694934855647923	(21,3)
0.0012553331650119881096052966	(21,4)
0.0020590611295061775891004321	(21,5)
0.0030451895444169812013033076	(21,6)
0.0042005480131124161744798894	(21,7)
0.0055087544824326910178339138	(21,8)
0.0069501705170222507322053303	(21,9)
0.008502027514789865267535929	(21,10)
0.010138760817500410946560592	(21,11)
0.011832568228583326564236222	(21,12)
0.013554184857698137700188592	(21,13)
0.015273840264182003008489601	(21,14)
0.01696233979582914679011259	(21,15)
0.01859219302612430330390719	(21,16)
0.020138700977010646941435817	(21,17)
0.021580912100852615182259303	(21,18)
0.022902365231600702920542102	(21,19)
0.024091554980387328881969093	(21,20)
0.02514207921030158635487462	(21,21)
0.02605245629805545695938276	(21,22)
0.02682562854992700294771112	(21,23)
0.02746819423889190538943137	(21,24)
0.02798943174664709701664838	(21,25)
0.02840019361324985478296993	(21,26)
0.0287117552970462933659576	(21,27)
0.0289347034013578666160569	(21,28)
0.029077941963882274699684	(21,29)
0.02914788442162402426	(21,30)
0.0000160617431846823134105826	(22,1)
0.0001442896685220440918352053	(22,2)
0.0003993038166569017513631476	(22,3)
0.0007781149038903632023673862	(22,4)
0.0012759929616453018020077315	(22,5)
0.001886222354701501801180646	(22,6)
0.0025998531429907943750201517	(22,7)
0.0034055044337655950018536682	(22,8)
0.0042892761127949790265643115	(22,9)
0.0052348187622065951127966369	(22,10)
0.0062235978171134897684832039	(22,11)
0.007235368153350329343055929	(22,12)
0.00824885134008854158333756	(22,13)
0.009242582523170360980834571	(22,14)
0.010195870572273884810297293	(22,15)
0.011089796957278729547522487	(22,16)
0.011908168501277339464718596	(22,17)
0.012638338349968473261835074	(22,18)
0.013271818518640144391762087	(22,19)
0.013804625132090862019856361	(22,20)
0.014237321640620201321072019	(22,21)
0.014574752753754954956452064	(22,22)
0.014825489204653840881972563	(22,23)
0.01500102766479099377307012	(22,24)
0.0151148088399896434014896	(22,25)
0.01518112866699623738256071	(22,26)
0.01521402230525675361484268	(22,27)
0.015226198872480002717329	(22,28)
0.015228097786789914730882	(22,29)
0.0152271265871315019452	(22,30)
6.0509575643535391591589e-6	(23,1)
0.0000543573408546222838006066	(23,2)
0.0001504074522927657534490851	(23,3)
0.0002929717465002926854570254	(23,4)
0.0004799623502195986055617998	(23,5)
0.0007081867385789776728178532	(23,6)
0.0009730906993538706452519653	(23,7)
0.0012685416873119741319073047	(23,8)
0.0015867044936178171377333612	(23,9)
0.0019180552220524430271401465	(23,10)
0.0022515669517441574649433113	(23,11)
0.0025750821329307331899843929	(23,12)
0.0028758645804139300985832886	(23,13)
0.0031413005501683287215462135	(23,14)
0.003359696916778151336826838	(23,15)
0.00352110800724434433397496	(23,16)
0.003618113733641163342412815	(23,17)
0.003646471813538989736899572	(23,18)
0.003605576241702954761229329	(23,19)
0.003498671554279245702058231	(23,20)
0.003332795414142456261633808	(23,21)
0.00311844753346243342179597	(23,22)
0.002869007680937480891543007	(23,23)
0.002599946650613193206439699	(23,24)
0.00232788958250241505926168	(23,25)
0.00206959995052704467018006	(23,26)
0.00184095492323717431316185	(23,27)
0.001655979524704537706309	(23,28)
0.001525999432321262380869	(23,29)
0.00145896183277792250254	(23,30)
-3.91609754871200555499933e-6	(24,1)
-0.00003518203132819039323293232	(24,2)
-0.00009739949302880737051640357	(24,3)
-0.0001900361598184430294108266	(24,4)
-0.0003125203019383478372874729	(24,5)
-0.0004644738223286470254611042	(24,6)
-0.0006459621590952514819450133	(24,7)
-0.0008577173490362625403671822	(24,8)
-0.0011012897026310809693826708	(24,9)
-0.0013790885004580041162755752	(24,10)
-0.0016942828806627180201251646	(24,11)
-0.0020505498524772778731031859	(24,12)
-0.0024516755094951494775924533	(24,13)
-0.0029010356708531896350340317	(24,14)
-0.0034010005612246116791051439	(24,15)
-0.0039523219790260756258975949	(24,16)
-0.004553568447488519923021527	(24,17)
-0.0052006728235817855628104495	(24,18)
-0.005886647741054502738045196	(24,19)
-0.006601508355147906785105498	(24,20)
-0.007332421446741843254809836	(24,21)
-0.008064077926559067068004237	(24,22)
-0.008779265081109900003848806	(24,23)
-0.009459597960773632629646809	(24,24)
-0.010086357712353856571153166	(24,25)
-0.010641378983159819034854944	(24,26)
-0.01110792841363711238252869	(24,27)
-0.01147152063871746237456217	(24,28)
-0.0117206257242145793941922	(24,29)
-0.01184723114932754389833	(24,30)
-0.00001369581890416826633590423	(25,1)
-0.00012303837569808032000014322	(25,2)
-0.00034054650275248909732943654	(25,3)
-0.00066394850896969548864719829	(25,4)
-0.00109003164262603200502432722	(25,5)
-0.0016148463050509281527131661	(25,6)
-0.0022339322564002427917799571	(25,7)
-0.0029425335244389732814765857	(25,8)
-0.0037357679261742611350802001	(25,9)
-0.0046087207541570434033946555	(25,10)
-0.005556440315579655889915952	(25,11)
-0.0065738250628441472470235952	(25,12)
-0.0076554067479389277179778736	(25,13)
-0.0087950494903121197682634837	(25,14)
-0.0099855986259017970719530814	(25,15)
-0.0112185234752289530757872371	(25,16)
-0.0124836029526950960693809229	(25,17)
-0.0137687012938969527030535743	(25,18)
-0.0150596732213538507250719295	(25,19)
-0.0163404247819242115929618774	(25,20)
-0.0175931398780732052754772859	(25,21)
-0.0187986656006599605898323918	(25,22)
-0.019937034205087905570106701	(25,23)
-0.020988087807015465495416469	(25,24)
-0.021932164675593940554144192	(25,25)
-0.022750803568083584426750933	(25,26)
-0.023427424310578487286173948	(25,27)
-0.02394794769464463330820089	(25,28)
-0.02430132442480644398762106	(25,29)
-0.024479950096365056437609	(25,30)
-0.00002319709532302006024845834	(26,1)
-0.00020839318601065868112624741	(26,2)
-0.00057676818869221536933177053	(26,3)
-0.00112434907154746697857546087	(26,4)
-0.0018453232476248083961373417	(26,5)
-0.0027321977029172935955191182	(26,6)
-0.0037759841661992910466751559	(26,7)
-0.0049663906121860818161484973	(26,8)
-0.0062919987239726289692385778	(26,9)
-0.0077404089012388785210361657	(26,10)
-0.0092983390734108063517250951	(26,11)
-0.0109516706467654070505908139	(26,12)
-0.01268544360990110445489296	(26,13)
-0.0144838119605328791367799751	(26,14)
-0.0163299787670678938751817203	(26,15)
-0.0182061359212385855854154293	(26,16)
-0.020093435866646044365247098	(26,17)
-0.0219720207722642624641550113	(26,18)
-0.0238211289531094877221081112	(26,19)
-0.0256192897205476275229438038	(26,20)
-0.027344607689170984471500427	(26,21)
-0.028975127506852070642315177	(26,22)
-0.030489261512525628627644459	(26,23)
-0.031866257047172179398196458	(26,24)
-0.033086677542298035046364541	(26,25)
-0.034132871967922154142684434	(26,26)
-0.03498941011574852474964209	(26,27)
-0.03564346559587186268814569	(26,28)
-0.0360851333383116054306418	(26,29)
-0.03630767295408539625302	(26,30)
-0.00003236808566664100169520413	(27,1)
-0.0002907807411125276566025805	(27,2)
-0.00080477554755672479351200151	(27,3)
-0.0015687248800057587147165704	(27,4)
-0.0025742700277183955819501958	(27,5)
-0.0038104184112230890587186855	(27,6)
-0.0052636697998491435379830068	(27,7)
-0.0069181687265854952735554167	(27,8)
-0.008755879874272941781970873	(27,9)
-0.0107567831001049766187167202	(27,10)
-0.0128990850565640892716649128	(27,11)
-0.0151594450568080520588821545	(27,12)
-0.0175132138082460723343731323	(27,13)
-0.0199346846734496410852928939	(27,14)
-0.0223973579130613852940187825	(27,15)
-0.0248742186221975812417930305	(27,16)
-0.0273380285813812524835711191	(27,17)
-0.0297616309637538479694790299	(27,18)
-0.0321182649348386372949703568	(27,19)
-0.034381884997350060587301601	(27,20)
-0.036527477930974071454668288	(27,21)
-0.038531368817921855564772948	(27,22)
-0.0403715072808532884146327	(27,23)
-0.042027725844603764509479949	(27,24)
-0.043481964186258735760012381	(27,25)
-0.044718455662153538965213719	(27,26)
-0.04572387544710683694711329	(27,27)
-0.04648745238554619823533531	(27,28)
-0.0470010487737251730453279	(27,29)
-0.04725921343179061055801	(27,30)
-0.00004118409836575185921823432	(28,1)
-0.00036997922002210960839785089	(28,2)
-0.00102395460883382950029323416	(28,3)
-0.0019958788234154464702438699	(28,4)
-0.003274906342500591299337503	(28,5)
-0.0048465956093342347585869068	(28,6)
-0.0066929579695200894375427057	(28,7)
-0.0087925550846825747239877389	(28,8)
-0.0111206623516101135406636331	(28,9)
-0.0136495132712520230986930481	(28,10)
-0.016348634617719287921726208	(28,11)
-0.019185275021193645116864791	(28,12)
-0.0221249209291882144179194726	(28,13)
-0.0251318848852000770696851459	(28,14)
-0.0281699428739974987962783544	(28,15)
-0.0312029913155429912919794725	(28,16)
-0.03419569108493676445653918	(28,17)
-0.0371140661976965982508808049	(28,18)
-0.039926028493129396549862375	(28,19)
-0.042601806213997978732905124	(28,20)
-0.045114262862110230396400027	(28,21)
-0.047439101957857542869816755	(28,22)
-0.049554962226649612274832059	(28,23)
-0.051443415367217898778770407	(28,24)
-0.053088884333251728865884842	(28,25)
-0.05447850372437427469718852	(28,26)
-0.05560194546424223032040539	(28,27)
-0.05645123266774871826036758	(28,28)
-0.0570205627912754900032045	(28,29)
-0.05730615816720933899495	(28,30)
-0.00004963785358439659192932915	(29,1)
-0.00044592322163584172809337375	(29,2)
-0.00123412432427893663540920194	(29,3)
-0.00240545772870406927407459	(29,4)
-0.0039466516593232190337424773	(29,5)
-0.0058398672968791211713440346	(29,6)
-0.0080626518518234358358370676	(29,7)
-0.0105879650101148784022794409	(29,8)
-0.0133843208153562804149323914	(29,9)
-0.0164160815502764236499470418	(29,10)
-0.0196439286040811554316368754	(29,11)
-0.0230255184446761218322137845	(29,12)
-0.026516311438056454946214251	(29,13)
-0.0300705400336003046763116524	(29,14)
-0.0336422639331566905061889114	(29,15)
-0.0371864463782643467261345607	(29,16)
-0.0406599799848890216723827441	(29,17)
-0.0440225937063753816903900171	(29,18)
-0.047237584036435976455732584	(29,19)
-0.050272331547404452834344699	(29,20)
-0.053098585367593782182908517	(29,21)
-0.055692519972929332042211962	(29,22)
-0.058034587785219367421301015	(29,23)
-0.0601092054763586616370021	(29,24)
-0.06190432061828598907663261	(29,25)
-0.06341090848814234277297476	(29,26)
-0.06462244731979067874017304	(29,27)
-0.0655344153913850233269449	(29,28)
-0.0661438464247616841138483	(29,29)
-0.06644897201413343343767	(29,30)
-0.00005773235583622480941119512	(30,1)
-0.0005186397356237965257116951	(30,2)
-0.0014353593622749666780469154	(30,3)
-0.0027976069620961105986682938	(30,4)
-0.0045897438428506954766550503	(30,5)
-0.0067905836956539182526068869	(30,6)
-0.0093732311163658893053129891	(30,7)
-0.012305021228653647795744208	(30,8)
-0.0155476309450189026820999545	(30,9)
-0.0190574235199124901542496851	(30,10)
-0.0227860687948204692194503252	(30,11)
-0.0266814531635302782202402109	(30,12)
-0.0306888588751667913933420252	(30,13)
-0.0347523565534107534851353279	(30,14)
-0.0388163233911871462797597542	(30,15)
-0.042826977864751951148483963	(30,16)
-0.0467338140717579403749515348	(30,17)
-0.050490826573158944186750599	(30,18)
-0.054057438654100186653707134	(30,19)
-0.057399079340900662054441629	(30,20)
-0.060487391764561941989948506	(30,21)
-0.063300091615986891610955685	(30,22)
-0.065820524470528696538621232	(30,23)
-0.068036991454850800110530165	(30,24)
-0.069941923017459568101419978	(30,25)
-0.07153098130237214403304264	(30,26)
-0.07280216499498735321080152	(30,27)
-0.0737549792708187983234441	(30,28)
-0.0743897202937523657892015	(30,29)
-0.07470691067162318887631	(30,30)
-0.00006547605483756020652053984	(31,1)
-0.0005882046698419110625169205	(31,2)
-0.0016278697951122805680033421	(31,3)
-0.0031727359298589626072441167	(31,4)
-0.0052048544284452687424410101	(31,5)
-0.0076997380186907334901629538	(31,6)
-0.0106260661445340762787017995	(31,7)
-0.0139455221866188597055146737	(31,8)
-0.01761286564816507258591954	(31,9)
-0.0215763296350231019642277095	(31,10)
-0.0257784057292973653443503004	(31,11)
-0.0301570364346202906758333512	(31,12)
-0.0346471844130347879749700413	(31,13)
-0.0391826949875445501616992379	(31,14)
-0.0436983225790621671228108433	(31,15)
-0.048131761296389956392439732	(31,16)
-0.0524255108858868812503960211	(31,17)
-0.05652842380503916187702891	(31,18)
-0.060396814831971256276092456	(31,19)
-0.063995064835538462944281207	(31,20)
-0.06729570616569068020207734	(31,21)
-0.070279029391529398574575956	(31,22)
-0.07293229241000589021173912	(31,23)
-0.075248638980195692094927543	(31,24)
-0.077225843688883000753790441	(31,25)
-0.07886499635030852498202383	(31,26)
-0.08016922487022823580022175	(31,27)
-0.0811425362632396822618518	(31,28)
-0.0817888349723476556724615	(31,29)
-0.08211115896556464244779	(31,30)
-0.00007287977689475168196071274	(32,1)
-0.0006547152834311343746201968	(32,2)
-0.0018119248070709281219373753	(32,3)
-0.0035313693851802389282827445	(32,4)
-0.0057928446942874332665425336	(32,5)
-0.0085686056240543492577658768	(32,6)
-0.0118229200507199597370074755	(32,7)
-0.0155117885156694725385336764	(32,8)
-0.0195829696400795130410578497	(32,9)
-0.0239764339469715872016622796	(32,10)
-0.0286253301568536426925143913	(32,11)
-0.0334574903340105448781028289	(32,12)
-0.0383974300387039456077135774	(32,13)
-0.0433687272372945096320006422	(32,14)
-0.0482966016298209229763879542	(32,15)
-0.0531104762189120254001036253	(32,16)
-0.057746293758740500483706982	(32,17)
-0.0621483846729874064587894	(32,18)
-0.066270735840306553757900193	(32,19)
-0.070077581293868479841334799	(32,20)
-0.073543313183729878663860434	(32,21)
-0.076651781245359523603684515	(32,22)
-0.07939510150604852702128312	(32,23)
-0.081772124873874368766266814	(32,24)
-0.083786723519419822782293578	(32,25)
-0.08544604158335807777138756	(32,26)
-0.08675883305511536520283107	(32,27)
-0.087733980483967114895011	(32,28)
-0.0883792593460221370133551	(32,29)
-0.08870038842396902830813	(32,30)
-0.0000799549130153426054852192	(33,1)
-0.0007182739097462647120630286	(33,2)
-0.0019878076481295359061525885	(33,3)
-0.0038740596379157458388300493	(33,4)
-0.0063546216623574693723343259	(33,5)
-0.0093985310475545830267440425	(33,6)
-0.0129656548997936512465770817	(33,7)
-0.0170062777100347194609036973	(33,8)
-0.021461073172070400026761328	(33,9)
-0.026261618945734164510536321	(33,10)
-0.0313315626147079380862914827	(33,11)
-0.036588471246035197458181718	(33,12)
-0.0419463045660171265385075249	(33,13)
-0.047318356918590581628029664	(33,14)
-0.052620432892773115299885706	(33,15)
-0.057773971927371937734345966	(33,16)
-0.062708829317069461487703123	(33,17)
-0.067365457465655242940246553	(33,18)
-0.071696305174470487295325094	(33,19)
-0.07566634971764317982408523	(33,20)
-0.079252778073587809365136664	(33,21)
-0.082443922412862825130943035	(33,22)
-0.085237618070146177497946104	(33,23)
-0.087639184041278920732740916	(33,24)
-0.08965922784554874886553084	(33,25)
-0.0913114549541643103041675	(33,26)
-0.09261062715587982781997719	(33,27)
-0.0935707735751753856471459	(33,28)
-0.0942037201868656793895533	(33,29)
-0.09451797348178151553529	(33,30)
-0.0000867124399898353218465742	(34,1)
-0.000778979162296870184034271	(34,2)
-0.0021557912973410130768116265	(34,3)
-0.0042013391293354268114313244	(34,4)
-0.0068910603240664846749517908	(34,5)
-0.0101908130209787782399320148	(34,6)
-0.0140560731880515664759281016	(34,7)
-0.0184313763952423857793348157	(34,8)
-0.0232502301784132887492309346	(34,9)
-0.0284356955123060284199710761	(34,10)
-0.0339017719565728649944579849	(34,11)
-0.039555624501777894133285723	(34,12)
-0.045300572501380361210265687	(34,13)
-0.051039640886789645581139261	(34,14)
-0.056679373536775335938631273	(34,15)
-0.062133549229305940222925294	(34,16)
-0.067326435899319590096925789	(34,17)
-0.072195271366890527758106727	(34,18)
-0.076691758129839307241625227	(34,19)
-0.080782486132927192404367751	(34,20)
-0.084448326075451392586233402	(34,21)
-0.087682944202494520613693299	(34,22)
-0.090490662203122529876111755	(34,23)
-0.092883917046831381238203376	(34,24)
-0.094880568759775486360758019	(34,25)
-0.09650126918502856477670556	(34,26)
-0.0977670544151125502043812	(34,27)
-0.09869727002309046162564	(34,28)
-0.0993078908377226946163961	(34,29)
-0.09961026141103654972947	(34,30)
-0.0000931624605517570285695763	(35,1)
-0.0008369218038278713620594801	(35,2)
-0.0023161270314696983023221303	(35,3)
-0.0045136981588359143249841756	(35,4)
-0.0074029671255128157929466805	(35,5)
-0.0109466505213716652650990774	(35,6)
-0.0150958435360596975174807117	(35,7)
-0.0197893030843138137559101524	(35,8)
-0.0249532959037046304685950833	(35,9)
-0.030502253621199167455084791	(35,10)
-0.036340397676031135814072794	(35,11)
-0.042364377075713546027432415	(35,12)
-0.048466815852265906872953983	(35,13)
-0.054540518592667903934419223	(35,14)
-0.060482960270558415751743488	(35,15)
-0.066200617449926618648316159	(35,16)
-0.071612698707456368831831621	(35,17)
-0.07665390458053885237845473	(35,18)
-0.081275976943926246471448822	(35,19)
-0.08544795749695298374618057	(35,20)
-0.089155233206514344303227469	(35,21)
-0.092397574931303096346218842	(35,22)
-0.095186456023966586623536689	(35,23)
-0.097541965305146034574635871	(35,24)
-0.099489609874116147177919677	(35,25)
-0.10105725182175996421914377	(35,26)
-0.10227235578806551813479101	(35,27)
-0.103159656673907224105898	(35,28)
-0.1037392997523819327383899	(35,29)
-0.1040254649845682724433	(35,30)
-0.0000993140469622794521217099	(36,1)
-0.0008921833412009361607958809	(36,2)
-0.0024690405370430992954601121	(36,3)
-0.0048115773109575140486007341	(36,4)
-0.0078910675613402055412092241	(36,5)
-0.0116671244648646263006513759	(36,6)
-0.0160864755257450367163867659	(36,7)
-0.0210820753337643595456603391	(36,8)
-0.026572885686833027931765203	(36,9)
-0.032464612155638310610916697	(36,10)
-0.038651590151224646248454148	(36,11)
-0.045019867480953206982513532	(36,12)
-0.051451352473722454107756322	(36,13)
-0.057828716971117520554172101	(36,14)
-0.064040597868647906639615123	(36,15)
-0.069986562480919039277027494	(36,16)
-0.075581311988912547728010841	(36,17)
-0.080757694122606557894592287	(36,18)
-0.085468260919233478374035108	(36,19)
-0.089685304705620516959599365	(36,20)
-0.09339949527549689964715661	(36,21)
-0.096617389414425259147049881	(36,22)
-0.099358170154061411016068208	(36,23)
-0.10164999366864209724096585	(36,24)
-0.103526287013028926926723748	(36,25)
-0.10502226897822994144293443	(36,26)
-0.10617188044579637411908157	(36,27)
-0.1070052280896082259320659	(36,28)
-0.107546578677133483345347	(36,29)
-0.10781289674408681632492	(36,30)
-0.0001051752485263947889312974	(37,1)
-0.0009448360929334927082874001	(37,2)
-0.0026147320975905980347258156	(37,3)
-0.0050953678223066851820321546	(37,4)
-0.0083560067838529824141915724	(37,5)
-0.0123531986260397763777316874	(37,6)
-0.017029321003890926863530609	(37,7)
-0.022311511500548036517508045	(37,8)
-0.028111377202058099781291524	(37,9)
-0.034325821550418490265146906	(37,10)
-0.040839213363504381564715987	(37,11)
-0.047526947799600305386781023	(37,12)
-0.054260235958814417475363548	(37,13)
-0.060911745779967897191552065	(37,14)
-0.067361546346421396570280547	(37,15)
-0.073502720841491658205549351	(37,16)
-0.079246033729585499687656877	(37,17)
-0.08452316384145953240761678	(37,18)
-0.089288219893139486794107138	(37,19)
-0.093517493722141357387071445	(37,20)
-0.097207629719515631342494591	(37,21)
-0.100372556137231610103213225	(37,22)
-0.103039613041177137267942501	(37,23)
-0.10524532131510568059024014	(37,24)
-0.107031182832683580154297106	(37,25)
-0.10843980853594252218558391	(37,26)
-0.10951156481323242537978518	(37,27)
-0.1102818306869025288085854	(37,28)
-0.1107788826773553456420926	(37,29)
-0.11102237671758808032047	(37,30)
-0.0001107531776213023406152012	(38,1)
-0.0009949439620266604204249582	(38,2)
-0.0027533787322969736331279909	(38,3)
-0.0053654157487422454153229683	(38,4)
-0.0087983564348846986197512544	(38,5)
-0.013005729730436782338864737	(38,6)
-0.01792558797026100629783143	(38,7)
-0.023479248864651552381782413	(38,8)
-0.029570933098030025247231453	(38,9)
-0.036088690972314253003195443	(38,10)
-0.042906876236264401192806546	(38,11)
-0.049890218185307308324003608	(38,12)
-0.056899291457208994446480447	(38,13)
-0.063796931793128361599689654	(38,14)
-0.070454949310833239125630077	(38,15)
-0.076760396640094614780257596	(38,16)
-0.082620684483677644578176634	(38,17)
-0.087966997527506371802953482	(38,18)
-0.09275571374678188757669043	(38,19)
-0.09696781400325585246007903	(38,20)
-0.100606526593131494671812533	(38,21)
-0.103693636233099337848106804	(38,22)
-0.106264975612626637230284294	(38,23)
-0.108365612272693903794695173	(38,24)
-0.11004516593164540347400144	(38,25)
-0.1113535728716667592877976	(38,26)
-0.11233748591772998996626125	(38,27)
-0.1130373852649227812740251	(38,28)
-0.1134853915252739418877857	(38,29)
-0.11370372306425510324443	(38,30)
-0.0001160541248434291157731814	(39,1)
-0.0010425634703534446556417765	(39,2)
-0.0028851370580219304567493974	(39,3)
-0.0056220275392227089062371628	(39,4)
-0.0092186237732821310795933493	(39,5)
-0.013625480909458071756237649	(39,6)
-0.018776359028774140180715462	(39,7)
-0.024586767585976587601825692	(39,8)
-0.03095353072923588502781621	(39,9)
-0.037755823736239441101188409	(39,10)
-0.04485797312540839609626741	(39,11)
-0.052114071095272089693441641	(39,12)
-0.059374161373155946109677475	(39,13)
-0.066491462549647409848016846	(39,14)
-0.07332987109284126948644623	(39,15)
-0.079770886202506792831995667	(39,16)
-0.085719152615970540565884514	(39,17)
-0.091106017325306879736336594	(39,18)
-0.095890796578845322024156848	(39,19)
-0.10005978174847580832955287	(39,20)
-0.103623305592492483039823027	(39,21)
-0.106611390901276542653622869	(39,22)
-0.109068587949127607767330394	(39,23)
-0.111048582537264950098174725	(39,24)
-0.11260905178160927234472297	(39,25)
-0.11380709884461332941495744	(39,26)
-0.11469544715085795860324902	(39,27)
-0.1153194463246785498882067	(39,28)
-0.115714851059551037605331	(39,29)
-0.11590628436290892132593	(39,30)
-0.0001210836766625376328066924	(40,1)
-0.0010877448155425535603317643	(40,2)
-0.0030101462130764195393044118	(40,3)
-0.0058654757268804368921039927	(40,4)
-0.009617260982894301139128887	(40,5)
-0.01421313538934322642592431	(40,6)
-0.019582610086227355648325855	(40,7)
-0.025635414836394248352521074	(40,8)
-0.03226099184317111022548967	(40,9)
-0.039329652237786156443723639	(40,10)
-0.046695723091441597756436511	(40,11)
-0.054202733210144359992266257	(40,12)
-0.061690347266853658273746976	(40,13)
-0.069002424453071745104811721	(40,14)
-0.07599532610510683654921477	(40,15)
-0.082545492710863355670583519	(40,16)
-0.0885553875162776987182856	(40,17)
-0.09395714857819834720321195	(40,18)
-0.098713646610482005321963525	(40,19)
-0.102817029316163522497850837	(40,20)
-0.106285161019898554574511332	(40,21)
-0.109156579933202793488295742	(40,22)
-0.111484671517969012515755942	(40,23)
-0.113331708206342911205672308	(40,24)
-0.11476327072708120495521468	(40,25)
-0.11584339100179730080236924	(40,26)
-0.11663058296787644797757089	(40,27)
-0.1171747851184718437593846	(40,28)
-0.1175151417217694949858554	(40,29)
-0.11767850087897338595072	(40,30)
-0.0001258468226973423189518706	(41,1)
-0.0011305328346014775543814468	(41,2)
-0.0031285305224224730915928461	(41,3)
-0.006096004113148345854445005	(41,4)
-0.009994673637724250188825627	(41,5)
-0.014769308902133918473084665	(41,6)
-0.020345227216243866761001456	(41,7)
-0.02662642638398541496514788	(41,8)
-0.033495008804363978409671548	(41,9)
-0.04081246825293034655145669	(41,10)
-0.0484232030671918868078634	(41,11)
-0.056160299449267381705807159	(41,12)
-0.06385324173583097087014927	(41,13)
-0.071336828495444436530130074	(41,14)
-0.07846029338075768149673112	(41,15)
-0.085095523724798380641823682	(41,16)
-0.091143373842266732475913536	(41,17)
-0.096537364628237949156092481	(41,18)
-0.101244476074315872884821309	(41,19)
-0.105263176004154168399636201	(41,20)
-0.108619190971612471142591304	(41,21)
-0.111359748767287489418072218	(41,22)
-0.113547085486652860467417292	(41,23)
-0.11525193414198396143825565	(41,24)
-0.11654754339717532137142684	(41,25)
-0.11750456899329903735459954	(41,26)
-0.11818698398630111386049608	(41,27)
-0.1186489982032048984135101	(41,28)
-0.1189328762288105781363039	(41,29)
-0.11906749685354791593547	(41,30)
-0.0001303480475806956292771538	(42,1)
-0.0011709678290763078130697368	(42,2)
-0.003240401779233805457133526	(42,3)
-0.006313832201419465197959811	(42,4)
-0.010351227925626613553739626	(42,5)
-0.015294560231466099378842544	(42,6)
-0.021065020884238137076351009	(42,7)
-0.027560944587178966840166055	(42,8)
-0.03465716606488469373188389	(42,9)
-0.042206447072411391787366052	(42,10)
-0.050043373174788320844624395	(42,11)
-0.057990757178794172541397475	(42,12)
-0.065868148311997482385194527	(42,13)
-0.073501621714603287770782449	(42,14)
-0.080733714649443331848339975	(42,15)
-0.087432270393987291576416933	(42,16)
-0.093497086271977029035854568	(42,17)
-0.098863611932603978683155439	(42,18)
-0.103503422497087329463618408	(42,19)
-0.107421682756989073877730829	(42,20)
-0.110652214486520286396165693	(42,21)
-0.113251008923813542042932434	(42,22)
-0.11528907294768550130993915	(42,23)
-0.116845389786450675542087	(42,24)
-0.11800057073978919765839188	(42,25)
-0.11883153679594439169607024	(42,26)
-0.11940735030512131660292507	(42,27)
-0.1197861494239395392899256	(42,28)
-0.1200130343431664250785794	(42,29)
-0.12011871178328939263877	(42,30)
-0.0001345914065954774096783868	(43,1)
-0.0012090862443943308720552627	(43,2)
-0.003345861122508471816039016	(43,3)
-0.006519158840931993138900288	(43,4)
-0.010687256567113851192878563	(43,5)
-0.015789399802341713655888017	(43,6)
-0.021742737415191279425036897	(43,7)
-0.028440032658827893802605958	(43,8)
-0.035748956733983941614271775	(43,9)
-0.043513665343498137052426322	(43,10)
-0.051559094130646139889224749	(43,11)
-0.059698000687715920463318824	(43,12)
-0.067740289684909214233904846	(43,13)
-0.075503685060419621262821683	(43,14)
-0.082824477147035965717881531	(43,15)
-0.089566970249014799199929944	(43,16)
-0.095630427508383545675442051	(43,17)
-0.100952719229844427036702187	(43,18)
-0.10551042618231278591321581	(43,19)
-0.10931569668873616927605915	(43,20)
-0.11241058355689081885607883	(43,21)
-0.11485981958948732661431737	(43,22)
-0.11674301549416438993907232	(43,23)
-0.11814712101702019771804707	(43,24)
-0.11915974779455449857905199	(43,25)
-0.11986368291110181077877599	(43,26)
-0.12033268213534893955676164	(43,27)
-0.12062845428458694616407978	(43,28)
-0.1207986435678808316030103	(43,29)
-0.12087557943956429616083	(43,30)
-0.0001385805863133232497171589	(44,1)
-0.001244921214460892996886413	(44,2)
-0.003445000541422616424179502	(44,3)
-0.006712165140998035351389765	(44,4)
-0.011003063529053777147907079	(44,5)
-0.016254296465795570510148315	(44,6)
-0.022379067920342346171721204	(44,7)
-0.02926468550021374508298748	(44,8)
-0.036771794656964525042430296	(44,9)
-0.0447361131769064460510324	(44,10)
-0.052973137497162695081693214	(44,11)
-0.061285836964651163329226363	(44,12)
-0.069474805653817918002063928	(44,13)
-0.077349819558826878928478642	(44,14)
-0.084741383664435744796977315	(44,15)
-0.09151075682269967300715596	(44,16)
-0.09755715364473952951424688	(44,17)
-0.10282129578874140271282989	(44,18)
-0.10728509985502490037464764	(44,19)
-0.11096789224442689362848455	(44,20)
-0.11391999754423614981266389	(44,21)
-0.11621477841541813721211436	(44,22)
-0.11794020449901668391014046	(44,23)
-0.11919084644950441001503686	(44,24)
-0.12006090946965018589665746	(44,25)
-0.12063861951297839527935853	(44,26)
-0.12100201535818252718519294	(44,27)
-0.12121601396728875039625667	(44,28)
-0.1213305127474530525414386	(44,29)
-0.12137926145427123304004	(44,30)
-0.000142318952294293623024343	(45,1)
-0.00127850299000228035349097	(45,2)
-0.003537904057653402239524602	(45,3)
-0.006893016755745807792792188	(45,4)
-0.011298927698821404679475937	(45,5)
-0.0166896827268847031885446	(45,6)
-0.022974655033883339411838676	(45,7)
-0.03003583758277906212300781	(45,8)
-0.037727022638710419774965782	(45,9)
-0.04587570135288077450347113	(45,10)
-0.054288189868085189195519085	(45,11)
-0.062757984185612500725238646	(45,12)
-0.071076742628456000767297073	(45,13)
-0.079046723102043625731109481	(45,14)
-0.08649311277374115040872218	(45,15)
-0.093274599738737249239774	(45,16)
-0.09929079128295791024350653	(45,17)
-0.10448562389302066113227135	(45,18)
-0.10884659632303635013478967	(45,19)
-0.11240031542656233545816918	(45,20)
-0.11520532680862732334070675	(45,21)
-0.11734342848847783803566303	(45,22)
-0.11891063596818120542974951	(45,23)
-0.12000874475104854877592975	(45,24)
-0.12073811440348239343939106	(45,25)
-0.12119196605035551590071892	(45,26)
-0.12145220691890549185419027	(45,27)
-0.12158660337789744107300269	(45,28)
-0.1216470225553906579322525	(45,29)
-0.12166843924126263863517	(45,30)
-0.000145809586077748096643102	(46,1)
-0.001309859270693108660842344	(46,2)
-0.003624648641182185947303423	(46,3)
-0.007061865647906883058964364	(46,4)
-0.01157510569823664520196621	(46,5)
-0.017095958684924049037189617	(46,6)
-0.023530097839267899170009784	(46,7)
-0.030754368393102873631469427	(46,8)
-0.038615917494940879051242353	(46,9)
-0.046934264517683410223043902	(46,10)
-0.055506852138796817232674977	(46,11)
-0.064118064387918079276547088	(46,12)
-0.07255103655176925462205651	(46,13)
-0.08060096021444151662456393	(46,14)
-0.08808817212850919811175118	(46,15)
-0.09486923875984032038119154	(46,16)
-0.10084455050039066537969982	(46,17)
-0.10596155021244685034722724	(46,18)
-0.1102134792486181162860635	(46,19)
-0.11363423645101465909405712	(46,20)
-0.11629045096700154053047433	(46,21)
-0.11827208670207635664173967	(46,22)
-0.11968283377237816826176012	(46,23)
-0.12063127715244101233318627	(46,24)
-0.12122347035742502628949999	(46,25)
-0.12155717995311489568243807	(46,26)
-0.12171777194599465795503645	(46,27)
-0.12177551445692173285301265	(46,28)
-0.1217839736351234098230479	(46,29)
-0.12177916477164025055112	(46,30)
-0.000149055313548150396838665	(47,1)
-0.001339015459790369580269302	(47,2)
-0.003705304911447525310645355	(47,3)
-0.00721885143309214680363569	(47,4)
-0.011831834005024092318731848	(47,5)
-0.017473494937813130617824848	(47,6)
-0.024045955341278418098554057	(47,7)
-0.031421105925841302457975557	(47,8)
-0.039439692574826850447276237	(47,9)
-0.047913561211311067036248751	(47,10)
-0.056631634946803707365470669	(47,11)
-0.06536959171555351501350557	(47,12)
-0.07390249098996849667619066	(47,13)
-0.08201892695610963421809729	(47,14)
-0.08953484745783267937708543	(47,15)
-0.09630511488302723354564528	(47,16)
-0.10223123718507625600922966	(47,17)
-0.10726437992092354925650931	(47,18)
-0.11140360108137295913784912	(47,19)
-0.11469001487313961525752262	(47,20)
-0.11719811558081698544367544	(47,21)
-0.1190256968521796543684016	(47,22)
-0.12028370390027732440843513	(47,23)
-0.12108704696296789169278137	(47,24)
-0.12154700201674389270749788	(47,25)
-0.12176543438872705714947783	(47,26)
-0.12183077168264824670098619	(47,27)
-0.12181545313106250334296473	(47,28)
-0.1217744902610753273800507	(47,29)
-0.12174476780531437850252	(47,30)
-0.00015205872648253310359146	(48,1)
-0.00136599485750792462732641	(48,2)
-0.003779937668831912879344792	(48,3)
-0.00736410239258509793884564	(48,4)
-0.01206933052754054164229073	(48,5)
-0.017822634669796213425132281	(48,6)
-0.024522748795139120981434755	(48,7)
-0.032036828650262323430078088	(48,8)
-0.040199498323007635592381042	(48,9)
-0.048815271471792963951208708	(48,10)
-0.057664951246793502160341887	(48,11)
-0.06651595746561497771323485	(48,12)
-0.07513575193012793101656207	(48,13)
-0.08330681285017697287389434	(48,14)
-0.09084114949881433633282978	(48,15)
-0.09759230106153596734642883	(48,16)
-0.10346316758220969686027814	(48,17)
-0.10840877654228317746667214	(48,18)
-0.11243399109528361904767209	(48,19)
-0.11558697987710752635753231	(48,20)
-0.11794980948942378694964826	(48,21)
-0.11962770898402066389248862	(48,22)
-0.12073842039193842593867558	(48,23)
-0.12140269576409288008331179	(48,24)
-0.12173655984983531506204728	(48,25)
-0.12184554072534671936230957	(48,26)
-0.12182074899847553728582845	(48,27)
-0.12173648595042543594765424	(48,28)
-0.1216489750563574595545269	(48,29)
-0.12159581485291294489439	(48,30)
-0.000154822198778840331981673	(49,1)
-0.001390818806602731110223662	(49,2)
-0.003848606293821115482126456	(49,3)
-0.007497736227782358025198161	(49,4)
-0.012287795754076838879359948	(49,5)
-0.018143695105833375884951569	(49,6)
-0.024960963153955760153279479	(49,7)
-0.032602266309961041564182639	(49,8)
-0.040896421364326878185346213	(49,9)
-0.049640992654244943365216274	(49,10)
-0.0586091068489900836361929	(49,11)
-0.06756041299176171640741901	(49,12)
-0.07625528059929205624775723	(49,13)
-0.08447056142091868367073912	(49,14)
-0.09201476071469704897974483	(49,15)
-0.09874043460844900248811479	(49,16)
-0.10455208721477976140895025	(49,17)
-0.10940866964617468399206821	(49,18)
-0.11332075542328387339517975	(49,19)
-0.11634332718132136643298128	(49,20)
-0.11856566359063088154776196	(49,21)
-0.12009998495430777584582288	(49,22)
-0.12107034194302774197253443	(49,23)
-0.12160283422348769696969322	(49,24)
-0.12181776691342587025038813	(49,25)
-0.12182391159888003520083179	(49,26)
-0.12171470651296929709320161	(49,27)
-0.12156603075140185303902873	(49,28)
-0.1214351086262374786054013	(49,29)
-0.12136011348096631818277	(49,30)
-0.000157347898575009659643194	(50,1)
-0.001413506801044626850925622	(50,2)
-0.003911365043980629472332229	(50,3)
-0.007619860615387069847878352	(50,4)
-0.012487413575022352369515304	(50,5)
-0.018436968481657912016030457	(50,6)
-0.025361047848515425254999874	(50,7)
-0.033118099852753600152130166	(50,8)
-0.041531482513974529787565067	(50,9)
-0.050392234000296427844788927	(50,10)
-0.05946628961900054240686513	(50,11)
-0.06850605135273515709774882	(50,12)
-0.0772653254001497939782246	(50,13)
-0.08551583064143714583999031	(50,14)
-0.09306298326638189975276406	(50,15)
-0.09975865284316778914936911	(50,16)
-0.10550909571253280906903598	(50,17)
-0.11027717173961370940473864	(50,18)
-0.11407899005573470799005365	(50,19)
-0.11697603294700333145515438	(50,20)
-0.11906437068968090643390349	(50,21)
-0.12046272891341560854233372	(50,22)
-0.12130095686951683649997615	(50,23)
-0.12171000416857388003274794	(50,24)
-0.12181399922024130575640867	(50,25)
-0.12172455926403597815488952	(50,26)
-0.1215371212089289983945924	(50,27)
-0.12132888459311782098325803	(50,28)
-0.1211578869222020363336622	(50,29)
-0.12106275455496970649905	(50,30)
-0.000159637797217512513151425	(51,1)
-0.001434076566385315905631502	(51,2)
-0.003968263272648811840724499	(51,3)
-0.007730573610283384344386451	(51,4)
-0.012668351856177740870216601	(51,5)
-0.018702722648917052813480447	(51,6)
-0.025723417072255758303100253	(51,7)
-0.033584960732916348929503154	(51,8)
-0.042105634044666494900775975	(51,9)
-0.05107041040243778894084815	(51,10)
-0.06023855792043979516023171	(51,11)
-0.06935578844245385543793908	(51,12)
-0.07816989385974666235561604	(51,13)
-0.08644795432822029536703192	(51,14)
-0.09399268936273867819529236	(51,15)
-0.10065553310144855361875635	(51,16)
-0.10634457853207945499378393	(51,17)
-0.11102650503304168307527602	(51,18)
-0.11472270699391183512384954	(51,19)
-0.11750078421221015928524431	(51,20)
-0.11946312511313027278425949	(51,21)
-0.12073444046392375326731045	(51,22)
-0.12144985318917839573434744	(51,23)
-0.12174466767439983114604471	(51,24)
-0.12174639447627105895020995	(51,25)
-0.1215691231893593624218235	(51,26)
-0.12130998878505813882548475	(51,27)
-0.12104728166699991929120459	(51,28)
-0.1208396886629483203850258	(51,29)
-0.12072618455827904513976	(51,30)
-0.000161693675830080808648743	(52,1)
-0.001452544118573624889086412	(52,2)
-0.00401934558807342475657488	(52,3)
-0.007829963932928626236229227	(52,4)
-0.012830762824907243072948932	(52,5)
-0.018941201410119925586260142	(52,6)
-0.026048449709819798915739949	(52,7)
-0.034003429781941560228058755	(52,8)
-0.042619756482432652965177505	(52,9)
-0.05167683573011770666682076	(52,10)
-0.0609278287808131141514672	(52,11)
-0.0701123442063489183669565	(52,12)
-0.07897272531404764395670319	(52,13)
-0.08727190529133491955271674	(52,14)
-0.09481027481798197895539121	(52,15)
-0.10143903785247315411266089	(52,16)
-0.10706814608772155944799409	(52,17)
-0.11166793821340342367927617	(52,18)
-0.11526477313373365254387804	(52,19)
-0.1179319247121180430473791	(52,20)
-0.11977758010914469701605987	(52,21)
-0.12093188759904123011568791	(52,22)
-0.12153470997996961076760167	(52,23)
-0.1217252184094569534549595	(52,24)
-0.12163388358727421949906554	(52,25)
-0.12137692055956224020544808	(52,26)
-0.12105289080611714786462246	(52,27)
-0.12074097377808335706360392	(52,28)
-0.120500365102836083335377	(52,29)
-0.12037030012312705698082	(52,30)
-0.000163517130066079801380764	(53,1)
-0.001468923806461335691577005	(53,2)
-0.004064651967557301482949131	(53,3)
-0.007918111169976451046152925	(53,4)
-0.012974783317442933286714327	(53,5)
-0.019152624658165649455220605	(53,6)
-0.026336489019665565321031452	(53,7)
-0.034374035806334964169103022	(53,8)
-0.04307465515295251333716754	(53,9)
-0.05221271601947766692744895	(53,10)
-0.0615358661759778261237511	(53,11)
-0.07077822443631439350780903	(53,12)
-0.07967726490282993334081081	(53,13)
-0.08799226085453766894753481	(53,14)
-0.09552161639430279160866677	(53,15)
-0.10211646535457641283001015	(53,16)
-0.10768858043905183414770569	(53,17)
-0.11221173293024804950972281	(53,18)
-0.1157168609936196310058579	(53,19)
-0.11828241447670846600110217	(53,20)
-0.12002182060939360264995411	(53,21)
-0.12107009613428240161498846	(53,22)
-0.12157130587062483982540727	(53,23)
-0.12166801028552011016666602	(53,24)
-0.12149323925577682283467449	(53,25)
-0.12116501339005351308808533	(53,26)
-0.1207830778607702534820739	(53,27)
-0.12042732623955022913995911	(53,28)
-0.1201573447460037924577788	(53,29)
-0.12001255725134807850954	(53,30)
-0.000165109573495959096275668	(54,1)
-0.001483228342057682967711888	(54,2)
-0.004104217837893285923074032	(54,3)
-0.007995085910423781602339864	(54,4)
-0.01310053492505509547726389	(54,5)
-0.01933718837935366626127346	(54,6)
-0.026587842158819031909401978	(54,7)
-0.034697254040548520489664773	(54,8)
-0.04347105665978931534427153	(54,9)
-0.05267914277484740335048968	(54,10)
-0.06206426975727592693959381	(54,11)
-0.07135570354220743618524268	(54,12)
-0.08028663932481937834772904	(54,13)
-0.08861317119781867244789643	(54,14)
-0.09613203330356055268096969	(54,15)
-0.10269440603288183242422427	(54,16)
-0.10821378939403912223719761	(54,17)
-0.11266709938743415542896706	(54,18)
-0.11608941008158282486929022	(54,19)
-0.11856380129959319628585014	(54,20)
-0.12020834868124367462666667	(54,21)
-0.12116235217846530247463888	(54,22)
-0.12157354045388654902611596	(54,23)
-0.12158739851035527194559791	(54,24)
-0.12133913616593111580379738	(54,25)
-0.12094828625400887860341941	(54,26)
-0.1205155623390979778291351	(54,27)
-0.1201214225099431053501873	(54,28)
-0.1198257461526913174138846	(54,29)
-0.11966808828180438145297	(54,30)
-0.000166472239978154095282894	(55,1)
-0.001495468821664594946767423	(55,2)
-0.004138074130802622911654878	(55,3)
-0.008060949834552871333427978	(55,4)
-0.013208124068487607019826247	(55,5)
-0.019495064566254311036234622	(55,6)
-0.026802779620040127902639963	(55,7)
-0.034973504558623236669121173	(55,8)
-0.04380960544272739648322117	(55,9)
-0.05307708658566593126229185	(55,10)
-0.06251446428603832002800432	(55,11)
-0.07184680861901351321384373	(55,12)
-0.08080363469986526376879337	(55,13)
-0.0891383308433469191969143	(55,14)
-0.09664625308019263849591643	(55,15)
-0.10317870457309606422370462	(55,16)
-0.10865076767878180603885618	(55,17)
-0.11304216022252943332041236	(55,18)
-0.11639159750475609608683713	(55,19)
-0.11878620202370112824885354	(55,20)
-0.1203480789206497071841659	(55,21)
-0.12122021420437078704815698	(55,22)
-0.12155346453654924976304642	(55,23)
-0.1214957883843997492821856	(55,24)
-0.1211842176148783082822099	(55,25)
-0.12073952909497622085880113	(55,26)
-0.12026321501122874772624748	(55,27)
-0.11983617154888456525047982	(55,28)
-0.1195184926838957302548146	(55,29)
-0.11934982038824280893459	(55,30)
-0.000167606185281762485263678	(56,1)
-0.001505654740305447045678063	(56,2)
-0.004166247320096535071549823	(56,3)
-0.00811575576902916275077061	(56,4)
-0.013297642023552892470659098	(56,5)
-0.019626401076944592836449011	(56,6)
-0.026981534637461056757564014	(56,7)
-0.03520315072827848151470524	(56,8)
-0.04409086053719325528113379	(56,9)
-0.05340739122554164776018766	(56,10)
-0.06288768999056686619010347	(56,11)
-0.07225330506333023109085623	(56,12)
-0.08123067680076362079140077	(56,13)
-0.08957095350153664822119336	(56,14)
-0.09706838191484405187287336	(56,15)
-0.10357442759079783705177325	(56,16)
-0.10900556468950955648556612	(56,17)
-0.11334392173663078707363755	(56,18)
-0.11663131634237636630909108	(56,19)
-0.11895829156712840709486309	(56,20)
-0.12045034109468857211387939	(56,21)
-0.1212535314359553190109296	(56,22)
-0.12152131540582860581073331	(56,23)
-0.12140368756014557032445066	(56,24)
-0.12103916393547182494002152	(56,25)
-0.12054952018281555562130948	(56,26)
-0.12003686025698058567632951	(56,27)
-0.11958241260073807532673321	(56,28)
-0.1192464238085544151459337	(56,29)
-0.11906859019188231710479	(56,30)
-0.000168512288167102174468075	(57,1)
-0.001513794001300934438536537	(57,2)
-0.004188759445729014937771174	(57,3)
-0.008159547718464929071152278	(57,4)
-0.013369164915677264945769148	(57,5)
-0.019731321469288166210708862	(57,6)
-0.027124302605328383603658314	(57,7)
-0.035386497774957369655015519	(57,8)
-0.04431529263311712085287681	(57,9)
-0.05367076836914982419707903	(57,10)
-0.06318499401908171557079074	(57,11)
-0.07257668393862842568960207	(57,12)
-0.08156981384963351868757849	(57,13)
-0.08991375041394285355715476	(57,14)
-0.09740187945045100129947062	(57,15)
-0.10388583664886039458190286	(57,16)
-0.1092832582701628288777096	(57,17)
-0.1135782514967223926084877	(57,18)
-0.11681516031358483381392018	(57,19)
-0.11908729769273028624450229	(57,20)
-0.12052288750907066681600136	(57,21)
-0.12127046553276503203590286	(57,22)
-0.12148555365782020609598545	(57,23)
-0.12131975795050785309955535	(57,24)
-0.12091275861719597588226021	(57,25)
-0.12038710491583102286811608	(57,26)
-0.11984536551010098999896692	(57,27)
-0.11936901288169467382627102	(57,28)
-0.1190183983986550482452897	(57,29)
-0.11883324989185813864843	(57,30)
-0.000169191251081578699571102	(58,1)
-0.001519892922408118508886698	(58,2)
-0.004205628128693294095787248	(58,3)
-0.008192360881360557282538412	(58,4)
-0.013422753697145146361482203	(58,5)
-0.01980992483266094502299043	(58,6)
-0.027231240545153988102756626	(58,7)
-0.035523791509842039390423638	(58,8)
-0.04448328151247787655333957	(58,9)
-0.05386779303627427448734879	(58,10)
-0.06340722312692129823989751	(58,11)
-0.07281815124395478234512965	(58,12)
-0.08182270202020030588281483	(58,13)
-0.090168912270855727651381	(58,14)
-0.09764953798535485742835814	(58,15)
-0.10411636635103459068753774	(58,16)
-0.10948793394119730136831078	(58,17)
-0.11374986135858953799733749	(58,18)
-0.11694841335784762814610023	(58,19)
-0.11917899968705495751098451	(58,20)
-0.12057190282464958851744888	(58,21)
-0.12127751289338171978123605	(58,22)
-0.12145289856766217267908574	(58,23)
-0.12125086399395115703718146	(58,24)
-0.12081194863211534558542903	(58,25)
-0.1202592668385854272018393	(58,26)
-0.11969572120064487079890348	(58,27)
-0.11920295440530434598541401	(58,28)
-0.118841386223239974665255	(58,29)
-0.11865076111509242591703	(58,30)
-0.000169643600589707547166341	(59,1)
-0.001523956239591826648943595	(59,2)
-0.004216866579749460935293097	(59,3)
-0.008214221656423321409107311	(59,4)
-0.013458454117537941716452706	(59,5)
-0.019862285634395884330659651	(59,6)
-0.02730246664881134462847039	(59,7)
-0.035615217264385089192748723	(59,8)
-0.04459511392829418381723811	(59,9)
-0.05399889984946176407483419	(59,10)
-0.06355501770618835628719367	(59,11)
-0.07297861920369012504535377	(59,12)
-0.08199059374575292186882254	(59,13)
-0.0903380947407566297841182	(59,14)
-0.09781346599713288860319634	(59,15)
-0.10426860723097868291126856	(59,16)
-0.10962266903345620488639008	(59,17)
-0.11386229503901263373927503	(59,18)
-0.11703504289330729586422868	(59,19)
-0.11923772933953849812346393	(59,20)
-0.12060201435638259647604525	(59,21)
-0.12127952529427099812717144	(59,22)
-0.12142835945665314578192699	(59,23)
-0.1212021145328718159963491	(59,24)
-0.12074189608387724002908461	(59,25)
-0.12017118790671397059065842	(59,26)
-0.11959310817964932249118637	(59,27)
-0.11908940690977864219446911	(59,28)
-0.1187205445982177249667112	(59,29)
-0.11852627344164726591322	(59,30)
-0.000169869687624933298901631	(60,1)
-0.001525987109216982184534403	(60,2)
-0.004222483604188806820970395	(60,3)
-0.008225147643706442693123777	(60,4)
-0.013476296695186338293333048	(60,5)
-0.01988845359392893436402785	(60,6)
-0.027338059918476537581886034	(60,7)
-0.035660899063912835644083	(60,8)
-0.04465098197328595202732797	(60,9)
-0.05406438017160602685862642	(60,10)
-0.06362880723993698744187716	(60,11)
-0.07305869966518390114629328	(60,12)
-0.08207432890082997215068672	(60,13)
-0.09042240762320164448584939	(60,14)
-0.09789507589183570759573161	(60,15)
-0.1043442931769599096451245	(60,16)
-0.10968952124660024235078964	(60,17)
-0.11391791949054504973637001	(60,18)
-0.11707769571347121542512654	(60,19)
-0.11926637288574851174229111	(60,20)
-0.12061630124087644724218795	(60,21)
-0.12127972700978193096237873	(60,22)
-0.121415261010267139940937	(60,23)
-0.12117689611949423008062295	(60,24)
-0.12070601890309558565561725	(60,25)
-0.12012629567150007462121426	(60,26)
-0.11954095027757401455195144	(60,27)
-0.11903178453494464775092131	(60,28)
-0.1186592778437801996010998	(60,29)
-0.11846318526129097531983	(60,30)