H5_(sigma,mu)
-5.14971162028340889837e-9	(1,1)
-4.626275326118190256862e-8	(1,2)
-1.2803839345507816176196e-7	(1,3)
-2.4958068117415598698784e-7	(1,4)
-4.0955797367624656668471e-7	(1,5)
-6.0621752625954785278307e-7	(1,6)
-8.37404695698365578684e-7	(1,7)
-1.10058654696332554604279e-6	(1,8)
-1.39287960458620441633838e-6	(1,9)
-1.71108144461990051871882e-6	(1,10)
-2.05170578106563807488027e-6	(1,11)
-2.41102066235329441764789e-6	(1,12)
-2.78508935938624057694112e-6	(1,13)
-3.16981349717262811815174e-6	(1,14)
-3.56097795748374198063696e-6	(1,15)
-3.95429706057619783596883e-6	(1,16)
-4.34546152000099439336584e-6	(1,17)
-4.730185656052281383071e-6	(1,18)
-5.10425435057497932507473e-6	(1,19)
-5.46356922868413847803473e-6	(1,20)
-5.80419356141910577379894e-6	(1,21)
-6.12239539736937715329752e-6	(1,22)
-6.41468845071290467619354e-6	(1,23)
-6.67787029768900030008455e-6	(1,24)
-6.90905746301749919834205e-6	(1,25)
-7.10571701185040524562679e-6	(1,26)
-7.26569430112849430219469e-6	(1,27)
-7.38723658629380833452989e-6	(1,28)
-7.46901222471860146268479e-6	(1,29)
-7.51012526545457242270704e-6	(1,30)
-4.1674560055586735539395e-7	(2,1)
-3.74385991146574068754203e-6	(2,2)
-0.0000103616359711622205636725	(2,3)
-0.00002019756803237333607436464	(2,4)
-0.00003314389154167129955125312	(2,5)
-0.00004905876381842194874110439	(2,6)
-0.0000677678180997110848343835	(2,7)
-0.00008906607392685106251242994	(2,8)
-0.0001127201829449426691865234	(2,9)
-0.00013847098551190101878400318	(2,10)
-0.00016603635010763826914693446	(2,11)
-0.00019511426443508773679308771	(2,12)
-0.00022538614434646401215357794	(2,13)
-0.00025652032434086671471261079	(2,14)
-0.00028817569138927301312941042	(2,15)
-0.00032000542227199256276120183	(2,16)
-0.00035166078347904729384404352	(2,17)
-0.00038279495203816792268813772	(2,18)
-0.00041306681540572174460796688	(2,19)
-0.00044214470878544126385336411	(2,20)
-0.00046971004892580439944234572	(2,21)
-0.00049546082458179624934311867	(2,22)
-0.00051911490539808838751375607	(2,23)
-0.00054041313296112492677660372	(2,24)
-0.00055912216015530857585094666	(2,25)
-0.00057503700771716713661802692	(2,26)
-0.00058798330998071120701251387	(2,27)
-0.00059781922521310100086681914	(2,28)
-0.00060443698961482050872402791	(2,29)
-0.0006077640979624938573628019	(2,30)
-3.20975676956964746832085e-6	(3,1)
-0.00002883504871402773067854449	(3,2)
-0.00007980487645250103855776915	(3,3)
-0.0001555608034114818304187439	(3,4)
-0.00025527283039297367510914344	(3,5)
-0.00037784848849571436410639241	(3,6)
-0.00052194480764238087037026693	(3,7)
-0.00068598302970592399774035766	(3,8)
-0.00086816590515926279744338302	(3,9)
-0.00106649738385429037452348982	(3,10)
-0.00127880448428017634995328728	(3,11)
-0.00150276110174757681796817408	(3,12)
-0.00173591349465990955149306225	(3,13)
-0.00197570716960240162622105004	(3,14)
-0.00221951487061006305309279414	(3,15)
-0.00246466536583927639779465832	(3,16)
-0.00270847271610074211721383554	(3,17)
-0.00294826570441310432082061866	(3,18)
-0.00318141710396709830243432142	(3,19)
-0.00340537246367044036901328609	(3,20)
-0.00361767809575492961077760311	(3,21)
-0.00381600795871038992709882916	(3,22)
-0.00399818914096665272710536194	(3,23)
-0.00416222566613772194343675697	(3,24)
-0.00430632035909759532602749347	(3,25)
-0.00442889453346630573005332797	(3,26)
-0.00452860528500722411360538653	(3,27)
-0.00460436020170389962568612746	(3,28)
-0.00465532932960367444591730896	(3,29)
-0.0046809542635726476248868152	(3,30)
-0.00001229683364376864450635206	(4,1)
-0.00011046936650623416516247431	(4,2)
-0.00030573883208100665085234254	(4,3)
-0.00059596581015070493824670208	(4,4)
-0.00097797049216086892936649484	(4,5)
-0.00144756750905935694819529346	(4,6)
-0.00199961177526655999772418281	(4,7)
-0.0026280548483354731531480475	(4,8)
-0.00332601118867089526005697263	(4,9)
-0.00408583359502084846058850404	(4,10)
-0.00489919699054216065447333259	(4,11)
-0.00575718964222064667792236245	(4,12)
-0.00665041081435410303536081337	(4,13)
-0.00756907378564063774073358159	(4,14)
-0.00850311309999491883169473352	(4,15)
-0.00944229487424882833913687877	(4,16)
-0.01037632895194714469947353336	(4,17)
-0.01129498167193960551981525678	(4,18)
-0.01218818801365765811989748136	(4,19)
-0.01304616188794477578160320001	(4,20)
-0.01385950336301410865234986351	(4,21)
-0.01461930164929755632062570881	(4,22)
-0.01531723271421714922638084912	(4,23)
-0.01594565045767715211653312865	(4,24)
-0.01649767045060908251449905448	(4,25)
-0.01696724532132232579492248863	(4,26)
-0.01734923096671469008612408191	(4,27)
-0.01763944286647199234615155757	(4,28)
-0.0178347018870487797409179167	(4,29)
-0.0179328690772376163120825666	(4,30)
-0.00003347983077842970340275912	(5,1)
-0.00030076813264703133062032792	(5,2)
-0.00083241625969615601557653829	(5,3)
-0.00162259931009974187411609384	(5,4)
-0.00266265971359671262378931747	(5,5)
-0.00394120200379026010656525072	(5,6)
-0.00544421757983826393539073397	(5,7)
-0.00715523810452249125254354701	(5,8)
-0.00905551587210863049419010583	(5,9)
-0.01112422918249044782033289495	(5,10)
-0.01333871048126038374096054699	(5,11)
-0.01567469477189402119354175093	(5,12)
-0.01810658557934421072978543154	(5,13)
-0.02060773554693947715346642175	(5,14)
-0.02315073858318683820902282608	(5,15)
-0.02570773034413739764579408649	(5,16)
-0.02825069374221338706414472994	(5,17)
-0.03075176611519339544070192929	(5,18)
-0.03318354467029857141031082167	(5,19)
-0.03551938683839127884895251072	(5,20)
-0.03773370223201892325645534157	(5,21)
-0.03980223299766948847695623613	(5,22)
-0.04170231948582798648536732037	(5,23)
-0.04341314833033334464662841608	(5,24)
-0.04491598022868994102871203388	(5,25)
-0.04619435494447121867220496742	(5,26)
-0.0472342713084794030606292149	(5,27)
-0.0480243402733699404798659778	(5,28)
-0.0485559093733870001676951369	(5,29)
-0.04882315725309652915151121	(5,30)
-0.00007437031157601839226621175	(6,1)
-0.00066811029700451369072640706	(6,2)
-0.00184908507717880911610772997	(6,3)
-0.00360435537385088031273497372	(6,4)
-0.00591468927251788372461911949	(6,5)
-0.00875477251753456105480890843	(6,6)
-0.01209348540837767710091705452	(6,7)
-0.01589424333364046954150416909	(6,8)
-0.02011539728297799325558110605	(6,9)
-0.02471069001285181040686591335	(6,10)
-0.02962976291760547912149170152	(6,11)
-0.03481870808147032572126307123	(6,12)
-0.04022065946784112650229126456	(6,13)
-0.04577641674750495930188275737	(6,14)
-0.05142509488474313092383872277	(6,15)
-0.05710479229576612981267433958	(6,16)
-0.06275327017313007578279626376	(6,17)
-0.06830863543675094950838682734	(6,18)
-0.07371001972966359225568139379	(6,19)
-0.07889824692606832848147213886	(6,20)
-0.0838164817601512513353433612	(6,21)
-0.0884108524145895125799191858	(6,22)
-0.0926310402236662566103825527	(6,23)
-0.0964308300418071161560193132	(6,24)
-0.0997686152967193805016761666	(6,25)
-0.1026078522783960306091425995	(6,26)
-0.1049174588013466079514982217	(6,27)
-0.1066721530074901604563981869	(6,28)
-0.1078527287414122893612262607	(6,29)
-0.108446264619205539106215988	(6,30)
-0.00014428546975451185959596544	(7,1)
-0.00129619744238829045496466161	(7,2)
-0.00358740060142350033931551105	(7,3)
-0.00699279099709388676668277905	(7,4)
-0.01147505534676562062017086098	(7,5)
-0.016985078248756165193689679	(7,6)
-0.02346247855500270468598088882	(7,7)
-0.0308362692977153273617382538	(7,8)
-0.03902563421487304188293932904	(7,9)
-0.04794081261395722363834014209	(7,10)
-0.05748408307000006480095691314	(7,11)
-0.06755083529222111276050527518	(7,12)
-0.07803071843361854127104355322	(7,13)
-0.08880885318019798941661042267	(7,14)
-0.0997670941603239584726525014	(7,15)
-0.110785328577333026988513461	(7,16)
-0.1217427965048632038919921058	(7,17)
-0.1325194180060474986350265408	(7,18)
-0.1429971121529371476523424148	(7,19)
-0.1530610931353397327315547331	(7,20)
-0.1626011289581778684979209877	(7,21)
-0.1715127487279374767538024702	(7,22)
-0.1796983852108589765070209754	(7,23)
-0.1870684401919682257226333568	(7,24)
-0.1935422611537570577430487831	(7,25)
-0.1990490189014784820014074325	(7,26)
-0.2035284769617053554032867759	(7,27)
-0.2069316448450783987023718685	(7,28)
-0.209221308568296050242173687	(7,29)
-0.210372433153840773087487809	(7,30)
-0.00025412133159261811652356258	(8,1)
-0.00228291468588991566930697046	(8,2)
-0.00631827288026117752187154898	(8,3)
-0.01231598034483060900711849615	(8,4)
-0.0202103150224171598906850955	(8,5)
-0.02991476334027427166879838113	(8,6)
-0.04132296250804076346948883776	(8,7)
-0.0543098606843301722163295818	(8,8)
-0.0687330831783793514527339843	(8,9)
-0.08443449050661544267293383146	(8,10)
-0.1012419118421397735272144148	(8,11)
-0.1189710352212353842688615644	(8,12)
-0.1374274338533694460058210819	(8,13)
-0.1564087060698383257782256183	(8,14)
-0.1757067048899590444384945472	(8,15)
-0.1951098319274373450937875006	(8,16)
-0.2144053694421811726049911624	(8,17)
-0.2333818237956803440365034652	(8,18)
-0.251831253413271510664503278	(8,19)
-0.2695515546055740190221415844	(8,20)
-0.2863486792532457023168124042	(8,21)
-0.3020387593993719982706760819	(8,22)
-0.3164501151930549739188160737	(8,23)
-0.3294251243424300304400613014	(8,24)
-0.3408219332089051106151934524	(8,25)
-0.3505159918409740012260168974	(8,26)
-0.3584013975352654652373227259	(8,27)
-0.36439203385630892533277417	(8,28)
-0.368422494385275551206488531	(8,29)
-0.37044878275687558949015164	(8,30)
-0.00041620568214613007524622162	(9,1)
-0.00373900942696116579111043505	(9,2)
-0.01034820984777671596845965781	(9,3)
-0.02017138595252128482680589475	(9,4)
-0.03310088562746099600017229453	(9,5)
-0.04899499105904190807539766473	(9,6)
-0.06767945609273198573816741141	(9,7)
-0.08894940107516301066022731293	(9,8)
-0.1125715468400578485332398945	(9,9)
-0.1382867655367269977125651578	(9,10)
-0.1658129220316963477520011099	(9,11)
-0.1948479757329933009431768414	(9,12)
-0.2250733090029778177401322322	(9,13)
-0.2561572449573760463070787817	(9,14)
-0.2877587145128848422092751072	(9,15)
-0.3195310301532471088861538363	(9,16)
-0.3511257221304517144843650198	(9,17)
-0.3821963917817988124335116568	(9,18)
-0.4124025363805015284222706336	(9,19)
-0.4414133004759394092528260961	(9,20)
-0.468911110017271754027869638	(9,21)
-0.4945951476538077548969166407	(9,22)
-0.51818463039349394629329392	(9,23)
-0.5394218541672912946313167982	(9,24)
-0.5580749736510144653211129824	(9,25)
-0.5739404897744991275860728213	(9,26)
-0.586845421529779703260224282	(9,27)
-0.596649142813085288043805868	(9,28)
-0.603244868964117554471462446	(9,29)
-0.60656078130666209545157205	(9,30)
-0.0006441336543359154248274586	(10,1)
-0.00578661434318385251334364479	(10,2)
-0.01601522935551731081688519093	(10,3)
-0.03121788918428320455770069173	(10,4)
-0.05122796303183386153890909542	(10,5)
-0.07582606991316734096195935509	(10,6)
-0.10474244452181553931645903401	(10,7)
-0.1376598578231464841441743744	(10,8)
-0.174217066339524359382927331	(10,9)
-0.2140127576937535274465298347	(10,10)
-0.2566099533144594421431106891	(10,11)
-0.3015408224757771336920138388	(10,12)
-0.3483118552849215320866526243	(10,13)
-0.396409336109670173327771422	(10,14)
-0.4453050535216115943276001012	(10,15)
-0.4944621783736759734955498097	(10,16)
-0.5433412383558324513722300772	(10,17)
-0.5914061154626850456043247001	(10,18)
-0.6381299923896638712178319776	(10,19)
-0.6830011750156197644708000156	(10,20)
-0.7255287208204251261623504631	(10,21)
-0.7652478072366314991275113226	(10,22)
-0.8017247793688024814941152429	(10,23)
-0.8345618229748723418674127703	(10,24)
-0.863401215763019747652415659	(10,25)
-0.887929117540936982134474972	(10,26)
-0.9078788671748119697451539	(10,27)
-0.923033761312669854864384539	(10,28)
-0.933229296109419022007923805	(10,29)
-0.93835485857264614254321607	(10,30)
-0.0009525892192015403085011518	(11,1)
-0.00855764372431374323095417622	(11,2)
-0.02368442057616325004095395987	(11,3)
-0.04616713675977740740841523682	(11,4)
-0.07575931587186337570681654386	(11,5)
-0.1121364110193143694316731558	(11,6)
-0.154899275947093939490233437	(11,7)
-0.2035784595941425926054275301	(11,8)
-0.2576392904320286760499714493	(11,9)
-0.3164877069274664108441650913	(11,10)
-0.3794767795345821905184428235	(11,11)
-0.445913858161540908003473251	(11,12)
-0.515068267571820751121416736	(11,13)
-0.5861794622368965527592317157	(11,14)
-0.6584655423327966983688594865	(11,15)
-0.7311320244192057658402011196	(11,16)
-0.8033807543450305155010491523	(11,17)
-0.8744188464844534327866983654	(11,18)
-0.9434675327994254169063643777	(11,19)
-1.0097708075826715711837664533	(11,20)
-1.0726037590303739003916618598	(11,21)
-1.131280486817258515016071654	(11,22)
-1.185161515205546722702173255	(11,23)
-1.233660623345286980219344281	(11,24)
-1.276251027605508296058501518	(11,25)
-1.312470864211895405410741341	(11,26)
-1.341927933339524292327480281	(11,27)
-1.364303677371576082835777844	(11,28)
-1.379356375699228717612885735	(11,29)
-1.3869235458525261410132132	(11,30)
-0.00135715578403988645333979649	(12,1)
-0.01219209195167776187190315747	(12,2)
-0.03374323449438579025984633907	(12,3)
-0.06577435865489203677707732738	(12,4)
-0.1079342102510029270548070389	(12,5)
-0.1597601926575524065651647872	(12,6)
-0.2206832588708226452785290158	(12,7)
-0.2900339826303681944972000596	(12,8)
-0.3670497700348853798945879127	(12,9)
-0.450883157758664699743619738	(12,10)
-0.5406111263023532901989019933	(12,11)
-0.6352453374617623898063882196	(12,12)
-0.7337431853724887173938224161	(12,13)
-0.8350195312272797181339697384	(12,14)
-0.937958974250477571977778308	(12,15)
-1.0414284968839316163479247344	(12,16)
-1.144290311397986811478889395	(12,17)
-1.245414729100662977940394795	(12,18)
-1.34369287253576681869700415	(12,19)
-1.438049055790993676283998935	(12,20)
-1.527452668190547848589481513	(12,21)
-1.610929411763348453611249147	(12,22)
-1.687571762123503612193847025	(12,23)
-1.756548544596344781507794939	(12,24)
-1.817113541119581342335223234	(12,25)
-1.868613067034625321543617205	(12,26)
-1.910492478739774511313967561	(12,27)
-1.942301591852840693595831701	(12,28)
-1.96369900391395866426145402	(12,29)
-1.97445532512472938694815151	(12,30)
-0.00187411865883003394250389318	(13,1)
-0.01683625892080076881864877551	(13,2)
-0.04659657210964270606898666024	(13,3)
-0.09082879110191998794636393226	(13,4)
-0.1490476842001476064163108974	(13,5)
-0.2206140561480052703815377975	(13,6)
-0.3047414071443470062392434253	(13,7)
-0.4005042308290066018256917937	(13,8)
-0.5068479150201157917584385101	(13,9)
-0.6226001858811186037306016065	(13,10)
-0.7464840079726561987460444489	(13,11)
-0.8771318207211076267020126149	(13,12)
-1.0131009581157176828976506523	(13,13)
-1.1528900651312041240448419754	(13,14)
-1.294956293765986366726117139	(13,15)
-1.437733035907057991336031329	(13,16)
-1.579647931449479359982011103	(13,17)
-1.719140879785364731267868095	(13,18)
-1.854681781992253141990651474	(13,19)
-1.984787750237456068797320231	(13,20)
-2.108039539829353796399020705	(13,21)
-2.223096987019546358244714731	(13,22)
-2.328713270409314991469682323	(13,23)
-2.42374785332264045999199608	(13,24)
-2.507178005976320549199319042	(13,25)
-2.578108846652432491428637021	(13,26)
-2.63578187734386632326907048	(13,27)
-2.679582018845301499915916468	(13,28)
-2.70904317102141547963389594	(13,29)
-2.7238523349593314543181244	(13,30)
-0.00252026137859110234011903407	(14,1)
-0.02264092026352164463987422449	(14,2)
-0.06266171977261447517321978317	(14,3)
-0.122143801038415164842236312	(14,4)
-0.2004343300551043875441683754	(14,5)
-0.296673067291985307700319972	(14,6)
-0.4098011564601863792292899414	(14,7)
-0.5385721360260126838211898115	(14,8)
-0.681565154169947305053990005	(14,9)
-0.8372003334911167741874462468	(14,10)
-1.0037561871841684135939417724	(14,11)
-1.1793889362025942349249418431	(14,12)
-1.362153520538031183725018553	(14,13)
-1.55002604125213284720593569	(14,14)
-1.740927317584086202425242816	(14,15)
-1.932747199470794537926539048	(14,16)
-2.123369243831899055016873558	(14,17)
-2.310695345896502775046046352	(14,18)
-2.492669916584621561015843086	(14,19)
-2.667303214214124577455839947	(14,20)
-2.832693472981311207997026081	(14,21)
-2.98704751980734623535931672	(14,22)
-3.12869963201228094908131938	(14,23)
-3.256128456527285135136418417	(14,24)
-3.36797188184690319744454689	(14,25)
-3.463039821164150772700636401	(14,26)
-3.540324923801093020297708717	(14,27)
-3.599011277561499689567532638	(14,28)
-3.63848119367484093241415334	(14,29)
-3.6583201769515470375550625	(14,30)
-0.00331265708531067071459228663	(15,1)
-0.02975945318317461107477448891	(15,2)
-0.0823631615949324753338184355	(15,3)
-0.1605467704380204802885568776	(15,4)
-0.2634516809148194671039439619	(15,5)
-0.389946086490653420712553327	(15,6)
-0.5386362518210148803349297462	(15,7)
-0.7078807442838709330667145269	(15,8)
-0.8958076412866694486117821568	(15,9)
-1.1003346858063776789499239271	(15,10)
-1.3191922930578828322884884933	(15,11)
-1.549949227118586852931704672	(15,12)
-1.790040673838033583235412946	(15,13)
-2.036798342634858069587427666	(15,14)
-2.287482142492796037242743179	(15,15)
-2.539312904053076737891686257	(15,16)
-2.789505566736481314642540792	(15,17)
-3.035302222458994345622171548	(15,18)
-3.274004408986106148277382326	(15,19)
-3.503004077338463606066248954	(15,20)
-3.719812717550304243773399332	(15,21)
-3.922088211717554891576770824	(15,22)
-4.107659086661578779563773062	(15,23)
-4.274545952868839259551630899	(15,24)
-4.420980032634905990716422852	(15,25)
-4.54541878911985930072082687	(15,26)
-4.646558760381715842209920684	(15,27)
-4.72334577088868853827533943	(15,28)
-4.77498273227917551139696295	(15,29)
-4.8009352529077473247726618	(15,30)
-0.0042684557839687028662387686	(16,1)
-0.0383459252211866370716373561	(16,2)
-0.1061272892056778356298561649	(16,3)
-0.2068687801606638668994637494	(16,4)
-0.3394632666737639240296018953	(16,5)
-0.5024506457438579235997813295	(16,6)
-0.6940319445559521792454054191	(16,7)
-0.9120872761857466968861668363	(16,8)
-1.1541977560851402772365279376	(16,9)
-1.417671412145292364050048814	(16,10)
-1.699573014000635330282216636	(16,11)
-1.996757614221751241122592787	(16,12)
-2.305907445401037543762183848	(16,13)
-2.62357166517621643771692878	(16,14)
-2.946208299164797572747398361	(16,15)
-3.270227612455616219582522129	(16,16)
-3.592036055049553215169848918	(16,17)
-3.908079884209045351197899118	(16,18)
-4.214887572396116564011541097	(16,19)
-4.509110164698458942070599866	(16,20)
-4.787558851477442200065324404	(16,21)
-5.047239163407495813217115144	(16,22)
-5.285381366443377086650067094	(16,23)
-5.499466820054133994688377223	(16,24)
-5.687250248121257685807254527	(16,25)
-5.846778042727451897965921516	(16,26)
-5.976402862353660275796358388	(16,27)
-6.07479488607155648316797363	(16,28)
-6.14095013635101148318278249	(16,29)
-6.1741962820403392073576799	(16,30)
-0.0054046684986179515575437274	(17,1)
-0.0485531551730685764553773156	(17,2)
-0.1343770343889240166072269048	(17,3)
-0.2619341432350513903496202854	(17,4)
-0.4298214220625291268587645329	(17,5)
-0.6361874560277443995581870605	(17,6)
-0.8787496729079200554902466301	(17,7)
-1.1548164967625955783437840216	(17,8)
-1.461314710635964464797991786	(17,9)
-1.794822174399859806505992701	(17,10)
-2.151605881241601151419914185	(17,11)
-2.527665129728571275220346752	(17,12)
-2.918779354579897453799410971	(17,13)
-3.320559918605191113432317146	(17,14)
-3.728504942727883105208422394	(17,15)
-4.138056062083089702566999065	(17,16)
-4.544655862730912723104148114	(17,17)
-4.943804689914828435293596944	(17,18)
-5.33111553340041893412248544	(17,19)
-5.702365789719870052379989479	(17,20)
-6.053544869384568320340829942	(17,21)
-6.380896846750079382846489711	(17,22)
-6.680957622876916251642920776	(17,23)
-6.950586364905869700212620697	(17,24)
-7.186991274514411855134573502	(17,25)
-7.387749998474203312231851887	(17,26)
-7.55082520423004029396981988	(17,27)
-7.67457598544543831839047376	(17,28)
-7.75776582563411216851134355	(17,29)
-7.7995678288028212467879439	(17,30)
-0.006737949966637888222173709	(18,1)
-0.060530760871126738657371612	(18,2)
-0.1675264653569166710146610761	(18,3)
-0.3265498671556508845658477647	(18,4)
-0.5358499778206890500496140034	(18,5)
-0.7931147406287976371170978869	(18,6)
-1.0954914998058508368321382252	(18,7)
-1.439613761619443723258588788	(18,8)
-1.821634737943756067688347868	(18,9)
-2.237268009627498018371943128	(18,10)
-2.68183540406429367176181644	(18,11)
-3.150321866673571238001694592	(18,12)
-3.63743674608949072834492152	(18,13)
-4.13768054039263923941630256	(18,14)
-4.645415802266155286202734533	(18,15)
-5.15494060934501023635519576	(18,16)
-5.660562802710845422210887866	(18,17)
-6.156673104287034151010587829	(18,18)
-6.637815255485287080224174796	(18,19)
-7.098751475901299686027990582	(18,20)
-7.534521811321161509427059998	(18,21)
-7.940496303037108889342706269	(18,22)
-8.31241933491940165887527369	(18,23)
-8.646445964456735983762785127	(18,24)
-8.939170480370659558727590583	(18,25)
-9.18764781515410210884232133	(18,26)
-9.38940874362362139524627763	(18,27)
-9.54246999383477047760336035	(18,28)
-9.64534047005792101119734429	(18,29)
-9.6970247357478100825337237	(18,30)
-0.0082843820302806043179345833	(19,1)
-0.0744232132316655431410595627	(19,2)
-0.2059754003671609817136235309	(19,3)
-0.4014951500259942523564922109	(19,4)
-0.6588270075583953988121798209	(19,5)
-0.9751226513343768068277600982	(19,6)
-1.346864666134136775644805526	(19,7)
-1.769898217129900728501384263	(19,8)
-2.239471480091875811314365201	(19,9)
-2.750285466510516878413862199	(19,10)
-3.2965535252169068038882397	(19,11)
-3.872070331828036061013246567	(19,12)
-4.470289634866092614506444572	(19,13)
-5.084409463704280159358651827	(19,14)
-5.707462974519708918975040605	(19,15)
-6.33241267111316884816538661	(19,16)
-6.95224543560119539394456689	(19,17)
-7.560065674823472161123734969	(19,18)
-8.149183950330237063687956803	(19,19)
-8.713198712525034714551585007	(19,20)
-9.246069183393460090796040422	(19,21)
-9.742177990770427801611839768	(19,22)
-10.196382800852650788953495729	(19,23)
-10.604056867539271415594250194	(19,24)
-10.9611190582845371597166702	(19,25)
-11.26405447157172790001499241	(19,26)
-11.50992718502222054587589854	(19,27)
-11.69638693262347300592950605	(19,28)
-11.82167158704615990553712561	(19,29)
-11.884607217267386875821703	(19,30)
-0.0100592599008877162037068161	(20,1)
-0.0903679161106621840609483852	(20,2)
-0.2501040927988125109379580569	(20,3)
-0.4875110161892243760688310871	(20,4)
-0.7999678042493649439623089729	(20,5)
-1.1840080265957688562002361279	(20,6)
-1.635346621252320787297309885	(20,7)
-2.148916637854506995790130224	(20,8)
-2.718917201464002642084550626	(20,9)
-3.338873787680467575843246333	(20,10)
-4.001711383309951422082394948	(20,11)
-4.69984041724232141153045653	(20,12)
-5.42525454494950233541479809	(20,13)
-6.169638534836480761071378653	(20,14)
-6.92448372141653071107142351	(20,15)
-7.68120784342443415209579742	(20,16)
-8.431275647708857191310801177	(20,17)
-9.166316464991700909294278575	(20,18)
-9.878235077389248804604503945	(20,19)
-10.559312595779142956873579898	(20,20)
-11.202294713762786022599786111	(20,21)
-11.800465544664890299865461319	(20,22)
-12.34770620089650753934436517	(20,23)
-12.83853825385625104118701771	(20,24)
-13.26815313022125964286793306	(20,25)
-13.63242927867229977528477433	(20,26)
-13.92793951731604090215840826	(20,27)
-14.15195130434655044797634195	(20,28)
-14.30242274364486244251309592	(20,29)
-14.37799694666227127928551	(20,30)
-0.0120768829442613098203843535	(21,1)
-0.1084933267787838220876776715	(21,2)
-0.3002680287097046897412342992	(21,3)
-0.5852901714972696450375338396	(21,4)
-0.9604082185990648970915949335	(21,5)
-1.421449689419957698109434679	(21,6)
-1.963250808592178120080193951	(21,7)
-2.579698275709149093057002194	(21,8)
-3.263785318092241431788019203	(21,9)
-4.007683769734584216889180449	(21,10)
-4.802833184710465485801980624	(21,11)
-5.640047000221321023107816139	(21,12)
-6.509634603569585338611588682	(21,13)
-7.401536944453089725833200969	(21,14)
-8.305472197911886414441140479	(21,15)
-9.211087051074995728898937038	(21,16)
-10.108108567991801950148232394	(21,17)
-10.986491358901672325177249739	(21,18)
-11.836554978693792069812348309	(21,19)
-12.649107092481012182967071062	(21,20)
-13.415548917332268367786879893	(21,21)
-14.12796068392456255984571649	(21,22)
-14.77916624065056884869609249	(21,23)
-15.36277731561169452698335719	(21,24)
-15.87321923342170746238232624	(21,25)
-16.30574094551292468355353242	(21,26)
-16.65641299279246819652374814	(21,27)
-16.92211742774635076163709284	(21,28)
-17.1005337619248653705389589	(21,29)
-17.1901246874309502328765054	(21,30)
-0.0143503508754202838585998626	(22,1)
-0.1289171249971987687026869772	(22,2)
-0.3567928590005225293628302749	(22,3)
-0.6954671215798861835171198404	(22,4)
-1.1411884313137992713164747048	(22,5)
-1.688984394043961183932016447	(22,6)
-2.332693362621388830894414371	(22,7)
-3.065010937658078777101537226	(22,8)
-3.877554538097633269459426595	(22,9)
-4.760948697769409532288514175	(22,10)
-5.704932714685849622755334969	(22,11)
-6.698490874066818483591948191	(22,12)
-7.730003814309299062789846274	(22,13)
-8.787417876347262644970985441	(22,14)
-9.858427660574321905198071592	(22,15)
-10.930665698873529345456864515	(22,16)
-11.991892292569383366211783465	(22,17)
-13.030178281509473049199708641	(22,18)
-14.034073841375524664075638636	(22,19)
-14.9927573307302685433933682	(22,20)
-15.89615963385766953932896026	(22,21)
-16.73506122400541207430703076	(22,22)
-17.50116112478994557333152106	(22,23)
-18.187118886171411129611432	(22,24)
-18.78657243924504572597436486	(22,25)
-19.29413610571428772878078868	(22,26)
-19.70538401042447902112573921	(22,27)
-20.01682462308366796718076032	(22,28)
-20.2258721284455990064730116	(22,29)
-20.3308198230184728249216982	(22,30)
-0.016891365642304698215023151	(23,1)
-0.1517444332078863303106715754	(23,2)
-0.4199694731848824672320832925	(23,3)
-0.8186085670180293561421569839	(23,4)
-1.343237183075726391200399448	(23,5)
-1.98798345939865820635513066	(23,6)
-2.745560776074015203873885247	(23,7)
-3.607318382205227478887570509	(23,8)
-4.563314750755960385744344015	(23,9)
-5.602417562197085925366079533	(23,10)
-6.712432797405899075474465222	(23,11)
-7.880263462473954701087290059	(23,12)
-9.092096157357029556243449046	(23,13)
-10.333611278883067910120483434	(23,14)
-11.590210390148830328264169818	(23,15)
-12.847252463347290419515849234	(23,16)
-14.090289541724659130847009785	(23,17)
-15.30529202470179821620631708	(23,18)
-16.47885431657872423229156144	(23,19)
-17.59837294576441103061464367	(23,20)
-18.65219131202830200352452642	(23,21)
-19.62970773252525619147775838	(23,22)
-20.52144616978113488237400836	(23,23)
-21.31909166719694768525561129	(23,24)
-22.01549484820198229971783164	(23,25)
-22.60465166457052848921555437	(23,26)
-23.08166578429369241327249562	(23,27)
-23.44270153511093311267213632	(23,28)
-23.6849351739498943380727475	(23,29)
-23.806511492901192711777411	(23,30)
-0.0197100390332033391755254197	(24,1)
-0.1770660881531874050820891021	(24,2)
-0.4900492156800212852113709388	(24,3)
-0.9552040774782724985289205177	(24,4)
-1.56735646663065915442281002	(24,5)
-2.319630098777409351171258618	(24,6)
-3.203478557125302265302589906	(24,7)
-4.208739073933656737209218571	(24,8)
-5.323714738040102263608554776	(24,9)
-6.53529068873268671760873928	(24,10)
-7.829087924056943984350375594	(24,11)
-9.189655666451107351141213551	(24,12)
-10.600700046817689192107203314	(24,13)
-12.045343531278920112928595763	(24,14)
-13.506406411430161763411416859	(24,15)
-14.966699193411188428306969261	(24,16)
-16.40931317822883668177557083	(24,17)
-17.81789614003097716498780412	(24,18)
-19.17690085054984102449263503	(24,19)
-20.47179618149246066808250716	(24,20)
-21.68923341676543237511727242	(24,21)
-22.81716389481176574528321445	(24,22)
-23.84490779864445855118688065	(24,23)
-24.76317744191759272893862613	(24,24)
-25.56406143980846174495652864	(24,25)
-26.24097846448466148850209821	(24,26)
-26.78861072687293078863645419	(24,27)
-27.20282785690555835568035988	(24,28)
-27.4806115131170886782468939	(24,29)
-27.619989939402042539907434	(24,30)
-0.0228147061480892722733735206	(25,1)
-0.2049569651862191278535103407	(25,2)
-0.5672392481520707481622651522	(25,3)
-1.105657051962150813387049471	(25,4)
-1.814206693727446475791732369	(25,5)
-2.684897467364490750635305748	(25,6)
-3.707780912872461402971306929	(25,7)
-4.871006356794700397056652151	(25,8)
-6.160911808705344170960048798	(25,9)
-7.56215794292190256585557067	(25,10)
-9.057910301841948729308061798	(25,11)
-10.630071226917775159600519538	(25,12)
-12.259558706382806177424092608	(25,13)
-13.926624799646251055438600228	(25,14)
-15.61120209995470202875482253	(25,15)
-17.29326336735014689024751161	(25,16)
-18.95317745359383612467603999	(25,17)
-20.57204423897854682878856628	(25,18)
-22.13199258715763084670157734	(25,19)
-23.61642815463307098214119783	(25,20)
-25.01022192608672404376253764	(25,21)
-26.29983510784355384314004592	(25,22)
-27.47338096359118242979754878	(25,23)
-28.52062880576148536572189604	(25,24)
-29.43295923894902639358829226	(25,25)
-30.20328259638531492609754765	(25,26)
-30.82593417032722204650858811	(25,27)
-31.2965602998229498989885504	(25,28)
-31.6120087374711935747873278	(25,29)
-31.770235132083248398424569	(25,30)
-0.026211745190999732296891333	(26,1)
-0.2354743593809260792410881951	(26,2)
-0.6516980693259367392885316216	(26,3)
-1.270275987652733011767846829	(26,4)
-2.084292374710267853747800974	(26,5)
-3.084527486117127984380953584	(26,6)
-4.259481545764700358841554251	(26,7)
-5.595430171683129004154163435	(26,8)
-7.076523534692321460517967344	(26,9)
-8.684939764394256344075872781	(26,10)
-10.40109968234475960915067911	(26,11)
-12.203945099617611737856519658	(26,12)
-14.07127713942590040687834352	(26,13)
-15.98014498436000887954532756	(26,14)
-17.90726985085300140094006023	(26,15)
-19.82948460211575786989332875	(26,16)
-21.72416684034524561626618815	(26,17)
-23.56964295274368632869735535	(26,18)
-25.34554250632704633384437919	(26,19)
-27.03308636132206375835568833	(26,20)
-28.61529739916052056482605666	(26,21)
-30.07712915685498146359531064	(26,22)
-31.40551418165149613652759612	(26,23)
-32.58933987997399457261949791	(26,24)
-33.61936449086453726047397558	(26,25)
-34.48808922272486333322336041	(26,26)
-35.1896044167503882105323213	(26,27)
-35.71942788476239885837858489	(26,28)
-36.0743524874666826247586685	(26,29)
-36.252317819390985150235975	(26,30)
-0.0299054044289371098728500659	(27,1)
-0.2686564310389242896418418179	(27,2)
-0.743531213318838717497263474	(27,3)
-1.449266098614459140767012353	(27,4)
-2.37794837924092411500512201	(27,5)
-3.519010545528425287028211505	(27,6)
-4.859245710963479263444651029	(27,7)
-6.382860522666975172047504634	(27,8)
-8.071581866071989644062062541	(27,9)
-9.904831398768057117335057383	(27,10)
-11.859977453541791536794363086	(27,11)
-13.912667472210386781028020752	(27,12)
-16.03723650163298231130251204	(27,13)
-18.20717927910918482279678193	(27,14)
-20.39566607472439737885183366	(27,15)
-22.57607675115963962262081565	(27,16)
-24.72252427541047279790186735	(27,17)
-26.81033867021135898119581213	(27,18)
-28.81648520007680204300897624	(27,19)
-30.71989608448390348576417295	(27,20)
-32.50170248949016873396648232	(27,21)
-34.14536201218694496072473653	(27,22)
-35.63668532670968946207213691	(27,23)
-36.96377320015548805852138503	(27,24)
-38.11688103479017955062999189	(27,25)
-39.08823206216199087998339082	(27,26)
-39.87180220562378918957505845	(27,27)
-40.46309957675662008999861316	(27,28)
-40.8589598711346837531321234	(27,29)
-41.057375944284136648847991	(27,30)
-0.0338976375429734050165165629	(28,1)
-0.3045207266055279081847747967	(28,2)
-0.842787157001831884765968502	(28,3)
-1.642721343970542439071056592	(28,4)
-2.695326876607360981512857924	(28,5)
-3.988566236713243538262896304	(28,6)
-5.507363742203472852258509923	(28,7)
-7.233652972366441390100168786	(28,8)
-9.146489993038322208657348625	(28,9)
-11.222250801509383231208359948	(28,10)
-13.43492559596964054782440148	(28,11)
-15.7565141724975567025548059	(28,12)
-18.1575167959542752953180527	(28,13)
-20.60750445216634414880179167	(28,14)
-23.07574283591499135236313408	(28,15)
-25.53183711554673085993539471	(28,16)
-27.94636054016488283545221425	(28,17)
-30.29142995623079219966011148	(28,18)
-32.54119532410839085719548774	(28,19)
-34.67221781969288618801711473	(28,20)
-36.66372103313631327248711444	(28,21)
-38.49771081525518721712382538	(28,22)
-40.15897011446563239981704707	(28,23)
-41.63494452260964781550828627	(28,24)
-42.91554138186089846787333845	(28,25)
-43.99286978415389268665351933	(28,26)
-44.86095059602649132909520276	(28,27)
-45.515425043347401878872122	(28,28)
-45.9532878500946412026752608	(28,29)
-46.17266696010605377085309	(28,30)
-0.0381879489487513473428960493	(29,1)
-0.343062789164731248022866437	(29,2)
-0.949453475623968147899032877	(29,3)
-1.850616942148765573238912225	(29,4)
-3.03638508172295229519175687	(29,5)
-4.493125297637883081573760141	(29,6)
-6.203726308231958604449240393	(29,7)
-8.147636516026406995045910906	(29,8)
-10.300982406068063943587097755	(29,9)
-12.636790781370111645734404111	(29,10)
-15.125331202322355710251061197	(29,11)
-17.7345843127037887158094356	(29,12)
-20.43082889108959924974413259	(29,13)
-23.17932701163928930984742214	(29,14)
-25.94507444984029846174407621	(29,15)
-28.69357422069679587723097374	(29,16)
-31.39158632965010847041423471	(29,17)
-34.00780724958296136076498698	(29,18)
-36.51343830091640760142540675	(29,19)
-38.88261218823832596438155718	(29,20)
-41.0926599820398215449543573	(29,21)
-43.12421503428568202619022685	(29,22)
-44.96116389086639991695931597	(29,23)
-46.59046572779011738451562173	(29,24)
-48.00187021191550448783500693	(29,25)
-49.18756856355056660297838528	(29,26)
-50.14181408526276117084743227	(29,27)
-50.8605470008631545591666627	(29,28)
-51.3410548002609067758706215	(29,29)
-51.581694119867691793879236	(29,30)
-0.042773250995254985323976503	(30,1)
-0.384254875662069761801600846	(30,2)
-1.063453294169368823260322488	(30,3)
-2.072802463779694356702641636	(30,4)
-3.400873958938229773630060671	(30,5)
-5.032313000184161335340309065	(30,6)
-6.947801712728451691623751387	(30,7)
-9.124084247604642882214311	(30,8)
-11.534088680539086577935026952	(30,9)
-14.147176033961506316274519461	(30,10)
-16.92953734417788126776040267	(30,11)
-19.84474609122106137457432707	(30,12)
-22.85445692019790771296996919	(30,13)
-25.9192244339681660988795027	(30,14)
-28.99940031465598727689372097	(30,15)
-32.05605548660768123180077868	(30,16)
-35.05186832897521365689875663	(30,17)
-37.95192106755612052737841962	(30,18)
-40.72435431280564079881736214	(30,19)
-43.340843079143719083294184	(30,20)
-45.77687451696444274780689533	(30,21)
-48.01182561406707491118758571	(30,22)
-50.02885595328254237032435355	(30,23)
-51.81464439889557131250793462	(30,24)
-53.35900819636622866927139298	(30,25)
-54.65444805345637348331049862	(30,26)
-55.69566363818387874948946241	(30,27)
-56.4790813440626997965480687	(30,28)
-57.0024311029563639351268932	(30,29)
-57.264402418388585430791483	(30,30)
-0.047647735273864393037587213	(31,1)
-0.428044800906652249369905683	(31,2)
-1.184642089939052503830421064	(31,3)
-2.308995611397627027927236822	(31,4)
-3.788328061067044814870501326	(31,5)
-5.605434240416273655267121894	(31,6)
-7.738615599552853646969847482	(31,7)
-10.161687292051453142154987965	(31,8)
-12.844101582767447288921041312	(31,9)
-15.7512257921336668677382599	(31,10)
-18.84480114391458040181295307	(31,11)
-22.08359173531590894114820974	(31,12)
-25.42421215217357635865556381	(31,13)
-28.82210062621951921330152978	(31,14)
-32.23258517811132968237600184	(31,15)
-35.61197595505767410913248226	(31,16)
-38.91861033502966940417530719	(31,17)
-42.11377952317469197286959663	(31,18)
-45.16247603802134015194103884	(31,19)
-48.03391899328977507139177493	(31,20)
-50.70183570945660575175405758	(31,21)
-53.14450077655500708506285057	(31,22)
-55.34455426616513078384645314	(31,23)
-57.28863709596239000248357086	(31,24)
-58.96689232335447138999410642	(31,25)
-60.37238615299814815529400027	(31,26)
-61.50050229587942225479272124	(31,27)
-62.3483591544364262930471515	(31,28)
-62.9142924583419779404273394	(31,29)
-63.197437670988272976377516	(31,30)
-0.052802760584657534684517554	(32,1)
-0.47435493123233817983773738	(32,2)
-1.312804909665486238665742402	(32,3)
-2.558776809250984699333275036	(32,4)
-4.19805670560136807138594708	(32,5)
-6.211460629950117665520798373	(32,6)
-8.574733472309632971614413711	(32,7)
-11.258532535997928164841319083	(32,8)
-14.228550160774327553248608956	(32,9)
-17.44582288945275485524762623	(32,10)
-20.86725997476214392345503217	(32,11)
-24.44640261706392312926672174	(32,12)
-28.13439944553929208288298196	(32,13)
-31.88115676103685327993188655	(32,14)
-35.63659793815539778121872254	(32,15)
-39.35194904150206049071880902	(32,16)
-42.9809601491426366882433208	(32,17)
-46.4809755103416136189326774	(32,18)
-49.81377997614774864125375802	(32,19)
-52.94617178691643188372254414	(32,20)
-55.85023915171816251174651373	(32,21)
-58.50334600559852920665995565	(32,22)
-60.88785714499944147000178466	(32,23)
-62.99065190837121345639944455	(32,24)
-64.80248733386578799870054841	(32,25)
-66.31727627109675196160901057	(32,26)
-67.53134427198751633775726565	(32,27)
-68.4427228599248549081449102	(32,28)
-69.050527750149652718554806	(32,29)
-69.354460329667031001234852	(32,30)
-0.058226760401220230682417609	(33,1)
-0.523081353341130926530768727	(33,2)
-1.44765407176902209610808716	(33,3)
-2.821584740673360683807279054	(33,4)
-4.629136712970206802089519828	(33,5)
-6.849019919268902303099614709	(33,6)
-9.454246480591412039926847801	(33,7)
-12.41208474179988075826972235	(33,8)
-15.6841785421031766448668323	(33,9)
-19.22689009273404287402935064	(33,10)
-22.99190676361780812946481941	(33,11)
-26.92712560655116492840355717	(33,12)
-30.9777973916600928772909402	(33,13)
-35.08787856657290193232549797	(33,14)
-39.20150994611033179921891118	(33,15)
-43.26452005578051886229208819	(33,16)
-47.22584262943744048956722228	(33,17)
-51.0387434456731674607819604	(33,18)
-54.66177060154338186618276853	(33,19)
-58.05937125860924494267922255	(33,20)
-61.20215207660027290321536796	(33,21)
-64.0667947180673231716607431	(33,22)
-66.63566733213275798277422787	(33,23)
-68.89619461826126569925944277	(33,24)
-70.84006154770458079279655906	(33,25)
-72.46232939859977796265122859	(33,26)
-73.7605390152932585841548149	(33,27)
-74.7338673631697170308197201	(33,28)
-75.3823918202010150291991316	(33,29)
-75.706504160608117062576881	(33,30)
-0.063905172927449412274537934	(34,1)
-0.574093246116933291923850993	(34,2)
-1.588827430619418129872904906	(34,3)
-3.096712982563949408516710008	(34,4)
-5.080406951198585571050529114	(34,5)
-7.516388111709414567427568403	(34,6)
-10.374760961515291548716839009	(34,7)
-13.61917367300384219552120436	(34,8)
-17.20693120745933007217795366	(34,9)
-21.0893746032856609641374513	(34,10)
-25.21257540318293837671327937	(34,11)
-29.51836173446094958448519851	(34,12)
-33.9456532233343877694675819	(34,13)
-38.43204106736880151337594498	(34,14)
-42.9155136212750046324368548	(34,15)
-47.33620298508291487240999373	(34,16)
-51.63801893579431334247761293	(34,17)
-55.77004498496189453344246121	(34,18)
-59.68759599408704849593290273	(34,19)
-63.352873319191845311592923	(34,20)
-66.73519568059383994980573284	(34,21)
-69.81082522624503262245740246	(34,22)
-72.56244292320040846609838956	(34,23)
-74.97835179721068850212571083	(34,24)
-77.05149932376499666867436549	(34,25)
-78.77841225967184546385892234	(34,26)
-80.1581306808195975573132034	(34,27)
-81.1912159298571575272333671	(34,28)
-81.878892496700352842317929	(34,29)
-82.222368899085705930878502	(34,30)
-0.069820397024641157463647769	(35,1)
-0.627232484857211283415663545	(35,2)
-1.735887284242966084911476588	(35,3)
-3.383307895352590621159248026	(35,4)
-5.550464945445734972377156791	(35,5)
-8.211484646739206981572333869	(35,6)
-11.333392250333517436300300289	(35,7)
-14.87598688777263016580112691	(35,8)
-18.79194553676116380825052852	(35,9)
-23.02724164728615450103112818	(35,10)
-27.52193728460286177815861759	(35,11)
-32.21136821291952352257542467	(35,12)
-37.02769349981710850505245808	(35,13)
-41.90173165034686528079376258	(35,14)
-46.7649619925054520510493421	(35,15)
-51.55154075523333345520773579	(35,16)
-56.20017163046280691182459035	(35,17)
-60.65568266733008421041035845	(35,18)
-64.87019304118108170142756511	(35,19)
-68.8037988500360355676375083	(35,20)
-72.4247586685699367548452153	(35,21)
-75.70920886500696523264797968	(35,22)
-78.64047885921156737332932082	(35,23)
-81.20810342630996359683866417	(35,24)
-83.40664169784174472177337163	(35,25)
-85.23441215625798372702938725	(35,26)
-86.6922428437392521126720517	(35,27)
-87.7823200668506858908886994	(35,28)
-88.5072006938155301001438252	(35,29)
-88.869035490573081974178633	(35,30)
-0.075951777379439268054660057	(36,1)
-0.682313508198344923262537049	(36,2)
-1.888320009192906849272163705	(36,3)
-3.680367931168845406664482171	(36,4)
-6.037665817674578331941872079	(36,5)
-8.931871040177453948639345923	(36,6)
-12.3267632841065045241447403	(36,7)
-16.17806886572591546401520995	(36,8)
-20.43355242751994061113150448	(36,9)
-25.03347806696156370718764893	(36,10)
-29.91150993214315505160956547	(36,11)
-34.9960748020702787409658395	(36,12)
-40.21215147398770373738224319	(36,13)
-45.48339216854129632498783121	(36,14)
-50.73442955392784899042904728	(36,15)
-55.89318888401874633428392322	(36,16)
-60.89301491942751492503342476	(36,17)
-65.6744399918006094674692863	(36,18)
-70.18645979891513785194828995	(36,19)
-74.38723981125854109578202797	(36,20)
-78.24423748208504287444498393	(36,21)
-81.73378361534757925097487973	(36,22)
-84.84021219980758372518858403	(36,23)
-87.55465719619886041839199478	(36,24)
-89.87364639044767321884815968	(36,25)
-91.79761885928902119094985309	(36,26)
-93.3294781188098926823554125	(36,27)
-94.4732725248209510183329091	(36,28)
-95.2330723613718410268911969	(36,29)
-95.612092517938605215378975	(36,30)
-0.082275622260935976727153029	(37,1)
-0.739123477809494220309975756	(37,2)
-2.045536505730488786047416066	(37,3)
-3.986744521734002125091167067	(37,4)
-6.540123819400956756658561551	(37,5)
-9.674753364673607530201958185	(37,6)
-13.35100851431641798733826479	(37,7)
-17.52032711882704099345336467	(37,8)
-22.12528575939897934426828004	(37,9)
-27.10010678057071880851207521	(37,10)
-32.37167865206566642241369311	(37,11)
-37.86111540532452612047135531	(37,12)
-43.48581189790122234128890533	(37,13)
-49.16188059204510920122362153	(37,14)
-54.80679455929261245319849088	(37,15)
-60.34202211710753045954361496	(37,16)
-65.69542894132083260906265561	(37,17)
-70.80324601038961282346535937	(37,18)
-75.61145215755223857205426558	(37,19)
-80.07648872276402187437435942	(37,20)
-84.16529826895360766228496333	(37,21)
-87.85474721690588939121888631	(37,22)
-91.13054414737097510833807614	(37,23)
-93.98579651249794899411623843	(37,24)
-96.41935837330521668801302631	(37,25)
-98.43411402584351841178708347	(37,26)
-100.0353225938078922212364755	(37,27)
-101.2291229065224900778122068	(37,28)
-102.0212714822988611929214638	(37,29)
-102.416162871247015209014528	(37,30)
-0.08876525706109209156230033	(38,1)
-0.797422759544555148847474475	(38,2)
-2.20687353261768414965792128	(38,3)
-4.301144699919290560662435059	(38,4)
-7.055716707746611543680278565	(38,5)
-10.436988934110344751094447432	(38,6)
-14.40178361531510314241645919	(38,7)
-18.89704589525444588496864613	(38,8)
-23.85990141980432603500744009	(38,9)
-29.21821289698759728120399765	(38,10)
-34.89173199540957385101480826	(38,11)
-40.79387562607112622857804043	(38,12)
-46.83407382829799704638656398	(38,13)
-52.92055247194844400605492492	(38,14)
-58.96334258624659786971837417	(38,15)
-64.8772632996439788310723299	(38,16)
-70.584616641340039262738249	(38,17)
-76.01736214040718508211951335	(38,18)
-81.11860158950195591749488262	(38,19)
-85.84328731980087340868990109	(38,20)
-90.15815540933322101678403401	(38,21)
-94.04096362998328685365259042	(38,22)
-97.47917179605422144483247901	(38,23)
-100.46823439094054021590505783	(38,24)
-103.00968250400293850813606269	(38,25)
-105.1091591002038496300242236	(38,26)
-106.7745456066063840623021752	(38,27)
-108.0142860997718275451856334	(38,28)
-108.8359841360743458644373901	(38,29)
-109.245320580131442877556838	(38,30)
-0.09539111651517473957668849	(39,1)
-0.85694575206891459907668719	(39,2)
-2.371596003415115794184214251	(39,3)
-4.622135594412219332396074145	(39,4)
-7.582093190990365329246976625	(39,5)
-11.21509751938513187390460329	(39,6)
-15.47428142402904472643308224	(39,7)
-20.30190801475676826457615372	(39,8)
-25.62940651147662654180055764	(39,9)
-31.37798214816704431280034769	(39,10)
-37.45991167777006983986199847	(39,11)
-43.78055682291159025498307698	(39,12)
-50.24103175558422105904311681	(39,13)
-56.74136220272472919109169822	(39,14)
-63.18389088433774316974832469	(39,15)
-69.47663339354869270007824093	(39,16)
-75.53628141771665040377808354	(39,17)
-81.29058856756342582295395543	(39,18)
-86.67995047684873984125387874	(39,19)
-91.6580899877224689032162185	(39,20)
-96.19186133449476382002609992	(39,21)
-100.26027677621820584667672905	(39,22)
-103.85292281882318677219072011	(39,23)
-106.96796584875168234674144563	(39,24)
-109.60995034541037263400080741	(39,25)
-111.7875734388234923296925419	(39,26)
-113.511586331899048650939419	(39,27)
-114.7929348148019089965980045	(39,28)
-115.641214794006721479609348	(39,29)
-116.063488921035981703594969	(39,30)
-0.102120878052908626129761088	(40,1)
-0.917402084970669125801852403	(40,2)
-2.538900305082088831933738029	(40,3)
-4.94815091526124494064806467	(40,4)
-8.116683634094759970201711229	(40,5)
-12.00527736973455440725500511	(40,6)
-16.56325447179637730838023987	(40,7)
-21.72802527426345344797341765	(40,8)
-27.4250992340076997309315405	(40,9)
-33.56875214028765580716796433	(40,10)
-40.06347739965968575834521558	(40,11)
-46.80625696188492685119366359	(40,12)
-53.68957510279886040512890533	(40,13)
-60.60498375810960930871568247	(40,14)
-67.44693268742360881626131888	(40,15)
-74.1165212120406319048785456	(40,16)
-80.52482340858516836958677025	(40,17)
-86.59548734065984462506275776	(40,18)
-92.26640132745532079336971277	(40,19)
-97.49033751008489115746151732	(40,20)
-102.23460245346440777959059366	(40,21)
-106.47982574176068108546928824	(40,22)
-110.21808675328058945216306222	(40,23)
-113.45061204628354370182043166	(40,24)
-116.18527412934237911978069187	(40,25)
-118.4340954224724971914941423	(40,26)
-120.2109198226105015739319211	(40,27)
-121.5293688082093874889986651	(40,28)
-122.4011574002006016078934238	(40,29)
-122.834812343287226857281354	(40,30)
-0.108919638137890720939971957	(41,1)
-0.978478203037271161744635985	(41,2)
-2.707918684925170699340975013	(41,3)
-5.277499519300611527396557262	(41,4)
-8.656714167419044165392140408	(41,5)
-12.80342624365075481169734565	(41,6)
-17.66304437204614843732286305	(41,7)
-23.16797773432293988952844128	(41,8)
-29.23761976838905186832528817	(41,9)
-35.77907672414858329904266625	(41,10)
-42.68878677211292537886399368	(41,11)
-49.85506828768125116398599273	(41,12)
-57.16150583195691155179279109	(41,13)
-64.49095024362133208226042693	(41,14)
-71.72980033242499586860074065	(41,15)
-78.77217111973688351840218975	(41,16)
-85.52355200787012970709036135	(41,17)
-91.90361905607254954564844008	(41,18)
-97.84797609724473215752868348	(41,19)
-103.30873671700834597456148232	(41,20)
-108.2539962279949409837345129	(41,21)
-112.66635604509900327680118265	(41,22)
-116.54073716923973342247347361	(41,23)
-119.88175025928855726883375112	(41,24)
-122.7008818444258455571462965	(41,25)
-125.013720514076720496853905	(41,26)
-126.8373964942110215352440314	(41,27)
-128.188354834259649471500295	(41,28)
-129.0805353294844692013618754	(41,29)
-129.523996335391269444871112	(41,30)
-0.115750132720528941456245586	(42,1)
-1.039839346800114579744415197	(42,2)
-2.877724733737164010113667486	(42,3)
-5.608376108985303694533438113	(42,4)
-9.19922428367383346501045686	(42,5)
-13.60516756751766142611246978	(42,6)
-18.76761820924540595030715517	(42,7)
-24.61386204241049475199839016	(42,8)
-31.05701230011521814527849214	(42,9)
-37.99680355157166638315938634	(42,10)
-45.32139027934440472146605933	(42,11)
-52.91019152858103492771350586	(42,12)
-60.63767356259395774878247354	(42,13)
-68.37781126558367686736374095	(42,14)
-76.00884569295295907742329796	(42,15)
-83.41788664955705980787220937	(42,16)
-90.5049119690085087839989015	(42,17)
-97.18578990126857385099064652	(42,18)
-103.39408184118294951088149924	(42,19)
-109.0815417888796959420939155	(42,20)
-114.21738479037271918395007261	(42,21)
-118.78652212540872689675768978	(42,22)
-122.78703975816559049891315216	(42,23)
-126.22722471659390307093759642	(42,24)
-129.1224285646463409430158638	(42,25)
-131.4920115171427744308462751	(42,26)
-133.3565504688315355330099032	(42,27)
-134.7354328943018967027684246	(42,28)
-135.6449059118933753491293513	(42,29)
-136.096610985620332494183834	(42,30)
-0.122573002072762224945524273	(43,1)
-1.101131931751022540214916436	(43,2)
-3.047339971668872648405085146	(43,3)
-5.93887407669393993696630539	(43,4)
-9.74108794029302423850416294	(43,5)
-14.40588174012044405248064082	(43,6)
-19.87061193762409460415259214	(43,7)
-26.05734877168026243656820367	(43,8)
-32.8727980964999991856093722	(43,9)
-40.20916462290338641821555612	(43,10)
-47.94614091071509508439823187	(43,11)
-55.95406602050959524808336585	(43,12)
-64.0981272613806022303351887	(43,13)
-72.243306772764641810154504	(43,14)
-80.25963611922262071714157429	(43,15)
-88.02724772634669932305665855	(43,16)
-95.44072028193030437460096648	(43,17)
-102.41230577356861161753022606	(43,18)
-108.87377901252868908890385733	(43,19)
-114.77683324154608448505090382	(43,20)
-120.09212095947341811099368393	(43,21)
-124.80717686432632749339259444	(43,22)
-128.9235422343756580193688834	(43,23)
-132.45343436836143301192600758	(43,24)
-135.416280327055613607510005	(43,25)
-137.8353776193327486846908586	(43,26)
-139.7348736366926089063485934	(43,27)
-141.1371858787170642658680438	(43,28)
-142.0609267920142496089602391	(43,29)
-142.519355597039399001605752	(43,30)
-0.129347099311558557476142946	(44,1)
-1.161986319999737567919292234	(44,2)
-3.215741519490670849907690491	(44,3)
-6.267000460078654662565814963	(44,4)
-10.27903810843083657495464005	(44,5)
-15.2007424895921225322405061	(44,6)
-20.96538064604049587455480711	(44,7)
-27.48974855785387473787977448	(44,8)
-34.67405931351619857592869292	(44,9)
-42.40287934841045291847572698	(44,10)
-50.54731777660909371651098683	(44,11)
-58.96851479407100803948016119	(44,12)
-67.52228221317578157987762849	(44,13)
-76.06455569365659310074656963	(44,14)
-84.45716378521942033894274542	(44,15)
-92.57333896989204332319384366	(44,16)
-100.30241089626027165586542426	(44,17)
-107.55323021238412682096877372	(44,18)
-114.2560489112108835588304502	(44,19)
-120.36279097707428467206386519	(44,20)
-125.84584305329136113593738172	(44,21)
-130.69564468047506528306157723	(44,22)
-134.91744283790984901458712072	(44,23)
-138.5275947066964139557330363	(44,24)
-141.5497680585024249968766941	(44,25)
-144.0113201077796574042641904	(44,26)
-145.9400536804592291100614072	(44,27)
-147.3614711463511731842033248	(44,28)
-148.2965828823745866039245602	(44,29)
-148.76028322772848330072024	(44,30)
-0.1360298408785261167581271	(45,1)
-1.222019968802624977065777045	(45,2)
-3.381870812072431138002660923	(45,3)
-6.59069292380867541072604381	(45,4)
-10.80969462779220158897387562	(45,5)
-15.98475806919813306553332332	(45,6)
-22.04505538216597543158944202	(45,7)
-28.90208660813186590758628631	(45,8)
-36.4495329535242784732120097	(45,9)
-44.56426935171821136381542261	(45,10)
-53.10876269668333387015645533	(45,11)
-61.93490332534422438771107512	(45,12)
-70.88910064393130931040906801	(45,13)
-79.81825738069717864481494362	(45,14)
-88.57606608946609866404155473	(45,15)
-97.02898638305925737985127482	(45,16)
-105.06128431397609276449324221	(45,17)
-112.57864297615306975428870907	(45,18)
-119.51005703667940509392366224	(45,19)
-125.80795821019979502723814115	(45,20)
-131.44673549438734664421305083	(45,21)
-136.41997549810177122746817222	(45,22)
-140.73683513911749421522579512	(45,23)
-144.4179717979234535155342539	(45,24)
-147.4914101931356236155841674	(45,25)
-149.9886438658356231738865154	(45,26)
-151.9411755910711787067630468	(45,27)
-153.3776139105112015052159123	(45,28)
-154.3213740196185585566558208	(45,29)
-154.788985388579364189837164	(45,30)
-0.142577596155326288774777741	(46,1)
-1.280840930623110788238313802	(46,2)
-3.544643283894741288246904353	(46,3)
-6.90783863053996964572271337	(46,4)
-11.32959514088079559348460149	(46,5)
-16.75281695316615423782787123	(46,6)
-23.1026060597916908388248808	(46,7)
-30.28518494054369305166013526	(46,8)
-38.18771413542127154404017559	(46,9)
-46.67938394552791544828066947	(46,10)
-55.6140284245196585566914167	(46,11)
-64.83431031743870905184362233	(46,12)
-74.1772840452371359734304814	(46,13)
-83.48090359211033846411642025	(46,14)
-92.59085454444069034116263902	(46,15)
-101.36699961805226598312468453	(46,16)
-109.6887590867711948380916091	(46,17)
-117.4588962522264386955058726	(46,18)
-124.60540941468532711439975078	(46,19)
-131.08149355446260309382988224	(46,20)
-136.8637728317419587693179934	(46,21)
-141.949177656899374327244541	(46,22)
-146.3509277293094837613996918	(46,23)
-150.094087665807488075534881	(46,24)
-153.2111036749895435407137776	(46,25)
-155.7376348651272238429344993	(46,26)
-157.7088873419483594194292011	(46,27)
-159.1565634597752360712514893	(46,28)
-160.1064646027523081130093106	(46,29)
-160.576738306461219694444013	(46,30)
-0.148946112292880985762818972	(47,1)
-1.338051669488709712957238666	(47,2)
-3.70295892904458988504432867	(47,3)
-7.21629481078656733039465116	(47,4)
-11.83522879367706944802878597	(47,5)
-17.49973756746545600434216042	(47,6)
-24.13090980281291616195141379	(47,7)
-31.62975149681581941248490763	(47,8)
-39.87696758125774007670241159	(47,9)
-48.7341349181585473313230053	(47,10)
-58.04653686034228064476467947	(47,11)
-67.64770856593294469936026805	(47,12)
-77.36547495902635340494476447	(47,13)
-87.02899850088881236562931531	(47,14)
-96.47614942721095355297117062	(47,15)
-105.56041695668125676406689328	(47,16)
-114.1566223234848085253199398	(47,17)
-122.16486569964226207819743316	(47,18)
-129.51239932590858859508619862	(47,19)
-136.15340905294469459233879873	(47,20)
-142.06694543300005806313578595	(47,21)
-147.2534285708419670965527052	(47,22)
-151.7302382098424862248720902	(47,23)
-155.5268970565834243681667454	(47,24)
-158.68028397330693600489343	(47,25)
-161.2302048238986075053043282	(47,26)
-163.2155313562016733722985681	(47,27)
-164.6710142121334272949492611	(47,28)
-165.6247974619121708098628301	(47,29)
-166.096613128302369602762754	(47,30)
-0.155090969252870898607033901	(48,1)
-1.393253148713467828078095391	(48,2)
-3.85571361134509553571387154	(48,3)
-7.51391078931918213328155314	(48,4)
-12.32307230508776095398511031	(48,5)
-18.22032146718479419911242711	(48,6)
-25.12282391393283808579492696	(48,7)
-32.92647506372049917086407575	(48,8)
-41.50564597669581035711948317	(48,9)
-50.71443899353106462851841909	(48,10)
-60.38974531327856340843679859	(48,11)
-70.35615367731082126312712017	(48,12)
-80.43246572788914890636977691	(48,13)
-90.43928402539549356591099413	(48,14)
-100.20691735351462076698191696	(48,15)
-109.58275013809652747729967824	(48,16)
-118.43727643520859957348598149	(48,17)
-126.66819377986162178283355962	(48,18)
-134.20224225103051260443089731	(48,19)
-140.99479244626215670073603111	(48,20)
-147.0274657119970397884531564	(48,21)
-152.3042626352893604326824054	(48,22)
-156.8467616396231398581640851	(48,23)
-160.6889363973596306086560128	(48,24)
-163.8720555324953092479602281	(48,25)
-166.4400049959491517395267462	(48,26)
-168.4352441851531705618293715	(48,27)
-169.8954943717831116779246946	(48,28)
-170.8511749655153464061895377	(48,29)
-171.323553194465819038123457	(48,30)
-0.160968059039965089743823589	(49,1)
-1.446049135892724384423042646	(49,2)
-4.00181097494592916362145499	(49,3)
-7.79855117656834226544725199	(49,4)
-12.78962792765606484133188436	(49,5)
-18.90940925619109875531760623	(49,6)
-26.07126250102644526482368301	(49,7)
-34.1661247440788945635656224	(49,8)
-43.06221363517495247458521393	(49,9)
-52.60636607627635614873472068	(49,10)
-62.62731861612740467120167189	(49,11)
-72.94097816429575847009109659	(49,12)
-83.35741150895019841772310904	(49,13)
-93.6889676318940396701720005	(49,14)
-103.75870888049620062421003539	(49,15)
-113.40822621650226166096117362	(49,16)
-122.50397951221399169377914081	(49,17)
-130.94152311678135925668576779	(49,18)
-138.64729724559447768181726316	(49,19)
-145.5780124662464812764242761	(49,20)
-151.7179543278585384127267437	(49,21)
-157.0747365042762308833807036	(49,22)
-161.6741142507335153788477805	(49,23)
-165.5544464148905474248076034	(49,24)
-168.7612947232403001108815254	(49,25)
-171.3425116776656392526024969	(49,26)
-173.3440274136918739309777821	(49,27)
-174.8064255302105383429823015	(49,28)
-175.7623109266714074701886806	(49,29)
-176.234422052348940277254188	(49,30)
-0.166534082179433335905528895	(50,1)
-1.496050662780055993253258277	(50,2)
-4.14017478277287095234185111	(50,3)
-8.06811988903528605065566861	(50,4)
-13.23146274986398411148668322	(50,5)
-19.56193844023757295631327099	(50,6)
-26.96927565495802055445753063	(50,7)
-35.3396525459962029359273304	(50,8)
-44.53537369526480067862676925	(50,9)
-54.39629117628319554217454	(50,10)
-64.7433046772879027809567101	(50,11)
-75.38398824316892229751267383	(50,12)
-86.12004469304466563501015788	(50,13)
-96.75594966884730949352857774	(50,14)
-107.10789323874272285309189414	(50,15)
-117.01202372690259186176942316	(50,16)
-126.33107692849455453129687005	(50,17)
-134.9587179318814802065202521	(50,18)
-142.8212733534092178357666016	(50,19)
-149.8769064109692644465520031	(50,20)
-156.1126063076310376859071616	(50,21)
-161.539572399476303244571383	(50,22)
-166.1876537826086422143696835	(50,23)
-170.0994704049654792583721596	(50,24)
-173.3247278540563605347972633	(50,25)
-175.9150864761119114196125083	(50,26)
-177.9197932254156319131176747	(50,27)
-179.382156937141893292112294	(50,28)
-180.3368572289694712408466349	(50,29)
-180.808026227291095810952089	(50,30)
-0.171747053702268924784713918	(51,1)
-1.542880570538427047151640537	(51,2)
-4.26976149056980942508848213	(51,3)
-8.32058462459716394359714073	(51,4)
-13.64524872861976403381185375	(51,5)
-20.17300231555877895466118488	(51,6)
-27.8101299546461407974466868	(51,7)
-36.4382975138685228261542327	(51,8)
-45.91419691466615275768942887	(51,9)
-56.0710477308391630675811994	(51,10)
-66.72231088368390525161471662	(51,11)
-77.66766051182394564618317976	(51,12)
-88.70088776991313038590624292	(51,13)
-99.61904725697952317213370144	(51,14)
-110.23188733948828958255451999	(51,15)
-120.37050057251333113183485994	(51,16)
-129.8942219965745116635501338	(51,17)
-138.6950719106420104195088812	(51,18)
-146.6994200453320688285195136	(51,19)
-153.8669496815019280874810704	(51,20)
-160.1873374920349255808221745	(51,21)
-165.6752805595479769917618194	(51,22)
-170.3645782117630352062748333	(51,23)
-174.3019305333102136641667367	(51,24)
-177.5409871479816943980977198	(51,25)
-180.1370146781669384559279099	(51,26)
-182.1423883116191869345602606	(51,27)
-183.6029783793765905460084147	(51,28)
-184.5554092763795652072914052	(51,29)
-185.02511693798937927542504	(51,30)
-0.176566810270480053214812243	(52,1)
-1.58617806520442062697173419	(52,2)
-4.3895728486528923366666517	(52,3)
-8.55400138836011719553346977	(52,4)
-14.02780279166957992593748871	(52,5)
-20.73790892478321988086825633	(52,6)
-28.58738898296391997788449607	(52,7)
-37.45368971284719698712229072	(52,8)
-47.1882499989607557369143858	(52,9)
-57.61807991397869656595662553	(52,10)
-68.54967865103685304480992599	(52,11)
-79.77533559787399714224701063	(52,12)
-91.08146163648290703410284111	(52,13)
-102.25821177709634573522394514	(52,14)
-113.10937629377408299400773263	(52,15)
-123.4614112157377140381890627	(52,16)
-133.1705837372436724563954545	(52,17)
-142.127501160639611154192223	(52,18)
-150.258701018951998363353092	(52,19)
-157.5254073321326529967795429	(52,20)
-163.9199120751759934672949219	(52,21)
-169.4602622888062699646238333	(52,22)
-174.1840049663906511585846494	(52,23)
-178.1416848117934527211038979	(52,24)
-181.3906477969624639969266223	(52,25)
-183.9895252135487074071787388	(52,26)
-185.9935999110981287666525902	(52,27)
-187.4511156675609348252260003	(52,28)
-188.4004944052180040748194426	(52,29)
-188.868374961948506532375931	(52,30)
-0.180955509636087687595120952	(53,1)
-1.6256032042610826031187376	(53,2)
-4.49866831261121299472596683	(53,3)
-8.76653864367330099816859011	(53,4)
-14.37612631581240482002119066	(53,5)
-21.25223906372387194879883717	(53,6)
-29.29499247456749895347258972	(53,7)
-38.37795230445202379585004395	(53,8)
-48.3477213236113928962393537	(53,9)
-59.02559144674916966522725474	(53,10)
-70.21165335792803426362049543	(53,11)
-81.69140583629518666675819037	(53,12)
-93.24448635948185971074436734	(53,13)
-104.65473706722469868728848264	(53,14)
-115.72052281178791565834053751	(53,15)
-126.2641109477743164262654791	(53,16)
-136.1390400763945075544206582	(53,17)
-145.2347212096168166203039239	(53,18)
-153.4779510041833350396281907	(53,19)
-160.8314679958710712142442455	(53,20)
-167.2900522992802606651218344	(53,21)
-172.8748953168965280633643835	(53,22)
-177.6270329173368401069423075	(53,23)
-181.6005675376971341389987261	(53,24)
-184.8562492900636758487897204	(53,25)
-187.4557957305915418486422394	(53,26)
-189.4571477431565340294010547	(53,27)
-190.9107126658865221239250384	(53,28)
-191.856547302910528503931382	(53,29)
-192.322382748872814694761753	(53,30)
-0.184878113400262017276993416	(54,1)
-1.66084123317592572136078381	(54,2)
-4.59617703856823347790677401	(54,3)
-8.95650065210560064719979602	(54,4)
-14.68744326959479563966400944	(54,5)
-21.71190229863658412930799616	(54,6)
-29.92733268699785255902632593	(54,7)
-39.20379991843915989127165038	(54,8)
-49.38354187761813631481343909	(54,9)
-60.28268840228939309831530003	(54,10)
-71.69554690030633599185578983	(54,11)
-83.40149406688021137711009862	(54,12)
-95.17407147457312679751207041	(54,13)
-106.79145555830575082297949251	(54,14)
-118.0471630167457328190043304	(54,15)
-128.7597452222850706717340708	(54,16)
-138.7803550254015198795571831	(54,17)
-147.9974072546461830193650293	(54,18)
-156.3380154827753618784776564	(54,19)
-163.7663607911961687760183515	(54,20)
-170.2795315734722183439429737	(54,21)
-175.9016033392366825588163253	(54,22)
-180.6767895362097094356133977	(54,23)
-184.6624160203850998507789097	(54,24)
-187.9223041864509435172147296	(54,25)
-190.5209462216907856586513187	(54,26)
-192.5186654656832676681150135	(54,27)
-193.9678036310811658320979364	(54,28)
-194.909876283554334947229537	(54,29)
-195.373587671917808882763262	(54,30)
-0.18830284403903417157194426	(55,1)
-1.69160669076154995523621561	(55,2)
-4.68130923863686223100315432	(55,3)
-9.12234956632462532433450648	(55,4)
-14.95923630976760644111376535	(55,5)
-22.11318995547811396650850893	(55,6)
-30.47932659142948641643173667	(55,7)
-39.92463153713997009261792784	(55,8)
-50.28749927889757484216508139	(55,9)
-61.37951353768647835625263122	(55,10)
-72.98989016428928181222938649	(55,11)
-84.89262073259427885656824548	(55,12)
-96.85589302949798848569958424	(55,13)
-108.65291973910561246828895707	(55,14)
-120.0729864024473205584562195	(55,15)
-130.9314222588833371974285754	(55,16)
-141.0773386350181681446294154	(55,17)
-150.3983371046229720317857225	(55,18)
-158.8218734414837255805917727	(55,19)
-166.3134559922468798304108696	(55,20)
-172.8722524129412159192751783	(55,21)
-178.5249116769791301624582389	(55,22)
-183.3184656172015796599406686	(55,23)
-187.3130863619775438408007367	(55,24)
-190.5752973863958880214148299	(55,25)
-193.1720244643188838889816777	(55,26)
-195.1656750746761901802689821	(55,27)
-196.6102793773574091622946629	(55,28)
-197.548623997436604199551331	(55,29)
-198.010260022223053576337587	(55,30)
-0.19120160739695781286294615	(56,1)
-1.71764720432736158946307688	(56,2)
-4.75336667805197740195483184	(56,3)
-9.26272585127447179129161451	(56,4)
-15.18928013978100344115012423	(56,5)
-22.45282407134089623860775265	(56,6)
-30.94648252018150673638441745	(56,7)
-40.53461616422863421932002957	(56,8)
-51.05234278555928050978978961	(56,9)
-62.30736978065461189988517048	(56,10)
-74.08457283645507959931972051	(56,11)
-86.15335660869319711381816898	(56,12)
-98.27735475484833623086315385	(56,13)
-110.22556654128805001236907705	(56,14)
-121.7836978810862190042758384	(56,15)
-132.764367346146114172057751	(56,16)
-143.0149887296578069123067688	(56,17)
-152.4225164531841570276344244	(56,18)
-160.9147434368708910974474416	(56,19)
-168.4583503536974759691425318	(56,20)
-175.0543106455622243079185871	(56,21)
-180.7314909825948939026355634	(56,22)
-185.5393398822778993821335443	(56,23)
-189.5404609202603240255419572	(56,24)
-192.8036787594338027169855639	(56,25)
-195.3979863014078969928815871	(56,26)
-197.3875573804958063791878791	(56,27)
-198.8278504735016376608578407	(56,28)
-199.762725821607008842040022	(56,29)
-200.222449012319078122478876	(56,30)
-0.19355037232008190775329813	(57,1)
-1.7387468998130135257752637	(57,2)
-4.81175210714925071576240415	(57,3)
-9.37646663182414128292693087	(57,4)
-15.3756714759597059299796557	(57,5)
-22.72800135351753652337704617	(57,6)
-31.32495998435853932012820434	(57,7)
-41.02876964978941016487504929	(57,8)
-51.67187735291307300192855376	(57,9)
-63.05883065161796395223115292	(57,10)
-74.97096814992619728520039478	(57,11)
-87.17395869577521768139651212	(57,12)
-99.4277309686579899087321133	(57,13)
-111.4978624695353654887959628	(57,14)
-123.1671601024897899627831149	(57,15)
-134.2460574961799907471010838	(57,16)
-144.5806136249981889217361652	(57,17)
-154.0572862754038509891467966	(57,18)
-162.6041733544753765524594514	(57,19)
-170.1889380263120136731769423	(57,20)
-176.8140473130466624039625992	(57,21)
-182.5101908316583814663010053	(57,22)
-187.3287956410688515554944672	(57,23)
-191.3344498764495342027548723	(57,24)
-194.5978517332989325022456164	(57,25)
-197.1896734879144702259095051	(57,26)
-199.1755213664354929918846458	(57,27)
-200.6120103245249025683940968	(57,28)
-201.543868809091502936533075	(57,29)
-202.001939676720675984062795	(57,30)
-0.19532949979689196820635696	(58,1)
-1.75472935835789860867210654	(58,2)
-4.85597743868559350956019788	(58,3)
-9.46262159877463151034771627	(58,4)
-15.51685502211006289797257328	(58,5)
-22.93643127260698384475915465	(58,6)
-31.61162148540066687224493259	(58,7)
-41.40302118579047457443079076	(58,8)
-52.1410449608028879287499216	(58,9)
-63.62783560764076693201487034	(58,10)
-75.6420403975283394153855692	(58,11)
-87.94648706323632850306379335	(58,12)
-100.29828908494497488248867928	(58,13)
-112.4604275639938925275802471	(58,14)
-124.2135144728400053765129073	(58,15)
-135.3663353195529713131122679	(58,16)
-145.7639352047416232368320624	(58,17)
-155.292412258987296769571647	(58,18)
-163.8801142985981961040760005	(58,19)
-171.4954679844070740927436133	(58,20)
-178.1420896102634445810583627	(58,21)
-183.852064892485794827420308	(58,22)
-188.6783314683400951745917413	(58,23)
-192.686989070202279265884966	(58,24)
-195.9501601438868684275449932	(58,25)
-198.5397914925666478279613434	(58,26)
-200.5225748711878924405109677	(58,27)
-201.956000607616944162632957	(58,28)
-202.885453679733085040022569	(58,29)
-203.342213157626908805639757	(58,30)
-0.19652401488503810815389641	(59,1)
-1.76546005892756941513625619	(59,2)
-4.88567050358058060152319609	(59,3)
-9.52046614902228074655240769	(59,4)
-15.61164492494137636071148937	(59,5)
-23.07636752091582370950227492	(59,6)
-31.8040752864297374279781831	(59,7)
-41.65426816744556701025349578	(59,8)
-52.45599165580421279475979044	(59,9)
-64.00976854920985361481463593	(59,10)
-76.09243332498224744323412229	(59,11)
-88.46490072735617814708108297	(59,12)
-100.88238989614086512847207034	(59,13)
-113.1061365681142282554802443	(59,14)
-124.9152795560252301858001265	(59,15)
-136.1175011981060336889560353	(59,16)
-146.5571718814992743202617429	(59,17)
-156.1201562608586717948784272	(59,18)
-164.7349790552333497544619026	(59,19)
-172.3705888184414710468415568	(59,20)
-179.031382067705700633086163	(59,21)
-184.7503891626985436583818285	(59,22)
-189.5815676041311682853076466	(59,23)
-193.5920359608370244140751386	(59,24)
-196.8548753069053596260896596	(59,25)
-199.4428892767601063812485679	(59,26)
-201.4234986498888013996309677	(59,27)
-202.8547811317147010429249151	(59,28)
-203.782561926897032820551206	(59,29)
-204.238412450962034615398861	(59,30)
-0.1971238157999891629878327	(60,1)
-1.77084825648339000270567935	(60,2)
-4.9005802454359650418826497	(60,3)
-9.54951148868355142936684532	(60,4)
-15.65924126905233975549925734	(60,5)
-23.14663219353152451615186214	(60,6)
-31.9007082795818442648725688	(60,7)
-41.78041833203429655176890862	(60,8)
-52.61411901266658723477706164	(60,9)
-64.20151802818517438143342964	(60,10)
-76.31853784111033310863095131	(60,11)
-88.72513098414020116205265859	(60,12)
-101.17556412920744683219548408	(60,13)
-113.4301959794107520755361408	(60,14)
-125.2674258009333064478791132	(60,15)
-136.494383032616435397119318	(60,16)
-146.9551010932499720214465278	(60,17)
-156.5353298264368491366309696	(60,18)
-165.1636855353128394029006341	(60,19)
-172.8093816321284829181146511	(60,20)
-179.4772089969990020655630977	(60,21)
-185.200674515233526576982463	(60,22)
-190.0342494846084272387323353	(60,23)
-194.045565237150704856388959	(60,24)
-197.3081849057953606147104452	(60,25)
-199.8953426855384591633248029	(60,26)
-201.8748254672797687566223998	(60,27)
-203.3050057799455373616574206	(60,28)
-204.23192969912125690661696	(60,29)
-204.68731527053974180436531	(60,30)