H6_(sigma,mu)
2.8016109262815273698808859445	(1,1)
2.8016109262815273695117826426	(1,2)
2.8016109262815273670227773779	(1,3)
2.8016109262815273590080403728	(1,4)
2.8016109262815273405935802699	(1,5)
2.8016109262815273057061684688	(1,6)
2.8016109262815272474114282698	(1,7)
2.8016109262815271583050963155	(1,8)
2.8016109262815270309392330572	(1,9)
2.8016109262815268582638553753	(1,10)
2.8016109262815266340640721049	(1,11)
2.8016109262815263533732488628	(1,12)
2.8016109262815260128439023343	(1,13)
2.8016109262815256110598023936	(1,14)
2.8016109262815251487750265916	(1,15)
2.8016109262815246290683714647	(1,16)
2.8016109262815240574045134787	(1,17)
2.801610926281523441596589793	(1,18)
2.8016109262815227916684101788	(1,19)
2.8016109262815221196182875071	(1,20)
2.8016109262815214390904327487	(1,21)
2.801610926281520764963907565	(1,22)
2.801610926281520112873116952	(1,23)
2.8016109262815194986775559409	(1,24)
2.8016109262815189379017544521	(1,25)
2.8016109262815184451688273114	(1,26)
2.8016109262815180336524742122	(1,27)
2.8016109262815177145724712233	(1,28)
2.8016109262815174967575110176	(1,29)
2.801610926281517386296645753	(1,30)
2.8016109193055750780146133398	(2,1)
2.8016109193055726614784052163	(2,2)
2.8016109193055563658494109938	(2,3)
2.8016109193055038930352002741	(2,4)
2.8016109193053833329666642701	(2,5)
2.8016109193051549245684035139	(2,6)
2.8016109193047732698580499751	(2,7)
2.8016109193041898965382598596	(2,8)
2.8016109193033560497563266048	(2,9)
2.801610919302225585059813857	(2,10)
2.8016109193007578318906451723	(2,11)
2.8016109192989202997825703394	(2,12)
2.8016109192966911070644129039	(2,13)
2.801610919294061023533949975	(2,14)
2.8016109192910350335007880738	(2,15)
2.8016109192876333431796657966	(2,16)
2.8016109192838917762017519193	(2,17)
2.8016109192798615227117999016	(2,18)
2.8016109192756082309299006405	(2,19)
2.8016109192712104549492337867	(2,20)
2.8016109192667574985372022293	(2,21)
2.8016109192623467211687764614	(2,22)
2.8016109192580803984824233931	(2,23)
2.8016109192540622535120962064	(2,24)
2.8016109192503937958483735617	(2,25)
2.8016109192471706216226722773	(2,26)
2.8016109192444788362548619453	(2,27)
2.8016109192423917628973440281	(2,28)
2.80161091924096709157541263	(2,29)
2.80161091924024460694922635	(2,30)
2.8016105271051565107145925314	(3,1)
2.8016105271050132147022660102	(3,2)
2.8016105271040469151020556219	(3,3)
2.8016105271009353810191915813	(3,4)
2.8016105270937864267321011264	(3,5)
2.8016105270802423707830979064	(3,6)
2.8016105270576114008493984749	(3,7)
2.8016105270230196476741582999	(3,8)
2.8016105269735768903535677795	(3,9)
2.8016105269065482892623016651	(3,10)
2.8016105268195243697199837023	(3,11)
2.8016105267105816355617409397	(3,12)
2.80161052657842663905509275	(3,13)
2.8016105264225170275943512705	(3,14)
2.8016105262431539846428109493	(3,15)
2.801610526041541545054209791	(3,16)
2.8016105258198094644721303131	(3,17)
2.8016105255809976381886167118	(3,18)
2.8016105253290014800116351303	(3,19)
2.8016105250684791680296674013	(3,20)
2.8016105248047232150883984048	(3,21)
2.8016105245435003867003084817	(3,22)
2.8016105242908655098968265044	(3,23)
2.8016105240529561175754282628	(3,24)
2.8016105238357760649281956844	(3,25)
2.801610523644977142329477896	(3,26)
2.801610523485648201929420715	(3,27)
2.801610523362121338938680247	(3,28)
2.801610523277804176941422653	(3,29)
2.8016105232350462904260267	(3,30)
2.8016053684649977545733935639	(4,1)
2.8016053684628951593131982791	(4,2)
2.8016053684487165646954507788	(4,3)
2.8016053684030608391288038112	(4,4)
2.8016053682981642305699050211	(4,5)
2.8016053680994339168223319188	(4,6)
2.801605367767377141956945	(4,7)
2.8016053672598351903058964001	(4,8)
2.8016053665344183031354915903	(4,9)
2.8016053655510296320399924509	(4,10)
2.8016053642743634756073299061	(4,11)
2.8016053626762650866841698667	(4,12)
2.8016053607378457770095616886	(4,13)
2.8016053584512572825478881022	(4,14)
2.8016053558210427689258848123	(4,15)
2.8016053528649978901089574539	(4,16)
2.8016053496144934940670199802	(4,17)
2.8016053461142315109531566961	(4,18)
2.8016053424214269177541741244	(4,19)
2.801605338604431075116958363	(4,20)
2.801605334740834695871012328	(4,21)
2.801605330915111573546841514	(4,22)
2.80160532721588610183396579	(4,23)
2.801605323732927473105656364	(4,24)
2.801605320553990024246647389	(4,25)
2.801605317761631220318843753	(4,26)
2.801605315430145039551956727	(4,27)
2.801605313622748098535396284	(4,28)
2.80160531238914817587472342	(4,29)
2.801605311763609802465634	(4,30)
2.801572419750590679394613859	(5,1)
2.801572419735013435149953844	(5,2)
2.801572419629970250281332963	(5,3)
2.801572419291727097603323871	(5,4)
2.801572418514598537125644267	(5,5)
2.80157241704231715796573036	(5,6)
2.801572414582341591487128921	(5,7)
2.801572410822432517512525433	(5,8)
2.80157240544872652419886362	(5,9)
2.801572398164475444034042508	(5,10)
2.801572388708594671114785844	(5,11)
2.801572376873176628121165242	(5,12)
2.801572362519172041621668614	(5,13)
2.801572345589518053278993135	(5,14)
2.801572326119094093322912861	(5,15)
2.801572304241009583165175905	(5,16)
2.801572280188867940170498881	(5,17)
2.801572254294805375095175556	(5,18)
2.801572226983267057561969645	(5,19)
2.801572198760653579412178881	(5,20)
2.801572170201142806177967141	(5,21)
2.801572141929160702918797791	(5,22)
2.801572114599132917439104996	(5,23)
2.801572088873289107568612827	(5,24)
2.80157206539840585779632704	(5,25)
2.801572044782453206394508921	(5,26)
2.801572027572146838897799662	(5,27)
2.80157201423239725612695739	(5,28)
2.80157200512858573919646334	(5,29)
2.801572000512485100249749	(5,30)
2.801435570894303467336272502	(6,1)
2.801435570817611682143961127	(6,2)
2.801435570300450661617978781	(6,3)
2.801435568635176438689001791	(6,4)
2.801435564809161112697146945	(6,5)
2.801435557560817306840529136	(6,6)
2.801435545450138136780371296	(6,7)
2.801435526940461861507388256	(6,8)
2.801435500487666957992583545	(6,9)
2.80143546463267926542227443	(6,10)
2.801435418093035612074712407	(6,11)
2.801435359849295653483528157	(6,12)
2.801435289222315099910037256	(6,13)
2.801435205937772769156961057	(6,14)
2.80143511017486094232376209	(6,15)
2.801435002596681437584071211	(6,16)
2.801434884360616074660059196	(6,17)
2.801434757107736900638943707	(6,18)
2.801434622931165157414855665	(6,19)
2.80143448432415347741633518	(6,20)
2.801434344109525730812500895	(6,21)
2.801434205352932716418441627	(6,22)
2.801434071263135743086760906	(6,23)
2.801433945083178088530760474	(6,24)
2.801433829976809978554852095	(6,25)
2.801433728914862100946349022	(6,26)
2.801433644566387400971504706	(6,27)
2.80143357919929166089587038	(6,28)
2.8014335345948427790717935	(6,29)
2.8014335119798934233048	(6,30)
2.801007912885644702873489409	(7,1)
2.80100791259888972187915601	(7,2)
2.80100791066519668986850091	(7,3)
2.801007904438666032312390842	(7,4)
2.801007890133147273166227601	(7,5)
2.801007863031935973929469888	(7,6)
2.801007817751958566107227141	(7,7)
2.801007748550187828965604998	(7,8)
2.801007649658090367470702278	(7,9)
2.801007515628616905485608957	(7,10)
2.801007341679650728821325599	(7,11)
2.801007124017939633693633068	(7,12)
2.801006860128331716856315431	(7,13)
2.801006549014568116924888859	(7,14)
2.801006191379887662486845639	(7,15)
2.801005789738183959889602139	(7,16)
2.801005348449326913641115204	(7,17)
2.801004873675410612845128992	(7,18)
2.801004373258002822944678545	(7,19)
2.801003856519826319107101127	(7,20)
2.801003333997571902431666094	(7,21)
2.801002817115596564852645391	(7,22)
2.801002317812967106888170524	(7,23)
2.80100184813854352225683709	(7,24)
2.801001419830442943623509545	(7,25)
2.801001043897188178519074745	(7,26)
2.80100073021805597992393108	(7,27)
2.80100048717956420685876405	(7,28)
2.8010003213636780825559236	(7,29)
2.80100023730121977422623	(7,30)
2.799914393674912780119953431	(8,1)
2.79991439279880447899497469	(8,2)
2.799914386890893770981345913	(8,3)
2.799914367867371770445188748	(8,4)
2.799914324161036889811845512	(8,5)
2.799914241362744444301863711	(8,6)
2.799914103030086599476528429	(8,7)
2.799913891626021227963290339	(8,8)
2.799913589544027554236477989	(8,9)
2.79991318017214457750436788	(8,10)
2.799912648946137142652854227	(8,11)
2.79991198434213383997579576	(8,12)
2.799911178761393189000258934	(8,13)
2.79991022926428489245917749	(8,14)
2.799909138116933104675957954	(8,15)
2.799907913121985250666818628	(8,16)
2.799906567714296019273914883	(8,17)
2.799905120812545743704689171	(8,18)
2.799903596428497301085252134	(8,19)
2.799902023046264414970396435	(8,20)
2.799900432794142502382086241	(8,21)
2.799898860440785376805105344	(8,22)
2.79989734225538213739373393	(8,23)
2.799895914777644665607627539	(8,24)
2.7998946135475829687814265	(8,25)
2.79989347184704213788619234	(8,26)
2.7998925195047215174660227	(8,27)
2.79989178181391795420983757	(8,28)
2.7998912786076540306706968	(8,29)
2.79989102352938183272755	(8,30)
2.797501130805449360121727738	(9,1)
2.797501128523041164190630364	(9,2)
2.797501113131966365446215489	(9,3)
2.797501063572784868394204345	(9,4)
2.797500949712308920552095352	(9,5)
2.797500734016989486176059855	(9,6)
2.797500373664218663702627303	(9,7)
2.797499822994922484146481729	(9,8)
2.797499036194196807781213774	(9,9)
2.797497970074908261403325203	(9,10)
2.797496586832812306387080293	(9,11)
2.797494856641293691860756093	(9,12)
2.797492759959512452870165754	(9,13)
2.79749028943944091144593373	(9,14)
2.797487451334577932715705486	(9,15)
2.797484266335275041074352858	(9,16)
2.79748076978155646621800896	(9,17)
2.797477011232770263692082739	(9,18)
2.797473053402913864998814228	(9,19)
2.79746897049950882566069013	(9,20)
2.797464846030965161063295027	(9,21)
2.797460770171122596069609092	(9,22)
2.797456836788960818907349245	(9,23)
2.79745314026550894769465315	(9,24)
2.79744977222827071625333872	(9,25)
2.79744681833587745752698905	(9,26)
2.79744435524236736545793014	(9,27)
2.7974424478619155932540463	(9,28)
2.797441147041650608784281	(9,29)
2.79744048773315248760896	(9,30)
2.792733615495328384550935336	(10,1)
2.792733610296541175560746842	(10,2)
2.792733575239351056670077845	(10,3)
2.792733462355922684611030294	(10,4)
2.79273320301335661479876119	(10,5)
2.792732711731271177179732353	(10,6)
2.792731891002725262933778775	(10,7)
2.792730636899689563962714525	(10,8)
2.79272884520478514299566882	(10,9)
2.792726417781889529401515015	(10,10)
2.792723268881432188263243638	(10,11)
2.792719331073345129724186128	(10,12)
2.792714560512670438593685868	(10,13)
2.792708941269909824999918657	(10,14)
2.792702488499528971698568455	(10,15)
2.792695250273786955170319053	(10,16)
2.792687307972478147151552732	(10,17)
2.792678775188693737931008307	(10,18)
2.79266979518225733458461421	(10,19)
2.79266053698181147721317442	(10,20)
2.79265119029957164781360915	(10,21)
2.79264195947601591809098269	(10,22)
2.79263305671258486883013777	(10,23)
2.79262469487721539839732497	(10,24)
2.7926170801797254332576304	(10,25)
2.79261040501225697902489019	(10,26)
2.79260484123559179576457497	(10,27)
2.792600534167191258981312	(10,28)
2.792597597493574035028384	(10,29)
2.7925961092904024913165	(10,30)
2.784079269057115687887208433	(11,1)
2.784079258561589153849643707	(11,2)
2.784079187786792160512298815	(11,3)
2.784078959894681267622051059	(11,4)
2.784078436334277166957156256	(11,5)
2.784077444562840173067931872	(11,6)
2.784075787806405958383803954	(11,7)
2.784073256421015114189744277	(11,8)
2.784069640332422596897061568	(11,9)
2.784064741968187005928342856	(11,10)
2.784058389056837629505811741	(11,11)
2.784050446658739689886874892	(11,12)
2.784040827815485330544439782	(11,13)
2.784029502260345870743229582	(11,14)
2.784016502720298403920012005	(11,15)
2.78400192845647091877052118	(11,16)
2.78398594582803183397604202	(11,17)
2.78396878581594179151851295	(11,18)
2.78395073859757146732739815	(11,19)
2.78393214541055850352946278	(11,20)
2.78391338807469540921736044	(11,21)
2.78389487664606006931195213	(11,22)
2.78387703575245988052081326	(11,23)
2.78386029020095993299988232	(11,24)
2.78384505045724684869492383	(11,25)
2.78383169857600239645905269	(11,26)
2.7838205751165327601991591	(11,27)
2.783811967514974876975448	(11,28)
2.783806100309997707103471	(11,29)
2.7838031275388081640037	(11,30)
2.76936859537886875931838517	(12,1)
2.76936857651292614153760798	(12,2)
2.76936844929388590503251224	(12,3)
2.76936803965625163592660803	(12,4)
2.76936709856877489588212087	(12,5)
2.76936531594392655656344979	(12,6)
2.769362338242977053739299	(12,7)
2.76935778899474526782418617	(12,8)
2.76935129128760266326573969	(12,9)
2.76934249116842746595285461	(12,10)
2.76933108080018998522299218	(12,11)
2.76931682020240579092627511	(12,12)
2.76929955643411194957767297	(12,13)
2.76927923918144920803838391	(12,14)
2.76925593187999474857602997	(12,15)
2.76922981772808010646199573	(12,16)
2.76920120021775578811366588	(12,17)
2.76917049810610241757682886	(12,18)
2.76913823504933253413134184	(12,19)
2.76910502440290657039252435	(12,20)
2.76907154993188890416779713	(12,21)
2.76903854336047833795802176	(12,22)
2.76900675980770971173689528	(12,23)
2.76897695220455917089541376	(12,24)
2.76894984577007345156048623	(12,25)
2.76892611355079757864961632	(12,26)
2.7689063539130877120836152	(12,27)
2.7688910707381574156286646	(12,28)
2.768880656920599297689065	(12,29)
2.7688753816254963108311	(12,30)
2.74564071820074049276453818	(13,1)
2.74564068817298380757627494	(13,2)
2.74564048568676543386740697	(13,3)
2.74563983369900951633130452	(13,4)
2.74563833587732688532721567	(13,5)
2.74563549880131807890145363	(13,6)
2.7456307601070193660896428	(13,7)
2.74562352134337088189318903	(13,8)
2.74561318404033911286304615	(13,9)
2.74559918726527572980466619	(13,10)
2.74558104478988195855615511	(13,11)
2.74555837992735908040486332	(13,12)
2.74553095614653571264138441	(13,13)
2.74549870173759641794277996	(13,14)
2.74546172709201178475925261	(13,15)
2.7454203335540838596467195	(13,16)
2.74537501327722042219584054	(13,17)
2.74532644003822195045476523	(13,18)
2.74527545148459860159727073	(13,19)
2.74522302376902812970166597	(13,20)
2.74517023992164701189531129	(13,21)
2.7451182535945477161894231	(13,22)
2.74506824996656581897311336	(13,23)
2.74502140561831327187362566	(13,24)
2.74497884909040001345511078	(13,25)
2.744941623647087070865759	(13,26)
2.7449106535163676789011553	(13,27)
2.7448867146014209984736283	(13,28)
2.744870410390406599838858	(13,29)
2.7448621535569605748271	(13,30)
2.70900307224308600864187878	(14,1)
2.70900303088061137914922708	(14,2)
2.70900275196192881330492411	(14,3)
2.7090018538797067653888525	(14,4)
2.70899979076681493372287036	(14,5)
2.70899588320321135810501961	(14,6)
2.70898935723172653557974496	(14,7)
2.70897939001382123295818211	(14,8)
2.70896516005138467245383334	(14,9)
2.70894589954791275898997023	(14,10)
2.70892094622250614855117828	(14,11)
2.70888979176535957872368038	(14,12)
2.70885212417016169214610347	(14,13)
2.70880786141980672821381453	(14,14)
2.70875717443977600175248423	(14,15)
2.70870049784769806576707781	(14,16)
2.70863852777376858244701707	(14,17)
2.70857220684139876468353691	(14,18)
2.70850269720537081121221721	(14,19)
2.70843134326873611266190699	(14,20)
2.70835962627131964875018855	(14,21)
2.70828911331206413874967878	(14,22)
2.70822140351005972097865467	(14,23)
2.70815807392898466041908977	(14,24)
2.70810062761807190499239427	(14,25)
2.7080504457125977421298623	(14,26)
2.7080087450542966188105655	(14,27)
2.7079765423057034461381217	(14,28)
2.707954625103066867984178	(14,29)
2.7079435304644166529844	(14,30)
2.65456010813681988194497491	(15,1)
2.6545600621309150575415233	(15,2)
2.65455975190226828358428105	(15,3)
2.65455875302940729942563855	(15,4)
2.65455645851128732919425406	(15,5)
2.65455211318013416150743043	(15,6)
2.65454485760893115771160305	(15,7)
2.65453377971289101654927865	(15,8)
2.65451797172319155300246424	(15,9)
2.65449658972487097375576772	(15,10)
2.65446891256352704995644038	(15,11)
2.65443439670756012886636884	(15,12)
2.65439272366696036999819123	(15,13)
2.65434383685805443513268252	(15,14)
2.6542879653762694104301362	(15,15)
2.65422563296761190261630143	(15,16)
2.65415765150758038559816296	(15,17)
2.65408509940532938798016188	(15,18)
2.65400928643380936576049059	(15,19)
2.65393170742379755484723402	(15,20)
2.65385398794739488589614463	(15,21)
2.65377782548259341072254277	(15,22)
2.65370492956578014316389983	(15,23)
2.65363696412181362465522741	(15,24)
2.6535754945741544943214261	(15,25)
2.6535219415771691374686654	(15,26)
2.6534775423946674568135177	(15,27)
2.653443320189336094917167	(15,28)
2.653420060886606715309135	(15,29)
2.6534082969020938056127	(15,30)
2.57647373713484233623931865	(16,1)
2.57647370656743675928095114	(16,2)
2.57647350044892307303924573	(16,3)
2.57647283684501717458943546	(16,4)
2.57647131279705520120684686	(16,5)
2.57646842780114077650851697	(16,6)
2.57646361419651911375597703	(16,7)
2.57645627339890456838432128	(16,8)
2.57644581640071330997425012	(16,9)
2.57643170641368435746121629	(16,10)
2.5764135010389801200707561	(16,11)
2.57639089101714906886360064	(16,12)
2.57636373253007398540472188	(16,13)
2.57633207026680440616642548	(16,14)
2.5762961490483840715319596	(16,15)
2.57625641270260913009480125	(16,16)
2.57621349000243829916070136	(16,17)
2.57616816870065892680842129	(16,18)
2.57612135985095625512951236	(16,19)
2.57607405554235718096502279	(16,20)
2.57602728375510312164363098	(16,21)
2.57598206418387743473019907	(16,22)
2.57593936854483398944483153	(16,23)
2.57590008813067278004473916	(16,24)
2.5758650103105277744762833	(16,25)
2.5758348044426569830506799	(16,26)
2.5758100164546791431776993	(16,27)
2.575791070320994166872694	(16,28)
2.57577827397251367264898	(16,29)
2.5757718269014363604128	(16,30)
2.46819531003833226729762838	(17,1)
2.46819533727217896642069201	(17,2)
2.46819552093037473503362042	(17,3)
2.46819611243739594304243638	(17,4)
2.4681974721472201000067399	(17,5)
2.46820005079742351674271975	(17,6)
2.46820436712750623088845887	(17,7)
2.4682109831201339553192862	(17,8)
2.4682204781349700851952951	(17,9)
2.46823342282973595535813801	(17,10)
2.46825035330023267797238767	(17,11)
2.46827174544168978143123182	(17,12)
2.46829798925802835161293445	(17,13)
2.4683293628163377795415833	(17,14)
2.46836600580490134481745889	(17,15)
2.46840789318586304273994706	(17,16)
2.46845481015542735031771817	(17,17)
2.46850633039971163870985963	(17,18)
2.46856180029691442365137126	(17,19)
2.46862033209961167137569777	(17,20)
2.4686808090993352640849824	(17,21)
2.46874190525283369455754535	(17,22)
2.4688021207367485783049844	(17,23)
2.4688598334787302764533522	(17,24)
2.4689133650457241313867588	(17,25)
2.4689610575634621209800361	(17,26)
2.469001356825145143488258	(17,27)
2.469032895638332163310935	(17,28)
2.46905457092752916643232	(17,29)
2.46906560825481674354	(17,30)
2.32285860601476540094930266	(18,1)
2.32285876675757409670938952	(18,2)
2.32285985071352707120460859	(18,3)
2.32286334117758572814212245	(18,4)
2.32287136115599490323798874	(18,5)
2.32288655696817365416464761	(18,6)
2.32291195242878804543566423	(18,7)
2.32295078072860112109811748	(18,8)
2.32300630190823175406374513	(18,9)
2.32308161412555634646500149	(18,10)
2.32317946681590861691659245	(18,11)
2.32330208343079011140496179	(18,12)
2.32345100082558477702554568	(18,13)
2.32362693165018563292419319	(18,14)
2.32382965534869124391124349	(18,15)
2.3240579426219295066442182	(18,16)
2.32430951742882108160791232	(18,17)
2.32458105973904589818727091	(18,18)
2.32486825121717725936817479	(18,19)
2.32516586473589901788142192	(18,20)
2.32546789702900111236441607	(18,21)
2.32576774189947566887313012	(18,22)
2.3260583992547063428878711	(18,23)
2.326332712977524093324225	(18,24)
2.3265836284446058613331476	(18,25)
2.3268044585944247458909436	(18,26)
2.3269891460544546814007414	(18,27)
2.327132508164012567655078	(18,28)
2.32723045192034739600065	(18,29)
2.327280146996005128393	(18,30)
2.13376763552044273920148406	(19,1)
2.13376805173803704733136428	(19,2)
2.13377085844301881855114381	(19,3)
2.13377989607213643615363496	(19,4)
2.13380066001666769573173857	(19,5)
2.13383999605773422141440515	(19,6)
2.13390571652452441321557365	(19,7)
2.1340061549281668762764165	(19,8)
2.13414967969919994406704922	(19,9)
2.13434418960570728200705673	(19,10)
2.1345966143710831728549241	(19,11)
2.13491244390872401461978093	(19,12)
2.13529530845496362907075942	(19,13)
2.13574662976547026363185808	(19,14)
2.13626536054094755519216858	(19,15)
2.13684782550041753004919491	(19,16)
2.137487673191078569896427	(19,17)
2.13817594290145955647500521	(19,18)
2.1389012461298914945362104	(19,19)
2.13965005715529981856871085	(19,20)
2.14040710255713876392268201	(19,21)
2.14115583521845711164451199	(19,22)
2.1418789745876365850449579	(19,23)
2.1425590919207430149790693	(19,24)
2.1431792170103844061262427	(19,25)
2.1437234416403274571983912	(19,26)
2.1441774947728041765184864	(19,27)
2.144529265326651518367034	(19,28)
2.1447692503427274544535	(19,29)
2.144890909307643255865	(19,30)
1.8948798448208686356363993	(20,1)
1.89488069921263476717836647	(20,2)
1.894886460657793927138268	(20,3)
1.89490501228486751254452568	(20,4)
1.89494763285893042029955174	(20,5)
1.89502836819831004004179816	(20,6)
1.89516323654533973952811829	(20,7)
1.89536930361107453304559358	(20,8)
1.89566366984713352871263413	(20,9)
1.89606241773903890682504449	(20,10)
1.89657957014044872200856745	(20,11)
1.8972261114923867818556216	(20,12)
1.89800912191594756557424384	(20,13)
1.89893106952035908250836028	(20,14)
1.8999892989414338241882053	(20,15)
1.90117574447497532273579439	(20,16)
1.90247688478540476467160319	(20,17)
1.9038739438220031252163488	(20,18)
1.9053433301289728379149127	(20,19)
1.90685729504796267157525638	(20,20)
1.90838478013035648778618354	(20,21)
1.9098924159602286734134374	(20,22)
1.9113456288631759272405842	(20,23)
1.9127098087301801593049195	(20,24)
1.9139514903031868135874541	(20,25)
1.9150395014849851051020725	(20,26)
1.915946035200859784468719	(20,27)
1.916647605680179768859476	(20,28)
1.91712585539198195147254	(20,29)
1.917368184959852454873	(20,30)
1.60119002730586169698940403	(21,1)
1.60119157919713690395348181	(21,2)
1.6012020440764886409746411	(21,3)
1.60123574016522273532471675	(21,4)
1.60131315129989977304674818	(21,5)
1.60145978064471153726987873	(21,6)
1.60170469836191157569209664	(21,7)
1.60207884715875722422523249	(21,8)
1.60261318330002549262459937	(21,9)
1.60333674187080487910858476	(21,10)
1.6042747226737620201419575	(21,11)
1.60544669602728578833231196	(21,12)
1.60686502497800230403292693	(21,13)
1.60853359155077018388888226	(21,14)
1.61044689971919402754194814	(21,15)
1.61258960755956666849428793	(21,16)
1.6149365169786733424138491	(21,17)
1.61745302341915295431903308	(21,18)
1.62009600224279647715739779	(21,19)
1.62281508522277521406238979	(21,20)
1.6255542615430932684613472	(21,21)
1.6282537241292465207958219	(21,22)
1.6308518745365628375488721	(21,23)
1.6332873978221103690965507	(21,24)
1.6355013220627300080763347	(21,25)
1.6374389843115692626998851	(21,26)
1.639051834504460638638775	(21,27)
1.640299019880235583344936	(21,28)
1.64114870381875865101814	(21,29)
1.641579083884429659723	(21,30)
1.24895726747031700194047998	(22,1)
1.24895987010064342509194985	(22,2)
1.24897742038478584567530362	(22,3)
1.24903393031349726610020931	(22,4)
1.24916374892942846741121921	(22,5)
1.24940963322478457306884977	(22,6)
1.24982029924924668322423212	(22,7)
1.2504475592195265358908546	(22,8)
1.25134317521701494861760675	(22,9)
1.25255558132145027454487922	(22,10)
1.25412664135090678581853069	(22,11)
1.25608861624473793291933095	(22,12)
1.25846151138142183781470048	(22,13)
1.26125095847549829741600358	(22,14)
1.26444675913612214255068386	(22,15)
1.26802217919063656252547401	(22,16)
1.27193403743912221035416087	(22,17)
1.27612358369597191295448905	(22,18)
1.28051811342765866508159876	(22,19)
1.2850332244922388231985526	(22,20)
1.2895755890671219718600978	(22,21)
1.2940460931019753026405182	(22,22)
1.2983431872309323741776967	(22,23)
1.3023662961430672530808846	(22,24)
1.3060191458179916711260432	(22,25)
1.3092128868971584695327964	(22,26)
1.311868914666934900944999	(22,27)
1.313921308819185161867826	(22,28)
1.31531883708424912230457	(22,29)
1.316026484565487113854	(22,30)
0.83576616619670053185454956	(23,1)
0.83577028539847195900514726	(23,2)
0.83579806228154861723252609	(23,3)
0.83588749977732369820698943	(23,4)
0.83609295659423202309825661	(23,5)
0.83648208380833054070490561	(23,6)
0.83713192882740651650580084	(23,7)
0.83812437204610170910940777	(23,8)
0.83954110362388727146251687	(23,9)
0.84145838528483131052424261	(23,10)
0.84394187023648762313271081	(23,11)
0.84704176825949376895300944	(23,12)
0.85078863835932378647407561	(23,13)
0.85519006535831274760809598	(23,14)
0.8602284291968453244430255	(23,15)
0.86585990923349593609437547	(23,16)
0.87201478609465131928843541	(23,17)
0.8785990184324433460779416	(23,18)
0.88549699013280725902866335	(23,19)
0.892575253490164739426823	(23,20)
0.8996870422722934342970537	(23,21)
0.9066772992998222443257829	(23,22)
0.9133879568043374596713323	(23,23)
0.919663222017772989897126	(23,24)
0.9253546504644235362683522	(23,25)
0.9303258292484050564489078	(23,26)
0.934456536011320695030101	(23,27)
0.937646280666560235900153	(23,28)
0.93981717237935604840018	(23,29)
0.940916081154410327097	(23,30)
0.36045343717958619169037113	(24,1)
0.36045967132746811561193331	(24,2)
0.36050170974011356944095151	(24,3)
0.36063706585652469752058919	(24,4)
0.3609479992585741597354673	(24,5)
0.36153686376289012527297585	(24,6)
0.36252018015206593394264447	(24,7)
0.36402168052915925325357525	(24,8)
0.36616463945376275445919568	(24,9)
0.3690638696156635557288324	(24,10)
0.3728178085582897443818	(24,11)
0.37750114879410383622626563	(24,12)
0.38315845843926342543472379	(24,13)
0.38979919801378047829757093	(24,14)
0.39739446061946183810904294	(24,15)
0.40587565206767920891348974	(24,16)
0.4151351946987160803273236	(24,17)
0.42502919759319184952522807	(24,18)
0.4353819023323706877942457	(24,19)
0.4459916021735911626298939	(24,20)
0.4566376547544975359263453	(24,21)
0.4670881702587957392544122	(24,22)
0.4771079584732054182091574	(24,23)
0.4864663540168320348826937	(24,24)
0.4949445999247851984154435	(24,25)
0.5023425444048595388266307	(24,26)
0.508484482664217948328642	(24,27)
0.513224045618043674270977	(24,28)
0.51644809321730656608531	(24,29)
0.51807960846605122958	(24,30)
-0.1770492897676725913446062	(25,1)
-0.17704018886182983713136586	(25,2)
-0.17697881936766721884931075	(25,3)
-0.17678122280171991545099481	(25,4)
-0.17632732613626601227094516	(25,5)
-0.17546775661738755988445719	(25,6)
-0.17403254152958632983331421	(25,7)
-0.17184133717451251139803727	(25,8)
-0.16871472500782914615202193	(25,9)
-0.16448601247069678166762309	(25,10)
-0.15901289559333024977856745	(25,11)
-0.1521882956173598356567464	(25,12)
-0.14394968687247725644734219	(25,13)
-0.13428629722831820183838761	(25,14)
-0.12324368706707893891271281	(25,15)
-0.11092538989374720591846629	(25,16)
-0.09749151030641214573076095	(25,17)
-0.0831543992269277676038995	(25,18)
-0.068171735445570342254921	(25,19)
-0.0528375120931593403426975	(25,20)
-0.0374715384567337753732946	(25,21)
-0.0224081128054245739386165	(25,22)
-0.0079845020917784177486964	(25,23)
0.0054702098300333031658286	(25,24)
0.0176454554933976513917495	(25,25)
0.0282583779934117450829769	(25,26)
0.037061693439602780424293	(25,27)
0.043850140206692635187341	(25,28)
0.04846551728105259391501	(25,29)
0.050800365555868114636	(25,30)
-0.77590542121174429258194234	(26,1)
-0.77589252702128149637301991	(26,2)
-0.77580557881124328185895117	(26,3)
-0.77552562750009748569414153	(26,4)
-0.77488257333824366016824876	(26,5)
-0.77366485665114908095473524	(26,6)
-0.77163185370234352665180986	(26,7)
-0.76852848080410491447876824	(26,8)
-0.76410134890288461551859303	(26,9)
-0.7581156550019048860311085	(26,10)
-0.75037186883610028076307802	(26,11)
-0.74072119910375130086618752	(26,12)
-0.72907882697338070053830199	(26,13)
-0.71543399117033379799277448	(26,14)
-0.6998562013305798340347975	(26,15)
-0.68249713138248932850819361	(26,16)
-0.6635880742377170147347799	(26,17)
-0.6434331838039465315625544	(26,18)
-0.6223990469749109686539517	(26,19)
-0.6009013775443512424732972	(26,20)
-0.5793897779798518800747476	(26,21)
-0.55833156171818410976293	(26,22)
-0.5381955732188128793713426	(26,23)
-0.5194368051560360782336785	(26,24)
-0.5024824211106000788389303	(26,25)
-0.487719580598082997820997	(26,26)
-0.475485261552051969506922	(26,27)
-0.466058107200226286009237	(26,28)
-0.45965220458387299379888	(26,29)
-0.456412636638426320069	(26,30)
-1.43455709237962481049822763	(27,1)
-1.43453928278563141374102337	(27,2)
-1.43441918938532876932825971	(27,3)
-1.43403252363840812232927051	(27,4)
-1.43314437140066821942143125	(27,5)
-1.43146262994097934832515824	(27,6)
-1.42865523189330704764433514	(27,7)
-1.42437048018783281111302575	(27,8)
-1.41825958056388110531634807	(27,9)
-1.41000022284471031653290662	(27,10)
-1.39931986484849600651253902	(27,11)
-1.38601725499468221352786877	(27,12)
-1.36998072944666206240579691	(27,13)
-1.35120196233321145838197339	(27,14)
-1.32978413756719172932043947	(27,15)
-1.3059439269993245263196613	(27,16)
-1.2800071568036467795758139	(27,17)
-1.2523985595325023342913699	(27,18)
-1.2236264749605107829500835	(27,19)
-1.1942637180431616138722442	(27,20)
-1.1649260356960857601579479	(27,21)
-1.1362496106146072682122415	(27,22)
-1.1088689522137964607992457	(27,23)
-1.0833962765939656029140678	(27,24)
-1.0604031674337143118997545	(27,25)
-1.040404979528814759217364	(27,26)
-1.023848142422895824514965	(27,27)
-1.011100277612366774114035	(27,28)
-1.00244287915227113066048	(27,29)
-0.998066230074312595987	(27,30)
-2.15087955695738736387278916	(28,1)
-2.15085549473015770926232588	(28,2)
-2.15069323923620380886169981	(28,3)
-2.15017083062349403194727455	(28,4)
-2.14897092290942169587454289	(28,5)
-2.14669901335305622035497265	(28,6)
-2.14290686096887492616448122	(28,7)
-2.13712019556295652912333668	(28,8)
-2.12886947577873756778803302	(28,9)
-2.11772210733012038946189016	(28,10)
-2.10331423625442412662894914	(28,11)
-2.08538005076609129564422636	(28,12)
-2.06377651856514592251122553	(28,13)
-2.03850169385629099211645095	(28,14)
-2.00970515659217253639018498	(28,15)
-1.9776897624552074659340386	(28,16)
-1.9429046149177880142512982	(28,17)
-1.9059299232281875305145759	(28,18)
-1.8674550777710649945667855	(28,19)
-1.8282517661403446430348297	(28,20)
-1.7891442104345968689293998	(28,21)
-1.7509786116917497842661297	(28,22)
-1.7145936660561920987169592	(28,23)
-1.6807936273404554875583592	(28,24)
-1.650324908543516044109525	(28,25)
-1.623856719241334419332794	(28,26)
-1.601965793869078267666329	(28,27)
-1.5851249252859123907376	(28,28)
-1.57369480355538072741375	(28,29)
-1.56791857565752901423	(28,30)
-2.92229740523330924715306393	(29,1)
-2.92226552095461034533048928	(29,2)
-2.92205052090992313048236158	(29,3)
-2.92135830199176152111948293	(29,4)
-2.919768416384944992335665	(29,5)
-2.91675833236953853080351354	(29,6)
-2.9117346734584737440019384	(29,7)
-2.90407026548507199315755735	(29,8)
-2.89314533541871754662228485	(29,9)
-2.8783907038704279677642128	(29,10)
-2.85933037836805248739252039	(29,11)
-2.83562068343338501706110323	(29,12)
-2.80708304652453199478858495	(29,13)
-2.77372785616156860593861847	(29,14)
-2.7357674298080657643956287	(29,15)
-2.6936170230903248793282556	(29,16)
-2.6478838700545102418854927	(29,17)
-2.5993453190154904805054326	(29,18)
-2.5489180637710373920211302	(29,19)
-2.4976211331426155007150516	(29,20)
-2.4465356116229813952203169	(29,21)
-2.3967640040880139021626958	(29,22)
-2.3493917748653717630576494	(29,23)
-2.3054529799278236372538184	(29,24)
-2.2659011878259468537453264	(29,25)
-2.231586165906338679714987	(29,26)
-2.203236188037895512178947	(29,27)
-2.18144536112351224135518	(29,28)
-2.16666509854962232401719	(29,29)
-2.159198788224253109124	(29,30)
-3.74586359510243089050835176	(30,1)
-3.7458220736820369397600761	(30,2)
-3.74554209019306445925443348	(30,3)
-3.74464066236233253218741708	(30,4)
-3.74257034300471052987611928	(30,5)
-3.73865095953742218960040146	(30,6)
-3.7321105823125067082120148	(30,7)
-3.72213422532146499316185817	(30,8)
-3.70791810614648812396218231	(30,9)
-3.6887265804603899473916289	(30,10)
-3.66394824138478518478998095	(30,11)
-3.63314727874407294265470894	(30,12)
-3.59610616152961205690392059	(30,13)
-3.55285612771430194172795	(30,14)
-3.5036928523482957338798764	(30,15)
-3.4491759395811683182547478	(30,16)
-3.3901123836847740176743718	(30,17)
-3.3275256493833223256235795	(30,18)
-3.2626133042500800585277739	(30,19)
-3.1966970073287019832928541	(30,20)
-3.1311690101388022035141988	(30,21)
-3.0674391488493827834040736	(30,22)
-3.0068856816337598949603458	(30,23)
-2.9508124000798564313121856	(30,24)
-2.9004133925166991188163816	(30,25)
-2.856745825351345008908465	(30,26)
-2.820710264530492371385052	(30,27)
-2.79303746168916323973182	(30,28)
-2.77428020714291826595481	(30,29)
-2.764808792742015085079	(30,30)
-4.61830767210171056824051983	(31,1)
-4.61825444406434762902416321	(31,2)
-4.61789552309038010343034555	(31,3)
-4.6167399680505702244477071	(31,4)
-4.61408609555809940470760814	(31,5)
-4.60906236584999116945044226	(31,6)
-4.60068029077848865247988296	(31,7)
-4.58789748248039285666366131	(31,8)
-4.56968803346513172290618032	(31,9)
-4.54511642709335965390383331	(31,10)
-4.51341029619842875118236372	(31,11)
-4.47402678409907129076415363	(31,12)
-4.4267072107322699056468517	(31,13)
-4.3715153357556255557973382	(31,14)
-4.3088557575825137580913105	(31,15)
-4.239470775397807943872126	(31,16)
-4.164416129500991058348111	(31,17)
-4.0850181049399001062211794	(31,18)
-4.0028162070785049207155898	(31,19)
-3.9194967339761175262639223	(31,20)
-3.8368229399427108251101268	(31,21)
-3.7565671132927779902091386	(31,22)
-3.680448915724580827001323	(31,23)
-3.6100829741675822237415563	(31,24)
-3.5469372310564532490191547	(31,25)
-3.492302174717708397446004	(31,26)
-3.447269956548325169345568	(31,27)
-3.41272164950495823609046	(31,28)
-3.38932053613886947697184	(31,29)
-3.377509303457815253092	(31,30)
-5.53606150905840769330085583	(32,1)
-5.53599424775216567916163368	(32,2)
-5.53554070132718875055876489	(32,3)
-5.53408052117691105390910839	(32,4)
-5.53072717816114045502415804	(32,5)
-5.52437989096962392002657391	(32,6)
-5.51379100051637450455072598	(32,7)
-5.49764646118879267189497333	(32,8)
-5.47465586598573812968862493	(32,9)
-5.4436470622614791137990503	(32,10)
-5.40365919409750639080652131	(32,11)
-5.3540272205012027202412939	(32,12)
-5.2944508822201973894477523	(32,13)
-5.2250419060013456826929094	(32,14)
-5.1463449646016525906027908	(32,15)
-5.0593303809280043517356569	(32,16)
-4.9653594262409428684413212	(32,17)
-4.8661258592693814930063432	(32,18)
-4.7635796259187362882642297	(32,19)
-4.6598400328592473942055724	(32,20)
-4.5571060502378863303870123	(32,21)
-4.4575707262914549428688291	(32,22)
-4.3633452280583505691845734	(32,23)
-4.2763960876133195445640287	(32,24)
-4.198497188914016149056037	(32,25)
-4.131196185187296447769986	(32,26)
-4.075793604585979313098981	(32,27)
-4.03333198704058707381235	(32,28)
-4.00459200561244760133272	(32,29)
-3.990092600900330168004	(32,30)
-6.49527069804184967565504576	(33,1)
-6.49518682384523404068004832	(33,2)
-6.49462125849397021305661096	(33,3)
-6.49280046777548893817899554	(33,4)
-6.48861915349046924924697118	(33,5)
-6.48070535180663455724996361	(33,6)
-6.46750512492870520774481258	(33,7)
-6.44738400358863615058198676	(33,8)
-6.41874066665265447600987449	(33,9)
-6.3801265062495647399772683	(33,10)
-6.3303630636741384428966185	(33,11)
-6.2686482436168631330435903	(33,12)
-6.1946421085821563812601725	(33,13)
-6.1085241741805536396346627	(33,14)
-6.0110164925881717240444633	(33,15)
-5.9033701743363744318444489	(33,16)
-5.787316859752465179407379	(33,17)
-5.6649903696117516014934081	(33,18)
-5.5388267067915286393276299	(33,19)
-5.4114522749992853216958879	(33,20)
-5.2855704225637097472136584	(33,21)
-5.1638553006457067005378125	(33,22)
-5.0488598828541145879208438	(33,23)
-4.9429423024562117244897916	(33,24)
-4.848211915386693803745779	(33,25)
-4.766494097538408685603562	(33,26)
-4.699310994870346773868357	(33,27)
-4.64787437162840567515591	(33,28)
-4.6130863239726605251993	(33,29)
-4.595543838765143501534	(33,30)
-7.49179845355460362613341877	(34,1)
-7.49169514603477442431087263	(34,2)
-7.49099854480360305962821782	(34,3)
-7.48875593515838966412000703	(34,4)
-7.4836061765168392272357741	(34,5)
-7.47386032639863645932672906	(34,6)
-7.45760682411438761233888543	(34,7)
-7.4328378111578921911183612	(34,8)
-7.3975909665321066810841304	(34,9)
-7.3500987874039622179309008	(34,10)
-7.2889350147045038686312772	(34,11)
-7.2131464535028831192837887	(34,12)
-7.1223583004162290786901524	(34,13)
-7.0168426087351028590763852	(34,14)
-6.8975427189112823734372058	(34,15)
-6.766050996940208380141131	(34,16)
-6.6245423567914421978887335	(34,17)
-6.4756709088999395300862746	(34,18)
-6.3224408178742706688255214	(34,19)
-6.1680644551267537078359834	(34,20)
-6.0158209659714646438399919	(34,21)
-5.8689266158089677570311221	(34,22)
-5.7304252399555029077955637	(34,23)
-5.6031034651393136144988439	(34,24)
-5.48943175875558556578452	(34,25)
-5.39152931339970003030005	(34,26)
-5.311148596848980073836992	(34,27)
-5.24967418708052800660316	(34,28)
-5.2081301980210350067651	(34,29)
-5.187191016771750708492	(34,30)
-8.52122726385198072671832859	(35,1)
-8.52110148265004032669183445	(35,2)
-8.52025334598151595469389406	(35,3)
-8.51752294021160731159187541	(35,4)
-8.511253337547411472766346	(35,5)
-8.4993893189697807246853839	(35,6)
-8.4796065386581411171182167	(35,7)
-8.4494670589502938461438651	(35,8)
-8.4065943279068623332975454	(35,9)
-8.348857455670744527953093	(35,10)
-8.274551697898916369405479	(35,11)
-8.182560136998282794580071	(35,12)
-8.0724813830744685344167844	(35,13)
-7.9447101562278474395763064	(35,14)
-7.8004618765761431866259767	(35,15)
-7.6417383686429686093738416	(35,16)
-7.4712385157977175993981006	(35,17)
-7.2922239721602299362975497	(35,18)
-7.1083547136421898154121679	(35,19)
-6.9235115047701947646393973	(35,20)
-6.7416220316453862273342879	(35,21)
-6.5665048182444727010486739	(35,22)
-6.4017408354252756859378233	(35,23)
-6.2505778491015038715172592	(35,24)
-6.115867906053717396062704	(35,25)
-6.000034569462978901504815	(35,26)
-5.905063938695361710585515	(35,27)
-5.83251218253382804550791	(35,28)
-5.7835221379805704488083	(35,29)
-5.758842224803308182945	(35,30)
-9.5788619677735311003873052	(36,1)
-9.5787104827645356370096747	(36,2)
-9.5776890319050824491464679	(36,3)
-9.5744007392782453959527803	(36,4)
-9.5668504738077413225771029	(36,5)
-9.5525644436544564713914719	(36,6)
-9.5287471231115336146606141	(36,7)
-9.4924707268349790304103316	(36,8)
-9.4408887784694790203186384	(36,9)
-9.3714611510663205572197248	(36,10)
-9.2821741161848540899177886	(36,11)
-9.171736442788696146957584	(36,12)
-9.0397323925751669254679697	(36,13)
-8.8867151700293659135369143	(36,14)
-8.7142300049509210721929813	(36,15)
-8.5247638631206330482975866	(36,16)
-8.3216274803930082747261571	(36,17)
-8.1087833812314345906415998	(36,18)
-7.890639282765078194256421	(36,19)
-7.6718288249241773325475568	(36,20)
-7.457000676315469341759016	(36,21)
-7.2506332548539996303592098	(36,22)
-7.0568866090552745137328387	(36,23)
-6.8794966681930108555570328	(36,24)
-6.721711207535629011615578	(36,25)
-6.586262274052749939173099	(36,26)
-6.475366850408753593755771	(36,27)
-6.39074620325920639066571	(36,28)
-6.3336544163981225420243	(36,29)
-6.30490768563296977617	(36,30)
-10.6597366223466828286188227	(37,1)
-10.6595560533456118058878332	(37,2)
-10.6583384981115987382519792	(37,3)
-10.6544189767422257594315101	(37,4)
-10.6454197928618935083176652	(37,5)
-10.6283939439528728761348532	(37,6)
-10.6000138522388389452640221	(37,7)
-10.5567998531870138760597118	(37,8)
-10.4953782246862578392686807	(37,9)
-10.4127532019455876934504633	(37,10)
-10.3065724877772503137216129	(37,11)
-10.1753625689037386403222031	(37,12)
-10.0187099414500396129631993	(37,13)
-9.8373679156702640859084988	(37,14)
-9.6332759850316450668029769	(37,15)
-9.4094888348267762306173746	(37,16)
-9.170023163113611666581894	(37,17)
-8.9196404604485226773716807	(37,18)
-8.6635908242370300395467255	(37,19)
-8.4073455784208039897002152	(37,20)
-8.1563447492419103164399681	(37,21)
-7.9157800994063343774903329	(37,22)
-7.6904268809254320119950701	(37,23)
-7.4845293635466264278102579	(37,24)
-7.301737943576774803874427	(37,25)
-7.145090165938529130094214	(37,26)
-7.017024673765201953216211	(37,27)
-6.91941583881333152951782	(37,28)
-6.8536172297144557893485	(37,29)
-6.82050363863773598913	(37,30)
-11.7586265100498077027772945	(38,1)
-11.7584133760163160212639779	(38,2)
-11.7569762465965455323617219	(38,3)
-11.7523499718200898942292788	(38,4)
-11.7417286314920911956587321	(38,5)
-11.7216358414416874540998646	(38,6)
-11.6881495432614231314414356	(38,7)
-11.6371748774201416649807342	(38,8)
-11.5647529010085871124733874	(38,9)
-11.4673861613921973097574344	(38,10)
-11.3423558777812543764691097	(38,11)
-11.1880014419063948741196382	(38,12)
-11.0039327504290332145151739	(38,13)
-10.7911505230497776747895188	(38,14)
-10.5520591688913757851931793	(38,15)
-10.2903696236949707577497375	(38,16)
-10.0109035533942371771830672	(38,17)
-9.7193226347322532310144515	(38,18)
-9.4218148476704854931944521	(38,19)
-9.1247724255127005575624471	(38,20)
-8.8344932291738905167291897	(38,21)
-8.5569300035010337302922217	(38,22)
-8.2975021768117626759815996	(38,23)
-8.060974690154624362752333	(38,24)
-7.851399535101000470992747	(38,25)
-7.672109306675453930856967	(38,26)
-7.525748481446586959696714	(38,27)
-7.41432706868418026470509	(38,28)
-7.3392821752226190276764	(38,29)
-7.30153519579654078743	(38,30)
-12.8700658926062833013264316	(39,1)
-12.8698166699500038964402973	(39,2)
-12.8681362100555934755860294	(39,3)
-12.8627267400952927948228215	(39,4)
-12.8503079290843199469691984	(39,5)
-12.8268172597212559833343558	(39,6)
-12.7876752850340300984044952	(39,7)
-12.7281084786554105441821904	(39,8)
-12.6435151437862314388296643	(39,9)
-12.5298514122435832196400774	(39,10)
-12.3840065273874291654535862	(39,11)
-12.204131571791135380017294	(39,12)
-11.9898856443729719403105544	(39,13)
-11.7425694648446191604256273	(39,14)
-11.4651283414697208776559081	(39,15)
-11.1620226275132032062827411	(39,16)
-10.8389811623667260235338463	(39,17)
-10.5026681945956703753583589	(39,18)
-10.1603038807548020068314803	(39,19)
-9.819280984230212790774049	(39,20)
-9.4868159595269375449216362	(39,21)
-9.1696628566220090709950483	(39,22)
-8.8739059878216455734465503	(39,23)
-8.604834742963144231521114	(39,24)
-8.366893430239788343634048	(39,25)
-8.16369175305426205162438	(39,26)
-7.99805776898189646535301	(39,27)
-7.87211447293696493641751	(39,28)
-7.7873626881534915307837	(39,29)
-7.74475585578572664022	(39,30)
-13.988371601470322527792563	(40,1)
-13.9880827906868746057375032	(40,2)
-13.9861354068541217780806001	(40,3)
-13.9798668290176891261849027	(40,4)
-13.965476476258871790073921	(40,5)
-13.9382594494626183280924431	(40,6)
-13.892916742160825287740379	(40,7)
-13.8239337911273529196198614	(40,8)
-13.7260102477446565738753968	(40,9)
-13.5945134364297242252703552	(40,10)
-13.4259182732065118087572499	(40,11)
-13.218190233037553174463975	(40,12)
-12.9710678879764278022226446	(40,13)
-12.6862091394884688147543697	(40,14)
-12.3671802884457970540181423	(40,15)
-12.0192872215050448757059491	(40,16)
-11.6492693195251328233955062	(40,17)
-11.2648947268187593073887497	(40,18)
-10.8745066296964808791544206	(40,19)
-10.4865722815359510672167692	(40,20)
-10.1092800441021785174334232	(40,21)
-9.7502169857138443421936151	(40,22)
-9.4161439236984145542046471	(40,23)
-9.11286955575886780316301	(40,24)
-8.84521299988308185710082	(40,25)
-8.617035946896963524904088	(40,26)
-8.431321846984062700090679	(40,27)
-8.29027939413500845221652	(40,28)
-8.1954499388821339809444	(40,29)
-8.14780223541628710551	(40,30)
-15.1076722101281451503612655	(41,1)
-15.1073404096182070022510646	(41,2)
-15.1051031689232477708591394	(41,3)
-15.0979017013764059662193793	(41,4)
-15.0813706539927273534288256	(41,5)
-15.0501081944772555944688654	(41,6)
-14.9980356555959163221767084	(41,7)
-14.9188375302038527508445285	(41,8)
-14.8064618168897518292657634	(41,9)
-14.6556480012939813726740633	(41,10)
-14.4624381134440510123848778	(41,11)
-14.2246188003034107762153483	(41,12)
-13.9420424384045199498506598	(41,13)
-13.6167848751590134291768679	(41,14)
-13.2531160339454109993904225	(41,15)
-12.8572843638368950817389053	(41,16)
-12.4371419821471000709864689	(41,17)
-12.0016587579759293750366152	(41,18)
-11.5603860021214046591518895	(41,19)
-11.1229317480899702726258222	(41,20)
-10.6985005779206480913698817	(41,21)
-10.2955346591018924979161457	(41,22)
-9.9214733674005625738869521	(41,23)
-9.58263065579326459013367	(41,24)
-9.284175111183602366380984	(41,25)
-9.030188766665746317890045	(41,26)
-8.823777123330630881170114	(41,27)
-8.66720343876433340519777	(41,28)
-8.5620237179034925092337	(41,29)
-8.50920361788279980856	(41,30)
-16.2219423124489445266499216	(42,1)
-16.2215642980047931544870581	(42,2)
-16.2190154639687211103483157	(42,3)
-16.2108111801596374570513492	(42,4)
-16.1919791584064829745412037	(42,5)
-16.1563690597190232802918988	(42,6)
-16.0970659442465011537140363	(42,7)
-16.0068973494157157477686101	(42,8)
-15.8790108143280328568397528	(42,9)
-15.7074833183250966666955488	(42,10)
-15.4879097965335793079993675	(42,11)
-15.2179089107691700268882606	(42,12)
-14.8974845712483096881680044	(42,13)
-14.5291935996316128902112395	(42,14)
-14.1180928046695486572887204	(42,15)
-13.6714687987012525619283604	(42,16)
-13.1983848859209010308742106	(42,17)
-12.7091044318576276586672596	(42,18)
-12.2144638893827715098509887	(42,19)
-11.7252688125048102148922886	(42,20)
-11.2517740028765452921572145	(42,21)
-10.8032884782439831916210448	(42,22)
-10.3879225484096571156249903	(42,23)
-10.012472843469705528014472	(42,24)
-9.682424995628283926275659	(42,25)
-9.402044179381669684355453	(42,26)
-9.174520492381482797381061	(42,27)
-9.00213775629412039185223	(42,28)
-8.8864388997109606836548	(42,29)
-8.82836698712160718763	(42,30)
-17.3250412967431234197500061	(43,1)
-17.3246141048458399805176039	(43,2)
-17.3217336990094711826931388	(43,3)
-17.3124623344300381481415357	(43,4)
-17.291182073964170748546216	(43,5)
-17.25094681234557249860617	(43,6)
-17.1839536869156325159905745	(43,7)
-17.0821226311805927772197638	(43,8)
-16.9377574093350834104002182	(43,9)
-16.7442431407926456503236876	(43,10)
-16.4967182437067737744212125	(43,11)
-16.192648095494627095320478	(43,12)
-15.832228352735493168244935	(43,13)
-15.4185604968382298307640614	(43,14)
-14.9575699261808787632399574	(43,15)
-14.4576730038069074566899857	(43,16)
-13.9292361968176236860556879	(43,17)
-13.3838994762251620025213134	(43,18)
-12.8338511437832789006681457	(43,19)
-12.2911397896514457830443806	(43,20)
-11.7670931076702132671328703	(43,21)
-11.2718880487228427217948251	(43,22)
-10.8142888231212833865213496	(43,23)
-10.401544384589720733066252	(43,24)
-10.039418979103535892169159	(43,25)
-9.732319402472461149639149	(43,26)
-9.483480030423006906063814	(43,27)
-9.29516952089079424643781	(43,28)
-9.1688890650206044810363	(43,29)
-9.10553920604002304055	(43,30)
-18.4107559287898515120056269	(44,1)
-18.4102769415629130679225778	(44,2)
-18.4070473162059418037819523	(44,3)
-18.3966521107400285951392641	(44,4)
-18.3727935849307809709369675	(44,5)
-18.3276882782811519808068555	(44,6)
-18.2526002024227131891663536	(44,7)
-18.1384978637132952831084731	(44,8)
-17.9768046866067873222586994	(44,9)
-17.7601907572340814052593049	(44,10)
-17.4833336400366947996309665	(44,11)
-17.143563588163910582106174	(44,12)
-16.741309551675569033950488	(44,13)
-16.2802801580264790103729966	(44,14)
-15.7673471218755342809130956	(44,15)
-15.2121413806475828098997393	(44,16)
-14.6264152679124893195662741	(44,17)
-14.0232572507404972635326863	(44,18)
-13.4162618107053542963835901	(44,19)
-12.8187534604806380518735199	(44,20)
-12.2431434591481557204465811	(44,21)
-11.7004671382582082170793964	(44,22)
-11.2001167991328857005016805	(44,23)
-10.749756667821600625834981	(44,24)
-10.355386510548839662131208	(44,25)
-10.02151034923962957545417	(44,26)
-9.751365050378866269836916	(44,27)
-9.54716788312262895596271	(44,28)
-9.4103496934765075312279	(44,29)
-9.34174882365732291605	(44,30)
-19.4728460189905895193277537	(45,1)
-19.4723130484179669858799353	(45,2)
-19.4687194542967024644970076	(45,3)
-19.4571529782714531045718687	(45,4)
-19.4306075815904248667836892	(45,5)
-19.3804278690871729902791398	(45,6)
-19.2969074277132828802487915	(45,7)
-19.1700277534418704229219874	(45,8)
-18.9903033009963986813713653	(45,9)
-18.7496728857954319747777578	(45,10)
-18.4423541156937229751588228	(45,11)
-18.065563156357780072962375	(45,12)
-17.620003781607485378393774	(45,13)
-17.1100510025309985668018182	(45,14)
-16.5435940302723274580028784	(45,15)
-15.9315536134862283499090585	(45,16)
-15.2871386148467647802460182	(45,17)
-14.6249442551532076871498737	(45,18)
-13.9600113299401805270866898	(45,19)
-13.3069594478285555084716339	(45,20)
-12.6792817949047609610108206	(45,21)
-12.0888522902324684369305401	(45,22)
-11.5456577023711787562271808	(45,23)
-11.057735129818364080977232	(45,24)
-10.631273653348736870375936	(45,25)
-10.270828831637023098525461	(45,26)
-9.979598240435865591592123	(45,27)
-9.75971230542152292109365	(45,28)
-9.6125039667109822156862	(45,29)
-9.53873061400901630348	(45,30)
-20.5050924354909833497529192	(46,1)
-20.5045038043446064815120393	(46,2)
-20.5005349362232410619949627	(46,3)
-20.4877608447597293247562948	(46,4)
-20.458445410312761320537868	(46,5)
-20.4030350135581679284474068	(46,6)
-20.3108248051180116911674193	(46,7)
-20.1707832515177146757728866	(46,8)
-19.9724962158489650200491731	(46,9)
-19.7071625636353979334140396	(46,10)
-19.3685460724564844623938593	(46,11)
-18.9537719877572522771246124	(46,12)
-18.4638589139408053142121813	(46,13)
-17.9039020636998201631643285	(46,14)
-17.2828701509315032877969607	(46,15)
-16.6130365914404355021854248	(46,16)
-15.9091227604382660191055376	(46,17)
-15.1872730715502439150003019	(46,18)
-14.4639990583319408631848967	(46,19)
-13.7552201558646643574752507	(46,20)
-13.0754975767471256391789981	(46,21)
-12.4375145196475926948128778	(46,22)
-11.851812017931682752273999	(46,23)
-11.326753844707788287357781	(46,24)
-10.868670753901245411000781	(46,25)
-10.482124498879180010212475	(46,26)
-10.170233073729967201819221	(46,27)
-9.93500662227518409843129	(46,28)
-9.7776546236126357963946	(46,29)
-9.69883633852005141436	(46,30)
-21.5013467277662987096730209	(47,1)
-21.5007013446107820767198841	(47,2)
-21.496349846843690061920876	(47,3)
-21.4823445054555221030064761	(47,4)
-21.4502050260415530085817582	(47,5)
-21.3894627460508056287222668	(47,6)
-21.2883969209614818836683728	(47,7)
-21.1349477243827532450385259	(47,8)
-20.9177627429875499936408431	(47,9)
-20.627300243287345698417904	(47,10)
-20.256881375392983377140371	(47,11)
-19.8035648845354856782880432	(47,12)
-19.2687210867095462629125906	(47,13)
-18.6582115862835140146853038	(47,14)
-17.9821348468129663422513149	(47,15)
-17.2541647671372089081144415	(47,16)
-16.4905741293405182935636831	(47,17)
-15.7090812813253850554307647	(47,18)
-14.9276760510166033094572009	(47,19)
-14.1635676246841899877761024	(47,20)
-13.4323594680751577457842529	(47,21)
-12.7475062448792283625370211	(47,22)
-12.120057912294169634719602	(47,23)
-11.55865659401077115580211	(47,24)
-11.069727361010170040990391	(47,25)
-10.657794791703504962526572	(47,26)
-10.325859926125847320951	(47,27)
-10.0757823745178747156278	(47,28)
-9.9086254890180641799164	(47,29)
-9.82493538799512722489	(47,30)
-22.4555816382302605924718687	(48,1)
-22.4548790638908169798483073	(48,2)
-22.4501419784363157732409317	(48,3)
-22.4348959032363684505392075	(48,4)
-22.3999108263540895139209091	(48,5)
-22.3337967330011620015869965	(48,6)
-22.2238111818152452214001749	(48,7)
-22.056862564401908885036373	(48,8)
-21.8206611989033483693229467	(48,9)
-21.5049324439029203243944261	(48,10)
-21.1025708139408629555409593	(48,11)
-20.6105932590766616563500407	(48,12)
-20.0307539335543444466265403	(48,13)
-19.369717242309483607378379	(48,14)
-18.6387474480722457363635559	(48,15)
-17.8529492896155080275942016	(48,16)
-17.0301666705825393410725927	(48,17)
-16.1896974091437536693883828	(48,18)
-15.3509995447987059976954565	(48,19)
-14.5325471324677697675688708	(48,20)
-13.7509489358928844335459628	(48,21)
-13.0203859888250939529972987	(48,22)
-12.352368258011240669938429	(48,23)
-11.755767475542562794352032	(48,24)
-11.237057642232757021593728	(48,25)
-10.800686299963194918185287	(48,26)
-10.44950439136043673117769	(48,27)
-10.18519497546291832339769	(48,28)
-10.0086562752102140258327	(48,29)
-9.9203089231607493454	(48,30)
-23.3619417995494527304086339	(49,1)
-23.3611823025468207235036596	(49,2)
-23.3560614425888587232722243	(49,3)
-23.3395805010392473178024597	(49,4)
-23.3017634742453966048246443	(49,5)
-23.230304056371696855721514	(49,6)
-23.1114448672199794918466823	(49,7)
-22.9310716117652024879054965	(49,8)
-22.6759695979712091525541826	(49,9)
-22.3351474512368346331982497	(49,10)
-21.901093429898258995580502	(49,11)
-21.3708066702621106081268993	(49,12)
-20.7464509584208701420521799	(49,13)
-20.0355181254508578804081955	(49,14)
-19.2504578995295445749455762	(49,15)
-18.4078166776652342432126457	(49,16)
-17.5270083283990152764143765	(49,17)
-16.628895382973931471562785	(49,18)
-15.7343759977718248141375563	(49,19)
-14.8631497430230775838382313	(49,20)
-14.0327834828167729906913587	(49,21)
-13.2581336160249251956630689	(49,22)
-12.551119237586994219211064	(49,23)
-11.920794187591789285119088	(49,24)
-11.373639547258951961468266	(49,25)
-10.91399084920171746673886	(49,26)
-10.54452116544075121429644	(49,27)
-10.26671610641790311746764	(49,28)
-10.0812940663132799030238	(49,29)
-9.98854092870935674651	(49,30)
-24.2147939405988039387670123	(50,1)
-24.2139785392733909475602055	(50,2)
-24.2084807731007474549504628	(50,3)
-24.1907870959909924392831729	(50,4)
-24.1501890499636704245942607	(50,5)
-24.0734811152352157854370286	(50,6)
-23.9459109553585842114399768	(50,7)
-23.752363838934619643180497	(50,8)
-23.4787239139557784327662574	(50,9)
-23.1133077088025993510356326	(50,10)
-22.6482215028478040189701743	(50,11)
-22.0804688805184973029432213	(50,12)
-21.4126412697763523646500489	(50,13)
-20.653069014007143133235686	(50,14)
-19.815388755148177934314314	(50,15)
-18.9175781763970816112309172	(50,16)
-17.9805978550332932560284883	(50,17)
-17.0268393489443917230425658	(50,18)
-16.0785948458903982791456819	(50,19)
-15.1567362433365015835983169	(50,20)
-14.2797321890792570583537317	(50,21)
-13.4630589675295600781149318	(50,22)
-12.718993517021773011705032	(50,23)
-12.056727059723899218827057	(50,24)
-11.482710831338816117697814	(50,25)
-11.001139442118631547165448	(50,26)
-10.61448662105288283630649	(50,27)
-10.32402544895290195625548	(50,28)
-10.1302845793346760693744	(50,29)
-10.03340926634807430067	(50,30)
-25.0087759533404232981126789	(51,1)
-25.0079064427028353060202939	(51,2)
-25.0020438746193955717713852	(51,3)
-24.9831764367972362406023436	(51,4)
-24.9398869091724665125948192	(51,5)
-24.8581000525446233272016141	(51,6)
-24.7221021784696362265058951	(51,7)
-24.5158138303962048650708815	(51,8)
-24.2242535509157306026359192	(51,9)
-23.8350786874436914016531897	(51,10)
-23.340041168076873889419378	(51,11)
-22.7361686396108109136900372	(51,12)
-22.0264891523099907643254206	(51,13)
-21.2201676872393438320276754	(51,14)
-20.3320096350909394512484426	(51,15)
-19.3813912528281210875034963	(51,16)
-18.3907737537862482629401326	(51,17)
-17.3840209366283389756172727	(51,18)
-16.3847553389313752622564319	(51,19)
-15.4149550487563729611395713	(51,20)
-14.4939263000337569669279233	(51,21)
-13.6377067297939778268461516	(51,22)
-12.858880874333764776821918	(51,23)
-12.166736722106046142049824	(51,24)
-11.567664806362799834636618	(51,25)
-11.0656968796389958805068	(51,26)
-10.66309284686633370829309	(51,27)
-10.36090448213178274573744	(51,28)
-10.1594658944491101118056	(51,29)
-10.0587794002794305149	(51,30)
-25.7388442058345933011978479	(52,1)
-25.7379231675829215397145263	(52,2)
-25.7317132053409604166963943	(52,3)
-25.7117280414669963510025028	(52,4)
-25.665875664574919317876916	(52,5)
-25.5792531620787018319148848	(52,6)
-25.435232825811801048840068	(52,7)
-25.2168196704866781308831002	(52,8)
-24.9082137697159250218850619	(52,9)
-24.4964541560061046469214365	(52,10)
-23.9729688109365490611285002	(52,11)
-23.3348256031457746200916325	(52,12)
-22.585488184417956251965672	(52,13)
-21.7349363289426199682724626	(52,14)
-20.7991055149575318142371952	(52,15)
-19.7987149281797188798014267	(52,16)
-18.7576573521403510519615021	(52,17)
-17.7011912342668010330913558	(52,18)
-16.6541889201617404361399764	(52,19)
-15.6396566832510181015560726	(52,20)
-14.677667547429003470309124	(52,21)
-13.784760249490129204034089	(52,22)
-12.973778970978060663114842	(52,23)
-12.254073042110152785709598	(52,24)
-11.631948367527160668558375	(52,25)
-11.111259520213171379680647	(52,26)
-10.69404552433915137741635	(52,27)
-10.38113464427373207210798	(52,28)
-10.172666901357945990738	(52,29)
-10.06850301437454704069	(52,30)
-26.4003185228688706986533307	(53,1)
-26.399349317491902546523407	(53,2)
-26.3928146189678918908522468	(53,3)
-26.3717846509448459965269133	(53,4)
-26.3235367503425418511153975	(53,5)
-26.2323947796462286024440693	(53,6)
-26.0808778721579427131182509	(53,7)
-25.8511379281517450372105715	(53,8)
-25.5266149131543466007395729	(53,9)
-25.0937778970208284097146296	(53,10)
-24.5437635286776163516379498	(53,11)
-23.8736919647692903643231386	(53,12)
-23.0874507986054042109198846	(53,13)
-22.1957982484132307453845724	(53,14)
-21.2157404065861381569774176	(53,15)
-20.1692608118244034437841206	(53,16)
-19.0815921332743832132210887	(53,17)
-17.9792898088143574712857533	(53,18)
-16.8883796254689323599421573	(53,19)
-15.8328073834249429238829936	(53,20)
-14.8333367622806613772876077	(53,21)
-13.9069468068479241377902109	(53,22)
-13.06669669212110457178502	(53,23)
-12.321967640636269120093545	(53,24)
-11.678964482168536425602593	(53,25)
-11.141358238963189675320987	(53,26)
-10.71096759074403991538742	(53,27)
-10.38840171594085905135409	(53,28)
-10.1736122536583301820337	(53,29)
-10.06632327959021972551	(53,30)
-26.988924295220909710389779	(54,1)
-26.9879110356443780115723063	(54,2)
-26.9810793311027411445323594	(54,3)
-26.9590937954859655427178499	(54,4)
-26.9086550728497613605802235	(54,5)
-26.8133802121346996066758197	(54,6)
-26.6550090678315042776260928	(54,7)
-26.4149154976199740931440998	(54,8)
-26.0758483582188753127799485	(54,9)
-25.6237620142963738314746043	(54,10)
-25.0495360711610697831073171	(54,11)
-24.3503505155240552877339068	(54,12)
-23.5304943236668700341055427	(54,13)
-22.6014512875743431883563422	(54,14)
-21.5812181123151350645880868	(54,15)
-20.4929417941713814058640066	(54,16)
-19.3630815031617729464856578	(54,17)
-18.2193731002832914259059965	(54,18)
-17.0888849110003500560948711	(54,19)
-15.9964042443266351970354634	(54,20)
-14.9633051441645211973498586	(54,21)
-14.0069466098254778689346914	(54,22)
-13.140562181528308239498222	(54,23)
-12.373541959092542588988983	(54,24)
-11.711980953260476163629053	(54,25)
-11.159368249698037597805241	(54,26)
-10.71731022103487654547309	(54,27)
-10.38620785300226162859429	(54,28)
-10.1658351881972580339449	(54,29)
-10.05578809189078996623	(54,30)
-27.5008312212914586367054347	(55,1)
-27.4997787281019258564623318	(55,2)
-27.4926825182842025168640406	(55,3)
-27.4698459944872847828918504	(55,4)
-27.4174562970175004954506872	(55,5)
-27.3185013073169352068540014	(55,6)
-27.1540276811685011019996563	(55,7)
-26.9047181165098932490447955	(55,8)
-26.5527091958530935975880503	(55,9)
-26.0835020609877490313477373	(55,10)
-25.4877547617838242356629734	(55,11)
-24.7627099378889535371308462	(55,12)
-23.9130246386295572458708503	(55,13)
-22.9508393616386758632208349	(55,14)
-21.8950417895650962784660397	(55,15)
-20.7698203758343452913424432	(55,16)
-19.6027271458030963378293677	(55,17)
-18.4225444435888806726502391	(55,18)
-17.2572591872197910002000359	(55,19)
-16.1323941397114989392918733	(55,20)
-15.0698503161849559453492959	(55,21)
-14.0873074921442816501607732	(55,22)
-13.198137381723737268962531	(55,23)
-12.411722505177834448389783	(55,24)
-11.734046907144969529719682	(55,25)
-11.168427076189459241542378	(55,26)
-10.71627227584732815923219	(55,27)
-10.37779230822070310202167	(55,28)
-10.1525991733212631946647	(55,29)
-10.04017220676585507028	(55,30)
-27.9326882306759582168947025	(56,1)
-27.9316019695519969030254741	(56,2)
-27.9242781038391304226163549	(56,3)
-27.9007091568320853149449554	(56,4)
-27.8466403647536569320721296	(56,5)
-27.7445183160134332943911048	(56,6)
-27.5747936352163862271973251	(56,7)
-27.3175554366314986965707584	(56,8)
-26.9544156951608400258203532	(56,9)
-26.4704892749537656028909043	(56,10)
-25.8562489571658010714810555	(56,11)
-25.1089981934862688629813718	(56,12)
-24.2337186075179824596841868	(56,13)
-23.2431235992665193388224453	(56,14)
-22.1568740520873463999726075	(56,15)
-21.000058562957380697023653	(56,16)
-19.801170028837993914607273	(56,17)
-18.5898878349698904761931296	(56,18)
-17.3949821556394838550618057	(56,19)
-16.2425984256455971218624037	(56,20)
-15.1550790347563126100407005	(56,21)
-14.1503670089847900361157477	(56,22)
-13.241940579327660721232173	(56,23)
-12.43916458046948588351065	(56,24)
-11.747918121540812585773828	(56,25)
-11.171361621721555097609038	(56,26)
-10.7107290247002975809952	(56,27)
-10.36606154231361488718625	(56,28)
-10.1368290135990678309589	(56,29)
-10.02240886088746298234	(56,30)
-28.2816541880576670582424002	(57,1)
-28.2805401906273207844850057	(57,2)
-28.2730293334940861955693751	(57,3)
-28.2488587974472732934220361	(57,4)
-28.1934108903113475024754201	(57,5)
-28.0886877459005674542055237	(57,6)
-27.9146508269444673714844466	(57,7)
-27.6509025669637667263733277	(57,8)
-27.2786256492813954532536757	(57,9)
-26.7826202420011660996213785	(57,10)
-26.1532106276930361094957444	(57,11)
-25.3877548718771182074257193	(57,12)
-24.491506451543817724421891	(57,13)
-23.4776545087420584126993347	(57,14)
-22.3664992622443965175054249	(57,15)
-21.1838711499455636563123105	(57,16)
-19.9590359746491327146452438	(57,17)
-18.7224073752404987939073738	(57,18)
-17.5033938254254991403339291	(57,19)
-16.3286451885969075292137242	(57,20)
-15.2208581537929462848802154	(57,21)
-14.1981833400528075711213473	(57,22)
-13.274178163645107299951552	(57,23)
-12.458185498928350561583928	(57,24)
-11.755992018127888236616231	(57,25)
-11.170624998927772759089757	(57,26)
-10.70317067227121076398884	(57,27)
-10.35352914979844714745861	(57,28)
-10.1210517672293049634839	(57,29)
-10.00503120239638057275	(57,30)
-28.5454240274114809345556578	(58,1)
-28.5442887973149277771477125	(58,2)
-28.5366347950686170962803741	(58,3)
-28.5120037365122734559852404	(58,4)
-28.4555001266538300332053575	(58,5)
-28.3487859527207096464025099	(58,6)
-28.1714484589866905897019577	(58,7)
-27.9027180427403195029630792	(58,8)
-27.5234497240504567692350391	(58,9)
-27.0182043169860270723571674	(58,10)
-26.3771946313861588732485793	(58,11)
-25.5978233344994678870070129	(58,12)
-24.6855551536789862173200345	(58,13)
-23.6539465030398762653877779	(58,14)
-22.5237895407759523899632338	(58,15)
-21.3214840484412957030648298	(58,16)
-20.0768875172491647751347695	(58,17)
-18.820974099203634937410567	(58,18)
-17.5836378421389800087037146	(58,19)
-16.391910539367885878295379	(58,20)
-15.2687551756147338025271033	(58,21)
-14.232476141719429769507755	(58,22)
-13.296686543431563690809922	(58,23)
-12.470708051159899355751353	(58,24)
-11.760252900929320403045138	(58,25)
-11.168243550753943145766983	(58,26)
-10.6956509956418859686643	(58,27)
-10.34226581431845279549504	(58,28)
-10.1073476284230348565651	(58,29)
-9.99012365086315779444	(58,30)
-28.7222500206494209786135339	(59,1)
-28.7211004270934468481407742	(59,2)
-28.7133495903097820815915456	(59,3)
-28.688407000362939657039367	(59,4)
-28.6311892469245708545803146	(59,5)
-28.523128259774222528341586	(59,6)
-28.3435582509873171748666033	(59,7)
-28.0714581995014453630827369	(59,8)
-27.6874619386209980172199692	(59,9)
-27.1759691188116647861174137	(59,10)
-26.5271182126006836543447926	(59,11)
-25.7383434154285741424422891	(59,12)
-24.815253883699768557278828	(59,13)
-23.7716559740856014468489867	(59,14)
-22.6286758433342225207814655	(59,15)
-21.4130991131380109322637649	(59,16)
-20.1551835316418496180559656	(59,17)
-18.8862816489848664364296997	(59,18)
-17.6366144995681066238477449	(59,19)
-16.4334701913864197607769028	(59,20)
-15.2999894638819057032489242	(59,21)
-14.2545782447175226474075336	(59,22)
-13.310884937453388652917774	(59,23)
-12.47821475812832764365104	(59,24)
-11.762227829226264890986167	(59,25)
-11.165774318521569887020418	(59,26)
-10.68974624092584936665631	(59,27)
-10.33385936089274902051122	(59,28)
-10.0973107882678298169538	(59,29)
-9.97928317351114435691	(59,30)
-28.8109579411977035704362158	(60,1)
-28.8098011027230051433074173	(60,2)
-28.8020014227192829007971727	(60,3)
-28.7769016973389712432397657	(60,4)
-28.7193237356998459314378864	(60,5)
-28.610583440356311755219059	(60,6)
-28.429887430262235063061243	(60,7)
-28.1560879470950011553048526	(60,8)
-27.7697074007819138570663324	(60,9)
-27.2550643802495205103030812	(60,10)
-26.6022601878575061384404158	(60,11)
-25.8087453334601633808452067	(60,12)
-24.8802022850751051754640429	(60,13)
-23.8305639215427470076303181	(60,14)
-22.6811252341111578833574508	(60,15)
-21.4588666690355317136695288	(60,16)
-20.1942478582863642831580826	(60,17)
-18.9188119768623452645251156	(60,18)
-17.6629445351781958041710955	(60,19)
-16.4540623020292072614270997	(60,20)
-15.3153949516724406951864188	(60,21)
-14.2653988742100626713199854	(60,22)
-13.317739559968078250877247	(60,23)
-12.481713289267358054444765	(60,24)
-11.762953369538420613089667	(60,25)
-11.164273090866765370864177	(60,26)
-10.68652432396344912033283	(60,27)
-10.32938488310191741148235	(60,28)
-10.0920202078553428744058	(60,29)
-9.97359038946568811964	(60,30)