H7_(sigma,mu)
-0.1751006828925954606571497	(1,1)
-0.1751006828925954606340807	(1,2)
-0.1751006828925954604785178	(1,3)
-0.1751006828925954599775965	(1,4)
-0.1751006828925954588266921	(1,5)
-0.1751006828925954566462277	(1,6)
-0.1751006828925954530028045	(1,7)
-0.1751006828925954474336559	(1,8)
-0.1751006828925954394732852	(1,9)
-0.1751006828925954286810684	(1,10)
-0.1751006828925954146685746	(1,11)
-0.1751006828925953971253889	(1,12)
-0.1751006828925953758422936	(1,13)
-0.1751006828925953507307741	(1,14)
-0.1751006828925953218379605	(1,15)
-0.1751006828925952893562775	(1,16)
-0.1751006828925952536272678	(1,17)
-0.1751006828925952151392524	(1,18)
-0.1751006828925951745187201	(1,19)
-0.1751006828925951325155656	(1,20)
-0.1751006828925950899825526	(1,21)
-0.175100682892595047849623	(1,22)
-0.1751006828925950070939276	(1,23)
-0.1751006828925949687066853	(1,24)
-0.1751006828925949336581796	(1,25)
-0.1751006828925949028623559	(1,26)
-0.1751006828925948771425707	(1,27)
-0.1751006828925948572000603	(1,28)
-0.1751006828925948435866183	(1,29)
-0.1751006828925948366828107	(1,30)
-0.17510068245661889091753649	(2,1)
-0.17510068245661873987744433	(2,2)
-0.17510068245661772135626668	(2,3)
-0.17510068245661444166252148	(2,4)
-0.17510068245660690633002725	(2,5)
-0.17510068245659263018337263	(2,6)
-0.17510068245656877572520336	(2,7)
-0.17510068245653231330528111	(2,8)
-0.17510068245648019561317197	(2,9)
-0.17510068245640953849598068	(2,10)
-0.17510068245631779993465622	(2,11)
-0.17510068245620294918879996	(2,12)
-0.17510068245606361859726673	(2,13)
-0.17510068245589923125078594	(2,14)
-0.17510068245571009868622327	(2,15)
-0.17510068245549748385110715	(2,16)
-0.17510068245526362582375062	(2,17)
-0.17510068245501172413064661	(2,18)
-0.1751006824547458819660774	(2,19)
-0.17510068245447100917475195	(2,20)
-0.17510068245419268748311064	(2,21)
-0.17510068245391700211884577	(2,22)
-0.17510068245365034558084	(2,23)
-0.17510068245339920083196208	(2,24)
-0.17510068245316991248716257	(2,25)
-0.17510068245296845555312569	(2,26)
-0.17510068245280021184112868	(2,27)
-0.17510068245266976423678432	(2,28)
-0.17510068245258071851447929	(2,29)
-0.17510068245253556131711635	(2,30)
-0.175100657952951191153012444	(3,1)
-0.175100657952942232039930376	(3,2)
-0.175100657952881817327498258	(3,3)
-0.175100657952687278867754312	(3,4)
-0.175100657952240313962074078	(3,5)
-0.175100657951393516334147457	(3,6)
-0.175100657949978589309379543	(3,7)
-0.175100657947815853773490646	(3,8)
-0.175100657944724608399492816	(3,9)
-0.175100657940533866740956231	(3,10)
-0.175100657935092984957829234	(3,11)
-0.175100657928281703694867497	(3,12)
-0.175100657920019155595738555	(3,13)
-0.175100657910271433326021484	(3,14)
-0.175100657899057369066252758	(3,15)
-0.175100657886452242881624539	(3,16)
-0.175100657872589212381845476	(3,17)
-0.17510065785765833835204445	(3,18)
-0.175100657841903169522335459	(3,19)
-0.175100657825614943203232196	(3,20)
-0.175100657809124555483314151	(3,21)
-0.175100657792792552524679386	(3,22)
-0.175100657776997489568301965	(3,23)
-0.175100657762123091847450879	(3,24)
-0.175100657748544726123077231	(3,25)
-0.175100657736615747047907561	(3,26)
-0.175100657726654313368340015	(3,27)
-0.175100657718931270447318859	(3,28)
-0.175100657713659664846688308	(3,29)
-0.17510065771098639317535781	(3,30)
-0.175100335992559605783072437	(4,1)
-0.175100335992428010802868805	(4,2)
-0.175100335991540616112802944	(4,3)
-0.17510033598868316452254609	(4,4)
-0.175100335982118008363633291	(4,5)
-0.175100335969680090239483494	(4,6)
-0.175100335948897682830385857	(4,7)
-0.175100335917132208198778911	(4,8)
-0.175100335871730634102530447	(4,9)
-0.175100335810183443238610593	(4,10)
-0.175100335730280992917365369	(4,11)
-0.175100335630261210226182389	(4,12)
-0.175100335508941970684347402	(4,13)
-0.175100335365832149104305749	(4,14)
-0.175100335201216171219480602	(4,15)
-0.175100335016207898441091979	(4,16)
-0.175100334812770816367389793	(4,17)
-0.175100334593702746191241869	(4,18)
-0.175100334362584635306518282	(4,19)
-0.17510033412369438576254036	(4,20)
-0.175100333881888116579477422	(4,21)
-0.175100333642452687150538793	(4,22)
-0.175100333410934679490199835	(4,23)
-0.175100333192952279413272215	(4,24)
-0.175100332993997533819127867	(4,25)
-0.175100332819237213030320993	(4,26)
-0.175100332673320899112432455	(4,27)
-0.175100332560204894027332873	(4,28)
-0.175100332483000060470437636	(4,29)
-0.17510033244385077001520547	(4,30)
-0.175098284737127090689562573	(5,1)
-0.17509828473614965318083479	(5,2)
-0.175098284729558426502012418	(5,3)
-0.175098284708334420312977708	(5,4)
-0.175098284659571334810292692	(5,5)
-0.175098284567188977036573384	(5,6)
-0.175098284412831074875041734	(5,7)
-0.175098284176905413398118647	(5,8)
-0.175098283839717968533789555	(5,9)
-0.175098283382648804433734328	(5,10)
-0.175098282789315984196170889	(5,11)
-0.175098282046674535413102146	(5,12)
-0.175098281146000427814130796	(5,13)
-0.175098280083714312902297631	(5,14)
-0.175098278862006172292739677	(5,15)
-0.175098277489229753244744702	(5,16)
-0.175098275980044486557243876	(5,17)
-0.175098274355292253353715804	(5,18)
-0.175098272641606669796271765	(5,19)
-0.175098270870763252969516686	(5,20)
-0.175098269078789635977180115	(5,21)
-0.175098267304865571804146066	(5,22)
-0.175098265590052387239095347	(5,23)
-0.175098263975900337747939453	(5,24)
-0.175098262502989448478962093	(5,25)
-0.17509826120946438370222878	(5,26)
-0.175098260129626200462779784	(5,27)
-0.17509825929264315958480408	(5,28)
-0.175098258721438904197332234	(5,29)
-0.175098258431809297952054961	(5,30)
-0.175089806349675353051429706	(6,1)
-0.175089806344838010263127357	(6,2)
-0.175089806312218022553663014	(6,3)
-0.175089806207180676106314527	(6,4)
-0.175089805965854395763396763	(6,5)
-0.175089805508664566571566893	(6,6)
-0.175089804744782993928508476	(6,7)
-0.175089803577285448659743888	(6,8)
-0.175089801908777969743051925	(6,9)
-0.175089799647232128716835147	(6,10)
-0.175089796711760776340900828	(6,11)
-0.175089793038068754244365513	(6,12)
-0.175089788583327011383931472	(6,13)
-0.17508978333024249208607626	(6,14)
-0.17508977729012879819570261	(6,15)
-0.175089770504822590565929731	(6,16)
-0.175089763047336556186942003	(6,17)
-0.175089755021190076059692093	(6,18)
-0.175089746558411992216571797	(6,19)
-0.175089737816264502853728432	(6,20)
-0.17508972897279147191365347	(6,21)
-0.175089720221346388578141121	(6,22)
-0.175089711764302723240512667	(6,23)
-0.175089703806190232144590782	(6,24)
-0.175089696546532576325616669	(6,25)
-0.175089690172682307676109462	(6,26)
-0.175089684852957059623611238	(6,27)
-0.175089680730374454254741641	(6,28)
-0.175089677917262347183260067	(6,29)
-0.175089676490986004329677625	(6,30)
-0.175063528268078728765575226	(7,1)
-0.175063528249823162819604053	(7,2)
-0.175063528126719250653110444	(7,3)
-0.175063527730322192331970271	(7,4)
-0.175063526819596000115610108	(7,5)
-0.175063525094263655852536435	(7,6)
-0.17506352221162640858028426	(7,7)
-0.175063517806071950254740227	(7,8)
-0.175063511510367529954429288	(7,9)
-0.175063502977751796879585173	(7,10)
-0.175063491903801136742537796	(7,11)
-0.175063478047053176610543418	(7,12)
-0.175063461247420698320356993	(7,13)
-0.175063441441520437073693634	(7,14)
-0.175063418674168783330479724	(7,15)
-0.175063393105454814058413093	(7,16)
-0.175063365012984104679882247	(7,17)
-0.175063334789087546450905582	(7,18)
-0.175063302933000548119339215	(7,19)
-0.175063270038231749826053484	(7,20)
-0.175063236775548597412708267	(7,21)
-0.17506320387220148193025318	(7,22)
-0.175063172088180310400489945	(7,23)
-0.175063142190439329732441883	(7,24)
-0.175063114926130505230944232	(7,25)
-0.175063090995946709085602007	(7,26)
-0.175063071028689068733953186	(7,27)
-0.175063055558135882624869275	(7,28)
-0.175063045003203836842435512	(7,29)
-0.175063039652258800108598879	(7,30)
-0.174997180564954812076814866	(8,1)
-0.17499718050832987611968316	(8,2)
-0.174997180126487742056990557	(8,3)
-0.174997178896952898234846841	(8,4)
-0.174997176072110132739941165	(8,5)
-0.174997170720663241954218742	(8,6)
-0.174997161779902536502771224	(8,7)
-0.174997148116371625377805769	(8,8)
-0.174997128592126985643146571	(8,9)
-0.174997102133510839544325498	(8,10)
-0.174997067799221294356309328	(8,11)
-0.174997024844470022863621243	(8,12)
-0.174996972778167165269215493	(8,13)
-0.174996911410359502967171835	(8,14)
-0.1749968408875591335991108	(8,15)
-0.174996761714118188054263491	(8,16)
-0.174996674758408127645468674	(8,17)
-0.174996581243223568526593394	(8,18)
-0.174996482720521392379861012	(8,19)
-0.174996381031295602896987072	(8,20)
-0.17499627825204628706281769	(8,21)
-0.174996176629897674611093598	(8,22)
-0.174996078508928831847049432	(8,23)
-0.174995986250678130626248787	(8,24)
-0.174995902152051602746736584	(8,25)
-0.174995828363993970052147648	(8,26)
-0.174995766814264448092664327	(8,27)
-0.174995719137498961974016687	(8,28)
-0.174995686615444194416169574	(8,29)
-0.174995670129830685018109909	(8,30)
-0.174853380978448024905121584	(9,1)
-0.1748533808274619764739701718	(9,2)
-0.1748533798093103344023224007	(9,3)
-0.1748533765308668422711632326	(9,4)
-0.1748533689987556326698767144	(9,5)
-0.1748533547300441953603380776	(9,6)
-0.1748533308919004906636931849	(9,7)
-0.1748532944638211307926338405	(9,8)
-0.1748532424149393554245181464	(9,9)
-0.1748531718881407085486942097	(9,10)
-0.1748530803822948393432679477	(9,11)
-0.1748529659238838295635196588	(9,12)
-0.1748528272196838147272272427	(9,13)
-0.1748526637829304585117677979	(9,14)
-0.1748524760265417433895542036	(9,15)
-0.1748522653184339599796501856	(9,16)
-0.1748520339956796653692314139	(9,17)
-0.1748517853361348049877405735	(9,18)
-0.1748515234881104307942884483	(9,19)
-0.1748512533605822064720295355	(9,20)
-0.174850980478220098180286836	(9,21)
-0.1748507108070921827443520014	(9,22)
-0.1748504505581761468609968072	(9,23)
-0.1748502059767450580750167988	(9,24)
-0.174849983126247769409708105	(9,25)
-0.174849787675468957129247566	(9,26)
-0.174849624697540438837296785	(9,27)
-0.174849498488812913545154568	(9,28)
-0.174849412414727561901210199	(9,29)
-0.174849368788700155238817746	(9,30)
-0.1745761027841040198027742876	(10,1)
-0.174576102428118217037563021	(10,2)
-0.1745761000275845526119810626	(10,3)
-0.1745760922979117503042466095	(10,4)
-0.1745760745394524607203556145	(10,5)
-0.1745760408988675003816946981	(10,6)
-0.1745759846991507586742820049	(10,7)
-0.1745758988233235232279846253	(10,8)
-0.1745757761341148825798418482	(10,9)
-0.1745756099099668151806644284	(10,10)
-0.174575394276570246607936967	(10,11)
-0.1745751246129562148606515154	(10,12)
-0.1745747979119970145871681765	(10,13)
-0.1745744130770236229138160492	(10,14)
-0.1745739711390816348242455206	(10,15)
-0.1745734753830048524304581819	(10,16)
-0.1745729313747966625586105599	(10,17)
-0.1745723468875353088478357814	(10,18)
-0.1745717317278866024057922524	(10,19)
-0.1745710974700310065221291031	(10,20)
-0.1745704571081183759702077466	(10,21)
-0.174569824642016021789885721	(10,22)
-0.1745692146139330284817244573	(10,23)
-0.1745686416153735521256877398	(10,24)
-0.174568119784755645053129958	(10,25)
-0.1745676623159614652148187104	(10,26)
-0.1745672809971493486254034479	(10,27)
-0.174566985797488774012163958	(10,28)
-0.174566784517226769656002147	(10,29)
-0.17456668251381038081376757	(10,30)
-0.1740880308874085966089546632	(11,1)
-0.1740880301314845387923299594	(11,2)
-0.1740880250340375435864110886	(11,3)
-0.1740880086204344207396794479	(11,4)
-0.1740879709116253309885508734	(11,5)
-0.1740878994800194502971256674	(11,6)
-0.1740877801520173811025763941	(11,7)
-0.1740875978255563179328152376	(11,8)
-0.174087337365069035612998879	(11,9)
-0.1740869845317397080371171108	(11,10)
-0.1740865269042031021243371946	(11,11)
-0.1740859547441783255826981526	(11,12)
-0.1740852617631620559125086695	(11,13)
-0.1740844457503019160715599866	(11,14)
-0.1740835090278333073524269655	(11,15)
-0.1740824587087145427777152856	(11,16)
-0.1740813067408818910884085491	(11,17)
-0.1740800697332694990179014285	(11,18)
-0.1740787685697068118187108984	(11,19)
-0.1740774278272980694621274204	(11,20)
-0.1740760750252289732313374435	(11,21)
-0.1740747397375711693351240006	(11,22)
-0.1740734526091688033349947339	(11,23)
-0.1740722443168954425646458178	(11,24)
-0.1740711445194725067564088911	(11,25)
-0.174070180837836144134065654	(11,26)
-0.1740693779050648301165669516	(11,27)
-0.1740687565205547268951470566	(11,28)
-0.174068332937892130520423089	(11,29)
-0.174068118310118161553170583	(11,30)
-0.1732886564555648331788413424	(12,1)
-0.1732886549918876880375935261	(12,2)
-0.1732886451218407213717249499	(12,3)
-0.1732886133407983468473439376	(12,4)
-0.1732885403276189418262527447	(12,5)
-0.173288402022826538070373562	(12,6)
-0.1732881709925727345896808857	(12,7)
-0.1732878180175067823303137291	(12,8)
-0.173287313833647018352061153	(12,9)
-0.1732866309429263963625901593	(12,10)
-0.1732857454050842239471777531	(12,11)
-0.1732846385207401137393521722	(12,12)
-0.1732832983183763466986269113	(12,13)
-0.1732817207658316466389795021	(12,14)
-0.1732799106396395557344592382	(12,15)
-0.1732778820025551849705086339	(12,16)
-0.1732756582599046338916611176	(12,17)
-0.1732732717876081179776564926	(12,18)
-0.1732707631472929180770909743	(12,19)
-0.1732681799251909469856012651	(12,20)
-0.173265575249998353228698246	(12,21)
-0.1732630060593460035221214858	(12,22)
-0.1732605311942004181134178349	(12,23)
-0.1732582094050935959378033991	(12,24)
-0.1732560973537774096088301878	(12,25)
-0.1732542476893594269142949585	(12,26)
-0.1732527072701591841859314637	(12,27)
-0.1732515155925351388939678825	(12,28)
-0.173250703476861166923846456	(12,29)
-0.173250292049593239870614696	(12,30)
-0.1720531268044351725858092018	(13,1)
-0.1720531241979469202987714994	(13,2)
-0.1720531066215838793943698542	(13,3)
-0.172053050026929217002129144	(13,4)
-0.1720529200093125339451967492	(13,5)
-0.1720526737314420774000983056	(13,6)
-0.1720522623594951091412647197	(13,7)
-0.1720516339040467815181677164	(13,8)
-0.1720507363357977370907352586	(13,9)
-0.1720495208279671663933528599	(13,10)
-0.1720479449651566183062721529	(13,11)
-0.1720459757541108305727339049	(13,12)
-0.1720435922764183689381340268	(13,13)
-0.1720407878375046141698576139	(13,14)
-0.1720375714901341030772950949	(13,15)
-0.1720339688429671958100832082	(13,16)
-0.1720300221034822730231159654	(13,17)
-0.1720257893469823778741908945	(13,18)
-0.1720213430461758609528536066	(13,19)
-0.1720167679355713217388623142	(13,20)
-0.1720121583185794137536983964	(13,21)
-0.1720076149503693524624072977	(13,22)
-0.1720032416447504833105000489	(13,23)
-0.1719991417583103863110831402	(13,24)
-0.1719954147005024088674601916	(13,25)
-0.1719921526060157748583794339	(13,26)
-0.1719894372878761621885431842	(13,27)
-0.1719873375688515350667370848	(13,28)
-0.171985907067268388940519144	(13,29)
-0.171985182493183065336305903	(13,30)
-0.1702326012723016750113464341	(14,1)
-0.1702325969775820911515233546	(14,2)
-0.1702325680169996365963584176	(14,3)
-0.170232474766560025159590045	(14,4)
-0.1702322605413295519045732009	(14,5)
-0.170231854771664383845705785	(14,6)
-0.1702311770303237462456140533	(14,7)
-0.1702301417345699635713991877	(14,8)
-0.1702286633085988844825355384	(14,9)
-0.1702266615594095590532129897	(14,10)
-0.1702240669968213981948857097	(14,11)
-0.1702208258190975918131026975	(14,12)
-0.1702169042922759616770906887	(14,13)
-0.170212292275423357784841928	(14,14)
-0.1702070056855683426527831916	(14,15)
-0.1702010877530953950534572286	(14,16)
-0.170194608987108851313152323	(14,17)
-0.1701876658453691862613665615	(14,18)
-0.1701803781785982684920209671	(14,19)
-0.1701728855878030288865005283	(14,20)
-0.1701653428899974586733147832	(14,21)
-0.1701579149279443442043842433	(14,22)
-0.1701507709808914780026428544	(14,23)
-0.1701440790355701906293416611	(14,24)
-0.1701380001619368278170776137	(14,25)
-0.170132683210008616914489869	(14,26)
-0.1701282600075293020476635846	(14,27)
-0.1701248411982887206403579724	(14,28)
-0.17012251282245324009364821	(14,29)
-0.170121333706853655278989874	(14,30)
-0.167657723731674372036421315	(15,1)
-0.1676577171565701225128003374	(15,2)
-0.1676576728187581892714263969	(15,3)
-0.1676575300560850367528854231	(15,4)
-0.1676572020919171964118863316	(15,5)
-0.1676565809094228738782711287	(15,6)
-0.1676555434398308420423484103	(15,7)
-0.1676539587978480026479497292	(15,8)
-0.1676516962349138535656387873	(15,9)
-0.1676486334274051525296818167	(15,10)
-0.1676446646782145128354413577	(15,11)
-0.1676397085924350121953924316	(15,12)
-0.1676337147963929919012714068	(15,13)
-0.1676266693071546476638575072	(15,14)
-0.1676185982271224245007753542	(15,15)
-0.1676095695322273050707690629	(15,16)
-0.1675996928358957290207888418	(15,17)
-0.167589117135002216003225654	(15,18)
-0.167578026667291059209420467	(15,19)
-0.1675666351208937970712304538	(15,20)
-0.1675551785255156367947795697	(15,21)
-0.1675439072142370064871106732	(15,22)
-0.1675330772709828143292331383	(15,23)
-0.167522941871967303383139659	(15,24)
-0.1675137428941416213425407642	(15,25)
-0.1675057031072700868934522868	(15,26)
-0.1674990191980128271280387209	(15,27)
-0.1674938558039553774999592693	(15,28)
-0.16749034067148574322937933	(15,29)
-0.167488561000074203638942317	(15,30)
-0.1641470888030960434156817819	(16,1)
-0.1641470794259236395576768287	(16,2)
-0.1641470161931098513754980381	(16,3)
-0.1641468125924308579247471504	(16,4)
-0.1641463448770664702677041113	(16,5)
-0.1641454590362905989473392856	(16,6)
-0.1641439796588409742470600345	(16,7)
-0.1641417203125376340909484554	(16,8)
-0.1641384949693223707684697826	(16,9)
-0.1641341299214955351289146299	(16,10)
-0.1641284755724501397318026712	(16,11)
-0.1641214174541188423775306878	(16,12)
-0.1641128858327600602599011993	(16,13)
-0.1641028633203895730681168885	(16,14)
-0.1640913900119528665569906558	(16,15)
-0.1640785658132299424066578663	(16,16)
-0.1640645498006603315674727754	(16,17)
-0.1640495566462002137651657474	(16,18)
-0.1640338503295721268017743116	(16,19)
-0.1640177355281223468799857416	(16,20)
-0.1640015472046072992913993429	(16,21)
-0.1639856389939694243698808358	(16,22)
-0.1639703710162972762320083645	(16,23)
-0.1639560977164735826553478345	(16,24)
-0.1639431562598213049496047505	(16,25)
-0.1639318559107477898119230458	(16,26)
-0.1639224687041997778921053829	(16,27)
-0.1639152216042138642644549198	(16,28)
-0.163910290244336298616887788	(16,29)
-0.163907794271357462250529103	(16,30)
-0.1595217330691758915250993167	(17,1)
-0.1595217206021414405729909822	(17,2)
-0.1595216365337849902206499822	(17,3)
-0.159521365848388999748630284	(17,4)
-0.1595207440407505297335011386	(17,5)
-0.159519566414394777952789406	(17,6)
-0.1595175999260398681286084967	(17,7)
-0.1595145970823745700387564004	(17,8)
-0.1595103112612943871746466758	(17,9)
-0.1595045127076595332244071468	(17,10)
-0.1594970043589025499795387442	(17,11)
-0.1594876366051427621711283033	(17,12)
-0.1594763200966621263298145063	(17,13)
-0.1594630357883448677318537777	(17,14)
-0.1594478415578972596793386175	(17,15)
-0.1594308749449848300063111489	(17,16)
-0.1594123518152494906981454612	(17,17)
-0.1593925610323424039415847002	(17,18)
-0.1593718554940628009434123912	(17,19)
-0.1593506401265385023707940113	(17,20)
-0.1593293576082261912654369991	(17,21)
-0.1593084726962205350176465334	(17,22)
-0.1592884560441204237456767356	(17,23)
-0.1592697683378595885568847205	(17,24)
-0.1592528454480541710653058613	(17,25)
-0.1592380851268395603225208132	(17,26)
-0.1592258355902060119789957454	(17,27)
-0.1592163861497819382847775811	(17,28)
-0.1592099599131821523571256761	(17,29)
-0.159206708474709107886339065	(17,30)
-0.1536248451957708351358645609	(18,1)
-0.1536248297722496038663416696	(18,2)
-0.1536247257679209225470800589	(18,3)
-0.1536243908964846613752771626	(18,4)
-0.1536236216681136262544423679	(18,5)
-0.1536221649402147771501065738	(18,6)
-0.1536197326647046386412700761	(18,7)
-0.1536160192308420366689350382	(18,8)
-0.1536107206239035444094367587	(18,9)
-0.1536035544515303428080694738	(18,10)
-0.1535942797542337716714631224	(18,11)
-0.1535827154393642789934378354	(18,12)
-0.1535687561813499430517448933	(18,13)
-0.153552384730297308162473059	(18,14)
-0.1535336797697175178444172439	(18,15)
-0.1535128187519483007434099615	(18,16)
-0.153490075492719226878046023	(18,17)
-0.1534658126889419140255327275	(18,18)
-0.1534404698944483113461903702	(18,19)
-0.1534145478050907431456621631	(18,20)
-0.1533885899317218495659172128	(18,21)
-0.1533631628533977516059219661	(18,22)
-0.1533388362356098456329796898	(18,23)
-0.1533161636780391695961391368	(18,24)
-0.1532956652468279532351052058	(18,25)
-0.1532778122822173242510186992	(18,26)
-0.1532630147934889508179556691	(18,27)
-0.1532516114985072157751038424	(18,28)
-0.1532438623672463100629821562	(18,29)
-0.153239943408956714520707247	(18,30)
-0.1463438558753462554526612232	(19,1)
-0.1463438382281703959619116626	(19,2)
-0.1463437192297849902697281485	(19,3)
-0.1463433360872935365589958809	(19,4)
-0.1463424560141147905166632855	(19,5)
-0.1463407895185687751393656334	(19,6)
-0.1463380074206659784677519259	(19,7)
-0.1463337609249115782208725606	(19,8)
-0.146327703852415343043731442	(19,9)
-0.1463195159162352053235588776	(19,10)
-0.1463089257413273975226840318	(19,11)
-0.1462957322200601667963337762	(19,12)
-0.1462798227881962068877320699	(19,13)
-0.1462611873266143351229947804	(19,14)
-0.1462399266467985604533116184	(19,15)
-0.1462162548897554000230848529	(19,16)
-0.1461904956255296391546486642	(19,17)
-0.1461630719351097315224311966	(19,18)
-0.1461344912306448370780424708	(19,19)
-0.1461053259660448943625263556	(19,20)
-0.1460761916601219445864351808	(19,21)
-0.1460477237676606009840029324	(19,22)
-0.1460205548816328935664318108	(19,23)
-0.1459952935470634453700982341	(19,24)
-0.1459725056493260079345107399	(19,25)
-0.1459526989570509212887600922	(19,26)
-0.145936311008984643244346562	(19,27)
-0.1459237001894828286638160636	(19,28)
-0.1459151395831335379918921833	(19,29)
-0.145910813063546309618832025	(19,30)
-0.1376308531485761411503371015	(20,1)
-0.1376308347434559618135546088	(20,2)
-0.1376307106349477814005399174	(20,3)
-0.1376303110492498808164852159	(20,4)
-0.1376293932640610931496452793	(20,5)
-0.1376276555784104961798430067	(20,6)
-0.1376247552787487740868513856	(20,7)
-0.1376203299236995423902223385	(20,8)
-0.1376140210052128318093829187	(20,9)
-0.1376054987744814895556900972	(20,10)
-0.1375944867883506175619767221	(20,11)
-0.1375807845831211250451380741	(20,12)
-0.1375642868610875388595279695	(20,13)
-0.1375449977111444166971314144	(20,14)
-0.1375230386873876483657584162	(20,15)
-0.1374986500219408945814945079	(20,16)
-0.1374721848074358487138018768	(20,17)
-0.1374440965869838264256566801	(20,18)
-0.1374149213599860181283138153	(20,19)
-0.137385255476338435518622226	(20,20)
-0.1373557311882950059583966314	(20,21)
-0.1373269917208673309553259034	(20,22)
-0.1372996676004878407478185961	(20,23)
-0.1372743556710633783275571647	(20,24)
-0.1372516017766168577431089976	(20,25)
-0.1372318875688957507187579637	(20,26)
-0.1372156213823388713154295322	(20,27)
-0.1372031326790582639982327094	(20,28)
-0.1371946692599051541899289445	(20,29)
-0.137190396299175168299849895	(20,30)
-0.1275174666357112358735748565	(21,1)
-0.1275174497276471295832058719	(21,2)
-0.1275173357153335330339942612	(21,3)
-0.1275169686514373804875725203	(21,4)
-0.1275161256539258435279889429	(21,5)
-0.1275145299120665587878830892	(21,6)
-0.1275118675320878752538008393	(21,7)
-0.1275078076366074021603973491	(21,8)
-0.1275020248411993554885590729	(21,9)
-0.1274942229206168240198093912	(21,10)
-0.1274841581975443698745051565	(21,11)
-0.1274716609974926283465736006	(21,12)
-0.1274566534698923137081454183	(21,13)
-0.1274391622168009350770095935	(21,14)
-0.1274193245095798039090824133	(21,15)
-0.1273973873905286858999886798	(21,16)
-0.1273736995982791044199432471	(21,17)
-0.1273486969441754224126364352	(21,18)
-0.1273228824094298552295083815	(21,19)
-0.1272968027386552817023383972	(21,20)
-0.127271023601051157626016961	(21,21)
-0.1272461054330624029858305609	(21,22)
-0.1272225818607249222943825487	(21,23)
-0.1272009421598338105159957667	(21,24)
-0.1271816186139689545737831692	(21,25)
-0.1271649789623093568005585633	(21,26)
-0.1271513234865134471969173545	(21,27)
-0.1271408857571351498244631818	(21,28)
-0.1271338357139535719917426038	(21,29)
-0.127130283631779439690008595	(21,30)
-0.1161218192849135927259213132	(22,1)
-0.1161218068727020360463859795	(22,2)
-0.1161217231784595414298771906	(22,3)
-0.1161214537500594100469983106	(22,4)
-0.1161208351329243768134664754	(22,5)
-0.1161196647064555866029628718	(22,6)
-0.1161177136211649208768576331	(22,7)
-0.1161147424676829778157353983	(22,8)
-0.1161105190156976342903700781	(22,9)
-0.1161048370265876249239569662	(22,10)
-0.1160975348278709029603560675	(22,11)
-0.1160885121106927079307850801	(22,12)
-0.1160777433398224829987430122	(22,13)
-0.1160652862968251835091857256	(22,14)
-0.1160512846278456201786108463	(22,15)
-0.1160359638158491711788286587	(22,16)
-0.1160196206826492323956724736	(22,17)
-0.1160026072574017225318889736	(22,18)
-0.1159853105183020328456026524	(22,19)
-0.1159681300186134913625020857	(22,20)
-0.1159514556642309016135764388	(22,21)
-0.1159356478719904326339123338	(22,22)
-0.1159210220054743779760212547	(22,23)
-0.1159078384032295302714868191	(22,24)
-0.1158962985659303632077024951	(22,25)
-0.1158865472607166411765595747	(22,26)
-0.1158786795461550183216002338	(22,27)
-0.1158727511231856662094459416	(22,28)
-0.1158687900545854175606434422	(22,29)
-0.115866807812115314413929106	(22,30)
-0.1036471291798246338001473946	(23,1)
-0.1036471248412056222799881822	(23,2)
-0.1036470955907760638397709709	(23,3)
-0.103647001480184021847781633	(23,4)
-0.103646785701629515386679098	(23,5)
-0.1036463786045425534599339704	(23,6)
-0.1036457033610777493181588082	(23,7)
-0.1036446832743299863455462774	(23,8)
-0.1036432504611617695066586749	(23,9)
-0.1036413553122482705489355848	(23,10)
-0.1036389758006021884085277391	(23,11)
-0.1036361254543021976639951507	(23,12)
-0.1036328587041715281945551747	(23,13)
-0.103629272417546077726279998	(23,14)
-0.1036255027555415648609395725	(23,15)
-0.1036217170211467530826889241	(23,16)
-0.103618100833999213584010703	(23,17)
-0.1036148416760091382041538544	(23,18)
-0.1036121104841628536707350565	(23,19)
-0.1036100434109822181523888843	(23,20)
-0.103608726042551857241343342	(23,21)
-0.1036081822139546620648537268	(23,22)
-0.1036083690983062074628698616	(23,23)
-0.1036091795244265750225928108	(23,24)
-0.1036104515962891368540285219	(23,25)
-0.103611984766138754184164268	(23,26)
-0.1036135606793856736568301147	(23,27)
-0.1036149664764069935685684582	(23,28)
-0.103616017888593449924837517	(23,29)
-0.103616579448502470503913312	(23,30)
-0.0903732451724434494361860762	(24,1)
-0.0903732527684843296656537266	(24,2)
-0.0903733039980158402499960127	(24,3)
-0.0903734690370440371643125811	(24,4)
-0.0903738486719844376606338933	(24,5)
-0.0903745696166155260480879012	(24,6)
-0.0903757792371542801950031139	(24,7)
-0.0903776401951765488056420405	(24,8)
-0.0903803253289567455944479064	(24,9)
-0.0903840128076953795413395744	(24,10)
-0.0903888812756999158573033059	(24,11)
-0.0903951044351220651198057114	(24,12)
-0.0904028443746573890157799544	(24,13)
-0.0904122429963757443496727387	(24,14)
-0.0904234111474639134668187561	(24,15)
-0.0904364155082412676469417325	(24,16)
-0.0904512638585451239268989931	(24,17)
-0.0904678899431519626496297876	(24,18)
-0.0904861396679562094778622214	(24,19)
-0.0905057606718428428663436634	(24,20)
-0.0905263973511525343501009519	(24,21)
-0.0905475931248862503699232172	(24,22)
-0.0905688011324633483795200991	(24,23)
-0.0905894037164012803071586942	(24,24)
-0.0906087400650702532525046309	(24,25)
-0.0906261404048064299046837685	(24,26)
-0.0906409642688643686982506007	(24,27)
-0.0906526397497700776731080954	(24,28)
-0.0906607003466799414199667247	(24,29)
-0.0906648160934544954153803855	(24,30)
-0.07664333619101021821458204434	(25,1)
-0.07664335943329655927920937788	(25,2)
-0.07664351617078055815233234696	(25,3)
-0.07664402094321947692194424619	(25,4)
-0.07664518109416930928717435503	(25,5)
-0.07664738059838273814589174418	(25,6)
-0.07665106027756584095771729127	(25,7)
-0.07665669557283119436661248187	(25,8)
-0.0766647729721390622298386119	(25,9)
-0.07667576599287484045474083757	(25,10)
-0.07669011135307358066378735351	(25,11)
-0.07670818570495108905346689589	(25,12)
-0.07673028312653463766258864704	(25,13)
-0.07675659352941182269532712667	(25,14)
-0.07678718226930776879062900801	(25,15)
-0.07682197152725276769090386966	(25,16)
-0.07686072440758822320058532624	(25,17)
-0.07690303308801837247875813628	(25,18)
-0.07694831265382685410141684247	(25,19)
-0.07699580235593847842871367002	(25,20)
-0.07704457587921867179052834756	(25,21)
-0.07709356176347226820626667458	(25,22)
-0.07714157440483253293979048404	(25,23)
-0.07718735514749741536527292153	(25,24)
-0.07722962196079546041257982707	(25,25)
-0.07726712521142033540001193738	(25,26)
-0.07729870621442012535247061602	(25,27)
-0.07732335469148283655523721723	(25,28)
-0.0773402610615715736248271218	(25,29)
-0.0773488596755162172349123357	(25,30)
-0.06284808324075677074802521905	(26,1)
-0.06284812512014583285176531646	(26,2)
-0.0628484075333786495718181277	(26,3)
-0.06284931697235620224682607871	(26,4)
-0.0628514067800175787669983168	(26,5)
-0.06285536721728946674272959406	(26,6)
-0.06286198824865394920994689299	(26,7)
-0.06287211698374253224984283263	(26,8)
-0.062886611805236198285233994	(26,9)
-0.06290629514795743399058671347	(26,10)
-0.06293190671678026052299420315	(26,11)
-0.06296405870392698122172786345	(26,12)
-0.06300319435377343465632662875	(26,13)
-0.06304955107776351965127151734	(26,14)
-0.0631031292711661437461277817	(26,15)
-0.06316366802270001773171319606	(26,16)
-0.06323062900009861221516378314	(26,17)
-0.06330318987603125569383932894	(26,18)
-0.06338024865318217167278716097	(26,19)
-0.06346044008258903326155067452	(26,20)
-0.06354216499448122599590283615	(26,21)
-0.06362363275906082327384607389	(26,22)
-0.06370291629023575788413604172	(26,23)
-0.0637780180626351869488839571	(26,24)
-0.06384694462746219487648722179	(26,25)
-0.06390778619994152138439437079	(26,26)
-0.0639587971656558264672751917	(26,27)
-0.0639984729150403579841479774	(26,28)
-0.0640256183356887080695617629	(26,29)
-0.0640394036032624226511257865	(26,30)
-0.04940929997230949197390847326	(27,1)
-0.04940936205453021258405097459	(27,2)
-0.04940978070125384243833145786	(27,3)
-0.04941112879655680679736685966	(27,4)
-0.04941422631608437245001788914	(27,5)
-0.04942009541839910479522235419	(27,6)
-0.04942990421932109243242334483	(27,7)
-0.04944490200824854509939366744	(27,8)
-0.0494663489517602556021732568	(27,9)
-0.0494954434306658484947402649	(27,10)
-0.04953325009933083545263731691	(27,11)
-0.04958063158237544193490398582	(27,12)
-0.04963818648069886412686921325	(27,13)
-0.04970619608816482745682756265	(27,14)
-0.0497845819502352946135283951	(27,15)
-0.04987287613475139741451832011	(27,16)
-0.04997020582045991943672104881	(27,17)
-0.05007529351112311139799144059	(27,18)
-0.05018647381330911094480716991	(27,19)
-0.05030172723697349381507297824	(27,20)
-0.0504187308652484002040621159	(27,21)
-0.05053492499121923657841259519	(27,22)
-0.0506475939604746267018952518	(27,23)
-0.05075395854280298487748479091	(27,24)
-0.05085127626211160024574031942	(27,25)
-0.05093694533227541477524733628	(27,26)
-0.0510086072719616995724667007	(27,27)
-0.0510642429859590398261296918	(27,28)
-0.0511022571630544843176835333	(27,29)
-0.05112154627713083990801436	(27,30)
-0.03676426347845995906334698801	(28,1)
-0.03676434508011510415954632798	(28,2)
-0.0367648953517718795275597427	(28,3)
-0.0367666672618369511578870232	(28,4)
-0.03677073838352188019912126652	(28,5)
-0.03677845148921561170262743422	(28,6)
-0.03679133990152606011365483862	(28,7)
-0.03681104114810089991234593018	(28,8)
-0.03683920294857076030301323572	(28,9)
-0.03687738583410322958162140591	(28,10)
-0.03692696676952651200221941316	(28,11)
-0.03698904803416050293500097952	(28,12)
-0.03706437534773247626777492528	(28,13)
-0.03715326883203473574109655747	(28,14)
-0.03725556990512454172043044473	(28,15)
-0.03737060663499799388305165717	(28,16)
-0.03749717944837985948986930201	(28,17)
-0.03763356840469951233920458486	(28,18)
-0.0377775625071721360006154117	(28,19)
-0.03792651073216719606693286871	(28,20)
-0.03807739361793426362050249831	(28,21)
-0.03822691337599309938668803722	(28,22)
-0.03837159959785336032837754172	(28,23)
-0.03850792676657786235514592794	(28,24)
-0.03863243900250695246366168859	(28,25)
-0.03874187684169021083652041533	(28,26)
-0.0388333004342233315867228228	(28,27)
-0.0389042034214437962515985193	(28,28)
-0.0389526119526134317003972044	(28,29)
-0.038977163853955460612745492	(28,30)
-0.02535142613151967793376777732	(29,1)
-0.02535152339970840877020521195	(29,2)
-0.02535217931540137451107130488	(29,3)
-0.0253542913884729288745606672	(29,4)
-0.02535914396348277629163695602	(29,5)
-0.02536833721471675121128888292	(29,6)
-0.02538369778167808823014667983	(29,7)
-0.02540717523184761695650272094	(29,8)
-0.02544072916464923819787750682	(29,9)
-0.02548621216619264276464520846	(29,10)
-0.02554525398134654178262070947	(29,11)
-0.02561915219328867846835680447	(29,12)
-0.02570877440623353840418559899	(29,13)
-0.02581447643747657215251581319	(29,14)
-0.02593604036830574076902732717	(29,15)
-0.02607263551074479405410204162	(29,16)
-0.0262228044503900932920071916	(29,17)
-0.02638447535566180467728380075	(29,18)
-0.02655500072911828852850802728	(29,19)
-0.02673122174277252553199818495	(29,20)
-0.02690955627035078801854107399	(29,21)
-0.02708610772921726831601394592	(29,22)
-0.02725679090085534248788554772	(29,23)
-0.02741747004562513408439168971	(29,24)
-0.02756410390771535109510467856	(29,25)
-0.02769289167003763898626685289	(29,26)
-0.0278004136199407889482311093	(29,27)
-0.0278837602749441559996770924	(29,28)
-0.0279406440303220458601994175	(29,29)
-0.027969488042702091136895482	(29,30)
-0.01559773009696387447099929198	(30,1)
-0.01559783502597002897639379597	(30,2)
-0.01559854260218099519272144818	(30,3)
-0.01560082103313232432114300761	(30,4)
-0.01560605587468025152595441741	(30,5)
-0.01561597353371449808957905797	(30,6)
-0.01563254506200047375885296733	(30,7)
-0.01565787477609509282052457945	(30,8)
-0.01569407888389241459908105103	(30,9)
-0.01574315968445013616630496481	(30,10)
-0.01580688103629087931491549958	(30,11)
-0.01588665067833934931211946153	(30,12)
-0.0159834146654240432181557391	(30,13)
-0.01609756867909417256454850795	(30,14)
-0.01622889032457430857544819537	(30,15)
-0.01637649575025679942355482399	(30,16)
-0.01653882304466607872438030991	(30,17)
-0.01671364389017999910722695252	(30,18)
-0.0168981038956172079152677556	(30,19)
-0.01708879090855568919488022046	(30,20)
-0.01728182944924801935410022014	(30,21)
-0.01747299824846400625326407512	(30,22)
-0.01765786675946562443123764629	(30,23)
-0.01783194550620797785151110571	(30,24)
-0.01799084428762389236174141204	(30,25)
-0.01813043164419665854249766491	(30,26)
-0.01824698866617836312004157798	(30,27)
-0.0183373502302974380904665046	(30,28)
-0.018399027123723064356293516	(30,29)
-0.018430303256728959721667245	(30,30)
-0.00790748283289713650907027656	(31,1)
-0.00790758226118648992950171599	(31,2)
-0.00790825274886698290918412618	(31,3)
-0.00791041181081214570800538934	(31,4)
-0.00791537272910225571280168503	(31,5)
-0.00792477270489186110456812085	(31,6)
-0.00794048295512648234578744369	(31,7)
-0.00796450517687302689446628227	(31,8)
-0.00799885922584632227732504662	(31,9)
-0.00804546697287786982002334928	(31,10)
-0.00810603717060454861044453004	(31,11)
-0.00818195586938068698533790796	(31,12)
-0.00827418656042349108161389206	(31,13)
-0.00838318387143172179551959926	(31,14)
-0.00850882433082162693167276074	(31,15)
-0.00865035743451336864180423165	(31,16)
-0.00880637992890930011994830984	(31,17)
-0.0089748357722940540401693212	(31,18)
-0.00915304356378515534771786096	(31,19)
-0.00933775227733332499269998039	(31,20)
-0.00952522490693143303830632062	(31,21)
-0.00971134817878366193604834684	(31,22)
-0.00989176492909493136667750307	(31,23)
-0.01006202422506805312691418442	(31,24)
-0.01021774296952734203197145243	(31,25)
-0.01035477170747923338867766641	(31,26)
-0.01046935674557900286356330077	(31,27)
-0.0105582905641271997066506147	(31,28)
-0.0106190428674456849703916825	(31,29)
-0.010649865466367159156490147	(31,30)
-0.00265264050094878846074099701	(32,1)
-0.00265271514013532549714644742	(32,2)
-0.00265321847753143612598296357	(32,3)
-0.00265483944994080221806613785	(32,4)
-0.00265856489793961613832950071	(32,5)
-0.00266562736477385186581689954	(32,6)
-0.00267744102561025254158855909	(32,7)
-0.00269552940772522777211807511	(32,8)
-0.00272144836994199082137066028	(32,9)
-0.00275670722229746935678417964	(32,10)
-0.00280269008079501916613614789	(32,11)
-0.00286057882213062651226009508	(32,12)
-0.00293127858268339732247680158	(32,13)
-0.00301534681478499908601042154	(32,14)
-0.00311292751570623446923467268	(32,15)
-0.00322369325918935327256824572	(32,16)
-0.00334679881472038286272136787	(32,17)
-0.00348085108048835941253284934	(32,18)
-0.00362390043689872575634635532	(32,19)
-0.0037734582089821415397127271	(32,20)
-0.00392654363871662617678320064	(32,21)
-0.00407976172797359017639880694	(32,22)
-0.00422941078515174695147297426	(32,23)
-0.00437161584012005968094841282	(32,24)
-0.00450248163283520696332734041	(32,25)
-0.00461825692115258070399283989	(32,26)
-0.00471550058729801756812925229	(32,27)
-0.0047912395409117775925713057	(32,28)
-0.0048431087194109085489582076	(32,29)
-0.004869464505599330239111034	(32,30)
-0.00016433435819890577556514158	(33,1)
-0.00016435791186670762474959108	(33,2)
-0.00016451678341208412795219043	(33,3)
-0.00016502883342442421350522911	(33,4)
-0.00016620804961500530357712599	(33,5)
-0.00016845262124898579857546827	(33,6)
-0.00017223368264650896304512119	(33,7)
-0.00017808676986397850012993965	(33,8)
-0.00018660663104278237177422399	(33,9)
-0.00019844406962486617697733932	(33,10)
-0.00021430144603478922111423254	(33,11)
-0.0002349218999220141201214123	(33,12)
-0.00026106684404956797508054077	(33,13)
-0.00029347720196457296596079418	(33,14)
-0.00033281627019299160551315806	(33,15)
-0.00037959564672781592099881904	(33,16)
-0.00043408969981351235464727253	(33,17)
-0.00049624768292396166959399873	(33,18)
-0.00056561499575624729478472647	(33,19)
-0.00064127566416398625063309817	(33,20)
-0.00072182668110604198028935569	(33,21)
-0.00080539165826600535769877631	(33,22)
-0.00088967686051290308025652268	(33,23)
-0.00097206787727332698707739551	(33,24)
-0.00104976065846506505107725149	(33,25)
-0.00111991698764830791626796481	(33,26)
-0.00117983203660818160969576473	(33,27)
-0.00122710057050257107301154134	(33,28)
-0.001259768593886798010519164	(33,29)
-0.0012764585693487743827570977	(33,30)
-0.00072551508897792633092770759	(34,1)
-0.00072545352265060224021554728	(34,2)
-0.00072503843720789859449174766	(34,3)
-0.00072370278451414120109910265	(34,4)
-0.00072063948689359250070770384	(34,5)
-0.00071485672358064487274357403	(34,6)
-0.00070525487635883394701109703	(34,7)
-0.000690724496740665930336496	(34,8)
-0.00067026119450425267288063869	(34,9)
-0.00064308904483476420781477345	(34,10)
-0.00060877989828340173191703446	(34,11)
-0.00056735300326111365387271536	(34,12)
-0.00051933871160991454551837216	(34,13)
-0.00046579245425386656363538362	(34,14)
-0.00040825070964532191016651802	(34,15)
-0.00034862862179457371022041162	(34,16)
-0.00028906785014371724365384807	(34,17)
-0.00023175137986268703528191273	(34,18)
-0.0001787077100625836970806458	(34,19)
-0.00013162892315673463811841514	(34,20)
-0.00009172528517353264566567247	(34,21)
-0.0000596337394317930129184333	(34,22)
-0.00003539007815129513033241845	(34,23)
-0.00001846614594217282856277155	(34,24)
-7.86551856227118612753641e-6	(34,25)
-2.26475095082955570090675e-6	(34,26)
-1.8308697986363528426964e-7	(34,27)
-1.6161695924235453260586e-7	(34,28)
-9.3307279380591553739045e-7	(34,29)
-1.56538877349085603443388e-6	(34,30)
-0.0045646473485410065355085935	(35,1)
-0.0045644583722291700235228175	(35,2)
-0.0045631841748760645945932525	(35,3)
-0.0045590828732783871413418315	(35,4)
-0.0045496695638557805149513234	(35,5)
-0.004531872594302831818035882	(35,6)
-0.0045022432766477754673622483	(35,7)
-0.0044572144483457661676053862	(35,8)
-0.0043933966132262432995913738	(35,9)
-0.0043078924176794886853895666	(35,10)
-0.0041986026098573693282129984	(35,11)
-0.0040644914475583925362837204	(35,12)
-0.003905778715773657386811038	(35,13)
-0.0037240303459230116459682701	(35,14)
-0.0035221301532218490442738083	(35,15)
-0.0033041300595860771658766513	(35,16)
-0.0030749927513357035262687502	(35,17)
-0.0028402558147865564386806814	(35,18)
-0.0026056569969682284048261847	(35,19)
-0.0023767643625492831107173755	(35,20)
-0.00215865225877363503783869597	(35,21)
-0.00195565515942377437493731772	(35,22)
-0.00177121873621147494710201952	(35,23)
-0.00160785345446421841068664503	(35,24)
-0.00146718296999242903399485164	(35,25)
-0.00135006932743007751171436734	(35,26)
-0.00125679030716175316786131185	(35,27)
-0.0011872413511829359242000961	(35,28)
-0.0011411348837145799697835232	(35,29)
-0.001118172815459129017409728	(35,30)
-0.011850440992684043459617333	(36,1)
-0.0118500738140558829120531668	(36,2)
-0.0118475980227640272965186645	(36,3)
-0.0118396286177257189529207511	(36,4)
-0.0118213343859899397917378134	(36,5)
-0.0117867360979157365595101808	(36,6)
-0.0117291032470110995729901339	(36,7)
-0.0116414393146447325306501268	(36,8)
-0.0115170341410212832034936062	(36,9)
-0.0113500485686200449322396399	(36,10)
-0.0111360838805608154319316198	(36,11)
-0.0108726801149014016419536374	(36,12)
-0.0105596863414393366759335861	(36,13)
-0.0101994545000210157420434986	(36,14)
-0.0097968264364431563161751482	(36,15)
-0.0093589089449046797967466685	(36,16)
-0.0088946594994942156316005119	(36,17)
-0.0084143305100137681835459211	(36,18)
-0.0079288374051898600799606023	(36,19)
-0.0074491224525693245606619527	(36,20)
-0.0069855813371260848344689909	(36,21)
-0.0065476050078242920007539476	(36,22)
-0.0061432687781784574978730117	(36,23)
-0.0057791783736838613288626547	(36,24)
-0.0054604623449565201326873165	(36,25)
-0.0051908846295772670957268871	(36,26)
-0.0049730412551683814833004892	(36,27)
-0.0048086011953728918604163342	(36,28)
-0.0046985523477539513266217023	(36,29)
-0.004643418250925016713088518	(36,30)
-0.022687646615307684077658195	(37,1)
-0.0226870420145538117904185171	(37,2)
-0.0226829653260653347275115263	(37,3)
-0.0226698424958908740348824887	(37,4)
-0.0226397168601203240650291527	(37,5)
-0.0225827374465368941004183068	(37,6)
-0.0224878068874774679716527048	(37,7)
-0.0223433718519491126994112605	(37,8)
-0.0221383208642506836554590219	(37,9)
-0.0218629332633963819190210981	(37,10)
-0.0215098032721905425315797147	(37,11)
-0.0210746501071728517202631985	(37,12)
-0.0205569238841349136156290581	(37,13)
-0.0199601309581136286322352722	(37,14)
-0.0192918311947609522960722887	(37,15)
-0.0185632995670798761215449239	(37,16)
-0.0177888882519761438714045343	(37,17)
-0.0169851644447001101056280089	(37,18)
-0.0161699256763170542394149244	(37,19)
-0.0153612037586356682151252615	(37,20)
-0.014576359955040228597802792	(37,21)
-0.0138313508689655595427264999	(37,22)
-0.0131402127508596213704414163	(37,23)
-0.0125147781182874553333747379	(37,24)
-0.0119646085126183489100573699	(37,25)
-0.0114971046514972435907565994	(37,26)
-0.0111177416950795806953891525	(37,27)
-0.0108303724455651859198154554	(37,28)
-0.0106375434663717064431195556	(37,29)
-0.010540776303888168794191293	(37,30)
-0.037113968001846084197079758	(38,1)
-0.037113058768880840126644524	(38,2)
-0.037106928007747962312436926	(38,3)
-0.037087193069392021108533752	(38,4)
-0.037041887873118683324789944	(38,5)
-0.03695619653015809764797	(38,6)
-0.036813426268763669169787172	(38,7)
-0.036596193706833696514224675	(38,8)
-0.036287771472449229481551661	(38,9)
-0.035873510557997218097701132	(38,10)
-0.035342224250317999641036389	(38,11)
-0.034687400203332525562181034	(38,12)
-0.033908105925259026664351081	(38,13)
-0.033009474398268586916935174	(38,14)
-0.032002700432480234410863214	(38,15)
-0.0309045384931881865491526897	(38,16)
-0.0297363581004749991810349824	(38,17)
-0.0285228703931038724871203826	(38,18)
-0.0272906775635986441732267898	(38,19)
-0.0260668088659141382699061539	(38,20)
-0.0248773923791072766729649466	(38,21)
-0.0237465761567998271324499294	(38,22)
-0.0226957649862760003623085315	(38,23)
-0.0217431897394620992655503711	(38,24)
-0.0209037835444743611569472929	(38,25)
-0.0201893078957976689125304261	(38,26)
-0.0196086540807606595603892393	(38,27)
-0.0191682399070853821625398034	(38,28)
-0.018872426026229131862897706	(38,29)
-0.018723887017217112321455848	(38,30)
-0.055098153609241647489351532	(39,1)
-0.05509686537033033423426262	(39,2)
-0.055088179063686221337751408	(39,3)
-0.055060217929810231091771481	(39,4)
-0.054996028633958294844800128	(39,5)
-0.054874621922211365552155209	(39,6)
-0.054672353458480818997209853	(39,7)
-0.054364608131501627145640161	(39,8)
-0.053927712238265599019459296	(39,9)
-0.053340952451115568367134016	(39,10)
-0.052588538018844437434785544	(39,11)
-0.051661315183187888991475553	(39,12)
-0.050558041530672651904990694	(39,13)
-0.049286059765287946479522588	(39,14)
-0.047861274491564993582828131	(39,15)
-0.046307422685564762957154384	(39,16)
-0.044654722236429025959287357	(39,17)
-0.042938064130435490077708324	(39,18)
-0.041194966066277198158786005	(39,19)
-0.039463519384939037383703368	(39,20)
-0.037780537447613576902903632	(39,21)
-0.036180060713999159407497888	(39,22)
-0.034692305499525605565768427	(39,23)
-0.033343074184321717825725214	(39,24)
-0.032153586076058749175318958	(39,25)
-0.031140646914330885925880442	(39,26)
-0.030317052879609798748731555	(39,27)
-0.029692119851819762778065443	(39,28)
-0.029272236381328398660621028	(39,29)
-0.029061354759013984717806003	(39,30)
-0.076539325613890314900252267	(40,1)
-0.0765375780586373276033529	(40,2)
-0.07652579471033137157013773	(40,3)
-0.076487864533463374540546031	(40,4)
-0.076400791438860354439317228	(40,5)
-0.076236109293844059567607708	(40,6)
-0.075961761523436918631474758	(40,7)
-0.075544395880888341361683084	(40,8)
-0.074951970939130808930071554	(40,9)
-0.07415650749942203475586114	(40,10)
-0.073136759041057602555025108	(40,11)
-0.071880537416382807085637999	(40,12)
-0.070386429037257444308322585	(40,13)
-0.068664682265732502316108709	(40,14)
-0.066737137287231141111970979	(40,15)
-0.064636191722935751861004101	(40,16)
-0.062402925125077704962203673	(40,17)
-0.060084616235358964132130532	(40,18)
-0.057731955727287051738467648	(40,19)
-0.055396272165491852314361275	(40,20)
-0.053127051689282644970731645	(40,21)
-0.05096995576169788068004532	(40,22)
-0.048965446054943147907514628	(40,23)
-0.047148031331242074834511381	(40,24)
-0.045546073530798078143055021	(40,25)
-0.044182037585484537604444911	(40,26)
-0.043073043140290900967399263	(40,27)
-0.042231572691001593631344747	(40,28)
-0.0416662033828836759311289	(40,29)
-0.04138225231382887728353685	(40,30)
-0.101267591365177674125727263	(41,1)
-0.101265299866748152737007895	(41,2)
-0.101249848882687431440634863	(41,3)
-0.101200113230282075029188877	(41,4)
-0.10108594226513070872754409	(41,5)
-0.100870020939778964741291009	(41,6)
-0.100510345373430131560293624	(41,7)
-0.099963248838523110240607102	(41,8)
-0.099186841135682046969964253	(41,9)
-0.098144638576019452438383255	(41,10)
-0.096809081876469315459130419	(41,11)
-0.095164588370763751897255254	(41,12)
-0.093209784707762809045617837	(41,13)
-0.090958629412328761642016854	(41,14)
-0.088440259011265556964762836	(41,15)
-0.085697557434347507978640621	(41,16)
-0.082784623293001477316306492	(41,17)
-0.079763456241144316636635243	(41,18)
-0.076700271419127109288939466	(41,19)
-0.07366186496525676880208909	(41,20)
-0.070712397556841485028467751	(41,21)
-0.067910856470057137187407776	(41,22)
-0.065309327467985926032453865	(41,23)
-0.062952083193488112112890009	(41,24)
-0.060875394785040924528070658	(41,25)
-0.059107908194173390993455636	(41,26)
-0.057671396743057552012458547	(41,27)
-0.056581700831795485152667243	(41,28)
-0.055849685407323473220465153	(41,29)
-0.05548207690613264561054073	(41,30)
-0.129045961092408240225464483	(42,1)
-0.129043038694722388984704926	(42,2)
-0.129023333782255683397681577	(42,3)
-0.128959905771272132131681663	(42,4)
-0.128814307525570624979521223	(42,5)
-0.128538966947869611427419307	(42,6)
-0.12808035998595181986124153	(42,7)
-0.127382894371595136875315016	(42,8)
-0.126393327394489443901537205	(42,9)
-0.125065427807337559473562286	(42,10)
-0.123364486510468178942915187	(42,11)
-0.121271214018430105769055854	(42,12)
-0.118784563815006219097664156	(42,13)
-0.115923106332550082587951407	(42,14)
-0.112724744692354780652804603	(42,15)
-0.109244783612828791347812251	(42,16)
-0.105552592444693974956370136	(42,17)
-0.101727292362330825949886508	(42,18)
-0.097853006467595425555242805	(42,19)
-0.09401422170167764651964718	(42,20)
-0.090291730232248240324873501	(42,21)
-0.086759473203517502140752718	(42,22)
-0.083482439106305462676454512	(42,23)
-0.080515608366916592148283854	(42,24)
-0.077903810438088653721432824	(42,25)
-0.075682281242561372457112613	(42,26)
-0.073877676374648082566460005	(42,27)
-0.072509299911581302810354403	(42,28)
-0.071590337603148040840553196	(42,29)
-0.07112892478945480622258241	(42,30)
-0.159573569940182470304050146	(43,1)
-0.159569929666556832603840764	(43,2)
-0.159545384400855299324810652	(43,3)
-0.159466376802574418872105623	(43,4)
-0.159285021533242138334719959	(43,5)
-0.158942082754025233366879189	(43,6)
-0.158370947753615922203163298	(43,7)
-0.157502497623221738922306996	(43,8)
-0.156270652290639237904671811	(43,9)
-0.154618221086861580590789881	(43,10)
-0.152502553965659962331939999	(43,11)
-0.149900403190357727094744202	(43,12)
-0.146811408555417579594471925	(43,13)
-0.143259732566134106348373748	(43,14)
-0.139293589679230295723739675	(43,15)
-0.134982699380931927444408789	(43,16)
-0.130413987347519755974355565	(43,17)
-0.125686097134997446159278428	(43,18)
-0.12090340595792498110485334	(43,19)
-0.116170240671193531078015462	(43,20)
-0.111585876201494469116155898	(43,21)
-0.107240706775060589149083518	(43,22)
-0.103213760256624620036506365	(43,23)
-0.099571523650299461674484928	(43,24)
-0.096367894448229833154609581	(43,25)
-0.093644980752879683512280371	(43,26)
-0.091434439756736633362137305	(43,27)
-0.089759056112878688475887559	(43,28)
-0.088634302347198317860632615	(43,29)
-0.08806967758814757814014163	(43,30)
-0.192490173945607120389581057	(44,1)
-0.192485731364915996956409125	(44,2)
-0.192455776491254893787583205	(44,3)
-0.192359357418035732568752798	(44,4)
-0.192138042834178865940355792	(44,5)
-0.191719569517230202737128741	(44,6)
-0.191022718537542353658153362	(44,7)
-0.189963301032168919472618561	(44,8)
-0.188460978480906487512312589	(44,9)
-0.186446457576527961124418908	(44,10)
-0.183868427803488848756903192	(44,11)
-0.180699502884365845170849877	(44,12)
-0.176940433688452640340267615	(44,13)
-0.172622007099732543582575615	(44,14)
-0.167804324203409733903201938	(44,15)
-0.162573514002742991441531075	(44,16)
-0.15703630882183164789309637	(44,17)
-0.151313201356000982383707555	(44,18)
-0.145531057626283150356514021	(44,19)
-0.139816050403213128517564786	(44,20)
-0.134287622852489229173734003	(44,21)
-0.129053943752926804255887734	(44,22)
-0.124209038116544371616722538	(44,23)
-0.119831527847825461008249346	(44,24)
-0.115984733477773786554013735	(44,25)
-0.112717783358416423458556644	(44,26)
-0.110067344562717781549681937	(44,27)
-0.108059611943909769212375913	(44,28)
-0.106712246763391112511065528	(44,29)
-0.10603602502976078888608208	(44,30)
-0.22738186013075312044179836	(45,1)
-0.22737653610064333977060577	(45,2)
-0.22734063802999581356841252	(45,3)
-0.22722509045715367100448273	(45,4)
-0.22695987827405478226413547	(45,5)
-0.22645843463645333644011302	(45,6)
-0.22562351719998708733720524	(45,7)
-0.22435443203403113461249552	(45,8)
-0.22255527150033320521251172	(45,9)
-0.22014360295304534793812112	(45,10)
-0.2170588318085722368060111	(45,11)
-0.21326933097376510515495586	(45,12)
-0.20877743948263972409133884	(45,13)
-0.20362161984011964854761362	(45,14)
-0.19787541394324142737006735	(45,15)
-0.191643289532642765870769997	(45,16)
-0.185053925050566756666225069	(45,17)
-0.178251836206360276308768969	(45,18)
-0.171388425057823637897883988	(45,19)
-0.164613504986045391148265091	(45,20)
-0.15806815024045719185585157	(45,21)
-0.151879404196839318756368889	(45,22)
-0.14615703754913226635240004	(45,23)
-0.140992246705884498367646189	(45,24)
-0.13645796726730306217244323	(45,25)
-0.132610360944902198606073984	(45,26)
-0.129491005873441183721861347	(45,27)
-0.127129355716192960572418125	(45,28)
-0.125545104939188763459451341	(45,29)
-0.12475018295020030137889918	(45,30)
-0.26378788184983727538162375	(46,1)
-0.26378160534279494236858254	(46,2)
-0.26373928520557679478503039	(46,3)
-0.26360306828401557485670443	(46,4)
-0.26329042485389184986500171	(46,5)
-0.26269934118701521622057097	(46,6)
-0.2617152852934164219073971	(46,7)
-0.26021978249250746443357009	(46,8)
-0.25810020252814467067442179	(46,9)
-0.25526008012203150040332585	(46,10)
-0.2516290309233612960083703	(46,11)
-0.24717116583910928090508728	(46,12)
-0.24189092344957097546953006	(46,13)
-0.2358354729864879887307745	(46,14)
-0.22909327263296873861706294	(46,15)
-0.2217889211102602654925496	(46,16)
-0.21407499246250605905476097	(46,17)
-0.20612196628456952939370434	(46,18)
-0.19810756557144678930227095	(46,19)
-0.190206763033218976647225072	(46,20)
-0.182583452875143130675652519	(46,21)
-0.175384394878527624182440814	(46,22)
-0.16873562189439502890679171	(46,23)
-0.162741145043112743128197743	(46,24)
-0.157483542886248989038148569	(46,25)
-0.153025894045392468188154185	(46,26)
-0.14941449091277969089642959	(46,27)
-0.146681823873214114402823541	(46,28)
-0.144849417057461248321693866	(46,29)
-0.14393020035704531986697641	(46,30)
-0.30120850302056023900046364	(47,1)
-0.30120121392853592083151047	(47,2)
-0.30115206648333061566625894	(47,3)
-0.30099387638010766884561907	(47,4)
-0.30063081220888434936055651	(47,5)
-0.29994444817734079990876108	(47,6)
-0.29880189728205479160500873	(47,7)
-0.29706583798781024754442972	(47,8)
-0.29460596620371645216254753	(47,9)
-0.29131106865760418967581713	(47,10)
-0.28710060223307132740131238	(47,11)
-0.28193447490644261168956705	(47,12)
-0.27581974807236514417922535	(47,13)
-0.26881326525576783371546381	(47,14)
-0.26101973645381955654963504	(47,15)
-0.25258547292375013185096398	(47,16)
-0.24368862434995689404876882	(47,17)
-0.23452726388587421217004972	(47,18)
-0.22530688732816230123831372	(47,19)
-0.21622881085361952178142027	(47,20)
-0.20748061958947706207466375	(47,21)
-0.19922934455071815029701401	(47,22)
-0.191617550404422919129126906	(47,23)
-0.184762100634133852298218436	(47,24)
-0.178755085940797681159818668	(47,25)
-0.173666266720941554196654464	(47,26)
-0.169546368259777678120763712	(47,27)
-0.166430638405503714579194047	(47,28)
-0.16434219112452342573467784	(47,29)
-0.16329478297953113859285252	(47,30)
-0.33911370978484693131492277	(48,1)
-0.33910536159237605170855568	(48,2)
-0.33904907324760439790987523	(48,3)
-0.3388679011269602668326229	(48,4)
-0.33845210380281217897952978	(48,5)
-0.33766609919245020115378481	(48,6)
-0.33635782801488368551973617	(48,7)
-0.33437031246138175823959328	(48,8)
-0.3315548674025951164269206	(48,9)
-0.32778502500258847284325227	(48,10)
-0.32296986605875947879436331	(48,11)
-0.31706523035632088064339524	(48,12)
-0.3100813115538606314151514	(48,13)
-0.30208548571647862380987047	(48,14)
-0.29319984806200236659724835	(48,15)
-0.28359372048472460084474663	(48,16)
-0.27347216252468456144329	(48,17)
-0.26306208637398731265273901	(48,18)
-0.25259781576473902238171454	(48,19)
-0.24230780956790384838527089	(48,20)
-0.23240386181859608219115029	(48,21)
-0.22307352262801384526573841	(48,22)
-0.21447590464710417780075844	(48,23)
-0.20674056265931631391496016	(48,24)
-0.19996882111231637362751012	(48,25)
-0.19423678364309098332095332	(48,26)
-0.18959925914704210610810079	(48,27)
-0.18609393224590639886318186	(48,28)
-0.18374524375961337117399671	(48,29)
-0.18256759156965507188167039	(48,30)
-0.37695262621015916855106438	(49,1)
-0.3769431884249480809545708	(49,2)
-0.37687955362496636583484895	(49,3)
-0.37667473836190306058675081	(49,4)
-0.37620469337675055468850239	(49,5)
-0.37531619588762798243926994	(49,6)
-0.37383748781420513603536873	(49,7)
-0.37159142449181509207611018	(49,8)
-0.36841051324727116347195857	(49,9)
-0.36415275993243608649722471	(49,10)
-0.35871681432734389669515266	(49,11)
-0.35205465054774914782960855	(49,12)
-0.34418006252595800921488951	(49,13)
-0.33517166190247373759415462	(49,14)
-0.32516980024402604070234186	(49,15)
-0.31436775626298034417924412	(49,16)
-0.30299841785992808007729363	(49,17)
-0.29131833287609888840118014	(49,18)
-0.27959125724128431131384627	(49,19)
-0.2680731665703185558047524	(49,20)
-0.25700020356723560097924843	(49,21)
-0.24658036731274760101434145	(49,22)
-0.23698908208920355117120295	(49,23)
-0.22836824414877465595815972	(49,24)
-0.22082800141455847768045919	(49,25)
-0.21445037725776590097590649	(49,26)
-0.20929386561124719987917155	(49,27)
-0.20539824261376270241772359	(49,28)
-0.20278900349513308632573336	(49,29)
-0.20148100014636915239781821	(49,30)
-0.41416345243179123969596671	(50,1)
-0.41415291266582620601275015	(50,2)
-0.41408184792052032797898849	(50,3)
-0.41385312122813091731611079	(50,4)
-0.41332821537974901488801633	(50,5)
-0.41233607545761096933532107	(50,6)
-0.41068504498823490031330692	(50,7)
-0.40817763609849992494807111	(50,8)
-0.40462743289275906363425747	(50,9)
-0.39987689820732701317940236	(50,10)
-0.39381436448573880053194304	(50,11)
-0.38638819996073186208892282	(50,12)
-0.3776161974807653682477571	(50,13)
-0.36758870852435685839566323	(50,14)
-0.35646489476540734364602476	(50,15)
-0.344462525153535037964376	(50,16)
-0.33184275858045244009191793	(50,17)
-0.31889207272361994843007742	(50,18)
-0.30590376663715426923486206	(50,19)
-0.29316125265282801855389706	(50,20)
-0.28092476874597233747567224	(50,21)
-0.26942237254106539478029626	(50,22)
-0.25884531888478438154391574	(50,23)
-0.24934732177067485487495357	(50,24)
-0.24104682932873282398265373	(50,25)
-0.23403129637808278804116222	(50,26)
-0.22836247336923904020776987	(50,27)
-0.22408187504489664631493427	(50,28)
-0.22121578254590493658584353	(50,29)
-0.21977932174427742085614149	(50,30)
-0.45018372958879249459874278	(51,1)
-0.45017209519216708572187565	(51,2)
-0.45009365009074538913002582	(51,3)
-0.4498411719411098362282992	(51,4)
-0.44926177446065914795061936	(51,5)
-0.44816669802967236257393798	(51,6)
-0.44634454317727517720314899	(51,7)
-0.44357766373629175996850995	(51,8)
-0.43966093801124690441715205	(51,9)
-0.43442153782425369249245824	(51,10)
-0.42773776229473339735507865	(51,11)
-0.41955467853201966843941985	(51,12)
-0.40989438107239461172204369	(51,13)
-0.39885922796782579454063748	(51,14)
-0.38662738032340426335913923	(51,15)
-0.37344116787348145227075922	(51,16)
-0.35958993970941321196436108	(51,17)
-0.34538985504220869209556491	(51,18)
-0.33116334447930993635387171	(51,19)
-0.31722070623892066387957086	(51,20)
-0.30384562241025453601745457	(51,21)
-0.29128550421503235284227125	(51,22)
-0.27974672483602994215291331	(51,23)
-0.26939413683105646948318365	(51,24)
-0.26035387290628852605971713	(51,25)
-0.2527182868379623303413336	(51,26)
-0.24655194595839858993821586	(51,27)
-0.24189775898656375853947916	(51,28)
-0.23878254077203454960125567	(51,29)
-0.23722152679856711863666909	(51,30)
-0.48446072633849519629212715	(52,1)
-0.48444802550208224356444037	(52,2)
-0.48436239014570638881290801	(52,3)
-0.48408677266661593712436866	(52,4)
-0.48345428991109987902867951	(52,5)
-0.48225894118594477193423522	(52,6)
-0.48027011293420484658097921	(52,7)
-0.47725056423108653373388578	(52,8)
-0.47297703149704888633655813	(52,9)
-0.46726192282453133456644088	(52,10)
-0.45997395574259966124468439	(52,11)
-0.45105523286612906856040219	(52,12)
-0.4405323339721046838871352	(52,13)
-0.42851962129538494185284391	(52,14)
-0.41521404392692791906534003	(52,15)
-0.40088206340516107383492647	(52,16)
-0.38584058228362959116567349	(52,17)
-0.37043462575995733139381519	(52,18)
-0.35501480715004781567381643	(52,19)
-0.33991728468123681183165871	(52,20)
-0.32544814099196710683613901	(52,21)
-0.31187313438857894493873319	(52,22)
-0.29941283104901681091677421	(52,23)
-0.28824240808240588454780089	(52,24)
-0.27849499576132667911947368	(52,25)
-0.27026728979217655024423493	(52,26)
-0.2636262408494975317129325	(52,27)
-0.25861582937261012106863327	(52,28)
-0.2552631786530634362385769	(52,29)
-0.25358349216349149595176753	(52,30)
-0.51646173684834272731603929	(53,1)
-0.51644801910965050482039878	(53,2)
-0.51635552752034595167730867	(53,3)
-0.51605784594532690036571868	(53,4)
-0.51537474640121883617685814	(53,5)
-0.51408379466961024522159747	(53,6)
-0.51193607344180379849288722	(53,7)
-0.50867569587702239489914748	(53,8)
-0.50406217071110538059145723	(53,9)
-0.49789394410429737676609655	(53,10)
-0.49003076483785499062127443	(53,11)
-0.48041212660335764731365407	(53,12)
-0.46906914016936495972640646	(53,13)
-0.45612787806545490539533459	(53,14)
-0.44180344182723053333322573	(53,15)
-0.42638547527155501895524364	(53,16)
-0.41021722603871354035069281	(53,17)
-0.39367119429897960707121303	(53,18)
-0.37712469009902991621043865	(53,19)
-0.36093823885141136969483929	(53,20)
-0.34543890237691043195310646	(53,21)
-0.33090949702358401247019519	(53,22)
-0.3175836647466396167780751	(53,23)
-0.30564597978202804627386831	(53,24)
-0.29523583162942613810681035	(53,25)
-0.28645369399802168771067265	(53,26)
-0.2793684881268185325939869	(53,27)
-0.27402497780195064534046095	(53,28)
-0.270450404832676460432795	(53,29)
-0.26865982726626088365998776	(53,30)
-0.54568408004864776347834537	(54,1)
-0.54566941615695828639617202	(54,2)
-0.54557054536693561624976445	(54,3)
-0.5452523350879866680454589	(54,4)
-0.54452214251425331414181174	(54,5)
-0.54314224882191496992986629	(54,6)
-0.54084672129817456658946868	(54,7)
-0.53736235673713402006895169	(54,8)
-0.53243269448168163194709685	(54,9)
-0.52584328693063958460761218	(54,10)
-0.51744567789346694350100841	(54,11)
-0.50717711483518690117801453	(54,12)
-0.49507313501680100839645952	(54,13)
-0.48127092438775082340683162	(54,14)
-0.46600266869059347417685736	(54,15)
-0.44957972010434258044666706	(54,16)
-0.43236989361018573674050401	(54,17)
-0.41477120676146966533544165	(54,18)
-0.39718565828019410341128829	(54,19)
-0.379996200904670206275706	(54,20)
-0.3635490993919225764956594	(54,21)
-0.34814268049952686188502567	(54,22)
-0.33402237602821125098806543	(54,23)
-0.32138113752471529498441754	(54,24)
-0.31036384208154913579092788	(54,25)
-0.30107418528474256586651331	(54,26)
-0.29358267833232067313463019	(54,27)
-0.28793462227585250066129099	(54,28)
-0.28415722867184833611382277	(54,29)
-0.28226532854798757775576377	(54,30)
-0.57166459456788314472459751	(55,1)
-0.57164907568914015859707766	(55,2)
-0.57154444037894434067637326	(55,3)
-0.57120767967984033263167209	(55,4)
-0.57043493342941870908830223	(55,5)
-0.56897467538098366033281669	(55,6)
-0.56654560877695944415479004	(55,7)
-0.56285890823833709271816141	(55,8)
-0.55764372989673089485350854	(55,9)
-0.55067405163845463055326711	(55,10)
-0.54179411378041770655364498	(55,11)
-0.53093927747897515975482537	(55,12)
-0.51814924645467567242317723	(55,13)
-0.50357142073369287162240766	(55,14)
-0.48745357650429180799243793	(55,15)
-0.47012679011960595561639125	(55,16)
-0.45198111741455754819893377	(55,17)
-0.43343759511004560107644736	(55,18)
-0.41492040994164236813497595	(55,19)
-0.39683258594805510150827068	(55,20)
-0.37953748986099224077860631	(55,21)
-0.36334718031026296273670081	(55,22)
-0.34851744826284679049791074	(55,23)
-0.33524852998559382185415455	(55,24)
-0.32369000042911760519603209	(55,25)
-0.31394823986132136686827025	(55,26)
-0.30609500869742449504353768	(55,27)
-0.30017594645717766274601924	(55,28)
-0.29621812984158929268004015	(55,29)
-0.29423611472915171509079568	(55,30)
-0.59398843304043350374297091	(56,1)
-0.59397216930824585121576933	(56,2)
-0.59386251203673188819038724	(56,3)
-0.5935095906462039103113103	(56,4)
-0.59269977349091472983917903	(56,5)
-0.59116950880103281353139232	(56,6)
-0.5886241237211676717004888	(56,7)
-0.58476120222713594598032343	(56,8)
-0.57929740542123441990988525	(56,9)
-0.57199668498244905077464835	(56,10)
-0.56269700116541441266146534	(56,11)
-0.5513321785693682779816205	(56,12)
-0.53794567429593008966874509	(56,13)
-0.52269391367438142832758692	(56,14)
-0.50583836730724211393726841	(56,15)
-0.48772737335569378453009465	(56,16)
-0.46877039193583217454398262	(56,17)
-0.44940848243369334973188914	(56,18)
-0.43008506928235418383418161	(56,19)
-0.41122051636150206364690876	(56,20)
-0.39319290296863133599571975	(56,21)
-0.37632604052264162186958185	(56,22)
-0.36088452757840121817095045	(56,23)
-0.34707473723970692439223566	(56,24)
-0.3350501462999438762245551	(56,25)
-0.32491930864622094603648939	(56,26)
-0.31675493679312402169491279	(56,27)
-0.31060285868178263535202434	(56,28)
-0.30648995589647349301533141	(56,29)
-0.30443049416967934638913828	(56,30)
-0.6122969731525068583556366	(57,1)
-0.61228009159788009521710633	(57,2)
-0.61216626884394118184718602	(57,3)
-0.6117999430169663124035634	(57,4)
-0.61095937810341163587678981	(57,5)
-0.60937104998273227927316349	(57,6)
-0.60672919700541973756085174	(57,7)
-0.60272014348235864940117179	(57,8)
-0.59705021075354723465610914	(57,9)
-0.58947507352205881527775747	(57,10)
-0.57982753960770840312030965	(57,11)
-0.56804023212728593295747825	(57,12)
-0.55415980583460067953984479	(57,13)
-0.53835025856841924188609771	(57,14)
-0.52088449591456076411563717	(57,15)
-0.50212522658836229310359136	(57,16)
-0.4824980239630855877430522	(57,17)
-0.46246053279451689614027603	(57,18)
-0.44247207036632706962662261	(57,19)
-0.4229672828325962679822111	(57,20)
-0.40433632544746105819973087	(57,21)
-0.3869126149093781984804421	(57,22)
-0.37096790794080149768504371	(57,23)
-0.35671352621776305540710252	(57,24)
-0.34430605429507529276816442	(57,25)
-0.33385573795009856028296298	(57,26)
-0.3254359881674967914989878	(57,27)
-0.31909271804614360617207686	(57,28)
-0.31485259557431086649764896	(57,29)
-0.31272961225519789691256414	(57,30)
-0.62629468055752229645947816	(58,1)
-0.62627732247531140547154069	(58,2)
-0.62616028688236238955617879	(58,3)
-0.62578362226784196304051577	(58,4)
-0.62491934209081586436831946	(58,5)
-0.62328623191853350997301358	(58,6)
-0.62056998097292431905244219	(58,7)
-0.61644823693114761743468377	(58,8)
-0.61061936075783400465248842	(58,9)
-0.60283266687988014809922573	(58,10)
-0.59291702323012456331776198	(58,11)
-0.58080417029585213661821146	(58,12)
-0.56654328004952469589488447	(58,13)
-0.55030424299832857357931094	(58,14)
-0.53236883014858882372213081	(58,15)
-0.51311086558082622958999167	(58,16)
-0.49296836134984992062441103	(58,17)
-0.47241174040504078755301327	(58,18)
-0.45191253918360866421629312	(58,19)
-0.43191635898751025399735041	(58,20)
-0.41282259238230892806571222	(58,21)
-0.39497197856525236947179002	(58,22)
-0.37864170702449931244166199	(58,23)
-0.36404683156583490903963969	(58,24)
-0.35134625703445827556684181	(58,25)
-0.3406514681031207108264277	(58,26)
-0.33203636031906679253258015	(58,27)
-0.32554687033196038121068456	(58,28)
-0.32120947078474924222870056	(58,29)
-0.31903792185169368967073709	(58,30)
-0.63575478024248950090950759	(59,1)
-0.6357370980758870152296022	(59,2)
-0.63561787744730297363257133	(59,3)
-0.63523418150578110393116839	(59,4)
-0.63435377294218164088980449	(59,5)
-0.63269020785007115611571064	(59,6)
-0.62992336302434713010876794	(59,7)
-0.62572498909574285559773665	(59,8)
-0.61978804039849836326348167	(59,9)
-0.61185751737834042887149749	(59,10)
-0.60175962516838083681182524	(59,11)
-0.58942552549280571681077604	(59,12)
-0.57490612706811819520697119	(59,13)
-0.55837535327637764636011157	(59,14)
-0.54012102659029160577183987	(59,15)
-0.5205245457250945850132547	(59,16)
-0.500032387155823055850029	(59,17)
-0.47912365713510009321277838	(59,18)
-0.45827818309071509072595492	(59,19)
-0.43794898712224996661262977	(59,20)
-0.4185417065401532131562075	(59,21)
-0.40040201865815523205331409	(59,22)
-0.38381076486935236946426945	(59,23)
-0.36898549613456497080192585	(59,24)
-0.35608665820793030898939034	(59,25)
-0.34522654643881691131738612	(59,26)
-0.33647935982084179000282132	(59,27)
-0.32989103075170153431122476	(59,28)
-0.32548788432159048256075162	(59,29)
-0.32328351387050298484531974	(59,30)
-0.64052361757739856492176261	(60,1)
-0.64050577142193016166524253	(60,2)
-0.64038544515150934655924487	(60,3)
-0.63999819132335781602434249	(60,4)
-0.63910962176888602661168358	(60,5)
-0.63743064663894727780377399	(60,6)
-0.6346382021502083302160624	(60,7)
-0.63040105617636456703814207	(60,8)
-0.62440942945178309055654574	(60,9)
-0.61640614305936651041054183	(60,10)
-0.60621605982624959349792525	(60,11)
-0.59377005516881247576964176	(60,12)
-0.579119924152504023505459	(60,13)
-0.56244163851007620092119206	(60,14)
-0.54402608951170735450413424	(60,15)
-0.52425851325925409304701267	(60,16)
-0.50358967074081660947803531	(60,17)
-0.48250305981905074339306547	(60,18)
-0.46148269733856763937659153	(60,19)
-0.44098535129519987289624447	(60,20)
-0.42141980746195455073698234	(60,21)
-0.40313422914221500020091666	(60,22)
-0.38641129259838160532780146	(60,23)
-0.37146979992640301235030398	(60,24)
-0.35847096535742788975812456	(60,25)
-0.34752748480756588338432469	(60,26)
-0.33871370293463604512091636	(60,27)
-0.33207554387143894765902157	(60,28)
-0.32763925361626768283081961	(60,29)
-0.32541833822693412804069176	(60,30)