kdd1111_(sigma,mu)
2.8763589885492525311167751525	(1,1)
2.8763582078002332603809812339	(1,2)
2.8763529429307375628868209789	(1,3)
2.8763359900017201090118575796	(1,4)
2.8762970408021395756328613968	(1,5)
2.8762232544238834270743244875	(1,6)
2.8760999778091359111104390312	(1,7)
2.8759115820330700484383070602	(1,8)
2.8756423756262630492613981616	(1,9)
2.8752775524974492043158722887	(1,10)
2.8748041301558842543790818008	(1,11)
2.8742118340388751776579898514	(1,12)
2.8734938858227647043530208777	(1,13)
2.8726476575473597318574413555	(1,14)
2.8716751590444296893722178483	(1,15)
2.8705833332853124179914092786	(1,16)
2.869384142541244328009912375	(1,17)
2.8680944373222388885849276154	(1,18)
2.8667356095304440348426476577	(1,19)
2.8653330407182834950933676815	(1,20)
2.8639153653668703375036915376	(1,21)
2.8625135773009594858210450653	(1,22)
2.8611600143733922702829460635	(1,23)
2.8598872620761534231699418331	(1,24)
2.8587270205231419675807473856	(1,25)
2.857708981133318286970252197	(1,26)
2.8568597592366118614612841969	(1,27)
2.8562019267300218900733389356	(1,28)
2.8557531849154503566537847212	(1,29)
2.8555257119244855422081220074	(1,30)
2.8763586223236747899656901639	(2,1)
2.8763578330971254698269738603	(2,2)
2.8763525110606158574253728135	(2,3)
2.8763353740532684258173018397	(2,4)
2.8762960019353453251310468637	(2,5)
2.8762214143693327184225257079	(2,6)
2.8760967991909275783636615095	(2,7)
2.8759063577718872603929596362	(2,8)
2.8756342282589829817391327983	(2,9)
2.875265443788904099589816429	(2,10)
2.8747868808974530719416790122	(2,11)
2.8741881534488404786546909712	(2,12)
2.8734624095061484577821344674	(2,13)
2.8726069925586310394270007219	(2,14)
2.8716239342435842162844329269	(2,15)
2.8705202529022247398081764962	(2,16)
2.8693080406774031236264997207	(2,17)
2.8680043310316005558960066339	(2,18)
2.8666307481365101476270762179	(2,19)
2.8652129491424725074893794937	(2,20)
2.8637798794591884478702553128	(2,21)
2.8623628694689710117112718417	(2,22)
2.8609946081867342604109479229	(2,23)
2.8597080349651667249133976179	(2,24)
2.8585351941727784691632266624	(2,25)
2.8575060996766650292778753489	(2,26)
2.8566476558545335999731395896	(2,27)
2.8559826797429440905599309053	(2,28)
2.8555290648895003832545581578	(2,29)
2.8552991216882375499906005713	(2,30)
2.8752991492815383746974515874	(3,1)
2.8752983434467593240462012586	(3,2)
2.8752929094150187749703347413	(3,3)
2.8752754117819100651472117482	(3,4)
2.8752352111291883881855607684	(3,5)
2.8751590539637210386159348394	(3,6)
2.8750318164145489753763185238	(3,7)
2.8748373673828262037832208454	(3,8)
2.8745595112057807549807823167	(3,9)
2.8741829660320886282576207985	(3,10)
2.8736943321852433689599088718	(3,11)
2.8730830049014719105591819752	(3,12)
2.8723419879682143983541665104	(3,13)
2.8714685688677930115572804759	(3,14)
2.8704648218731268478889986191	(3,15)
2.8693379128951822232473901729	(3,16)
2.8681001884257815273933219287	(3,17)
2.8667690402823957152351281692	(3,18)
2.8653665476352835857578588727	(3,19)
2.8639189075550088070609495916	(3,20)
2.8624556746333182811319775528	(3,21)
2.8610088386947550303637070623	(3,22)
2.8596117768589776021237544579	(3,23)
2.8582981219161920117523375366	(3,24)
2.8571005928887866011947394841	(3,25)
2.8560498355974271875253734658	(3,26)
2.8551733209412063589291435287	(3,27)
2.8544943464399987112167189476	(3,28)
2.8540311824633802555033069401	(3,29)
2.8537963986602330646007542212	(3,30)
2.8712437759768777195478747113	(4,1)
2.8712429460812399121535068904	(4,2)
2.8712373497985162107076758678	(4,3)
2.8712193297155020007795865789	(4,4)
2.8711779287376094088087568881	(4,5)
2.8710994976399632626333508494	(4,6)
2.870968460965187403779888835	(4,7)
2.8707682059378256325880683695	(4,8)
2.8704820532641668716655429731	(4,9)
2.8700942647080044431820894272	(4,10)
2.8695910403556164410792951866	(4,11)
2.8689614585972499188855994437	(4,12)
2.8681983140561045133040435889	(4,13)
2.867298812896029373824590479	(4,14)
2.8662650909550468846918328573	(4,15)
2.8651045277228591717617656377	(4,16)
2.8638298379777929306935637501	(4,17)
2.8624589325392996103044782372	(4,18)
2.8610145496559317897347316701	(4,19)
2.8595236685964261088539194407	(4,20)
2.858016726604023454553565337	(4,21)
2.8565266690915977293368125219	(4,22)
2.8550878704152783244744402866	(4,23)
2.8537349684390566631487277104	(4,24)
2.8525016601330262183665022656	(4,25)
2.8514195074541123920454229559	(4,26)
2.8505168026490443364045841319	(4,27)
2.8498175398955809262780447601	(4,28)
2.8493405359524115049064301725	(4,29)
2.8490987364016449297892914344	(4,30)
2.8617233650867953459513247457	(5,1)
2.8617225046267084861979411109	(5,2)
2.8617167022369463015853581189	(5,3)
2.8616980184868449927114985698	(5,4)
2.8616550927370169321223843289	(5,5)
2.8615737730607550555398386809	(5,6)
2.8614379103386828892801633027	(5,7)
2.8612302798942551032504385225	(5,8)
2.8609335880243364008303382016	(5,9)
2.8605315166562651653781776305	(5,10)
2.8600097573147671698409363913	(5,11)
2.8593569857019186877728873498	(5,12)
2.8585657304790365275925499724	(5,13)
2.8576330941939088047621927775	(5,14)
2.8565612905325413916768154324	(5,15)
2.8553579699215371085470447071	(5,16)
2.8540363146246854345038727919	(5,17)
2.8526148944688660961141180687	(5,18)
2.8511172847649350413442520664	(5,19)
2.8495714584041434208694778887	(5,20)
2.8480089740551446254991329376	(5,21)
2.8464639914258435055649684326	(5,22)
2.8449721522919889107648813942	(5,23)
2.8435693720902209322897192777	(5,24)
2.8422905910578382622829251673	(5,25)
2.8411685359881687851802515822	(5,26)
2.8402325435634822973871986884	(5,27)
2.8395074939266803361508678571	(5,28)
2.8390128987539790782717942899	(5,29)
2.8387621817805732880291629484	(5,30)
2.8442075972466734528549687551	(6,1)
2.8442067007906529062229077271	(6,2)
2.8442006556673780405336044172	(6,3)
2.8441811903122054622572407795	(6,4)
2.8441364688267188644444126751	(6,5)
2.8440517472423893696914611782	(6,6)
2.8439102008161345029577744518	(6,7)
2.8436938841908737679660127589	(6,8)
2.8433847799918079828956000221	(6,9)
2.84296588713727763704958372	(6,10)
2.8424222980129151026251787395	(6,11)
2.8417422137855536287693524722	(6,12)
2.8409178495160746531448939467	(6,13)
2.8399461852664170827195196952	(6,14)
2.8388295258895903734018405929	(6,15)
2.8375758403615459424252039109	(6,16)
2.836198861005849380538073805	(6,17)
2.8347179333641807245171520358	(6,18)
2.8331576183257340894324902221	(6,19)
2.8315470589740679269153503087	(6,20)
2.8299191349682054517804028992	(6,21)
2.82830943669336203485322623	(6,22)
2.8267550994829354645827892158	(6,23)
2.8252935445724210835597817938	(6,24)
2.8239611778160786633409198905	(6,25)
2.8227920993826288463379946528	(6,26)
2.8218168775457726525568499378	(6,27)
2.8210614372971117424882826047	(6,28)
2.8205461099311979797042745834	(6,29)
2.8202848831790171556023984624	(6,30)
2.8166294358856889459537491658	(7,1)
2.8166284989325982980031493105	(7,2)
2.8166221807230010917560584134	(7,3)
2.8166018360259629237297312816	(7,4)
2.8165550942527471049161004381	(7,5)
2.8164665453528254058185739939	(7,6)
2.8163186044542787339812031673	(7,7)
2.8160925153544523602730931078	(7,8)
2.8157694464252840128028662581	(7,9)
2.8153316280170667435747608462	(7,10)
2.8147634782233718824434974059	(7,11)
2.8140526640077011934521983794	(7,12)
2.8131910471849164478982904589	(7,13)
2.8121754694904703641322967428	(7,14)
2.8110083377529499625799703763	(7,15)
2.8096979787167945854232331133	(7,16)
2.808258742972825237417811573	(7,17)
2.8067108483151560809297095466	(7,18)
2.8050799641834620882997193722	(7,19)
2.8033965501774009528516473957	(7,20)
2.8016949724527759776938542133	(7,21)
2.8000124316549214321879496015	(7,22)
2.7983877444827691714373750352	(7,23)
2.796860027635580878050339956	(7,24)
2.7954673374776565809402790582	(7,25)
2.7942453210577251477495176246	(7,26)
2.7932259340310122974037175354	(7,27)
2.7924362785489156684179564912	(7,28)
2.7918976094043241819688360926	(7,29)
2.7916245498514183514924882237	(7,30)
2.7778607542391279463180839299	(8,1)
2.777859772708914628419608827	(8,2)
2.7778531538997103371754299934	(8,3)
2.7778318412673817595958454831	(8,4)
2.7777828756615942987251355021	(8,5)
2.7776901138368020595871781489	(8,6)
2.7775351341943975524720087233	(8,7)
2.7772982879600250483954550829	(8,8)
2.7769598471521832483133465948	(8,9)
2.7765011960107956503971514949	(8,10)
2.7759060102343968607951727894	(8,11)
2.7751613685244010254071351478	(8,12)
2.7742587435486418542577927927	(8,13)
2.773194824400640200832094233	(8,14)
2.7719721297306318139984125729	(8,15)
2.7705993796519508508224283406	(8,16)
2.7690916048960008937498469863	(8,17)
2.7674699830528557975208214006	(8,18)
2.7657614036016435950438234038	(8,19)
2.7639977752921000471517992601	(8,20)
2.7622151007721091431599061198	(8,21)
2.7604523536726505882161247472	(8,22)
2.7587502022101575970143805292	(8,23)
2.7571496303569146513505787484	(8,24)
2.755690512451231856827064854	(8,25)
2.7544101995516090321612930928	(8,26)
2.753342175766643698924456518	(8,27)
2.7525148402076090708835319795	(8,28)
2.7519504652162275681815432298	(8,29)
2.7516643743256498505815380718	(8,30)
2.7280287888788614173864476866	(9,1)
2.7280277582053746999964804555	(9,2)
2.728020808005374055381682752	(9,3)
2.7279984282897901254726163537	(9,4)
2.7279470110596124174485490803	(9,5)
2.7278496047741450672867843009	(9,6)
2.7276868654079307731258362663	(9,7)
2.7274381602039844528365515768	(9,8)
2.7270827730448831130415321335	(9,9)
2.7266011554473102816008344181	(9,10)
2.7259761647559388784584775784	(9,11)
2.725194231275112100832715887	(9,12)
2.7242463988239594885386223323	(9,13)
2.7231291884122356440496206873	(9,14)
2.72184524218380047759178777	(9,15)
2.7204037141398408145470216456	(9,16)
2.7188203850304908774300024189	(9,17)
2.7171174907228432404908836414	(9,18)
2.7153232658021380703148527247	(9,19)
2.7134712166045161312696716857	(9,20)
2.711599149776373897836347136	(9,21)
2.7097479932906178022489897219	(9,22)
2.707960456150548302247864537	(9,23)
2.7062795803675688799931626758	(9,24)
2.7047472438805711981233129848	(9,25)
2.7034026756601483175410438517	(9,26)
2.7022810441846963268303547949	(9,27)
2.7014121777772565366924878746	(9,28)
2.7008194700570937390632982968	(9,29)
2.7005190162068132533468472365	(9,30)
2.6685918188463062846190410627	(10,1)
2.6685907327548290962011414783	(10,2)
2.6685834088514352786591842683	(10,3)
2.668559825806366535666126303	(10,4)
2.6685056439315392823264314387	(10,5)
2.6684030002077414260105609519	(10,6)
2.6682315104631353358873045962	(10,7)
2.6679694324489610964018323831	(10,8)
2.6675949359879642955613973501	(10,9)
2.6670874211936176846381519822	(10,10)
2.6664288232008003897440991671	(10,11)
2.6656048420223237930146308606	(10,12)
2.6646060390417962334663105073	(10,13)
2.6634287471447171116449673313	(10,14)
2.6620757493374888808927071013	(10,15)
2.6605566905685731156404390829	(10,16)
2.6588881989218446914902280814	(10,17)
2.6570937049062737392630023015	(10,18)
2.6552029606784250938858282317	(10,19)
2.6532512741403989913048013961	(10,20)
2.6512784853899816173055718143	(10,21)
2.6493277244183404023319132827	(10,22)
2.6474439987549313034921033063	(10,23)
2.6456726675169449732652075775	(10,24)
2.6440578636843673450645892497	(10,25)
2.6426409291453981284536430435	(10,26)
2.6414589270074277365814896343	(10,27)
2.6405432928332992721557703972	(10,28)
2.6399186809510747813870137869	(10,29)
2.6396020540271807009832962701	(10,30)
2.6021556880387846434158038741	(11,1)
2.6021545371968797365274975471	(11,2)
2.6021467766583136961347346863	(11,3)
2.6021217876449560060088022816	(11,4)
2.6020643755768919050652763535	(11,5)
2.6019556125140555052150476542	(11,6)
2.6017738991153430127604198205	(11,7)
2.6014961971071028960755592556	(11,8)
2.6010993752266604769914612774	(11,9)
2.6005616061143607725957637183	(11,10)
2.5998637489114274247877359428	(11,11)
2.5989906524999332298430001084	(11,12)
2.597932317387523207274688228	(11,13)
2.5966848600596416555955722766	(11,14)
2.5952512319432011214626947921	(11,15)
2.5936416555876490040168327555	(11,16)
2.5918737528202895060630414836	(11,17)
2.5899723529482810306016987864	(11,18)
2.5879689829856367289605305561	(11,19)
2.585901055779480375760419055	(11,20)
2.5838107851944838897150785748	(11,21)
2.581743869610791259942057094	(11,22)
2.5797479953703289943694528813	(11,23)
2.5778712200118963481423744092	(11,24)
2.5761603008006719403129378646	(11,25)
2.5746590369243432420757377021	(11,26)
2.5734066936575820397323237207	(11,27)
2.5724365737781229683240867826	(11,28)
2.5717747956697355850578496548	(11,29)
2.5714393291139957613059473199	(11,30)
2.5320869716655897273233944719	(12,1)
2.5320857424418504449596101157	(12,2)
2.532077453347030206374185184	(12,3)
2.5320507623829214816977850124	(12,4)
2.531989440129367442682202642	(12,5)
2.5318732696270083153535960618	(12,6)
2.5316791807909323881218740258	(12,7)
2.5313825670230411282919587452	(12,8)
2.5309587231006608933208448996	(12,9)
2.5303843375295280795222502547	(12,10)
2.529638969623895254460241981	(12,11)
2.5287064417481480903980671378	(12,12)
2.527576080420096118139184491	(12,13)
2.526243746197430953510063618	(12,14)
2.5247126011775858201351747671	(12,15)
2.5229935741514022748288777997	(12,16)
2.5211054964756783368414119304	(12,17)
2.5190748960022064262975498806	(12,18)
2.5169354512997048124743694225	(12,19)
2.5147271232806057278665714324	(12,20)
2.512494995547844059441302465	(12,21)
2.5102878676869750425471527017	(12,22)
2.5081566567809279528912438979	(12,23)
2.5061526711331360223773390909	(12,24)
2.504325826165238721914329565	(12,25)
2.5027228754412668319769640786	(12,26)
2.5013857296238973680280303017	(12,27)
2.5003499328885134504528380766	(12,28)
2.4996433600422947307114137723	(12,29)
2.4992851885842983096352188169	(12,30)
2.4620314203960460792163371128	(13,1)
2.4620300939236801810691553133	(13,2)
2.4620211490477125470011603319	(13,3)
2.4619923464749086333790430335	(13,4)
2.4619261728932666427598914947	(13,5)
2.4618008121897896047228533485	(13,6)
2.4615913698925092195113177415	(13,7)
2.4612712943949480976585135335	(13,8)
2.4608139292127329640991173726	(13,9)
2.4601941241153030425857504189	(13,10)
2.4593898297651235994107782216	(13,11)
2.4583836006386357404852139936	(13,12)
2.457163934506386206165628897	(13,13)
2.4557263834739629954221547666	(13,14)
2.454074381245045306078261362	(13,15)
2.4522197434439036209755404481	(13,16)
2.4501828119922837795138961812	(13,17)
2.4479922300484669769605586301	(13,18)
2.4456843501955073746081362307	(13,19)
2.443302294691947562792682612	(13,20)
2.4408947019558068927227687546	(13,21)
2.4385142073620861086021330282	(13,22)
2.4362157182838326510844291447	(13,23)
2.4340545525801115171024247786	(13,24)
2.432084516030912062682352317	(13,25)
2.4303559972717754233916663579	(13,26)
2.4289141584649576442810247521	(13,27)
2.4277972962803191961216244568	(13,28)
2.4270354409119551920405717982	(13,29)
2.4266492511244115129862318387	(13,30)
2.3954566802111743790756633372	(14,1)
2.3954552318530357030061910266	(14,2)
2.395445465059829062447055352	(14,3)
2.395414015930212011387494095	(14,4)
2.3953417620494157109665611462	(14,5)
2.3952048832073070253720665107	(14,6)
2.3949761988609109558391954741	(14,7)
2.3946267207688713907038019173	(14,8)
2.3941273489913484870721908724	(14,9)
2.3934506323598539754029769619	(14,10)
2.3925725109183048249693196007	(14,11)
2.3914739579125347632726419154	(14,12)
2.3901424426926303570557331133	(14,13)
2.3885731432540103203796124695	(14,14)
2.3867698477745093555565898735	(14,15)
2.384745497943344771518013554	(14,16)
2.3825223425228204041220199543	(14,17)
2.3801316867240211042939575864	(14,18)
2.3776132408283514134411327478	(14,19)
2.3750140892287903579078121841	(14,20)
2.3723873178885624483717367311	(14,21)
2.369790353361703307656302388	(14,22)
2.3672830793190360826480011791	(14,23)
2.3649258064226959762420488142	(14,24)
2.3627771779825538198144981001	(14,25)
2.3608920968542012285287842706	(14,26)
2.3593197584067009667344651826	(14,27)
2.3581018701631268607264700255	(14,28)
2.3572711311107054067770661731	(14,29)
2.3568500330370118187381072076	(14,30)
2.335308123011678572176668157	(15,1)
2.3353065222100446277076251983	(15,2)
2.3352957274394189569962645124	(15,3)
2.3352609682545229730035709211	(15,4)
2.3351811097925701478682563401	(15,5)
2.3350298255530295317868623621	(15,6)
2.3347770764590005802986855922	(15,7)
2.3343908282370922379663400408	(15,8)
2.3338389277276273495218405254	(15,9)
2.333091050750014354710441696	(15,10)
2.3321206300071053802505386992	(15,11)
2.3309066714683406642969833822	(15,12)
2.3294353717957854494812083009	(15,13)
2.327701457545601319292380521	(15,14)
2.3257091787647852893128269378	(15,15)
2.3234729046899594512426887789	(15,16)
2.3210172868496330868663320102	(15,17)
2.3183769741437467743147591212	(15,18)
2.3155958845028332004529082299	(15,19)
2.3127260575545549672344277549	(15,20)
2.3098261314077326496433351235	(15,21)
2.3069595033369874554203700997	(15,22)
2.3041922480693218963229349373	(15,23)
2.3015908779486638358145048214	(15,24)
2.2992200360764301162789961332	(15,25)
2.2971402163749568626582044244	(15,26)
2.2954056033609341134735950526	(15,27)
2.2940621193845607250337061225	(15,28)
2.293145758475662874356604482	(15,29)
2.2926812741570347577870729463	(15,30)
2.2838162844557768206248509524	(16,1)
2.2838144948697336915849430573	(16,2)
2.2838024270639922593167936438	(16,3)
2.2837635687601853680260700016	(16,4)
2.2836742929918837613395092846	(16,5)
2.2835051698208525763109164546	(16,6)
2.2832226210702718387737785716	(16,7)
2.2827908422321793451001272024	(16,8)
2.2821739027623971653477416726	(16,9)
2.2813379268186985051675359964	(16,10)
2.2802532516299543311685896431	(16,11)
2.2788964604423674904736564093	(16,12)
2.2772521915076507679602082424	(16,13)
2.2753146337588940832317985084	(16,14)
2.2730886333163527904292309159	(16,15)
2.2705903521847089963644526867	(16,16)
2.2678474406296301894335517713	(16,17)
2.2648987067598725591833406409	(16,18)
2.261793289680213789218486798	(16,19)
2.2585893650660831823448777713	(16,20)
2.2553524330245284566011344199	(16,21)
2.2521532566390940154262209594	(16,22)
2.2490655348097054234157523412	(16,23)
2.246163404267410848654116944	(16,24)
2.2435188725772684996308187854	(16,25)
2.2411992863856354027388843967	(16,26)
2.2392649371835586775849059609	(16,27)
2.2377669006967728875436444215	(16,28)
2.236745196076589327815430632	(16,29)
2.2362273378686031637090247391	(16,30)
2.2424476722475385392075381635	(17,1)
2.2424456520525947873142368837	(17,2)
2.2424320291770926001433242224	(17,3)
2.2423881636337769868559904123	(17,4)
2.242287384354552060519949715	(17,5)
2.2420964708336108848365470008	(17,6)
2.2417775228662092602098317849	(17,7)
2.2412901329597683307704869615	(17,8)
2.2405937611370826530359862641	(17,9)
2.2396502011874991812245230103	(17,10)
2.2384260215860789292286342425	(17,11)
2.2368948637537650089454607566	(17,12)
2.2350394853023957466405654666	(17,13)
2.2328534463441602003332168766	(17,14)
2.2303423524787923363761516097	(17,15)
2.2275245880161152412065943594	(17,16)
2.2244314963642175549090860556	(17,17)
2.2211069900950517766826375824	(17,18)
2.2176065996182332219987664	(17,19)
2.2139959952308853928674176486	(17,20)
2.2103490412085049461579689113	(17,21)
2.2067454613636552972451158947	(17,22)
2.2032682121738869950245029754	(17,23)
2.2000006715104551502988505527	(17,24)
2.197023757840999303141272465	(17,25)
2.1944130964877504773518376005	(17,26)
2.1922363463138111345578914266	(17,27)
2.1905507925040041337203936372	(17,28)
2.1894012994664379115970458818	(17,29)
2.1888187029520718773474197616	(17,30)
2.2119621347844787954540852175	(18,1)
2.211959837024896163647418126	(18,2)
2.2119443424441305092838721501	(18,3)
2.2118944501371282991983581307	(18,4)
2.2117798252602011654271564546	(18,5)
2.2115626854750383249648242772	(18,6)
2.2111999300136064102881262502	(18,7)
2.2106456144676345991239536767	(18,8)
2.2098536571716051155961888943	(18,9)
2.2087806504706357269229645519	(18,10)
2.2073886430592676930620288046	(18,11)
2.2056477585790494844147192317	(18,12)
2.2035385211394353610364530883	(18,13)
2.20105377039766563618150012	(18,14)
2.1982000669144165857564084146	(18,15)
2.194998511885381075020556109	(18,16)
2.1914849328317065718794023483	(18,17)
2.1877094168930925202054380909	(18,18)
2.1837352042853090841659974203	(18,19)
2.1796369844843349218566014385	(18,20)
2.1754986651078542322032179906	(18,21)
2.1714107068474400227861340936	(18,22)
2.1674671360749857233541120196	(18,23)
2.163762359227810991938908783	(18,24)
2.1603879095119468897272409177	(18,25)
2.1574292569809742007323111913	(18,26)
2.154962808090204669819254761	(18,27)
2.1530532110549886133417346503	(18,28)
2.1517510695421122066438250916	(18,29)
2.1510911502140050516921355197	(18,30)
2.1925316629029593239946166384	(19,1)
2.1925290358257179113141951164	(19,2)
2.1925113205556112297227742719	(19,3)
2.1924542778123338277034129392	(19,4)
2.19232322605357432368442346	(19,5)
2.1920749712639466842405014967	(19,6)
2.1916602444062390159212352	(19,7)
2.1910265361024015957610073337	(19,8)
2.190121197956723177741937914	(19,9)
2.1888946649539391117886627628	(19,10)
2.1873036446164055810599532323	(19,11)
2.1853141169620167887755618984	(19,12)
2.1829039953322176651197602075	(19,13)
2.1800653119868934387536923055	(19,14)
2.176805813593790032108932432	(19,15)
2.1731498794146029136218460093	(19,16)
2.1691387076157691927708478736	(19,17)
2.1648297507879976963101582071	(19,18)
2.1602954182597129420936685962	(19,19)
2.1556210978929238176958491569	(19,20)
2.1509025816702894051433319338	(19,21)
2.1462430057849592760739005903	(19,22)
2.1417494358891232595764955898	(19,23)
2.1375292409688051455090271012	(19,24)
2.1336864048820115040343907663	(19,25)
2.1303179233114558824498845881	(19,26)
2.1275104265050698337531412984	(19,27)
2.125337155702575202553457402	(19,28)
2.1238554046556127590204569077	(19,29)
2.1231045181839547479632934626	(19,30)
2.1838814038170262931945765595	(20,1)
2.1838783911570421128582994154	(20,2)
2.1838580757885416709592110772	(20,3)
2.1837926609852622229613047035	(20,4)
2.1836423761202264636467559702	(20,5)
2.1833576918408796619515660401	(20,6)
2.182882119514452613102351169	(20,7)
2.1821554687600365448456786646	(20,8)
2.1811174131807165776662203982	(20,9)
2.1797111964450718548760483462	(20,10)
2.1778873000163732440756282047	(20,11)
2.1756068912895042591964401606	(20,12)
2.1728448775061805347346404363	(20,13)
2.1695924068676709719351353457	(20,14)
2.1658586833522853878028507286	(20,15)
2.1616719947214506881097255672	(20,16)
2.1570798921949306070560586948	(20,17)
2.1521485028468211625367205739	(20,18)
2.1469609991263724313448706767	(20,19)
2.1416152911891808332893546162	(20,20)
2.136221044323640976683208334	(20,21)
2.1308961535691068622969634769	(20,22)
2.1257628292336353711722555702	(20,23)
2.1209434597964661606334198491	(20,24)
2.116556422744288937061879135	(20,25)
2.1127120099975913378718516626	(20,26)
2.1095086239411460433740339155	(20,27)
2.107029384122734862449448281	(20,28)
2.1053392648932294628067880283	(20,29)
2.104482861947884698180132917	(20,30)
2.185425778398676728103998179	(21,1)
2.1854223196160872278864775363	(21,2)
2.1853989959155808505955866652	(21,3)
2.1853238946345116662939107874	(21,4)
2.1851513573682999054968148444	(21,5)
2.1848245259376963469101560564	(21,6)
2.1842785618456647159764434633	(21,7)
2.1834443949417964076975105088	(21,8)
2.1822528290370607910545420699	(21,9)
2.1806388105729716031475630212	(21,10)
2.1785456529357777009678571591	(21,11)
2.1759290052499477948462985122	(21,12)
2.1727603616920466438658395856	(21,13)
2.1690299260501323314111415467	(21,14)
2.1647486760279396098568773757	(21,15)
2.1599495112671696755724294972	(21,16)
2.1546874158815085865577323483	(21,17)
2.1490386173353591462511207131	(21,18)
2.1430987751772587987493318895	(21,19)
2.1369802818169206387594952955	(21,20)
2.1308087999402996837082705124	(21,21)
2.124719194732364646719338092	(21,22)
2.1188510422287349333731157433	(21,23)
2.1133439073095993437630861926	(21,24)
2.108332586545940477909092109	(21,25)
2.1039425035814149316210339496	(21,26)
2.1002854297873614482294816768	(21,27)
2.097455682588956133204585595	(21,28)
2.0955269300834509623632876115	(21,29)
2.0945497050118411475109810936	(21,30)
2.1963848636365180586968312663	(22,1)
2.1963808941252770932537314958	(22,2)
2.1963541264415743408294408975	(22,3)
2.1962679360055098035258975294	(22,4)
2.1960699244150501782970003206	(22,5)
2.1956948448690561813580543465	(22,6)
2.195068303960513540718651753	(22,7)
2.1941110749966727568359094856	(22,8)
2.1927438249241774920619766275	(22,9)
2.1908920308086000948987240107	(22,10)
2.1884908449630852859641742337	(22,11)
2.185489662439892719153108072	(22,12)
2.1818561523917213164956627522	(22,13)
2.1775795365996387646307546891	(22,14)
2.1726729338947591350976313437	(22,15)
2.1671746365823833920929423632	(22,16)
2.1611482413340420853653934117	(22,17)
2.1546816183397466886947768438	(22,18)
2.1478847642157326068759944045	(22,19)
2.1408866416101043649958758421	(22,20)
2.1338311575362357316272990114	(22,21)
2.1268724700964148589994905191	(22,22)
2.1201698376629402297414397979	(22,23)
2.1138822354097695660433272388	(22,24)
2.1081629622914891252277727641	(22,25)
2.1031544491208422354499262852	(22,26)
2.0989834578901681436064682457	(22,27)
2.0957568366877958340116722571	(22,28)
2.0935579660397658652938911666	(22,29)
2.0924440033127790896404712106	(22,30)
2.2158756187826820801410373204	(23,1)
2.2158710700772241554097101426	(23,2)
2.2158403967355486412152358954	(23,3)
2.2157416307010473122261618444	(23,4)
2.2155147305842218970134536716	(23,5)
2.2150849383613072953962388274	(23,6)
2.2143670300434711962316119685	(23,7)
2.2132702723529462739560982539	(23,8)
2.2117038583077309684540021729	(23,9)
2.2095825630392106993705197082	(23,10)
2.2068323401543294612512476217	(23,11)
2.2033955714428127790301610623	(23,12)
2.1992356910710834763968463521	(23,13)
2.194340930836027334604430394	(23,14)
2.1887269752727782663491612276	(23,15)
2.1824383723588126120542220631	(23,16)
2.175548613461949851998852013	(23,17)
2.1681588699148711557555792741	(23,18)
2.1603954472804437247734550372	(23,19)
2.1524060861142660388147597632	(23,20)
2.1443552947091798770799266815	(23,21)
2.136418941194980833128308011	(23,22)
2.1287783575323277727682712817	(23,23)
2.1216142163386456099653716795	(23,24)
2.1151004347613001915108077331	(23,25)
2.109398340674278812412918699	(23,26)
2.1046513089185782045937854238	(23,27)
2.1009800428392440887623693607	(23,28)
2.098478642289131320237937953	(23,29)
2.0972115660796768245005579439	(23,30)
2.2429784417569185537219811187	(24,1)
2.2429732417638866234898531599	(24,2)
2.2429381766289035903800942826	(24,3)
2.2428252698240347139484350127	(24,4)
2.2425658863014906404734314241	(24,5)
2.2420745753269549360243189493	(24,6)
2.2412539406691155973252308233	(24,7)
2.2400003244256645164795060928	(24,8)
2.2382100444873196336871478186	(24,9)
2.2357858874935087192437344528	(24,10)
2.2326435329871401183344380694	(24,11)
2.2287175742143095186733972768	(24,12)
2.2239668098332384108368341858	(24,13)
2.2183785104814599104619834062	(24,14)
2.2119714144872815441512042645	(24,15)
2.2047972754724675170497085654	(24,16)
2.196940866400786166916680144	(24,17)
2.1885184332289965476461272147	(24,18)
2.1796746792029325352905260902	(24,19)
2.1705784405618959800866475645	(24,20)
2.1614172796036074189712702068	(24,21)
2.1523912672688993667352709308	(24,22)
2.1437062525834764710320716557	(24,23)
2.1355669208741294138055432905	(24,24)
2.128169929244707593286263865	(24,25)
2.1216973804728562462199289128	(24,26)
2.116310860148516465087335065	(24,27)
2.112146221369920902654015472	(24,28)
2.1093092608050119410724411143	(24,29)
2.1078723924315742506155241907	(24,30)
2.2767825229642323943071256889	(25,1)
2.2767765962425729629035026343	(25,2)
2.2767366306075869646885669607	(25,3)
2.2766079452200905190014006223	(25,4)
2.2763123167511880573344624492	(25,5)
2.2757523660978979425093064076	(25,6)
2.2748171226903624532037648599	(25,7)
2.2733885242244120600178403033	(25,8)
2.2713485549925935085963502508	(25,9)
2.2685866799621926780776610445	(25,10)
2.2650071993133692334661617987	(25,11)
2.2605361343879707227010093473	(25,12)
2.2551272651885243253123880059	(25,13)
2.2487669742052136310402235832	(25,14)
2.2414776113471098418079848296	(25,15)
2.2333191770023338102411436672	(25,16)
2.2243892187016640542688783884	(25,17)
2.2148209431621581241444565308	(25,18)
2.2047796500948769521720736516	(25,19)
2.1944576876940858678272414213	(25,20)
2.1840682043259053624586313347	(25,21)
2.1738380213383823880469934112	(25,22)
2.1639999760441668256548642598	(25,23)
2.1547850829132450405407144935	(25,24)
2.1464148386987940089665450121	(25,25)
2.1390939592806252068183733755	(25,26)
2.1330037889085405923358329449	(25,27)
2.1282965724877977073885318475	(25,28)
2.1250907337337811810287228587	(25,29)
2.1234672599915628242200611537	(25,30)
2.3164144648162955002443821177	(26,1)
2.3164077329237642485042654477	(26,2)
2.3163623378477453369773132235	(26,3)
2.3162161709551875473867474886	(26,4)
2.3158803866668199561475994197	(26,5)
2.315244393491523017766980119	(26,6)
2.314182190787921179676358197	(26,7)
2.3125597779197572463434140682	(26,8)
2.3102432980263014238568861902	(26,9)
2.3071075232169382879761827266	(26,10)
2.303044247916960193745972176	(26,11)
2.2979701389318819893327889207	(26,12)
2.2918336002116807180917159493	(26,13)
2.2846202506921992688689769036	(26,14)
2.2763566850482704986865637505	(26,15)
2.267112285875467517057663051	(26,16)
2.2569989740796922384751239641	(26,17)
2.2461689114976202525473512612	(26,18)
2.234810293921191767861515728	(26,19)
2.223141482016874816918712025	(26,20)
2.2114038024858393768292158647	(26,21)
2.1998534060514094119961219732	(26,22)
2.1887525905066582095776509708	(26,23)
2.1783609882375786031238013153	(26,24)
2.1689269838453802920152434365	(26,25)
2.1606796763618885463768712822	(26,26)
2.1538216404761291769185204741	(26,27)
2.1485226800124668599010667811	(26,28)
2.1449147109086039995948417597	(26,29)
2.1430878642496086908604370344	(26,30)
2.3610545116296103959544979212	(27,1)
2.3610468935482573666952994081	(27,2)
2.3609955227254371555459482186	(27,3)
2.3608301155400385969560317819	(27,4)
2.3604501364936933200213837015	(27,5)
2.3597304564294063878851166718	(27,6)
2.3585285435323175731749505706	(27,7)
2.3566928798877192169766110776	(27,8)
2.3540722205601389542277354254	(27,9)
2.3505252456218252689184824433	(27,10)
2.3459301062500537857354327999	(27,11)
2.3401933423996144040251085416	(27,12)
2.3332576590113554342507155822	(27,13)
2.3251080947952385878013032413	(27,14)
2.3157762026255464965738131211	(27,15)
2.3053419787644082823561449847	(27,16)
2.2939334198486866825924923593	(27,17)
2.2817237384402973425719852008	(27,18)
2.2689264147634709532557945783	(27,19)
2.2557883894397565496166223943	(27,20)
2.2425817978793935727696884809	(27,21)
2.2295947044017265142714312331	(27,22)
2.2171213114530766343156437383	(27,23)
2.2054520999770972193803194847	(27,24)
2.1948643086817075420968295892	(27,25)
2.1856130927040207918703555419	(27,26)
2.1779236267042590558675737778	(27,27)
2.1719843434331467709113907607	(27,28)
2.1679414338312250852065873531	(27,29)
2.1658946833826581206699029006	(27,30)
2.4099440940422757892851208019	(28,1)
2.4099355066904274960244482348	(28,2)
2.4098775999031388210357992657	(28,3)
2.4096911488942254581530291596	(28,4)
2.4092628336643947647230882251	(28,5)
2.4084516293708453991980645387	(28,6)
2.4070969364194039010125440527	(28,7)
2.4050281064642206833252103705	(28,8)
2.4020749315502040402230002626	(28,9)
2.3980785839952470925430370902	(28,10)
2.3929024342517818934727251942	(28,11)
2.3864421436921370132405774441	(28,12)
2.3786344385339949837413250596	(28,13)
2.3694640259445225496219818266	(28,14)
2.3589682143059837343669138757	(28,15)
2.3472389408215067299624771034	(28,16)
2.3344220789724864175612661246	(28,17)
2.3207140789650846600372467998	(28,18)
2.3063561672354676718946949456	(28,19)
2.2916264783058091556066591032	(28,20)
2.2768305996978189368950439335	(28,21)
2.2622910701669865624751359521	(28,22)
2.2483363821023757047427643968	(28,23)
2.2352900059124863952492595742	(28,24)
2.223459887888137025162690936	(28,25)
2.2131287864271324789552196697	(28,26)
2.2045457180493490703583977273	(28,27)
2.1979186961448265370605931057	(28,28)
2.1934088706995944473075255153	(28,29)
2.1911261214563713607868178421	(28,30)
2.4623876024077953646086707346	(29,1)
2.4623779612416310360460285724	(29,2)
2.4623129484172562772884002173	(29,3)
2.4621036183782760555659913432	(29,4)
2.4616227530946122554960704046	(29,5)
2.4607120512500701590684482895	(29,6)
2.4591912848672746838969522904	(29,7)
2.4568690403226889270965484385	(29,8)
2.453554556642145189999266991	(29,9)
2.4490700789879493501772356771	(29,10)
2.4432630717627362385796641346	(29,11)
2.4360175973672720727951545154	(29,12)
2.4272641754802978850609114902	(29,13)
2.4169875015170096854116300452	(29,14)
2.4052315225696600307241842677	(29,15)
2.3921015373673099120481834981	(29,16)
2.3777631884423897581840920393	(29,17)
2.3624384286915263786513478347	(29,18)
2.3463987472829887405383745308	(29,19)
2.3299561093199539211206661879	(29,20)
2.3134521829955890879745363271	(29,21)
2.2972464882037732385694771978	(29,22)
2.2817041015211425615013843088	(29,23)
2.2671835019735022263809906138	(29,24)
2.25402505369748890824034133	(29,25)
2.2425405120938529202234922581	(29,26)
2.2330038259189786903390617255	(29,27)
2.2256434031247654956393839069	(29,28)
2.2206359232801222532408052079	(29,29)
2.2181017195683593662338221509	(29,30)
2.5177505553031325762113444292	(30,1)
2.5177397750071604566583162228	(30,2)
2.5176670808744861538257134141	(30,3)
2.5174330199191898781517302494	(30,4)
2.5168953527355209560840854657	(30,5)
2.5158771093944206752282544288	(30,6)
2.5141768620511574624832302541	(30,7)
2.5115807894309024098143877956	(30,8)
2.5078759870018929433608117525	(30,9)
2.5028643638152951254378668811	(30,10)
2.496376378026613832651096967	(30,11)
2.4882838150332047726725191734	(30,12)
2.478510820264943953914228691	(30,13)
2.4670424728205603247755030218	(30,14)
2.453930327636135236693882608	(30,15)
2.439294553698034676631371832	(30,16)
2.42332253505566473090169395	(30,17)
2.4062640538497693388110942129	(30,18)
2.3884234111522953171629225025	(30,19)
2.3701490352807641215008392255	(30,20)
2.3518212585313955224407530147	(30,21)
2.3338390021933416073558571875	(30,22)
2.3166060975111744643843764282	(30,23)
2.3005178979466684243581264071	(30,24)
2.2859487234293649560524912752	(30,25)
2.2732405410748826669508464496	(30,26)
2.2626931492497901707831093056	(30,27)
2.2545560095317709784216311508	(30,28)
2.2490217754951700052979449664	(30,29)
2.2462215040005381680411494321	(30,30)
2.5754557013948855890840389605	(31,1)
2.5754436966573792219600077513	(31,2)
2.5753627459757650918318350369	(31,3)
2.5751021023776584189524912338	(31,4)
2.5745033821689828094591113622	(31,5)
2.5733695561026883209217115234	(31,6)
2.5714764287420343617088808706	(31,7)
2.5685861369671722001040670175	(31,8)
2.5644620575275181188797125872	(31,9)
2.5588843800724334047730039566	(31,10)
2.551665495022755393202105666	(31,11)
2.5426642860835462199945405029	(31,12)
2.5317984242644081485155266008	(31,13)
2.5190538463966449908152004129	(31,14)
2.5044907680377078872944405143	(31,15)
2.4882458171871439303872378291	(31,16)
2.470530157931653660152584389	(31,17)
2.451623769604374580395684312	(31,18)
2.4318663216361444676753918265	(31,19)
2.4116453046362631705829763159	(31,20)
2.3913822211377109605268558715	(31,21)
2.371517694492146252943385865	(31,22)
2.352496324901643791155098702	(31,23)
2.334752022544243448543132985	(31,24)
2.3186944019511586195289801603	(31,25)
2.3046966549256352104840045801	(31,26)
2.2930851555174342626608367377	(31,27)
2.2841309091814398165121797401	(31,28)
2.2780428518831790758535235871	(31,29)
2.2749629391521771464072120852	(31,30)
2.6349781030485426748056101474	(32,1)
2.634964789415199980353964874	(32,2)
2.6348750127311087719249020405	(32,3)
2.6345859534595507046364505694	(32,4)
2.6339219724086197127482487229	(32,5)
2.6326646057824688186808550123	(32,6)
2.6305653426066668001257223502	(32,7)
2.6273606689799987117435986643	(32,8)
2.6227887002656131341284903092	(32,9)
2.6166065651576232702905416232	(32,10)
2.6086075774783430964748459841	(32,11)
2.5986371585411503983861411944	(32,12)
2.5866064786260281248320323552	(32,13)
2.5725028860251161848144884303	(32,14)
2.5563963884224448181626992786	(32,15)
2.5384417303070964418688503148	(32,16)
2.5188759427008950669332584172	(32,17)
2.4980115879322872084851205446	(32,18)
2.4762262391444859715278822913	(32,19)
2.4539489829896444353412903256	(32,20)
2.4316448876757558036895536627	(32,21)
2.4097984265221157816873217376	(32,22)
2.3888967955620803219731439649	(32,23)
2.3694139325462068717828648579	(32,24)
2.3517958626544379856763859477	(32,25)
2.336447794651469055916920097	(32,26)
2.3237231986629314353418022229	(32,27)
2.3139149352041365954735825153	(32,28)
2.3072483881812540118664238416	(32,29)
2.3038764874945895448247725261	(32,30)
2.6958398866232171637715173313	(33,1)
2.6958251814198770572031057722	(33,2)
2.6957260212889396744195566251	(33,3)
2.6954067520425603916930571077	(33,4)
2.6946733916566629630205873411	(33,5)
2.6932846971675627177035101196	(33,6)
2.6909663311087207230634272903	(33,7)
2.6874275633507065116833060598	(33,8)
2.6823797557683027252063755439	(33,9)
2.6755556929352729357193990085	(33,10)
2.6667286697793601059194426971	(33,11)
2.6557301584988819182310704506	(33,12)
2.6424648810877241523512640302	(33,13)
2.6269222295694840229148657152	(33,14)
2.6091832062055838196406089752	(33,15)
2.589422383551567345860889039	(33,16)
2.5679047737042325524639961921	(33,17)
2.5449778988717202120639399943	(33,18)
2.5210597191501285095348967719	(33,19)
2.4966233522110051869730229982	(33,20)
2.4721796828010685011110354496	(33,21)
2.448258997009175179784337963	(33,22)
2.4253926970445368252228540902	(33,23)
2.4040959829920702087804024735	(33,24)
2.3848521643672317234282466775	(33,25)
2.3680990239737704649195684273	(33,26)
2.3542174328420201660041382704	(33,27)
2.3435222325436745256402766504	(33,28)
2.3362552742689053899995314877	(33,29)
2.3325804371016595666305634761	(33,30)
2.7576050849778907037986084198	(34,1)
2.7575889082910284649973956465	(34,2)
2.7574798258895688686387614247	(34,3)
2.7571286123818233266527753519	(34,4)
2.7563218923751982507295611645	(34,5)
2.7547943457754028568626885066	(34,6)
2.75224435284097115941971753	(34,7)
2.7483524643893159104554677562	(34,8)
2.7428018660169563840628615195	(34,9)
2.7352997903296383052817136283	(34,10)
2.7255986512920286382300445952	(34,11)
2.7135155682509365686514973504	(34,12)
2.6989489492730457718897268545	(34,13)
2.6818909373416624642241597532	(34,14)
2.6624347918864809272868636398	(34,15)
2.6407766612420694986505971609	(34,16)
2.617211655502906871548434446	(34,17)
2.5921245950381718763737844452	(34,18)
2.5659762248985978627113648566	(34,19)
2.5392859955307041648060163301	(34,20)
2.5126126809519257372873952737	(34,21)
2.4865341270763123853012779508	(34,22)
2.4616273099651476157687231604	(34,23)
2.4384496700463159148928676546	(34,24)
2.4175224176055228203410780906	(34,25)
2.3993162218728890317405530102	(34,26)
2.3842394390558579319476475877	(34,27)
2.3726288308718738868446596615	(34,28)
2.3647425891503286597174327271	(34,29)
2.3607554170130573575346912735	(34,30)
2.8198748185779572776833029853	(35,1)
2.8198570942798505922091793181	(35,2)
2.8197375763174629570414195021	(35,3)
2.8193527665294692227396714221	(35,4)
2.818468895915876188851668233	(35,5)
2.8167953326773150782092044773	(35,6)
2.8140017930779833747310156679	(35,7)
2.8097386884265832422585990468	(35,8)
2.8036596936802894616301899409	(35,9)
2.7954453738372757841597729346	(35,10)
2.7848264931187249276591402566	(35,11)
2.7716055050103490504446148405	(35,12)
2.7556747211091052885550520217	(35,13)
2.7370298113367349708442156789	(35,14)
2.7157776011315061354143579014	(35,15)
2.6921375772317854264565999513	(35,16)
2.6664370399134755187291296015	(35,17)
2.6391003752341726987521240064	(35,18)
2.6106333913375173832477048682	(35,19)
2.5816040052838688155895996494	(35,20)
2.5526207425511577855800073919	(35,21)
2.524310512074692585660169083	(35,22)
2.4972969663811312390470245651	(35,23)
2.4721804915019636389930454413	(35,24)
2.4495205479903258875550560563	(35,25)
2.4298207550453945762465364255	(35,26)
2.413516817853971160808457708	(35,27)
2.400967173214824062606505976	(35,28)
2.3924460847691436677035520553	(35,29)
2.3881388580024432179975654166	(35,30)
2.8822829417460937214292355471	(36,1)
2.8822635985499953511519068253	(36,2)
2.8821331643842781789755047028	(36,3)
2.881713211466373505535706706	(36,4)
2.8807486411292092902656160912	(36,5)
2.8789223558578003831858122801	(36,6)
2.8758741195868702709990948191	(36,7)
2.8712228860838234297832472495	(36,8)
2.8645915928980298423837200922	(36,9)
2.8556331305193925949864276068	(36,10)
2.8440559500920095013498865438	(36,11)
2.8296476231655028312427287512	(36,12)
2.8122946644354180392889567468	(36,13)
2.7919971065720179583991346904	(36,14)
2.768876679181955740941275032	(36,15)
2.7431779606713417787258884012	(36,16)
2.7152624787441314732097511535	(36,17)
2.6855963478603973498671273242	(36,18)
2.6547325621077014334912039954	(36,19)
2.6232894369266302446722693104	(36,20)
2.5919268704496202592616678796	(36,21)
2.5613220691441107723657956231	(36,22)
2.5321461815424585408686336952	(36,23)
2.5050429609373526285779723377	(36,24)
2.4806101965211155833557732718	(36,25)
2.4593842734609224489488370478	(36,26)
2.4418278943928544526760610888	(36,27)
2.4283207490835431797924611518	(36,28)
2.4191527692127803254361990194	(36,29)
2.4145195502182045810638544805	(36,30)
2.9444922031207758536852375536	(37,1)
2.944471175650149008331016182	(37,2)
2.9443293844960758011460678884	(37,3)
2.9438728699718173020588389615	(37,4)
2.942824345915894638815507996	(37,5)
2.9408391930068950245764468519	(37,6)
2.9375260473467103161298525313	(37,7)
2.9324712095858681198350333076	(37,8)
2.925265779569876030517594377	(37,9)
2.9155340909725491032368645746	(37,10)
2.9029617349517790582083619826	(37,11)
2.8873212864415434269531397175	(37,12)
2.8684938416365679321930858834	(37,13)
2.8464846799724219116230888354	(37,14)
2.8214317828949124093573548664	(37,15)
2.7936065373909824847149100998	(37,16)
2.763406648532794248797333081	(37,17)
2.7313419817713374652205911625	(37,18)
2.6980146492388311830841568664	(37,19)
2.664095061632545056497307142	(37,20)
2.6302958422017830506112178163	(37,21)
2.5973454398831805763527974468	(37,22)
2.5659630225361118397605224319	(37,23)
2.5368358433303108950035270199	(37,24)
2.510599828724560634912525087	(37,25)
2.4878237049577363599594302426	(37,26)
2.4689966152057613978635163414	(37,27)
2.4545189141959894652769583328	(37,28)
2.4446956732967227289088939974	(37,29)
2.4397323826635855885280631228	(37,30)
3.0061909213531266472779068588	(38,1)
3.0061681512080064243545044835	(38,2)
3.0060146093277248692848429089	(38,3)
3.0055202662326043017433107849	(38,4)
3.0043848826728577069319239558	(38,5)
3.0022353766074535706182882632	(38,6)
2.9986482128916414096497428956	(38,7)
2.9931759856197467899534589072	(38,8)
2.9853770013738250642305920252	(38,9)
2.9748462941712012488605491204	(38,10)
2.9612461742499349690119899312	(38,11)
2.9443342092003719076052777445	(38,12)
2.9239865283412710988590518868	(38,13)
2.9002145758760207577237644222	(38,14)
2.8731739198618068718440059476	(38,15)
2.8431644071736620961665400044	(38,16)
2.8106217489566367840478865623	(38,17)
2.7761014082825715670732666382	(38,18)
2.7402563219685539397780923371	(38,19)
2.7038104272512903996592675692	(38,20)
2.6675301318882771259493998485	(38,21)
2.6321957662094692754058633542	(38,22)
2.5985747365202810976890417635	(38,23)
2.5673976394871053347466820257	(38,24)
2.5393380845200558502572164347	(38,25)
2.5149964848149434596474395965	(38,26)
2.4948876761400023031176899907	(38,27)
2.4794319390279824353286854305	(38,28)
2.4689488446884792767415144013	(38,29)
2.4636533096576884136279518039	(38,30)
3.0670901490020677513132932774	(39,1)
3.0670655858049215316844674307	(39,2)
3.0668999535591241595836617228	(39,3)
3.0663666891313813027306091221	(39,4)
3.065141940540055607259534429	(39,5)
3.0628233541614031100758582187	(39,6)
3.0589543310235525207841634336	(39,7)
3.0530528663481501496560258516	(39,8)
3.0446436799546598209384390831	(39,9)
3.0332919164456018090468957122	(39,10)
3.01863631810196169261707346	(39,11)
3.0004195389524236711873344715	(39,12)
2.978513258400011632004471101	(39,13)
2.952936020801317721166590111	(39,14)
2.9238622780797957324552077459	(39,15)
2.8916218917414321358693509048	(39,16)
2.8566902516849589107551370047	(39,17)
2.8196700537053291859354897176	(39,18)
2.7812665073211344334192619909	(39,19)
2.7422582141286698963569197379	(39,20)
2.7034661123396943915259707213	(39,21)
2.665722734953648178735472726	(39,22)
2.6298436389256414964641747142	(39,23)
2.596602324432668424684183467	(39,24)
2.5667093784489592479453034733	(39,25)
2.540796033991230434876275308	(39,26)
2.5194018985757862092625482794	(39,27)
2.5029663059838854258559105171	(39,28)
2.4918225911973241777196375568	(39,29)
2.4861945668359040935823350812	(39,30)
3.1269212827079538073104603918	(40,1)
3.1268948851110406975270701267	(40,2)
3.1267168837505436502333755278	(40,3)
3.1261438012834819199000062002	(40,4)
3.1248276324995404474466729917	(40,5)
3.1223360915746838216947990243	(40,6)
3.118178791866715204533963962	(40,7)
3.1118384164913767453784966641	(40,8)
3.1028054831410522182497765891	(40,9)
3.0906148224314273343028215401	(40,10)
3.074881461681717895356764395	(40,11)
3.0553333381883985812005029216	(40,12)
3.0318382537025690321952455239	(40,13)
3.0044227868347452007125994018	(40,14)
2.9732815067812617662285487151	(40,15)
2.9387757158505639463572928235	(40,16)
2.9014219644705832417897797643	(40,17)
2.8618715702370117940049335993	(40,18)
2.8208831739137518611962855126	(40,19)
2.7792908614187085853393182195	(40,20)
2.7379705179458086179856020853	(40,21)
2.6978068761456260295418416989	(40,22)
2.6596632513846000142066894556	(40,23)
2.6243553341608258451065650846	(40,24)
2.5926297489580141976959352318	(40,25)
2.5651474885102116112861547265	(40,26)
2.5424718595692811038780936443	(40,27)
2.5250602632726288827869932195	(40,28)
2.5132589829754507058149610874	(40,29)
2.5073001472743506750105065548	(40,30)
3.1854340713141249135205306815	(41,1)
3.1854058079503124172207465808	(41,2)
3.1852152260262040315076980652	(41,3)
3.1846016454906175235860812157	(41,4)
3.1831924989938057913448326502	(41,5)
3.1805250713674300894315437666	(41,6)
3.1760746499359198104301175683	(41,7)
3.1692880881708503013309562061	(41,8)
3.1596212789437748330148645841	(41,9)
3.1465784898767564577794574295	(41,10)
3.1297510306054278888016454088	(41,11)
3.1088524181364763661571792486	(41,12)
3.0837471921871950549156861421	(41,13)
3.0544708781186564343778651326	(41,14)
3.0212393045044203302089243043	(41,15)
2.9844464797289960003360022476	(41,16)
2.9446513714522284626734490817	(41,17)
2.9025550295022632803910964481	(41,18)
2.8589703671338008570534164742	(41,19)
2.8147874362996998879746488848	(41,20)
2.770937145002375231634048712	(41,21)
2.7283560965831065686313329337	(41,22)
2.6879546755336860518705268878	(41,23)
2.6505897911890354334761945117	(41,24)
2.6170429510768713558768999272	(41,25)
2.5880036777064946236956483464	(41,26)
2.5640577764027853709694898461	(41,27)
2.5456796380809738128134513241	(41,28)
2.5332276176405771514668325111	(41,29)
2.5269415424603506992839543637	(41,30)
3.2423949724385299933009150583	(42,1)
3.2423648227978240482997370968	(42,2)
3.242161522070561636159676652	(42,3)
3.2415069991224646941331656294	(42,4)
3.2400038585900961967023168404	(42,5)
3.2371586362676187383417513556	(42,6)
3.2324119558346559030630672945	(42,7)
3.2251745342332391618272125356	(42,8)
3.2148674222280119802965775797	(42,9)
3.2009642594853096949180901245	(42,10)
3.1830327818375224692854436629	(42,11)
3.1607724767700612822143283566	(42,12)
3.1340452673791714295907375833	(42,13)
3.1028964951944582484323137299	(42,14)
3.0675642710548144360627259461	(42,15)
3.0284763819291076665758723728	(42,16)
2.9862352117047245169111444761	(42,17)
2.9415923442521719412925085924	(42,18)
2.8954154650899587712414487544	(42,19)
2.8486507196912590824013230584	(42,20)
2.8022837675304153043823129889	(42,21)
2.7573024309304496972618182116	(42,22)
2.7146631890620419831612178683	(42,23)
2.6752629590858377442856086466	(42,24)
2.6399167860128306385165954465	(42,25)
2.6093413476949448620839347685	(42,26)
2.5841436441859149607297602255	(42,27)
2.5648139093948043891392335247	(42,28)
2.5517216498027874538770965091	(42,29)
2.5451137501551051436876940778	(42,30)
3.2975858099141478350443778369	(43,1)
3.2975537651288335307154696874	(43,2)
3.297337685860997323157765728	(43,3)
3.296642028863873774321713021	(43,4)
3.295044458161099112374076699	(43,5)
3.2920206307223268444064003603	(43,6)
3.2869763832291042825333900887	(43,7)
3.2792862128838001877627183555	(43,8)
3.2683363271747594931136959327	(43,9)
3.2535698633443852956641437227	(43,10)
3.234531274303158429357684113	(43,11)
3.2109064961568039870276094212	(43,12)
3.1825554957969604999747489627	(43,13)
3.1495342351964160076811401125	(43,14)
3.1121039834728773893997625756	(43,15)
3.0707271553167018215677617049	(43,16)
3.0260502618340055034052348191	(43,17)
2.9788758875043685481790381301	(43,18)
2.9301266284118138571348155424	(43,19)
2.8808044855083304368028757685	(43,20)
2.8319492495790994799431328835	(43,21)
2.7845989951932852059986995735	(43,22)
2.7397550524076641921257647404	(43,23)
2.6983529175439722690725502904	(43,24)
2.6612396619524961219992022912	(43,25)
2.6291576265821432273280527517	(43,26)
2.6027336247663958718391213301	(43,27)
2.5824725399951622654936915678	(43,28)
2.5687540853460780697720324945	(43,29)
2.5618315499035252276481835903	(43,30)
3.3508026881022338798125649791	(44,1)
3.3507687516245054080332224453	(44,2)
3.3505399171485414600218123729	(44,3)
3.3498032018607270064903370901	(44,4)
3.3481113786646132172194355418	(44,5)
3.3449092965046379764409720323	(44,6)
3.3395681074398985222870279521	(44,7)
3.3314262402319543431603520945	(44,8)
3.3198352825287399733646953402	(44,9)
3.304208189507713535891138835	(44,10)
3.2840665675823689938570098278	(44,11)
3.2590833586198713079433751349	(44,12)
3.2291172331432920603329246708	(44,13)
3.1942354906596383651683995464	(44,14)
3.1547232610455046806003740367	(44,15)
3.1110781839334259891893994236	(44,16)
3.0639912934353775187877689874	(44,17)
3.0143162833218824935346481817	(44,18)
2.9630304216543163979956109839	(44,19)
2.9111909548042858933964082165	(44,20)
2.8598908388508162551658302019	(44,21)
2.8102171306502769743640486415	(44,22)
2.7632145170756962841916473245	(44,23)
2.7198554514476674628080222992	(44,24)
2.6810173815456304841762320843	(44,25)
2.6474667284818613408095913497	(44,26)
2.6198486851923974209632979253	(44,27)
2.5986815666928864975530803836	(44,28)
2.584354340042129783951027676	(44,29)
2.5771260460144019166450846036	(44,30)
3.4018551234323462111971633575	(45,1)
3.4018193115896157054422943303	(45,2)
3.4015778320507455375372893115	(45,3)
3.4008004136570970769087867249	(45,4)
3.3990151569807382624168762674	(45,5)
3.3956363830007967607952918532	(45,6)
3.3900008964503690279634912815	(45,7)
3.3814114518832666256113692582	(45,8)
3.3691854712629054837372492675	(45,9)
3.3527062450644561242336154931	(45,10)
3.3314731119725386727417631533	(45,11)
3.3051466462574381907311607527	(45,12)
3.27358486543360649860770535	(45,13)
3.2368670150764734542436217652	(45,14)
3.1953025898562075965932333491	(45,15)
3.1494247739358817006013481153	(45,16)
3.099969181607764374549734876	(45,17)
3.0478403485911454845403409324	(45,18)
2.9940695888851925531656179361	(45,19)
2.9397684105102682028761654452	(45,20)
2.8860816302641047195243300696	(45,21)
2.8341437294377239794757418736	(45,22)
2.7850410289538853653354952878	(45,23)
2.739781149057680852406458946	(45,24)
2.6992701525222385210387976756	(45,25)
2.6642968937348563253689714754	(45,26)
2.6355234837619687847345009	(45,27)
2.6134804472308474749470991005	(45,28)
2.5985650611441121488289412274	(45,29)
2.591041476754285694039541462	(45,30)
3.450565358078658173733527337	(46,1)
3.4505277004933566435946645417	(46,2)
3.4502737756787828193270718188	(46,3)
3.4494562978810902601482705013	(46,4)
3.4475790888452950057521326812	(46,5)
3.4440264373712081117752828301	(46,6)
3.4381013797859887690622405112	(46,7)
3.4290716394370475763812284802	(46,8)
3.4162211611074339407422178927	(46,9)
3.398904284958211820474581247	(46,10)
3.3765987982688885310983431475	(46,11)
3.3489535935632527073326228296	(46,12)
3.3158266465307984553860795343	(46,13)
3.2773096287348572323753602308	(46,14)
3.2337366827882069810702925416	(46,15)
3.1856765571674843425247518415	(46,16)
3.1339091458939681168547249001	(46,17)
3.079389170039657804706737813	(46,18)
3.0232009704921300491519589235	(46,19)
2.9665089624003916289295536309	(46,20)
2.9105081913625259277335443958	(46,21)
2.8563787355810573005430522215	(46,22)
2.8052466218760095336193391	(46,23)
2.7581527055987295315136786301	(46,24)
2.7160298183828859496134552151	(46,25)
2.679687562622440466054939774	(46,26)
2.6498035010803180030624890539	(46,27)
2.6269191612770647220261304534	(46,28)
2.611439209336412848784241199	(46,29)
2.6036322870918494944520924533	(46,30)
3.4967678251134450533068932681	(47,1)
3.4967283649760401068183104866	(47,2)
3.4964622861544682335065973458	(47,3)
3.4956056870765916560566462181	(47,4)
3.4936386823721995147116539512	(47,5)
3.4899162442593007956779439716	(47,6)
3.4837084652429454431924808236	(47,7)
3.4742489323341692932727288875	(47,8)
3.4607890370586708803733358118	(47,9)
3.4426550785864606262419041458	(47,10)
3.4193041404870364178134653306	(47,11)
3.3903741678684345331077089944	(47,12)
3.3557236586115560418824197239	(47,13)
3.3154570434606540399952628266	(47,14)
3.2699331559441369003843314167	(47,15)
3.2197560108355063454920330346	(47,16)
3.1657491096900724280185287316	(47,17)
3.1089163050458857707363422867	(47,18)
3.0503935520836179935831511273	(47,19)
2.9913964551758652623106014307	(47,20)
2.933168344093861917205023507	(47,21)
2.8769328171947102076812603126	(47,22)
2.8238534979152642217371247899	(47,23)
2.7750024290947570487174964303	(47,24)
2.7313373060475066302541739142	(47,25)
2.6936867792706953360265357472	(47,26)
2.662742412509395606230943447	(47,27)
2.6390555615567237768912033152	(47,28)
2.6230373968125959687671455582	(47,29)
2.6149604606112097155869474274	(47,30)
3.5403087386054324855789062868	(48,1)
3.5402675327915556720829338894	(48,2)
3.5399896835016733793627735469	(48,3)
3.53909519821245941470418938	(48,4)
3.5370412358044497932667671439	(48,5)
3.5331543888925824817920368532	(48,6)
3.526672877651660984410570951	(48,7)
3.5167972997615323675318778263	(48,8)
3.5027476513151827708080996174	(48,9)
3.4838232906240512950258085219	(48,10)
3.4594615692486194297469472151	(48,11)
3.4292902568929740890564973284	(48,12)
3.3931688766974895649838310324	(48,13)
3.3512147894793374006777295064	(48,14)
3.3038113069481319916548380259	(48,15)
3.251597081081186106858400687	(48,16)
3.1954381681888336275034548074	(48,17)
3.1363860984132023946948389859	(48,18)
3.0756266394748304710768404045	(48,19)
3.0144245150974681852325236032	(48,20)
2.9540690993875303795990991356	(48,21)
2.8958252068225357422682503094	(48,22)
2.8408917914993947599610253654	(48,23)
2.79036994530667755024957953	(48,24)
2.745240286819415351753944813	(48,25)
2.706348821454629794135629476	(48,26)
2.6743996970357533219650401187	(48,27)
2.6499529695341185266335263391	(48,28)
2.6334254754318204961104144365	(48,29)
2.6250931042983947471386568155	(48,30)
3.5810457858677166972335382315	(49,1)
3.5810029048926806235133867248	(49,2)
3.5807137606353301107743690404	(49,3)
3.5797829201441609957529575407	(49,4)
3.5776455168875538050943908395	(49,5)
3.5736009211941742443130642674	(49,6)
3.566856797666574852528921605	(49,7)
3.5565821511696671210840215285	(49,8)
3.541966969994324329042803228	(49,9)
3.5222849564831295470991331093	(49,10)
3.4969548175786227868824200812	(49,11)
3.4655949467632312896197222807	(49,12)
3.4280663224545582469078766686	(49,13)
3.3844992316265990243209693049	(49,14)
3.3353009844761042630887674712	(49,15)
3.2811439018837950841612357921	(49,16)
3.2229351582485432742735259362	(49,17)
3.1617721101842707976241928063	(49,18)
3.0988881561509367029339829191	(49,19)
3.0355947324346118213292277481	(49,20)
2.9732247422046833858849535784	(49,21)
2.9130817075454320664874337985	(49,22)
2.856397514529811237283827914	(49,23)
2.8043000982044343620783557552	(49,24)
2.7577910461519040318813327961	(49,25)
2.7177320507713954442663417428	(49,26)
2.6848384760503431359062376711	(49,27)
2.6596780083087375373059346184	(49,28)
2.6426723670170644370544553184	(49,29)
2.6341002779492574670929190949	(49,30)
3.6188479023809187428461970285	(50,1)
3.6188034301874676808705258424	(50,2)
3.6185035569935309029592547907	(50,3)
3.6175381836289554204773732962	(50,4)
3.6153215245939211238367171634	(50,5)
3.6111271018735346348660706883	(50,6)
3.6041335819486791547998230891	(50,7)
3.5934800173693166296028459014	(50,8)
3.5783279994335347795688574047	(50,9)
3.557927036315510814098318688	(50,10)
3.5316783843904651762912691924	(50,11)
3.4991918773892743893238165739	(50,12)
3.4603302959705276756117884504	(50,13)
3.4152366655523842418789143068	(50,14)
3.3643415416075278133205731348	(50,15)
3.3083496037333564593933494903	(50,16)
3.248207326230985145987144614	(50,17)
3.1850556518030513401210616285	(50,18)
3.1201730613475182679097558986	(50,19)
3.0549149782254167793768075852	(50,20)
2.9906550654307526862773010023	(50,21)
2.9287328626646212198863251262	(50,22)
2.8704106793956659704578141621	(50,23)
2.8168410416980729121861312076	(50,24)
2.7690445566484096493397128046	(50,25)
2.7278969763154308274094454665	(50,26)
2.6941235739848286648088889131	(50,27)
2.6682986636892806493916227369	(50,28)
2.6508481260618272959217055492	(50,29)
2.6420530581038755646051899424	(50,30)
3.6535951128307642117678925489	(51,1)
3.653549146408594226913719414	(51,2)
3.6532391982727584739708092517	(51,3)
3.6522413974130157202297542792	(51,4)
3.6499503168502517360484923356	(51,5)
3.6456152143998726657091869896	(51,6)
3.6383875490594626245504898777	(51,7)
3.6273782971481186444684289474	(51,8)
3.611722477881832954327347504	(51,9)
3.5906470344873907648619493376	(51,10)
3.5635370639679304609443960313	(51,11)
3.5299946651109029231667305667	(51,12)
3.4898846771741054608151685577	(51,13)
3.4433624873970506653822387348	(51,14)
3.3908808682357221102020156726	(51,15)
3.3331752088832850875933226082	(51,16)
3.2712290918878070235855372341	(51,17)
3.206224429564520164577628901	(51,18)
3.1394818880756277741318580466	(51,19)
3.0723978545673231874129922257	(51,20)
3.006383751250532976531593828	(51,21)
2.9428122866157410323826250777	(51,22)
2.8829735962458259796782547535	(51,23)
2.8280425175092715701435131727	(51,24)
2.7790567476318967127747275416	(51,25)
2.7369045237015922732595268435	(51,26)
2.7023197913246174719181871902	(51,27)
2.6758825628926702429229817852	(51,28)
2.6580222235394562510236821157	(51,29)
2.6490218248139099551582130906	(51,30)
3.6851784242334221643998483482	(52,1)
3.6851310730717767965058738574	(52,2)
3.6848117882610192295850084206	(52,3)
3.6837839364452879354505380196	(52,4)
3.6814238904600497013689179909	(52,5)
3.6769584293083755801509502863	(52,6)
3.6695138179411323408454946152	(52,7)
3.6581750569162332976710319171	(52,8)
3.6420526209648496127061148481	(52,9)
3.6203526740366710219251289559	(52,10)
3.5924455323188542228993581987	(52,11)
3.5579263850432157705454178501	(52,12)
3.516662290995041580656507461	(52,13)
3.4688204327129052975353716103	(52,14)
3.4148744998643188945141904971	(52,15)
3.3555886118167593661274773714	(52,16)
3.2919809078712447912871858475	(52,17)
3.2252712954194869494711855551	(52,18)
3.1568194011539839199786480069	(52,19)
3.088059278000578485853953912	(52,20)
3.0204368986192410906071440341	(52,21)
2.9553551544138575700051570109	(52,22)
2.8941293402514817273138120734	(52,23)
2.8379543132177998855627074847	(52,24)
2.7878829636121777288855816031	(52,25)
2.7448145001656324296492798843	(52,26)
2.7094903793327027760156002893	(52,27)
2.6824954590891051936077941525	(52,28)
2.6642620392629418177228576416	(52,29)
2.6550747582949485275048172902	(52,30)
3.7134997593142383929470319742	(53,1)
3.713451144691680126735532543	(53,2)
3.7131233409561422973577842966	(53,3)
3.7120680704658726532048970496	(53,4)
3.709645101607429133659200308	(53,5)
3.705060709485012170520499541	(53,6)
3.6974181880551510879478182235	(53,7)
3.685778873086623484753206471	(53,8)
3.6692309114978335527153392	(53,9)
3.6469616177971123042062564188	(53,10)
3.6183279834124862881710191074	(53,11)
3.5829191076228104316289426191	(53,12)
3.5406043323277099119386701638	(53,13)
3.4915618822120332826801526067	(53,14)
3.4362848017171261623299640503	(53,15)
3.3755636449018138027002476994	(53,16)
3.3104482154871653466811417093	(53,17)
3.2421931059197132682492117142	(53,18)
3.1721933756991409957495756919	(53,19)
3.1019171956212962415733206129	(53,20)
3.0328416952371841544835666732	(53,21)
2.9663968464907261178760744368	(53,22)
2.9039203839743858956336117282	(53,23)
2.8466248937747909357703862819	(53,24)
2.7955766031609801889768608012	(53,25)
2.7516842456149466540538849075	(53,26)
2.7156957049514796245342225725	(53,27)
2.6881999091519612608147142883	(53,28)
2.6696315493902777495839199208	(53,29)
2.6602765316698490995066446241	(53,30)
3.7384719201969212903543272286	(54,1)
3.7384221743151427016787572532	(54,2)
3.7380867430476913146628135021	(54,3)
3.7370069231072190353461084596	(54,4)
3.7345276172172370791006864222	(54,5)
3.7298367469611028539494085725	(54,6)
3.7220170521299567320468917618	(54,7)
3.7101087087623883686658866575	(54,8)
3.69317992606635819167059366	(54,9)
3.6704012296827662864027275351	(54,10)
3.6411178100640993481135965015	(54,11)
3.6049134855205604328745293875	(54,12)
3.5616598484025526568050261699	(54,13)
3.5115452332995208889695736456	(54,14)
3.4550802282623841694266841917	(54,15)
3.3930792301444161699757315942	(54,16)
3.3266204979794978379838599974	(54,17)
3.2569896904887785160001834379	(54,18)
3.1856134966643034911096511628	(54,19)
3.1139904334679660850511186627	(54,20)
3.0436252321517184192001607338	(54,21)
2.9759717453602557191448151416	(54,22)
2.912387389440526148744465614	(54,23)
2.8541001992172614762193484128	(54,24)
2.8021879291436876181318031802	(54,25)
2.7575674589654112282652537402	(54,26)
2.7209920938509370483733567986	(54,27)
2.693054131513422472210809666	(54,28)
2.6741901952458327557193448341	(54,29)
2.6646871856029510013035449921	(54,30)
3.7600185740915618276752447398	(55,1)
3.759967839062778585150388929	(55,2)
3.7596257384715976071348307868	(55,3)
3.758524453275217384420856062	(55,4)
3.7559958890709743138404303583	(55,5)
3.7512119233648799558352817792	(55,6)
3.743237334070110943608367475	(55,7)
3.7310938178812096737924149342	(55,8)
3.7138321923356182030174930901	(55,9)
3.6906083711134523888450759559	(55,10)
3.6607573256413915019651120487	(55,11)
3.6238583883941440252615048331	(55,12)
3.5797852773423442827926259273	(55,13)
3.5287353373576102824630475608	(55,14)
3.4712346590647869839085555118	(55,15)
3.4081186185475063202508962615	(55,16)
3.3404904330131253284169396635	(55,17)
3.2696629303696234457624284926	(55,18)
3.1970903799941502825979069438	(55,19)
3.1242976765502030725656117545	(55,20)
3.0528134588291871138842529958	(55,21)
2.9841121802103942866367841813	(55,22)
2.9195681541712467165709514089	(55,23)
2.860422600999795911889782098	(55,24)
2.8077630409959396638270059973	(55,25)
2.7625131889131113998823185865	(55,26)
2.7254308394815766064372348569	(55,27)
2.6971110309854401678216265346	(55,28)
2.677991919638158832696475425	(55,29)
2.6683611706622920284212325322	(55,30)
3.7780742540797024945280242271	(56,1)
3.7780226807797097054894953587	(56,2)
3.7776749281553801989356963477	(56,3)
3.776555451983010019107794823	(56,4)
3.7739851439767598393635453597	(56,5)
3.7691222875627368699127417297	(56,6)
3.7610164459421537901275089744	(56,7)
3.7486736712951567777838934976	(56,8)
3.7311300723266143218093495347	(56,9)
3.7075292287691459428879295199	(56,10)
3.6771975238813082806574995105	(56,11)
3.6397105839498132173849810429	(56,12)
3.5949440425341365274056453925	(56,13)
3.5431030034363186074713734422	(56,14)
3.4847268123900279211944343611	(56,15)
3.4206687189123869768491668217	(56,16)
3.3520531461762795502242271218	(56,17)
3.2802159496014306120666051274	(56,18)
3.2066347158470066764895707028	(56,19)
3.1328565796980902202269527196	(56,20)
3.060430276322064186765373262	(56,21)
2.9908475153212685084489541148	(56,22)
2.9254967052844974310163754466	(56,23)
2.8656300093091447447398538221	(56,24)
2.8123429997903746782033010524	(56,25)
2.7665649784595340087547906202	(56,26)
2.7290573662662663010197694903	(56,27)
2.7004173777705865747762131009	(56,28)
2.6810843572836541502285064524	(56,29)
2.6713465437093666000062273381	(56,30)
3.792584369318504126211051348	(57,1)
3.7925321161198265926192494551	(57,2)
3.7921797792941792517262353853	(57,3)
3.7910455490285726499966221264	(57,4)
3.7884413845003404220359974936	(57,5)
3.7835145452137024353499470703	(57,6)
3.7753022591134527193407805839	(57,7)
3.7627979003798213864406911502	(57,8)
3.7450256679492341824181362771	(57,9)
3.7211191708276160099791424845	(57,10)
3.69039787496479593308185527	(57,11)
3.6524344645127636473698069392	(57,12)
3.6071062030307618825806585966	(57,13)
3.5546245694310085663419894671	(57,14)
3.4955397382518907468374374197	(57,15)
3.4307195180345577692792060355	(57,16)
3.3613055673122866507861278744	(57,17)
3.2886524192745758040120841218	(57,18)
3.2142565341818364804027232996	(57,19)
3.1396830082537953727653004954	(57,20)
3.0664967660435998839627093843	(57,21)
2.9962033781814587876468256337	(57,22)
2.9302025358680372206321456959	(57,23)
2.8697551239543235942509879544	(57,24)
2.8159630972114044290962337343	(57,25)
2.7697601530230995472181227652	(57,26)
2.7319105357063072795769992231	(57,27)
2.7030131286313464352502823108	(57,28)
2.6835081667617896016263274985	(57,29)
2.6736843054695144966749754239	(57,30)
3.8035052200559575615676317222	(58,1)
3.8034524514576356370480629609	(58,2)
3.8030966395658856175179727652	(58,3)
3.8019512249700168982947474184	(58,4)
3.7993213958152369931351081313	(58,5)
3.7943460559895573364267023517	(58,6)
3.7860530856125748048143894945	(58,7)
3.7734262547041307976253168141	(58,8)
3.75548074594360940092284225	(58,9)
3.7313426296025330516593805111	(58,10)
3.7003261566398466308488957447	(58,11)
3.662001818810526490608940959	(58,12)
3.6162481605521819465018096328	(58,13)
3.5632815420340752245673588469	(58,14)
3.5036603926596607266939085259	(58,15)
3.4382635941983550767549057041	(58,16)
3.3682458913624162883893500407	(58,17)
3.2949759761479791068482557457	(58,18)
3.2199645928556808256673885094	(58,19)
3.1447904075366820576510776515	(58,20)
3.0710305516771909583756916381	(58,21)
3.0002010233298385855834527077	(58,22)
2.9337099781464135905765468124	(58,23)
2.8728248219204852299735041047	(58,24)
2.8186522602261359874723535037	(58,25)
2.7721292428023156589769857784	(58,26)
2.7340220851498311505252411604	(58,27)
2.7049308792705916930404130845	(58,28)
2.6852964925888317971747592843	(58,29)
2.6754078676365769315726191667	(58,30)
3.8108040137937668948944997117	(59,1)
3.8107508989661496970361891291	(59,2)
3.8103927526361537150485962233	(59,3)
3.8092398247889823783498533785	(59,4)
3.8065927551526265579118217082	(59,5)
3.8015848351094420328658717052	(59,6)
3.7932376666333915723148990345	(59,7)
3.7805285710824735065982559381	(59,8)
3.7624666800848349327319421631	(59,9)
3.7381730090930114179487343266	(59,10)
3.7069583196465190893530813568	(59,11)
3.6683916489927142569015851644	(59,12)
3.622352423827374062986049993	(59,13)
3.5690603067782623915085195072	(59,14)
3.5090792947361073753973077874	(59,15)
3.4432957257046337007294566597	(59,16)
3.3728731451945875561308181916	(59,17)
3.2991897565212830546518278156	(59,18)
3.2237658882534243130606116189	(59,19)
3.1481893000064831332011896605	(59,20)
3.0740452918985324299535535695	(59,21)
3.0028568282874870714235364358	(59,22)
2.9360377085025134942835173368	(59,23)
2.8748596754182628775510686448	(59,24)
2.8204325841780860858718719418	(59,25)
2.773695531170120529077605848	(59,26)
2.7354161902335248899080219203	(59,27)
2.706195438354602422743902431	(59,28)
2.6864745474546676685166242295	(59,29)
2.676542639363191793637660065	(59,30)
3.81445887977967368568979591	(60,1)
3.8144055910441028875667771787	(60,2)
3.8140462721467620614261298888	(60,3)
3.8128895704682686498758845728	(60,4)
3.8102338411516007802977246622	(60,5)
3.8052095566284202722259121509	(60,6)
3.7968351658476998504772481075	(60,7)
3.7840847520026065078534873974	(60,8)
3.7659644090823799506578092743	(60,9)
3.7415926164122153510506045596	(60,10)
3.7102783870154389850348832035	(60,11)
3.6715900330790349986562106161	(60,12)
3.6254074310389240310015330208	(60,13)
3.5719519093804734513356417029	(60,14)
3.5117902681696844751621673901	(60,15)
3.4458125959065244264552663845	(60,16)
3.3751868616353615070752646162	(60,17)
3.3012960460569186204493121391	(60,18)
3.2256652883900955662308712733	(60,19)
3.1498869091311497125949139264	(60,20)
3.0755503018706866881657847903	(60,21)
3.0041819184487103226732419361	(60,22)
2.9371983801495601740458326031	(60,23)
2.875873595220786825228024374	(60,24)
2.8213189881999407688342951142	(60,25)
2.7744747222326533295112671076	(60,26)
2.7361091435150931354314693547	(60,27)
2.7068235152336793229724360935	(60,28)
2.687059306370295016764551383	(60,29)
2.6771057247309857347639703596	(60,30)