kdd1123_(sigma,mu)
0.e-30	(1,1)
0.e-30	(1,2)
0.e-30	(1,3)
0.e-30	(1,4)
0.e-30	(1,5)
0.e-30	(1,6)
0.e-30	(1,7)
0.e-30	(1,8)
0.e-30	(1,9)
0.e-30	(1,10)
0.e-30	(1,11)
0.e-30	(1,12)
0.e-30	(1,13)
0.e-30	(1,14)
0.e-30	(1,15)
0.e-30	(1,16)
0.e-30	(1,17)
0.e-30	(1,18)
0.e-30	(1,19)
0.e-30	(1,20)
0.e-30	(1,21)
0.e-30	(1,22)
0.e-30	(1,23)
0.e-30	(1,24)
0.e-30	(1,25)
0.e-30	(1,26)
0.e-30	(1,27)
0.e-30	(1,28)
0.e-30	(1,29)
0.e-30	(1,30)
0.e-30	(2,1)
0.e-30	(2,2)
0.e-30	(2,3)
0.e-30	(2,4)
0.e-30	(2,5)
0.e-30	(2,6)
0.e-30	(2,7)
0.e-30	(2,8)
0.e-30	(2,9)
0.e-30	(2,10)
0.e-30	(2,11)
0.e-30	(2,12)
0.e-30	(2,13)
0.e-30	(2,14)
0.e-30	(2,15)
0.e-30	(2,16)
0.e-30	(2,17)
0.e-30	(2,18)
0.e-30	(2,19)
0.e-30	(2,20)
0.e-30	(2,21)
0.e-30	(2,22)
0.e-30	(2,23)
0.e-30	(2,24)
0.e-30	(2,25)
0.e-30	(2,26)
0.e-30	(2,27)
0.e-30	(2,28)
0.e-30	(2,29)
0.e-30	(2,30)
0.e-30	(3,1)
0.e-30	(3,2)
0.e-30	(3,3)
0.e-30	(3,4)
0.e-30	(3,5)
0.e-30	(3,6)
0.e-30	(3,7)
0.e-30	(3,8)
0.e-30	(3,9)
0.e-30	(3,10)
0.e-30	(3,11)
0.e-30	(3,12)
0.e-30	(3,13)
0.e-30	(3,14)
0.e-30	(3,15)
0.e-30	(3,16)
0.e-30	(3,17)
0.e-30	(3,18)
0.e-30	(3,19)
0.e-30	(3,20)
0.e-30	(3,21)
0.e-30	(3,22)
0.e-30	(3,23)
0.e-30	(3,24)
0.e-30	(3,25)
0.e-30	(3,26)
0.e-30	(3,27)
0.e-30	(3,28)
0.e-30	(3,29)
0.e-30	(3,30)
0.e-30	(4,1)
0.e-30	(4,2)
0.e-30	(4,3)
0.e-30	(4,4)
0.e-30	(4,5)
0.e-30	(4,6)
0.e-30	(4,7)
0.e-30	(4,8)
0.e-30	(4,9)
0.e-30	(4,10)
0.e-30	(4,11)
0.e-30	(4,12)
0.e-30	(4,13)
0.e-30	(4,14)
0.e-30	(4,15)
0.e-30	(4,16)
0.e-30	(4,17)
0.e-30	(4,18)
0.e-30	(4,19)
0.e-30	(4,20)
0.e-30	(4,21)
0.e-30	(4,22)
0.e-30	(4,23)
0.e-30	(4,24)
0.e-30	(4,25)
0.e-30	(4,26)
0.e-30	(4,27)
0.e-30	(4,28)
0.e-30	(4,29)
0.e-30	(4,30)
0.e-30	(5,1)
0.e-30	(5,2)
0.e-30	(5,3)
0.e-30	(5,4)
0.e-30	(5,5)
0.e-30	(5,6)
0.e-30	(5,7)
0.e-30	(5,8)
0.e-30	(5,9)
0.e-30	(5,10)
0.e-30	(5,11)
0.e-30	(5,12)
0.e-30	(5,13)
0.e-30	(5,14)
0.e-30	(5,15)
0.e-30	(5,16)
0.e-30	(5,17)
0.e-30	(5,18)
0.e-30	(5,19)
0.e-30	(5,20)
0.e-30	(5,21)
0.e-30	(5,22)
0.e-30	(5,23)
0.e-30	(5,24)
0.e-30	(5,25)
0.e-30	(5,26)
0.e-30	(5,27)
0.e-30	(5,28)
0.e-30	(5,29)
0.e-30	(5,30)
0.e-30	(6,1)
0.e-30	(6,2)
0.e-30	(6,3)
0.e-30	(6,4)
0.e-30	(6,5)
0.e-30	(6,6)
0.e-30	(6,7)
0.e-30	(6,8)
0.e-30	(6,9)
0.e-30	(6,10)
0.e-30	(6,11)
0.e-30	(6,12)
0.e-30	(6,13)
0.e-30	(6,14)
0.e-30	(6,15)
0.e-30	(6,16)
0.e-30	(6,17)
0.e-30	(6,18)
0.e-30	(6,19)
0.e-30	(6,20)
0.e-30	(6,21)
0.e-30	(6,22)
0.e-30	(6,23)
0.e-30	(6,24)
0.e-30	(6,25)
0.e-30	(6,26)
0.e-30	(6,27)
0.e-30	(6,28)
0.e-30	(6,29)
0.e-30	(6,30)
0.e-30	(7,1)
0.e-30	(7,2)
0.e-30	(7,3)
0.e-30	(7,4)
0.e-30	(7,5)
0.e-30	(7,6)
0.e-30	(7,7)
0.e-30	(7,8)
0.e-30	(7,9)
0.e-30	(7,10)
0.e-30	(7,11)
0.e-30	(7,12)
0.e-30	(7,13)
0.e-30	(7,14)
0.e-30	(7,15)
0.e-30	(7,16)
0.e-30	(7,17)
0.e-30	(7,18)
0.e-30	(7,19)
0.e-30	(7,20)
0.e-30	(7,21)
0.e-30	(7,22)
0.e-30	(7,23)
0.e-30	(7,24)
0.e-30	(7,25)
0.e-30	(7,26)
0.e-30	(7,27)
0.e-30	(7,28)
0.e-30	(7,29)
0.e-30	(7,30)
0.e-30	(8,1)
0.e-30	(8,2)
0.e-30	(8,3)
0.e-30	(8,4)
0.e-30	(8,5)
0.e-30	(8,6)
0.e-30	(8,7)
0.e-30	(8,8)
0.e-30	(8,9)
0.e-30	(8,10)
0.e-30	(8,11)
0.e-30	(8,12)
0.e-30	(8,13)
0.e-30	(8,14)
0.e-30	(8,15)
0.e-30	(8,16)
0.e-30	(8,17)
0.e-30	(8,18)
0.e-30	(8,19)
0.e-30	(8,20)
0.e-30	(8,21)
0.e-30	(8,22)
0.e-30	(8,23)
0.e-30	(8,24)
0.e-30	(8,25)
0.e-30	(8,26)
0.e-30	(8,27)
0.e-30	(8,28)
0.e-30	(8,29)
0.e-30	(8,30)
0.e-30	(9,1)
0.e-30	(9,2)
0.e-30	(9,3)
0.e-30	(9,4)
0.e-30	(9,5)
0.e-30	(9,6)
0.e-30	(9,7)
0.e-30	(9,8)
0.e-30	(9,9)
0.e-30	(9,10)
0.e-30	(9,11)
0.e-30	(9,12)
0.e-30	(9,13)
0.e-30	(9,14)
0.e-30	(9,15)
0.e-30	(9,16)
0.e-30	(9,17)
0.e-30	(9,18)
0.e-30	(9,19)
0.e-30	(9,20)
0.e-30	(9,21)
0.e-30	(9,22)
0.e-30	(9,23)
0.e-30	(9,24)
0.e-30	(9,25)
0.e-30	(9,26)
0.e-30	(9,27)
0.e-30	(9,28)
0.e-30	(9,29)
0.e-30	(9,30)
0.e-30	(10,1)
0.e-30	(10,2)
0.e-30	(10,3)
0.e-30	(10,4)
0.e-30	(10,5)
0.e-30	(10,6)
0.e-30	(10,7)
0.e-30	(10,8)
0.e-30	(10,9)
0.e-30	(10,10)
0.e-30	(10,11)
0.e-30	(10,12)
0.e-30	(10,13)
0.e-30	(10,14)
0.e-30	(10,15)
0.e-30	(10,16)
0.e-30	(10,17)
0.e-30	(10,18)
0.e-30	(10,19)
0.e-30	(10,20)
0.e-30	(10,21)
0.e-30	(10,22)
0.e-30	(10,23)
0.e-30	(10,24)
0.e-30	(10,25)
0.e-30	(10,26)
0.e-30	(10,27)
0.e-30	(10,28)
0.e-30	(10,29)
0.e-30	(10,30)
0.e-30	(11,1)
0.e-30	(11,2)
0.e-30	(11,3)
0.e-30	(11,4)
0.e-30	(11,5)
0.e-30	(11,6)
0.e-30	(11,7)
0.e-30	(11,8)
0.e-30	(11,9)
0.e-30	(11,10)
0.e-30	(11,11)
0.e-30	(11,12)
0.e-30	(11,13)
0.e-30	(11,14)
0.e-30	(11,15)
0.e-30	(11,16)
0.e-30	(11,17)
0.e-30	(11,18)
0.e-30	(11,19)
0.e-30	(11,20)
0.e-30	(11,21)
0.e-30	(11,22)
0.e-30	(11,23)
0.e-30	(11,24)
0.e-30	(11,25)
0.e-30	(11,26)
0.e-30	(11,27)
0.e-30	(11,28)
0.e-30	(11,29)
0.e-30	(11,30)
0.e-30	(12,1)
0.e-30	(12,2)
0.e-30	(12,3)
0.e-30	(12,4)
0.e-30	(12,5)
0.e-30	(12,6)
0.e-30	(12,7)
0.e-30	(12,8)
0.e-30	(12,9)
0.e-30	(12,10)
0.e-30	(12,11)
0.e-30	(12,12)
0.e-30	(12,13)
0.e-30	(12,14)
0.e-30	(12,15)
0.e-30	(12,16)
0.e-30	(12,17)
0.e-30	(12,18)
0.e-30	(12,19)
0.e-30	(12,20)
0.e-30	(12,21)
0.e-30	(12,22)
0.e-30	(12,23)
0.e-30	(12,24)
0.e-30	(12,25)
0.e-30	(12,26)
0.e-30	(12,27)
0.e-30	(12,28)
0.e-30	(12,29)
0.e-30	(12,30)
0.e-30	(13,1)
0.e-30	(13,2)
0.e-30	(13,3)
0.e-30	(13,4)
0.e-30	(13,5)
0.e-30	(13,6)
0.e-30	(13,7)
0.e-30	(13,8)
0.e-30	(13,9)
0.e-30	(13,10)
0.e-30	(13,11)
0.e-30	(13,12)
0.e-30	(13,13)
0.e-30	(13,14)
0.e-30	(13,15)
0.e-30	(13,16)
0.e-30	(13,17)
0.e-30	(13,18)
0.e-30	(13,19)
0.e-30	(13,20)
0.e-30	(13,21)
0.e-30	(13,22)
0.e-30	(13,23)
0.e-30	(13,24)
0.e-30	(13,25)
0.e-30	(13,26)
0.e-30	(13,27)
0.e-30	(13,28)
0.e-30	(13,29)
0.e-30	(13,30)
0.e-30	(14,1)
0.e-30	(14,2)
0.e-30	(14,3)
0.e-30	(14,4)
0.e-30	(14,5)
0.e-30	(14,6)
0.e-30	(14,7)
0.e-30	(14,8)
0.e-30	(14,9)
0.e-30	(14,10)
0.e-30	(14,11)
0.e-30	(14,12)
0.e-30	(14,13)
0.e-30	(14,14)
0.e-30	(14,15)
0.e-30	(14,16)
0.e-30	(14,17)
0.e-30	(14,18)
0.e-30	(14,19)
0.e-30	(14,20)
0.e-30	(14,21)
0.e-30	(14,22)
0.e-30	(14,23)
0.e-30	(14,24)
0.e-30	(14,25)
0.e-30	(14,26)
0.e-30	(14,27)
0.e-30	(14,28)
0.e-30	(14,29)
0.e-30	(14,30)
0.e-30	(15,1)
0.e-30	(15,2)
0.e-30	(15,3)
0.e-30	(15,4)
0.e-30	(15,5)
0.e-30	(15,6)
0.e-30	(15,7)
0.e-30	(15,8)
0.e-30	(15,9)
0.e-30	(15,10)
0.e-30	(15,11)
0.e-30	(15,12)
0.e-30	(15,13)
0.e-30	(15,14)
0.e-30	(15,15)
0.e-30	(15,16)
0.e-30	(15,17)
0.e-30	(15,18)
0.e-30	(15,19)
0.e-30	(15,20)
0.e-30	(15,21)
0.e-30	(15,22)
0.e-30	(15,23)
0.e-30	(15,24)
0.e-30	(15,25)
0.e-30	(15,26)
0.e-30	(15,27)
0.e-30	(15,28)
0.e-30	(15,29)
0.e-30	(15,30)
0.e-30	(16,1)
0.e-30	(16,2)
0.e-30	(16,3)
0.e-30	(16,4)
0.e-30	(16,5)
0.e-30	(16,6)
0.e-30	(16,7)
0.e-30	(16,8)
0.e-30	(16,9)
0.e-30	(16,10)
0.e-30	(16,11)
0.e-30	(16,12)
0.e-30	(16,13)
0.e-30	(16,14)
0.e-30	(16,15)
0.e-30	(16,16)
0.e-30	(16,17)
0.e-30	(16,18)
0.e-30	(16,19)
0.e-30	(16,20)
0.e-30	(16,21)
0.e-30	(16,22)
0.e-30	(16,23)
0.e-30	(16,24)
0.e-30	(16,25)
0.e-30	(16,26)
0.e-30	(16,27)
0.e-30	(16,28)
0.e-30	(16,29)
0.e-30	(16,30)
0.e-30	(17,1)
0.e-30	(17,2)
0.e-30	(17,3)
0.e-30	(17,4)
0.e-30	(17,5)
0.e-30	(17,6)
0.e-30	(17,7)
0.e-30	(17,8)
0.e-30	(17,9)
0.e-30	(17,10)
0.e-30	(17,11)
0.e-30	(17,12)
0.e-30	(17,13)
0.e-30	(17,14)
0.e-30	(17,15)
0.e-30	(17,16)
0.e-30	(17,17)
0.e-30	(17,18)
0.e-30	(17,19)
0.e-30	(17,20)
0.e-30	(17,21)
0.e-30	(17,22)
0.e-30	(17,23)
0.e-30	(17,24)
0.e-30	(17,25)
0.e-30	(17,26)
0.e-30	(17,27)
0.e-30	(17,28)
0.e-30	(17,29)
0.e-30	(17,30)
0.e-30	(18,1)
0.e-30	(18,2)
0.e-30	(18,3)
0.e-30	(18,4)
0.e-30	(18,5)
0.e-30	(18,6)
0.e-30	(18,7)
0.e-30	(18,8)
0.e-30	(18,9)
0.e-30	(18,10)
0.e-30	(18,11)
0.e-30	(18,12)
0.e-30	(18,13)
0.e-30	(18,14)
0.e-30	(18,15)
0.e-30	(18,16)
0.e-30	(18,17)
0.e-30	(18,18)
0.e-30	(18,19)
0.e-30	(18,20)
0.e-30	(18,21)
0.e-30	(18,22)
0.e-30	(18,23)
0.e-30	(18,24)
0.e-30	(18,25)
0.e-30	(18,26)
0.e-30	(18,27)
0.e-30	(18,28)
0.e-30	(18,29)
0.e-30	(18,30)
0.e-30	(19,1)
0.e-30	(19,2)
0.e-30	(19,3)
0.e-30	(19,4)
0.e-30	(19,5)
0.e-30	(19,6)
0.e-30	(19,7)
0.e-30	(19,8)
0.e-30	(19,9)
0.e-30	(19,10)
0.e-30	(19,11)
0.e-30	(19,12)
0.e-30	(19,13)
0.e-30	(19,14)
0.e-30	(19,15)
0.e-30	(19,16)
0.e-30	(19,17)
0.e-30	(19,18)
0.e-30	(19,19)
0.e-30	(19,20)
0.e-30	(19,21)
0.e-30	(19,22)
0.e-30	(19,23)
0.e-30	(19,24)
0.e-30	(19,25)
0.e-30	(19,26)
0.e-30	(19,27)
0.e-30	(19,28)
0.e-30	(19,29)
0.e-30	(19,30)
0.e-30	(20,1)
0.e-30	(20,2)
0.e-30	(20,3)
0.e-30	(20,4)
0.e-30	(20,5)
0.e-30	(20,6)
0.e-30	(20,7)
0.e-30	(20,8)
0.e-30	(20,9)
0.e-30	(20,10)
0.e-30	(20,11)
0.e-30	(20,12)
0.e-30	(20,13)
0.e-30	(20,14)
0.e-30	(20,15)
0.e-30	(20,16)
0.e-30	(20,17)
0.e-30	(20,18)
0.e-30	(20,19)
0.e-30	(20,20)
0.e-30	(20,21)
0.e-30	(20,22)
0.e-30	(20,23)
0.e-30	(20,24)
0.e-30	(20,25)
0.e-30	(20,26)
0.e-30	(20,27)
0.e-30	(20,28)
0.e-30	(20,29)
0.e-30	(20,30)
0.e-30	(21,1)
0.e-30	(21,2)
0.e-30	(21,3)
0.e-30	(21,4)
0.e-30	(21,5)
0.e-30	(21,6)
0.e-30	(21,7)
0.e-30	(21,8)
0.e-30	(21,9)
0.e-30	(21,10)
0.e-30	(21,11)
0.e-30	(21,12)
0.e-30	(21,13)
0.e-30	(21,14)
0.e-30	(21,15)
0.e-30	(21,16)
0.e-30	(21,17)
0.e-30	(21,18)
0.e-30	(21,19)
0.e-30	(21,20)
0.e-30	(21,21)
0.e-30	(21,22)
0.e-30	(21,23)
0.e-30	(21,24)
0.e-30	(21,25)
0.e-30	(21,26)
0.e-30	(21,27)
0.e-30	(21,28)
0.e-30	(21,29)
0.e-30	(21,30)
0.e-30	(22,1)
0.e-30	(22,2)
0.e-30	(22,3)
0.e-30	(22,4)
0.e-30	(22,5)
0.e-30	(22,6)
0.e-30	(22,7)
0.e-30	(22,8)
0.e-30	(22,9)
0.e-30	(22,10)
0.e-30	(22,11)
0.e-30	(22,12)
0.e-30	(22,13)
0.e-30	(22,14)
0.e-30	(22,15)
0.e-30	(22,16)
0.e-30	(22,17)
0.e-30	(22,18)
0.e-30	(22,19)
0.e-30	(22,20)
0.e-30	(22,21)
0.e-30	(22,22)
0.e-30	(22,23)
0.e-30	(22,24)
0.e-30	(22,25)
0.e-30	(22,26)
0.e-30	(22,27)
0.e-30	(22,28)
0.e-30	(22,29)
0.e-30	(22,30)
0.e-30	(23,1)
0.e-30	(23,2)
0.e-30	(23,3)
0.e-30	(23,4)
0.e-30	(23,5)
0.e-30	(23,6)
0.e-30	(23,7)
0.e-30	(23,8)
0.e-30	(23,9)
0.e-30	(23,10)
0.e-30	(23,11)
0.e-30	(23,12)
0.e-30	(23,13)
0.e-30	(23,14)
0.e-30	(23,15)
0.e-30	(23,16)
0.e-30	(23,17)
0.e-30	(23,18)
0.e-30	(23,19)
0.e-30	(23,20)
0.e-30	(23,21)
0.e-30	(23,22)
0.e-30	(23,23)
0.e-30	(23,24)
0.e-30	(23,25)
0.e-30	(23,26)
0.e-30	(23,27)
0.e-30	(23,28)
0.e-30	(23,29)
0.e-30	(23,30)
0.e-30	(24,1)
0.e-30	(24,2)
0.e-30	(24,3)
0.e-30	(24,4)
0.e-30	(24,5)
0.e-30	(24,6)
0.e-30	(24,7)
0.e-30	(24,8)
0.e-30	(24,9)
0.e-30	(24,10)
0.e-30	(24,11)
0.e-30	(24,12)
0.e-30	(24,13)
0.e-30	(24,14)
0.e-30	(24,15)
0.e-30	(24,16)
0.e-30	(24,17)
0.e-30	(24,18)
0.e-30	(24,19)
0.e-30	(24,20)
0.e-30	(24,21)
0.e-30	(24,22)
0.e-30	(24,23)
0.e-30	(24,24)
0.e-30	(24,25)
0.e-30	(24,26)
0.e-30	(24,27)
0.e-30	(24,28)
0.e-30	(24,29)
0.e-30	(24,30)
0.e-30	(25,1)
0.e-30	(25,2)
0.e-30	(25,3)
0.e-30	(25,4)
0.e-30	(25,5)
0.e-30	(25,6)
0.e-30	(25,7)
0.e-30	(25,8)
0.e-30	(25,9)
0.e-30	(25,10)
0.e-30	(25,11)
0.e-30	(25,12)
0.e-30	(25,13)
0.e-30	(25,14)
0.e-30	(25,15)
0.e-30	(25,16)
0.e-30	(25,17)
0.e-30	(25,18)
0.e-30	(25,19)
0.e-30	(25,20)
0.e-30	(25,21)
0.e-30	(25,22)
0.e-30	(25,23)
0.e-30	(25,24)
0.e-30	(25,25)
0.e-30	(25,26)
0.e-30	(25,27)
0.e-30	(25,28)
0.e-30	(25,29)
0.e-30	(25,30)
0.e-30	(26,1)
0.e-30	(26,2)
0.e-30	(26,3)
0.e-30	(26,4)
0.e-30	(26,5)
0.e-30	(26,6)
0.e-30	(26,7)
0.e-30	(26,8)
0.e-30	(26,9)
0.e-30	(26,10)
0.e-30	(26,11)
0.e-30	(26,12)
0.e-30	(26,13)
0.e-30	(26,14)
0.e-30	(26,15)
0.e-30	(26,16)
0.e-30	(26,17)
0.e-30	(26,18)
0.e-30	(26,19)
0.e-30	(26,20)
0.e-30	(26,21)
0.e-30	(26,22)
0.e-30	(26,23)
0.e-30	(26,24)
0.e-30	(26,25)
0.e-30	(26,26)
0.e-30	(26,27)
0.e-30	(26,28)
0.e-30	(26,29)
0.e-30	(26,30)
0.e-30	(27,1)
0.e-30	(27,2)
0.e-30	(27,3)
0.e-30	(27,4)
0.e-30	(27,5)
0.e-30	(27,6)
0.e-30	(27,7)
0.e-30	(27,8)
0.e-30	(27,9)
0.e-30	(27,10)
0.e-30	(27,11)
0.e-30	(27,12)
0.e-30	(27,13)
0.e-30	(27,14)
0.e-30	(27,15)
0.e-30	(27,16)
0.e-30	(27,17)
0.e-30	(27,18)
0.e-30	(27,19)
0.e-30	(27,20)
0.e-30	(27,21)
0.e-30	(27,22)
0.e-30	(27,23)
0.e-30	(27,24)
0.e-30	(27,25)
0.e-30	(27,26)
0.e-30	(27,27)
0.e-30	(27,28)
0.e-30	(27,29)
0.e-30	(27,30)
0.e-30	(28,1)
0.e-30	(28,2)
0.e-30	(28,3)
0.e-30	(28,4)
0.e-30	(28,5)
0.e-30	(28,6)
0.e-30	(28,7)
0.e-30	(28,8)
0.e-30	(28,9)
0.e-30	(28,10)
0.e-30	(28,11)
0.e-30	(28,12)
0.e-30	(28,13)
0.e-30	(28,14)
0.e-30	(28,15)
0.e-30	(28,16)
0.e-30	(28,17)
0.e-30	(28,18)
0.e-30	(28,19)
0.e-30	(28,20)
0.e-30	(28,21)
0.e-30	(28,22)
0.e-30	(28,23)
0.e-30	(28,24)
0.e-30	(28,25)
0.e-30	(28,26)
0.e-30	(28,27)
0.e-30	(28,28)
0.e-30	(28,29)
0.e-30	(28,30)
0.e-30	(29,1)
0.e-30	(29,2)
0.e-30	(29,3)
0.e-30	(29,4)
0.e-30	(29,5)
0.e-30	(29,6)
0.e-30	(29,7)
0.e-30	(29,8)
0.e-30	(29,9)
0.e-30	(29,10)
0.e-30	(29,11)
0.e-30	(29,12)
0.e-30	(29,13)
0.e-30	(29,14)
0.e-30	(29,15)
0.e-30	(29,16)
0.e-30	(29,17)
0.e-30	(29,18)
0.e-30	(29,19)
0.e-30	(29,20)
0.e-30	(29,21)
0.e-30	(29,22)
0.e-30	(29,23)
0.e-30	(29,24)
0.e-30	(29,25)
0.e-30	(29,26)
0.e-30	(29,27)
0.e-30	(29,28)
0.e-30	(29,29)
0.e-30	(29,30)
0.e-30	(30,1)
0.e-30	(30,2)
0.e-30	(30,3)
0.e-30	(30,4)
0.e-30	(30,5)
0.e-30	(30,6)
0.e-30	(30,7)
0.e-30	(30,8)
0.e-30	(30,9)
0.e-30	(30,10)
0.e-30	(30,11)
0.e-30	(30,12)
0.e-30	(30,13)
0.e-30	(30,14)
0.e-30	(30,15)
0.e-30	(30,16)
0.e-30	(30,17)
0.e-30	(30,18)
0.e-30	(30,19)
0.e-30	(30,20)
0.e-30	(30,21)
0.e-30	(30,22)
0.e-30	(30,23)
0.e-30	(30,24)
0.e-30	(30,25)
0.e-30	(30,26)
0.e-30	(30,27)
0.e-30	(30,28)
0.e-30	(30,29)
0.e-30	(30,30)
0.e-30	(31,1)
0.e-30	(31,2)
0.e-30	(31,3)
0.e-30	(31,4)
0.e-30	(31,5)
0.e-30	(31,6)
0.e-30	(31,7)
0.e-30	(31,8)
0.e-30	(31,9)
0.e-30	(31,10)
0.e-30	(31,11)
0.e-30	(31,12)
0.e-30	(31,13)
0.e-30	(31,14)
0.e-30	(31,15)
0.e-30	(31,16)
0.e-30	(31,17)
0.e-30	(31,18)
0.e-30	(31,19)
0.e-30	(31,20)
0.e-30	(31,21)
0.e-30	(31,22)
0.e-30	(31,23)
0.e-30	(31,24)
0.e-30	(31,25)
0.e-30	(31,26)
0.e-30	(31,27)
0.e-30	(31,28)
0.e-30	(31,29)
0.e-30	(31,30)
0.e-30	(32,1)
0.e-30	(32,2)
0.e-30	(32,3)
0.e-30	(32,4)
0.e-30	(32,5)
0.e-30	(32,6)
0.e-30	(32,7)
0.e-30	(32,8)
0.e-30	(32,9)
0.e-30	(32,10)
0.e-30	(32,11)
0.e-30	(32,12)
0.e-30	(32,13)
0.e-30	(32,14)
0.e-30	(32,15)
0.e-30	(32,16)
0.e-30	(32,17)
0.e-30	(32,18)
0.e-30	(32,19)
0.e-30	(32,20)
0.e-30	(32,21)
0.e-30	(32,22)
0.e-30	(32,23)
0.e-30	(32,24)
0.e-30	(32,25)
0.e-30	(32,26)
0.e-30	(32,27)
0.e-30	(32,28)
0.e-30	(32,29)
0.e-30	(32,30)
0.e-30	(33,1)
0.e-30	(33,2)
0.e-30	(33,3)
0.e-30	(33,4)
0.e-30	(33,5)
0.e-30	(33,6)
0.e-30	(33,7)
0.e-30	(33,8)
0.e-30	(33,9)
0.e-30	(33,10)
0.e-30	(33,11)
0.e-30	(33,12)
0.e-30	(33,13)
0.e-30	(33,14)
0.e-30	(33,15)
0.e-30	(33,16)
0.e-30	(33,17)
0.e-30	(33,18)
0.e-30	(33,19)
0.e-30	(33,20)
0.e-30	(33,21)
0.e-30	(33,22)
0.e-30	(33,23)
0.e-30	(33,24)
0.e-30	(33,25)
0.e-30	(33,26)
0.e-30	(33,27)
0.e-30	(33,28)
0.e-30	(33,29)
0.e-30	(33,30)
0.e-30	(34,1)
0.e-30	(34,2)
0.e-30	(34,3)
0.e-30	(34,4)
0.e-30	(34,5)
0.e-30	(34,6)
0.e-30	(34,7)
0.e-30	(34,8)
0.e-30	(34,9)
0.e-30	(34,10)
0.e-30	(34,11)
0.e-30	(34,12)
0.e-30	(34,13)
0.e-30	(34,14)
0.e-30	(34,15)
0.e-30	(34,16)
0.e-30	(34,17)
0.e-30	(34,18)
0.e-30	(34,19)
0.e-30	(34,20)
0.e-30	(34,21)
0.e-30	(34,22)
0.e-30	(34,23)
0.e-30	(34,24)
0.e-30	(34,25)
0.e-30	(34,26)
0.e-30	(34,27)
0.e-30	(34,28)
0.e-30	(34,29)
0.e-30	(34,30)
0.e-30	(35,1)
0.e-30	(35,2)
0.e-30	(35,3)
0.e-30	(35,4)
0.e-30	(35,5)
0.e-30	(35,6)
0.e-30	(35,7)
0.e-30	(35,8)
0.e-30	(35,9)
0.e-30	(35,10)
0.e-30	(35,11)
0.e-30	(35,12)
0.e-30	(35,13)
0.e-30	(35,14)
0.e-30	(35,15)
0.e-30	(35,16)
0.e-30	(35,17)
0.e-30	(35,18)
0.e-30	(35,19)
0.e-30	(35,20)
0.e-30	(35,21)
0.e-30	(35,22)
0.e-30	(35,23)
0.e-30	(35,24)
0.e-30	(35,25)
0.e-30	(35,26)
0.e-30	(35,27)
0.e-30	(35,28)
0.e-30	(35,29)
0.e-30	(35,30)
0.e-30	(36,1)
0.e-30	(36,2)
0.e-30	(36,3)
0.e-30	(36,4)
0.e-30	(36,5)
0.e-30	(36,6)
0.e-30	(36,7)
0.e-30	(36,8)
0.e-30	(36,9)
0.e-30	(36,10)
0.e-30	(36,11)
0.e-30	(36,12)
0.e-30	(36,13)
0.e-30	(36,14)
0.e-30	(36,15)
0.e-30	(36,16)
0.e-30	(36,17)
0.e-30	(36,18)
0.e-30	(36,19)
0.e-30	(36,20)
0.e-30	(36,21)
0.e-30	(36,22)
0.e-30	(36,23)
0.e-30	(36,24)
0.e-30	(36,25)
0.e-30	(36,26)
0.e-30	(36,27)
0.e-30	(36,28)
0.e-30	(36,29)
0.e-30	(36,30)
0.e-30	(37,1)
0.e-30	(37,2)
0.e-30	(37,3)
0.e-30	(37,4)
0.e-30	(37,5)
0.e-30	(37,6)
0.e-30	(37,7)
0.e-30	(37,8)
0.e-30	(37,9)
0.e-30	(37,10)
0.e-30	(37,11)
0.e-30	(37,12)
0.e-30	(37,13)
0.e-30	(37,14)
0.e-30	(37,15)
0.e-30	(37,16)
0.e-30	(37,17)
0.e-30	(37,18)
0.e-30	(37,19)
0.e-30	(37,20)
0.e-30	(37,21)
0.e-30	(37,22)
0.e-30	(37,23)
0.e-30	(37,24)
0.e-30	(37,25)
0.e-30	(37,26)
0.e-30	(37,27)
0.e-30	(37,28)
0.e-30	(37,29)
0.e-30	(37,30)
0.e-30	(38,1)
0.e-30	(38,2)
0.e-30	(38,3)
0.e-30	(38,4)
0.e-30	(38,5)
0.e-30	(38,6)
0.e-30	(38,7)
0.e-30	(38,8)
0.e-30	(38,9)
0.e-30	(38,10)
0.e-30	(38,11)
0.e-30	(38,12)
0.e-30	(38,13)
0.e-30	(38,14)
0.e-30	(38,15)
0.e-30	(38,16)
0.e-30	(38,17)
0.e-30	(38,18)
0.e-30	(38,19)
0.e-30	(38,20)
0.e-30	(38,21)
0.e-30	(38,22)
0.e-30	(38,23)
0.e-30	(38,24)
0.e-30	(38,25)
0.e-30	(38,26)
0.e-30	(38,27)
0.e-30	(38,28)
0.e-30	(38,29)
0.e-30	(38,30)
0.e-30	(39,1)
0.e-30	(39,2)
0.e-30	(39,3)
0.e-30	(39,4)
0.e-30	(39,5)
0.e-30	(39,6)
0.e-30	(39,7)
0.e-30	(39,8)
0.e-30	(39,9)
0.e-30	(39,10)
0.e-30	(39,11)
0.e-30	(39,12)
0.e-30	(39,13)
0.e-30	(39,14)
0.e-30	(39,15)
0.e-30	(39,16)
0.e-30	(39,17)
0.e-30	(39,18)
0.e-30	(39,19)
0.e-30	(39,20)
0.e-30	(39,21)
0.e-30	(39,22)
0.e-30	(39,23)
0.e-30	(39,24)
0.e-30	(39,25)
0.e-30	(39,26)
0.e-30	(39,27)
0.e-30	(39,28)
0.e-30	(39,29)
0.e-30	(39,30)
0.e-30	(40,1)
0.e-30	(40,2)
0.e-30	(40,3)
0.e-30	(40,4)
0.e-30	(40,5)
0.e-30	(40,6)
0.e-30	(40,7)
0.e-30	(40,8)
0.e-30	(40,9)
0.e-30	(40,10)
0.e-30	(40,11)
0.e-30	(40,12)
0.e-30	(40,13)
0.e-30	(40,14)
0.e-30	(40,15)
0.e-30	(40,16)
0.e-30	(40,17)
0.e-30	(40,18)
0.e-30	(40,19)
0.e-30	(40,20)
0.e-30	(40,21)
0.e-30	(40,22)
0.e-30	(40,23)
0.e-30	(40,24)
0.e-30	(40,25)
0.e-30	(40,26)
0.e-30	(40,27)
0.e-30	(40,28)
0.e-30	(40,29)
0.e-30	(40,30)
0.e-30	(41,1)
0.e-30	(41,2)
0.e-30	(41,3)
0.e-30	(41,4)
0.e-30	(41,5)
0.e-30	(41,6)
0.e-30	(41,7)
0.e-30	(41,8)
0.e-30	(41,9)
0.e-30	(41,10)
0.e-30	(41,11)
0.e-30	(41,12)
0.e-30	(41,13)
0.e-30	(41,14)
0.e-30	(41,15)
0.e-30	(41,16)
0.e-30	(41,17)
0.e-30	(41,18)
0.e-30	(41,19)
0.e-30	(41,20)
0.e-30	(41,21)
0.e-30	(41,22)
0.e-30	(41,23)
0.e-30	(41,24)
0.e-30	(41,25)
0.e-30	(41,26)
0.e-30	(41,27)
0.e-30	(41,28)
0.e-30	(41,29)
0.e-30	(41,30)
0.e-30	(42,1)
0.e-30	(42,2)
0.e-30	(42,3)
0.e-30	(42,4)
0.e-30	(42,5)
0.e-30	(42,6)
0.e-30	(42,7)
0.e-30	(42,8)
0.e-30	(42,9)
0.e-30	(42,10)
0.e-30	(42,11)
0.e-30	(42,12)
0.e-30	(42,13)
0.e-30	(42,14)
0.e-30	(42,15)
0.e-30	(42,16)
0.e-30	(42,17)
0.e-30	(42,18)
0.e-30	(42,19)
0.e-30	(42,20)
0.e-30	(42,21)
0.e-30	(42,22)
0.e-30	(42,23)
0.e-30	(42,24)
0.e-30	(42,25)
0.e-30	(42,26)
0.e-30	(42,27)
0.e-30	(42,28)
0.e-30	(42,29)
0.e-30	(42,30)
0.e-30	(43,1)
0.e-30	(43,2)
0.e-30	(43,3)
0.e-30	(43,4)
0.e-30	(43,5)
0.e-30	(43,6)
0.e-30	(43,7)
0.e-30	(43,8)
0.e-30	(43,9)
0.e-30	(43,10)
0.e-30	(43,11)
0.e-30	(43,12)
0.e-30	(43,13)
0.e-30	(43,14)
0.e-30	(43,15)
0.e-30	(43,16)
0.e-30	(43,17)
0.e-30	(43,18)
0.e-30	(43,19)
0.e-30	(43,20)
0.e-30	(43,21)
0.e-30	(43,22)
0.e-30	(43,23)
0.e-30	(43,24)
0.e-30	(43,25)
0.e-30	(43,26)
0.e-30	(43,27)
0.e-30	(43,28)
0.e-30	(43,29)
0.e-30	(43,30)
0.e-30	(44,1)
0.e-30	(44,2)
0.e-30	(44,3)
0.e-30	(44,4)
0.e-30	(44,5)
0.e-30	(44,6)
0.e-30	(44,7)
0.e-30	(44,8)
0.e-30	(44,9)
0.e-30	(44,10)
0.e-30	(44,11)
0.e-30	(44,12)
0.e-30	(44,13)
0.e-30	(44,14)
0.e-30	(44,15)
0.e-30	(44,16)
0.e-30	(44,17)
0.e-30	(44,18)
0.e-30	(44,19)
0.e-30	(44,20)
0.e-30	(44,21)
0.e-30	(44,22)
0.e-30	(44,23)
0.e-30	(44,24)
0.e-30	(44,25)
0.e-30	(44,26)
0.e-30	(44,27)
0.e-30	(44,28)
0.e-30	(44,29)
0.e-30	(44,30)
0.e-30	(45,1)
0.e-30	(45,2)
0.e-30	(45,3)
0.e-30	(45,4)
0.e-30	(45,5)
0.e-30	(45,6)
0.e-30	(45,7)
0.e-30	(45,8)
0.e-30	(45,9)
0.e-30	(45,10)
0.e-30	(45,11)
0.e-30	(45,12)
0.e-30	(45,13)
0.e-30	(45,14)
0.e-30	(45,15)
0.e-30	(45,16)
0.e-30	(45,17)
0.e-30	(45,18)
0.e-30	(45,19)
0.e-30	(45,20)
0.e-30	(45,21)
0.e-30	(45,22)
0.e-30	(45,23)
0.e-30	(45,24)
0.e-30	(45,25)
0.e-30	(45,26)
0.e-30	(45,27)
0.e-30	(45,28)
0.e-30	(45,29)
0.e-30	(45,30)
0.e-30	(46,1)
0.e-30	(46,2)
0.e-30	(46,3)
0.e-30	(46,4)
0.e-30	(46,5)
0.e-30	(46,6)
0.e-30	(46,7)
0.e-30	(46,8)
0.e-30	(46,9)
0.e-30	(46,10)
0.e-30	(46,11)
0.e-30	(46,12)
0.e-30	(46,13)
0.e-30	(46,14)
0.e-30	(46,15)
0.e-30	(46,16)
0.e-30	(46,17)
0.e-30	(46,18)
0.e-30	(46,19)
0.e-30	(46,20)
0.e-30	(46,21)
0.e-30	(46,22)
0.e-30	(46,23)
0.e-30	(46,24)
0.e-30	(46,25)
0.e-30	(46,26)
0.e-30	(46,27)
0.e-30	(46,28)
0.e-30	(46,29)
0.e-30	(46,30)
0.e-30	(47,1)
0.e-30	(47,2)
0.e-30	(47,3)
0.e-30	(47,4)
0.e-30	(47,5)
0.e-30	(47,6)
0.e-30	(47,7)
0.e-30	(47,8)
0.e-30	(47,9)
0.e-30	(47,10)
0.e-30	(47,11)
0.e-30	(47,12)
0.e-30	(47,13)
0.e-30	(47,14)
0.e-30	(47,15)
0.e-30	(47,16)
0.e-30	(47,17)
0.e-30	(47,18)
0.e-30	(47,19)
0.e-30	(47,20)
0.e-30	(47,21)
0.e-30	(47,22)
0.e-30	(47,23)
0.e-30	(47,24)
0.e-30	(47,25)
0.e-30	(47,26)
0.e-30	(47,27)
0.e-30	(47,28)
0.e-30	(47,29)
0.e-30	(47,30)
0.e-30	(48,1)
0.e-30	(48,2)
0.e-30	(48,3)
0.e-30	(48,4)
0.e-30	(48,5)
0.e-30	(48,6)
0.e-30	(48,7)
0.e-30	(48,8)
0.e-30	(48,9)
0.e-30	(48,10)
0.e-30	(48,11)
0.e-30	(48,12)
0.e-30	(48,13)
0.e-30	(48,14)
0.e-30	(48,15)
0.e-30	(48,16)
0.e-30	(48,17)
0.e-30	(48,18)
0.e-30	(48,19)
0.e-30	(48,20)
0.e-30	(48,21)
0.e-30	(48,22)
0.e-30	(48,23)
0.e-30	(48,24)
0.e-30	(48,25)
0.e-30	(48,26)
0.e-30	(48,27)
0.e-30	(48,28)
0.e-30	(48,29)
0.e-30	(48,30)
0.e-30	(49,1)
0.e-30	(49,2)
0.e-30	(49,3)
0.e-30	(49,4)
0.e-30	(49,5)
0.e-30	(49,6)
0.e-30	(49,7)
0.e-30	(49,8)
0.e-30	(49,9)
0.e-30	(49,10)
0.e-30	(49,11)
0.e-30	(49,12)
0.e-30	(49,13)
0.e-30	(49,14)
0.e-30	(49,15)
0.e-30	(49,16)
0.e-30	(49,17)
0.e-30	(49,18)
0.e-30	(49,19)
0.e-30	(49,20)
0.e-30	(49,21)
0.e-30	(49,22)
0.e-30	(49,23)
0.e-30	(49,24)
0.e-30	(49,25)
0.e-30	(49,26)
0.e-30	(49,27)
0.e-30	(49,28)
0.e-30	(49,29)
0.e-30	(49,30)
0.e-30	(50,1)
0.e-30	(50,2)
0.e-30	(50,3)
0.e-30	(50,4)
0.e-30	(50,5)
0.e-30	(50,6)
0.e-30	(50,7)
0.e-30	(50,8)
0.e-30	(50,9)
0.e-30	(50,10)
0.e-30	(50,11)
0.e-30	(50,12)
0.e-30	(50,13)
0.e-30	(50,14)
0.e-30	(50,15)
0.e-30	(50,16)
0.e-30	(50,17)
0.e-30	(50,18)
0.e-30	(50,19)
0.e-30	(50,20)
0.e-30	(50,21)
0.e-30	(50,22)
0.e-30	(50,23)
0.e-30	(50,24)
0.e-30	(50,25)
0.e-30	(50,26)
0.e-30	(50,27)
0.e-30	(50,28)
0.e-30	(50,29)
0.e-30	(50,30)
0.e-30	(51,1)
0.e-30	(51,2)
0.e-30	(51,3)
0.e-30	(51,4)
0.e-30	(51,5)
0.e-30	(51,6)
0.e-30	(51,7)
0.e-30	(51,8)
0.e-30	(51,9)
0.e-30	(51,10)
0.e-30	(51,11)
0.e-30	(51,12)
0.e-30	(51,13)
0.e-30	(51,14)
0.e-30	(51,15)
0.e-30	(51,16)
0.e-30	(51,17)
0.e-30	(51,18)
0.e-30	(51,19)
0.e-30	(51,20)
0.e-30	(51,21)
0.e-30	(51,22)
0.e-30	(51,23)
0.e-30	(51,24)
0.e-30	(51,25)
0.e-30	(51,26)
0.e-30	(51,27)
0.e-30	(51,28)
0.e-30	(51,29)
0.e-30	(51,30)
0.e-30	(52,1)
0.e-30	(52,2)
0.e-30	(52,3)
0.e-30	(52,4)
0.e-30	(52,5)
0.e-30	(52,6)
0.e-30	(52,7)
0.e-30	(52,8)
0.e-30	(52,9)
0.e-30	(52,10)
0.e-30	(52,11)
0.e-30	(52,12)
0.e-30	(52,13)
0.e-30	(52,14)
0.e-30	(52,15)
0.e-30	(52,16)
0.e-30	(52,17)
0.e-30	(52,18)
0.e-30	(52,19)
0.e-30	(52,20)
0.e-30	(52,21)
0.e-30	(52,22)
0.e-30	(52,23)
0.e-30	(52,24)
0.e-30	(52,25)
0.e-30	(52,26)
0.e-30	(52,27)
0.e-30	(52,28)
0.e-30	(52,29)
0.e-30	(52,30)
0.e-30	(53,1)
0.e-30	(53,2)
0.e-30	(53,3)
0.e-30	(53,4)
0.e-30	(53,5)
0.e-30	(53,6)
0.e-30	(53,7)
0.e-30	(53,8)
0.e-30	(53,9)
0.e-30	(53,10)
0.e-30	(53,11)
0.e-30	(53,12)
0.e-30	(53,13)
0.e-30	(53,14)
0.e-30	(53,15)
0.e-30	(53,16)
0.e-30	(53,17)
0.e-30	(53,18)
0.e-30	(53,19)
0.e-30	(53,20)
0.e-30	(53,21)
0.e-30	(53,22)
0.e-30	(53,23)
0.e-30	(53,24)
0.e-30	(53,25)
0.e-30	(53,26)
0.e-30	(53,27)
0.e-30	(53,28)
0.e-30	(53,29)
0.e-30	(53,30)
0.e-30	(54,1)
0.e-30	(54,2)
0.e-30	(54,3)
0.e-30	(54,4)
0.e-30	(54,5)
0.e-30	(54,6)
0.e-30	(54,7)
0.e-30	(54,8)
0.e-30	(54,9)
0.e-30	(54,10)
0.e-30	(54,11)
0.e-30	(54,12)
0.e-30	(54,13)
0.e-30	(54,14)
0.e-30	(54,15)
0.e-30	(54,16)
0.e-30	(54,17)
0.e-30	(54,18)
0.e-30	(54,19)
0.e-30	(54,20)
0.e-30	(54,21)
0.e-30	(54,22)
0.e-30	(54,23)
0.e-30	(54,24)
0.e-30	(54,25)
0.e-30	(54,26)
0.e-30	(54,27)
0.e-30	(54,28)
0.e-30	(54,29)
0.e-30	(54,30)
0.e-30	(55,1)
0.e-30	(55,2)
0.e-30	(55,3)
0.e-30	(55,4)
0.e-30	(55,5)
0.e-30	(55,6)
0.e-30	(55,7)
0.e-30	(55,8)
0.e-30	(55,9)
0.e-30	(55,10)
0.e-30	(55,11)
0.e-30	(55,12)
0.e-30	(55,13)
0.e-30	(55,14)
0.e-30	(55,15)
0.e-30	(55,16)
0.e-30	(55,17)
0.e-30	(55,18)
0.e-30	(55,19)
0.e-30	(55,20)
0.e-30	(55,21)
0.e-30	(55,22)
0.e-30	(55,23)
0.e-30	(55,24)
0.e-30	(55,25)
0.e-30	(55,26)
0.e-30	(55,27)
0.e-30	(55,28)
0.e-30	(55,29)
0.e-30	(55,30)
0.e-30	(56,1)
0.e-30	(56,2)
0.e-30	(56,3)
0.e-30	(56,4)
0.e-30	(56,5)
0.e-30	(56,6)
0.e-30	(56,7)
0.e-30	(56,8)
0.e-30	(56,9)
0.e-30	(56,10)
0.e-30	(56,11)
0.e-30	(56,12)
0.e-30	(56,13)
0.e-30	(56,14)
0.e-30	(56,15)
0.e-30	(56,16)
0.e-30	(56,17)
0.e-30	(56,18)
0.e-30	(56,19)
0.e-30	(56,20)
0.e-30	(56,21)
0.e-30	(56,22)
0.e-30	(56,23)
0.e-30	(56,24)
0.e-30	(56,25)
0.e-30	(56,26)
0.e-30	(56,27)
0.e-30	(56,28)
0.e-30	(56,29)
0.e-30	(56,30)
0.e-30	(57,1)
0.e-30	(57,2)
0.e-30	(57,3)
0.e-30	(57,4)
0.e-30	(57,5)
0.e-30	(57,6)
0.e-30	(57,7)
0.e-30	(57,8)
0.e-30	(57,9)
0.e-30	(57,10)
0.e-30	(57,11)
0.e-30	(57,12)
0.e-30	(57,13)
0.e-30	(57,14)
0.e-30	(57,15)
0.e-30	(57,16)
0.e-30	(57,17)
0.e-30	(57,18)
0.e-30	(57,19)
0.e-30	(57,20)
0.e-30	(57,21)
0.e-30	(57,22)
0.e-30	(57,23)
0.e-30	(57,24)
0.e-30	(57,25)
0.e-30	(57,26)
0.e-30	(57,27)
0.e-30	(57,28)
0.e-30	(57,29)
0.e-30	(57,30)
0.e-30	(58,1)
0.e-30	(58,2)
0.e-30	(58,3)
0.e-30	(58,4)
0.e-30	(58,5)
0.e-30	(58,6)
0.e-30	(58,7)
0.e-30	(58,8)
0.e-30	(58,9)
0.e-30	(58,10)
0.e-30	(58,11)
0.e-30	(58,12)
0.e-30	(58,13)
0.e-30	(58,14)
0.e-30	(58,15)
0.e-30	(58,16)
0.e-30	(58,17)
0.e-30	(58,18)
0.e-30	(58,19)
0.e-30	(58,20)
0.e-30	(58,21)
0.e-30	(58,22)
0.e-30	(58,23)
0.e-30	(58,24)
0.e-30	(58,25)
0.e-30	(58,26)
0.e-30	(58,27)
0.e-30	(58,28)
0.e-30	(58,29)
0.e-30	(58,30)
0.e-30	(59,1)
0.e-30	(59,2)
0.e-30	(59,3)
0.e-30	(59,4)
0.e-30	(59,5)
0.e-30	(59,6)
0.e-30	(59,7)
0.e-30	(59,8)
0.e-30	(59,9)
0.e-30	(59,10)
0.e-30	(59,11)
0.e-30	(59,12)
0.e-30	(59,13)
0.e-30	(59,14)
0.e-30	(59,15)
0.e-30	(59,16)
0.e-30	(59,17)
0.e-30	(59,18)
0.e-30	(59,19)
0.e-30	(59,20)
0.e-30	(59,21)
0.e-30	(59,22)
0.e-30	(59,23)
0.e-30	(59,24)
0.e-30	(59,25)
0.e-30	(59,26)
0.e-30	(59,27)
0.e-30	(59,28)
0.e-30	(59,29)
0.e-30	(59,30)
0.e-30	(60,1)
0.e-30	(60,2)
0.e-30	(60,3)
0.e-30	(60,4)
0.e-30	(60,5)
0.e-30	(60,6)
0.e-30	(60,7)
0.e-30	(60,8)
0.e-30	(60,9)
0.e-30	(60,10)
0.e-30	(60,11)
0.e-30	(60,12)
0.e-30	(60,13)
0.e-30	(60,14)
0.e-30	(60,15)
0.e-30	(60,16)
0.e-30	(60,17)
0.e-30	(60,18)
0.e-30	(60,19)
0.e-30	(60,20)
0.e-30	(60,21)
0.e-30	(60,22)
0.e-30	(60,23)
0.e-30	(60,24)
0.e-30	(60,25)
0.e-30	(60,26)
0.e-30	(60,27)
0.e-30	(60,28)
0.e-30	(60,29)
0.e-30	(60,30)