kdd1312_(sigma,mu)
3.69085724e-20	(1,1)
3.3154562851e-19	(1,2)
9.1713402671e-19	(1,3)
1.78483151021e-18	(1,4)
2.91794213632e-18	(1,5)
4.28847649989e-18	(1,6)
5.85367012761e-18	(1,7)
7.55332197309e-18	(1,8)
9.30887194548e-18	(1,9)
1.102503941473e-17	(1,10)
1.259456066579e-17	(1,11)
1.390609517777e-17	(1,12)
1.485476954013e-17	(1,13)
1.535419351374e-17	(1,14)
1.534824897558e-17	(1,15)
1.482065939237e-17	(1,16)
1.38004065611e-17	(1,17)
1.236152195158e-17	(1,18)
1.061660656351e-17	(1,19)
8.70450120989e-18	(1,20)
6.77364262994e-18	(1,21)
4.96356996185e-18	(1,22)
3.38757686069e-18	(1,23)
2.1194896332e-18	(1,24)
1.1869501086e-18	(1,25)
5.7247640919e-19	(1,26)
2.2216217533e-19	(1,27)
6.042916783e-20	(1,28)
8.06424171e-21	(1,29)
1.0102534e-22	(1,30)
2.4170514400919e-16	(2,1)
2.17121060693093e-15	(2,2)
6.0060846996296e-15	(2,3)
1.168842165943319e-14	(2,4)
1.910888386566303e-14	(2,5)
2.808417558798275e-14	(2,6)
3.833424280567192e-14	(2,7)
4.946484366673278e-14	(2,8)
6.096150745255353e-14	(2,9)
7.220026475123876e-14	(2,10)
8.247867188834136e-14	(2,11)
9.106758721492741e-14	(2,12)
9.728022063035802e-14	(2,13)
1.0055082381554738e-13	(2,14)
1.0051189312818638e-13	(2,15)
9.705683771751341e-14	(2,16)
9.037545240035826e-14	(2,17)
8.095255118244911e-14	(2,18)
6.952553036482229e-14	(2,19)
5.700362423968136e-14	(2,20)
4.43589083630385e-14	(2,21)
3.250519001096638e-14	(2,22)
2.218440120407353e-14	(2,23)
1.38800120154548e-14	(2,24)
7.7730417938054e-15	(2,25)
3.74900592589369e-15	(2,26)
1.45488493242915e-15	(2,27)
3.9573561437577e-16	(2,28)
5.281071614236e-17	(2,29)
6.6158988379e-19	(2,30)
1.433404654143038e-14	(3,1)
1.2876115655815541e-13	(3,2)
3.5618396918922533e-13	(3,3)
6.9316844861390919e-13	(3,4)
1.13323044981302832e-12	(3,5)
1.66549982375071701e-12	(3,6)
2.27336827766727559e-12	(3,7)
2.93345573570296464e-12	(3,8)
3.61525208306193054e-12	(3,9)
4.28175350920880716e-12	(3,10)
4.89130238055774107e-12	(3,11)
5.40065777960372509e-12	(3,12)
5.76909041360059916e-12	(3,13)
5.96304925296601654e-12	(3,14)
5.96073996138400872e-12	(3,15)
5.75584135258063867e-12	(3,16)
5.35960905950524694e-12	(3,17)
4.8007944839090393e-12	(3,18)
4.12312811091061111e-12	(3,19)
3.3805310490695296e-12	(3,20)
2.63065109908948706e-12	(3,21)
1.92768049434263356e-12	(3,22)
1.31561858113475229e-12	(3,23)
8.2313691184880425e-13	(3,24)
4.6097055989771574e-13	(3,25)
2.223301043331733e-13	(3,26)
8.628012305865837e-14	(3,27)
2.346860195249474e-14	(3,28)
3.13187284118429e-15	(3,29)
3.923475187386e-17	(3,30)
2.1019565275626412e-13	(4,1)
1.88816432733255848e-12	(4,2)
5.22311139067217321e-12	(4,3)
1.016467981098693641e-11	(4,4)
1.66177854150705758e-11	(4,5)
2.442302715435368552e-11	(4,6)
3.333685916221631657e-11	(4,7)
4.301643335958847472e-11	(4,8)
5.3014346001547932e-11	(4,9)
6.278796918909874158e-11	(4,10)
7.17264311241977427e-11	(4,11)
7.919564302321621356e-11	(4,12)
8.459834747835063686e-11	(4,13)
8.744255063719528284e-11	(4,14)
8.740866072537160509e-11	(4,15)
8.440398629050171799e-11	(4,16)
7.85935841502729597e-11	(4,17)
7.039907024492901525e-11	(4,18)
6.046171408124349776e-11	(4,19)
4.957221980916773579e-11	(4,20)
3.857593834222988175e-11	(4,21)
2.826754625899638009e-11	(4,22)
1.929224974408412957e-11	(4,23)
1.20704867276745765e-11	(4,24)
6.75967381270286309e-12	(4,25)
3.26024835707331316e-12	(4,26)
1.26521127838098664e-12	(4,27)
3.4414338761817356e-13	(4,28)
4.592575142156541e-14	(4,29)
5.7533796107879e-16	(4,30)
1.55490844198561006e-12	(5,1)
1.396757074792639605e-11	(5,2)
3.863762096427387023e-11	(5,3)
7.519254551627602744e-11	(5,4)
1.2292896328209886842e-10	(5,5)
1.8066771078398648081e-10	(5,6)
2.4660716537750458383e-10	(5,7)
3.1821111907752284321e-10	(5,8)
3.921699171710444987e-10	(5,9)
4.6446948955452497801e-10	(5,10)
5.3059093896680336365e-10	(5,11)
5.8584362926890186857e-10	(5,12)
6.2580939402155880846e-10	(5,13)
6.4684876252987174193e-10	(5,14)
6.465976133478900573e-10	(5,15)
6.2437031821081127519e-10	(5,16)
5.8138793027525831714e-10	(5,17)
5.2076937688366033148e-10	(5,18)
4.4725844163613955433e-10	(5,19)
3.6670431514347522311e-10	(5,20)
2.8536040362282886877e-10	(5,21)
2.0910522565906001979e-10	(5,22)
1.4271158448416165299e-10	(5,23)
8.928957147481639557e-11	(5,24)
5.00036070564654463e-11	(5,25)
2.411714871533763999e-11	(5,26)
9.35918574683562948e-12	(5,27)
2.54574111235944185e-12	(5,28)
3.3972768343884609e-13	(5,29)
4.25596086603901e-15	(5,30)
7.64221739195994907e-12	(6,1)
6.864919444537715826e-11	(6,2)
1.8989998927860727522e-10	(6,3)
3.6956372825560303402e-10	(6,4)
6.0418334338733904476e-10	(6,5)
8.8796332087516993972e-10	(6,6)
1.21204879083137058336e-9	(6,7)
1.56397443519256368282e-9	(6,8)
1.92747349440819655286e-9	(6,9)
2.2828170691980956235e-9	(6,10)
2.60779511019312585987e-9	(6,11)
2.87935355698284584642e-9	(6,12)
3.07577762338459899325e-9	(6,13)
3.17917988028897345474e-9	(6,14)
3.17794126409706091627e-9	(6,15)
3.06869245793253282816e-9	(6,16)
2.85743534390254135001e-9	(6,17)
2.559499616685877204e-9	(6,18)
2.19820081967099120979e-9	(6,19)
1.80228721603512769706e-9	(6,20)
1.40249346328912274713e-9	(6,21)
1.02771142453281314689e-9	(6,22)
7.0139831458951570076e-10	(6,23)
4.3883925459042320866e-10	(6,24)
2.4575670241094408028e-10	(6,25)
1.185303019822244637e-10	(6,26)
4.599821607595700106e-11	(6,27)
1.251171277374931568e-11	(6,28)
1.66967982473142437e-12	(6,29)
2.091701712021734e-14	(6,30)
2.85743367626315782e-11	(7,1)
2.5668010950134923662e-10	(7,2)
7.1003818528258515681e-10	(7,3)
1.38180286160629349651e-9	(7,4)
2.25904798908026660139e-9	(7,5)
3.32010379282942277628e-9	(7,6)
4.53186132630393205831e-9	(7,7)
5.84771191085503775784e-9	(7,8)
7.20683305052622963975e-9	(7,9)
8.53545721000178317609e-9	(7,10)
9.75053995918751362911e-9	(7,11)
1.076588153238741553797e-8	(7,12)
1.150029044205548778108e-8	(7,13)
1.188688665823488841886e-8	(7,14)
1.188222860954191550149e-8	(7,15)
1.147372139767866286348e-8	(7,16)
1.068380947826396423628e-8	(7,17)
9.56981380742306636057e-9	(7,18)
8.21891353784686299383e-9	(7,19)
6.7385992810268386231e-9	(7,20)
5.24378699976112213515e-9	(7,21)
3.84250078482758158586e-9	(7,22)
2.62244344446321736177e-9	(7,23)
1.64076202528588093202e-9	(7,24)
9.188493789298601959e-10	(7,25)
4.4316690202711777795e-10	(7,26)
1.7198004485558436774e-10	(7,27)
4.67792409199693805e-11	(7,28)
6.24265235874058893e-12	(7,29)
7.820517158094618e-14	(7,30)
8.773773569024648939e-11	(8,1)
7.8813838192858662324e-10	(8,2)
2.18017803127741052976e-9	(8,3)
4.24283668141800544001e-9	(8,4)
6.93642384838826186827e-9	(8,5)
1.019440095717023940089e-8	(8,6)
1.391510438468479463251e-8	(8,7)
1.795541839231000460078e-8	(8,8)
2.212858271673607701839e-8	(8,9)
2.620808895893765697614e-8	(8,10)
2.993894467001182631768e-8	(8,11)
3.305647097481721511921e-8	(8,12)
3.531137037766170361037e-8	(8,13)
3.64982932515922419351e-8	(8,14)
3.648386257465905026798e-8	(8,15)
3.522941999629329748375e-8	(8,16)
3.280389738989160336632e-8	(8,17)
2.938331379852353772792e-8	(8,18)
2.523536341862372827563e-8	(8,19)
2.069009959182065091291e-8	(8,20)
1.610036667657759037333e-8	(8,21)
1.17978396437293724904e-8	(8,22)
8.05179168839049937599e-9	(8,23)
5.03767328167827160521e-9	(8,24)
2.82115473619975052828e-9	(8,25)
1.36065587464706464206e-9	(8,26)
5.2802891920324131787e-10	(8,27)
1.4362557780401647204e-10	(8,28)
1.916668763117084464e-11	(8,29)
2.4011153861521491e-13	(8,30)
2.3195784690505826641e-10	(9,1)
2.08365169150784876531e-9	(9,2)
5.76387550746496689611e-9	(9,3)
1.121705653637748247535e-8	(9,4)
1.833826005396302235027e-8	(9,5)
2.695156855100781533012e-8	(9,6)
3.67881984074459305773e-8	(9,7)
4.746977223473046180461e-8	(9,8)
5.850252341994289867824e-8	(9,9)
6.928759956323871150063e-8	(9,10)
7.915084599751635955682e-8	(9,11)
8.739250739418413566424e-8	(9,12)
9.33535063905374352284e-8	(9,13)
9.649097050817151223172e-8	(9,14)
9.645232372573997291616e-8	(9,15)
9.313541815509002918775e-8	(9,16)
8.672255522787826340745e-8	(9,17)
7.767914408848772454974e-8	(9,18)
6.671294320475355014555e-8	(9,19)
5.469654543736625905964e-8	(9,20)
4.256276450479898366113e-8	(9,21)
3.118841695433970539092e-8	(9,22)
2.128532402029197967214e-8	(9,23)
1.331725793265699493585e-8	(9,24)
7.4577712371636074635e-9	(9,25)
3.59689793681152366492e-9	(9,26)
1.39583978728903211936e-9	(9,27)
3.7967162741767424681e-10	(9,28)
5.066667331292129379e-11	(9,29)
6.3472825859437978e-13	(9,30)
5.4482450679733789526e-10	(10,1)
4.89409827575166780854e-9	(10,2)
1.353823779446805735403e-8	(10,3)
2.634671054915003149983e-8	(10,4)
4.307303688672654195544e-8	(10,5)
6.330400306325682736528e-8	(10,6)
8.640825819084969770624e-8	(10,7)
1.1149702290688664409098e-7	(10,8)
1.3741047945076129200413e-7	(10,9)
1.6274198005877267918485e-7	(10,10)
1.8590801571351802440528e-7	(10,11)
2.0526497258323877245151e-7	(10,12)
2.1926482517009858902687e-7	(10,13)
2.2663254729939243751879e-7	(10,14)
2.2654014161245189237158e-7	(10,15)
2.1874786564000230621751e-7	(10,16)
2.0368411416637795946365e-7	(10,17)
1.8244222967394419855992e-7	(10,18)
1.5668472701193910072569e-7	(10,19)
1.284611916781669404342e-7	(10,20)
9.996254705886971212979e-8	(10,21)
7.324809012215806861368e-8	(10,22)
4.998951044971367332232e-8	(10,23)
3.12758653187243151808e-8	(10,24)
1.751458485699957005258e-8	(10,25)
8.44725550128911176042e-9	(10,26)
3.2780861097470153185e-9	(10,27)
8.9164260569032681278e-10	(10,28)
1.1898812351167603556e-10	(10,29)
1.49062474956311952e-12	(10,30)
1.1620880761675662075e-9	(11,1)
1.043890855499246328771e-8	(11,2)
2.887649794739494187826e-8	(11,3)
5.619642780110297778303e-8	(11,4)
9.187294370042188370083e-8	(11,5)
1.3502462779015573771882e-7	(11,6)
1.8430474856602557127064e-7	(11,7)
2.3781745040933872080521e-7	(11,8)
2.9308873142453349467893e-7	(11,9)
3.4711810100546055321922e-7	(11,10)
3.9652785795228521958602e-7	(11,11)
4.3781217618342936326551e-7	(11,12)
4.6766924216959262157451e-7	(11,13)
4.8337970218791412610943e-7	(11,14)
4.8317786751283169680017e-7	(11,15)
4.66552909745314573527e-7	(11,16)
4.3441916849604083691566e-7	(11,17)
3.8910923674865264813828e-7	(11,18)
3.3416955502722467000626e-7	(11,19)
2.7397189730444431013602e-7	(11,20)
2.1318918794275657046129e-7	(11,21)
1.5621330799548348351048e-7	(11,22)
1.0660919941291579495784e-7	(11,23)
6.66990367509176115768e-8	(11,24)
3.735123777366850951455e-8	(11,25)
1.801425585763735299444e-8	(11,26)
6.99064646063544393352e-9	(11,27)
1.9014500290311370401e-9	(11,28)
2.5374398554822848499e-10	(11,29)
3.17877269870185143e-12	(11,30)
2.28722724286075383169e-9	(12,1)
2.054590893001802061519e-8	(12,2)
5.683485508490698039223e-8	(12,3)
1.1060604048299928270143e-7	(12,4)
1.8082461103483522695772e-7	(12,5)
2.6575562455260342593009e-7	(12,6)
3.627482114264080041453e-7	(12,7)
4.6807060880646636131812e-7	(12,8)
5.7685305805800426713686e-7	(12,9)
6.8318953534502208998785e-7	(12,10)
7.8043166040871518865904e-7	(12,11)
8.6167907700571752321245e-7	(12,12)
9.2043329961250602062039e-7	(12,13)
9.5134267203865916982714e-7	(12,14)
9.5093299479678632656038e-7	(12,15)
9.182002497437884848169e-7	(12,16)
8.5494559546412488525244e-7	(12,17)
7.6576146540728415388113e-7	(12,18)
6.5762893793678655344462e-7	(12,19)
5.3915280240494927571163e-7	(12,20)
4.1952974113365994276193e-7	(12,21)
3.0740252639148388500436e-7	(12,22)
2.0978585083857443498063e-7	(12,23)
1.3124829041958234347582e-7	(12,24)
7.349746005721623036903e-8	(12,25)
3.544685663020656993926e-8	(12,26)
1.375541808190758436706e-8	(12,27)
3.74142928768266290955e-9	(12,28)
4.992818391391211531e-10	(12,29)
6.25472416999327946e-12	(12,30)
4.20490853907302127097e-9	(13,1)
3.777222704044413081427e-8	(13,2)
1.0448692523570124054325e-7	(13,3)
2.0334144605021708008132e-7	(13,4)
3.3243313305200523914155e-7	(13,5)
4.8857209842864402455097e-7	(13,6)
6.6688435643281239646327e-7	(13,7)
8.6050852188902186344066e-7	(13,8)
1.0604908770483696990718e-6	(13,9)
1.25597253601101751338189e-6	(13,10)
1.43473001425391545849864e-6	(13,11)
1.58407706971047342260177e-6	(13,12)
1.69206707351194211867989e-6	(13,13)
1.74886279833706721307763e-6	(13,14)
1.74807967292844326131323e-6	(13,15)
1.68787524900340280513422e-6	(13,16)
1.57156457207952549662931e-6	(13,17)
1.40759391828174993389459e-6	(13,18)
1.20879982171736777046693e-6	(13,19)
9.9100217338054395528952e-7	(13,20)
7.7110701067234515981308e-7	(13,21)
5.6500021601945517122396e-7	(13,22)
3.8557337073127806455111e-7	(13,23)
2.4122081059297761087336e-7	(13,24)
1.3507799005846423842544e-7	(13,25)
6.514516937118120804496e-8	(13,26)
2.527969349887337722122e-8	(13,27)
6.87591552809197263793e-9	(13,28)
9.1756182795947458825e-10	(13,29)
1.149465646239050267e-11	(13,30)
7.29027672231830868398e-9	(14,1)
6.548774606209057859932e-8	(14,2)
1.8115459262110595740015e-7	(14,3)
3.5254384644542630381451e-7	(14,4)
5.7635643489608877805788e-7	(14,5)
8.4706116567740612558162e-7	(14,6)
1.15620652110240323528873e-6	(14,7)
1.4918947557330044116909e-6	(14,8)
1.83860007137369170520638e-6	(14,9)
2.17749342821751184715583e-6	(14,10)
2.48738029537705686476046e-6	(14,11)
2.74626491900530300310737e-6	(14,12)
2.93343565318413266883253e-6	(14,13)
3.03184035977583749013484e-6	(14,14)
3.03041538523022491130313e-6	(14,15)
2.9259739414448515576457e-6	(14,16)
2.72427189516129741409522e-6	(14,17)
2.43996064978668421115348e-6	(14,18)
2.09530076390491178838096e-6	(14,19)
1.71772133430580941840486e-6	(14,20)
1.33653006383946175641823e-6	(14,21)
9.7926185532756188311637e-7	(14,22)
6.6825756599829010057988e-7	(14,23)
4.1806042596357474150817e-7	(14,24)
2.3409785086319824897982e-7	(14,25)
1.1289767888062538552762e-7	(14,26)
4.380929121826051533448e-8	(14,27)
1.191567012751976080407e-8	(14,28)
1.59007956105482175219e-9	(14,29)
1.991944676199749081e-11	(14,30)
1.201276347542466732438e-8	(15,1)
1.0790931757009186571641e-7	(15,2)
2.985026455649377999863e-7	(15,3)
5.8091388738120886519837e-7	(15,4)
9.4970619611887063540827e-7	(15,5)
1.39576389071258900641341e-6	(15,6)
1.90515815699262970838489e-6	(15,7)
2.45828036714126750251933e-6	(15,8)
3.02954269021976196653605e-6	(15,9)
3.58791397140469326653464e-6	(15,10)
4.09846606726548880982386e-6	(15,11)
4.5249528836273326522448e-6	(15,12)
4.83324804737002890134897e-6	(15,13)
4.99526014211354235401097e-6	(15,14)
4.99277056316788734421862e-6	(15,15)
4.82054412278744063136953e-6	(15,16)
4.48808288947497962217175e-6	(15,17)
4.01954520938674429107697e-6	(15,18)
3.45162241898760177324654e-6	(15,19)
2.82951431176766181863214e-6	(15,20)
2.20150672577903887299694e-6	(15,21)
1.6129556884760306336031e-6	(15,22)
1.10065299358574400746692e-6	(15,23)
6.8854061048647029473873e-7	(15,24)
3.8554344410587280940097e-7	(15,25)
1.8592941448411084542519e-7	(15,26)
7.214705986224060122028e-8	(15,27)
1.962287396160901500044e-8	(15,28)
2.61852882866411099214e-9	(15,29)
3.280295130004349001e-11	(15,30)
1.893409535649415510684e-8	(16,1)
1.7008286677452734530144e-7	(16,2)
4.7048926787973566770039e-7	(16,3)
9.1561526315973192597513e-7	(16,4)
1.49689008332559814034719e-6	(16,5)
2.1999429291126946147718e-6	(16,6)
3.00281455620898289443117e-6	(16,7)
3.87459102595983307574262e-6	(16,8)
4.77493225264565113816947e-6	(16,9)
5.65491795636496749169021e-6	(16,10)
6.45948719124234997301106e-6	(16,11)
7.1315062590743180381198e-6	(16,12)
7.61719004484070814059212e-6	(16,13)
7.87227526203942062576332e-6	(16,14)
7.86806996834642806625234e-6	(16,15)
7.59635433789477986971761e-6	(16,16)
7.07214032823026523611456e-6	(16,17)
6.33353740296666189232436e-6	(16,18)
5.43839869625624822927151e-6	(16,19)
4.45797185855506188819118e-6	(16,20)
3.46834981014046401369335e-6	(16,21)
2.54099047806835821819872e-6	(16,22)
1.73384205671806802750849e-6	(16,23)
1.0845972266503457888049e-6	(16,24)
6.0728683734622123819695e-7	(16,25)
2.9285492315446187115079e-7	(16,26)
1.1363434926185126408542e-7	(16,27)
3.090602874525877169075e-8	(16,28)
4.12411585070426004261e-9	(16,29)
5.166338067946755367e-11	(16,30)
2.870108019770348277135e-8	(17,1)
2.5781859298167281294901e-7	(17,2)
7.1318677756499878418344e-7	(17,3)
1.38792579184495165309809e-6	(17,4)
2.26904106427960373999574e-6	(17,5)
3.33474311550111931182308e-6	(17,6)
4.55173552418428064552395e-6	(17,7)
5.87314350001523028685401e-6	(17,8)
7.23780005830278534550267e-6	(17,9)
8.57153084235917266663135e-6	(17,10)
9.79085630829381738000929e-6	(17,11)
0.00001080916355742985169230952	(17,12)
0.00001154492987536105269793999	(17,13)
0.00001193108451277911234513996	(17,14)
0.00001192417957471741735197552	(17,15)
0.00001151181491764685131773201	(17,16)
0.00001071681253266528182266356	(17,17)
9.59700046474481983069567e-6	(17,18)
8.24011538624226621801258e-6	(17,19)
6.75416732433823712420814e-6	(17,20)
5.25447543914522628139617e-6	(17,21)
3.84930072751408933414047e-6	(17,22)
2.62640474368828783452102e-6	(17,23)
1.64284106812250067822199e-6	(17,24)
9.1980996586233049168434e-7	(17,25)
4.4354406264195452460553e-7	(17,26)
1.7209854530845251125708e-7	(17,27)
4.680560570180511866286e-8	(17,28)
6.24563677722978528503e-9	(17,29)
7.823916917989890045e-11	(17,30)
4.203431771360666717833e-8	(18,1)
3.7758955750670966016535e-7	(18,2)
1.04450108326971437437192e-6	(18,3)
2.03269136521699504061317e-6	(18,4)
3.32312437487408087399495e-6	(18,5)
4.88387808935596885185419e-6	(18,6)
6.66617062439334768235028e-6	(18,7)
8.60132577967435624120264e-6	(18,8)
0.00001059972908467855327674175	(18,9)
0.00001255271397987831791647402	(18,10)
0.00001433799151551280644423672	(18,11)
0.00001582869927310637469124708	(18,12)
0.0000169054553572851257731988	(18,13)
0.00001747007663428848418759271	(18,14)
0.00001745901138580286077945166	(18,15)
0.00001685420643989331996666662	(18,16)
0.00001568920487230296179063744	(18,17)
0.0000140488069945057784301164	(18,18)
0.00001206158056730321718386095	(18,19)
9.88572976630567957244719e-6	(18,20)
7.69009959949870595281102e-6	(18,21)
5.63314017670954352365601e-6	(18,22)
3.84324177323635826060642e-6	(18,23)
2.40381441093652704716235e-6	(18,24)
1.34578466563064703902267e-6	(18,25)
6.489179211064250289755e-7	(18,26)
2.5177337969086440859828e-7	(18,27)
6.847226600655406263697e-8	(18,28)
9.13656182338964804244e-9	(18,29)
1.1445238648074779028e-10	(18,30)
5.97141530812818358239e-8	(19,1)
5.3640550533443545307631e-7	(19,2)
1.48382262819373652691687e-6	(19,3)
2.88764654647853788714918e-6	(19,4)
4.72082639864089777819467e-6	(19,5)
6.93799618857612327299503e-6	(19,6)
9.46982615079774880260261e-6	(19,7)
0.00001221871072945612263451666	(19,8)
0.0000150572880904934803795752	(19,9)
0.00001783112737060526714731904	(19,10)
0.000020366455293675511278415	(19,11)
0.00002248302819909234524090628	(19,12)
0.00002401127347016125258879959	(19,13)
0.00002481179040796875213139332	(19,14)
0.00002479443503502960080524498	(19,15)
0.00002393374581057827829537612	(19,16)
0.00002227757862785354525126648	(19,17)
0.00001994658642141813893866937	(19,18)
0.00001712353737241788759359263	(19,19)
0.00001403320664315595615466691	(19,20)
0.0000109153762655703251059354	(19,21)
7.99496209862863790711162e-6	(19,22)
5.45411314844578339229946e-6	(19,23)
3.41106800694754706526214e-6	(19,24)
1.90955139705723193532413e-6	(19,25)
9.2069555960029310767712e-7	(19,26)
3.5720005460257886361365e-7	(19,27)
9.713984178074125080437e-8	(19,28)
1.296141830119482494977e-8	(19,29)
1.6236335424256988931e-10	(19,30)
8.256505416955572943756e-8	(20,1)
7.4167252643954950756606e-7	(20,2)
2.051638160244351935529e-6	(20,3)
3.99265891404116288865536e-6	(20,4)
6.5273188144296527418562e-6	(20,5)
9.59286283745028136917636e-6	(20,6)
0.00001309338119096877810933301	(20,7)
0.00001689384513452371581006856	(20,8)
0.00002081806419105773528867594	(20,9)
0.00002465241451555590145853112	(20,10)
0.00002815654401693443066673975	(20,11)
0.00003108119836284104497497722	(20,12)
0.00003319195076167761353265181	(20,13)
0.00003429618612501666090059541	(20,14)
0.0000342694927795088379194703	(20,15)
0.00003307697091247197597357591	(20,16)
0.00003078512655103376119555951	(20,17)
0.00002756108797685698905809893	(20,18)
0.00002365776748285250870514909	(20,19)
0.00001938600295605417570052486	(20,20)
0.00001507720133261648432464656	(20,21)
0.00001104205147655134830495711	(20,22)
7.53200530151004005352689e-6	(20,23)
4.71012964746708608767612e-6	(20,24)
2.63653665670352643960914e-6	(20,25)
1.27111093960293828552109e-6	(20,26)
4.9311671983265254504147e-7	(20,27)
1.3409513286993242514895e-7	(20,28)
1.789174728007041642572e-8	(20,29)
2.2411991222348642721e-10	(20,30)
1.1143928993641007849986e-7	(21,1)
1.00104643946059401217571e-6	(21,2)
2.76912513454235576819472e-6	(21,3)
5.38893959247602679353931e-6	(21,4)
8.80996741353206843629752e-6	(21,5)
0.0000129474614727658888930642	(21,6)
0.00001767189217060916436259196	(21,7)
0.00002280089421050666358440167	(21,8)
0.00002809651618827153511863009	(21,9)
0.00003327027320020266841695101	(21,10)
0.00003799763033311633791129631	(21,11)
0.0000419421075777358060923027	(21,12)
0.00004478735405354159386727397	(21,13)
0.00004627360198117257521178515	(21,14)
0.00004623329364223153396325827	(21,15)
0.00004461980926004834412308827	(21,16)
0.00004152344812429590681260652	(21,17)
0.00003717026910156589800070548	(21,18)
0.00003190195401566080462867753	(21,19)
0.00002613811927398870565889982	(21,20)
0.00002032585719428641383318501	(21,21)
0.0000148840384647829565946498	(21,22)
0.00001015141601227556664558051	(21,23)
6.34742061565824539762616e-6	(21,24)
3.55264088634262954952354e-6	(21,25)
1.71261549346790781415781e-6	(21,26)
6.6434233899842901149978e-7	(21,27)
1.8064616951573380059534e-7	(21,28)
2.410185482318469236294e-8	(21,29)
3.0190410658326527121e-10	(21,30)
1.472004551509374146106e-7	(22,1)
1.3222847948607415312884e-6	(22,2)
3.65774229591522263071759e-6	(22,3)
7.11824634192818279548912e-6	(22,4)
0.00001163702872314769183110701	(22,5)
0.0000171020764718568562416326	(22,6)
0.00002334217265650235210202112	(22,7)
0.00003011625384744716432065866	(22,8)
0.00003710978754619412134193448	(22,9)
0.00004394147756230654081577249	(22,10)
0.00005018244856696219340018619	(22,11)
0.00005538815533179377708353302	(22,12)
0.000059140819926014588945848	(22,13)
0.00006109763441508637371291622	(22,14)
0.00006103782895560212205907373	(22,15)
0.00005890056825128881341961531	(22,16)
0.00005480594956701385394113772	(22,17)
0.00004905331460523583314678041	(22,18)
0.00004209448358102836109686246	(22,19)
0.00003448383900299390528354034	(22,20)
0.00002681161733983322540883891	(22,21)
0.00001963038235246355798621602	(22,22)
0.00001338661915819796508994919	(22,23)
8.36915955035663883651407e-6	(22,24)
4.68361937188141054190119e-6	(22,25)
2.25757733966469795746787e-6	(22,26)
8.7565926456031011122129e-7	(22,27)
2.3809012651159404176562e-7	(22,28)
3.176451698804071684794e-8	(22,29)
3.978783008095498526e-10	(22,30)
1.9070711276986733012272e-7	(23,1)
1.71309993497093645426506e-6	(23,2)
4.73882318505948877789231e-6	(23,3)
9.2220923377910589994192e-6	(23,4)
0.00001507635593461515897615058	(23,5)
0.0000221563897617739804714646	(23,6)
0.00003024019184904497831275467	(23,7)
0.00003901518700464560476780067	(23,8)
0.00004807354920400248069121883	(23,9)
0.00005692093564271805317281435	(23,10)
0.00006500142092520833539671836	(23,11)
0.00007173894018877129527685292	(23,12)
0.00007659237356266748635313531	(23,13)
0.00007911807058022197664142533	(23,14)
0.00007903084157263284840959058	(23,15)
0.00007625297926007591757439507	(23,16)
0.00007094129641024042164808995	(23,17)
0.00006348470563907012794499904	(23,18)
0.00005446929394559894177191973	(23,19)
0.00004461345574669845202449655	(23,20)
0.00003468138451484742535509962	(23,21)
0.00002538788200710094864666089	(23,22)
0.00001730994888637903588564865	(23,23)
0.00001082027931479473484860186	(23,24)
6.05447088807849046667836e-6	(23,25)
2.91798443987674234157508e-6	(23,26)
1.131697412003746662538e-6	(23,27)
3.0768168743356686515209e-7	(23,28)
4.104674629391046212226e-8	(23,29)
5.1413206571126528152e-10	(23,30)
2.4279664568894588302732e-7	(24,1)
2.18101393490734674312186e-6	(24,2)
6.03317484919974266458046e-6	(24,3)
0.00001174096508856291499095022	(24,4)
0.00001919412144272652939321833	(24,5)
0.00002820760194401911240570975	(24,6)
0.00003849850677317275779862713	(24,7)
0.00004966850405768485194447749	(24,8)
0.00006119789739674176721382658	(24,9)
0.00007245681346430093216236114	(24,10)
0.00008273706180482037371420685	(24,11)
0.00009130504643581880846989017	(24,12)
0.00009747204699045860648983562	(24,13)
0.00010067392873359217404302246	(24,14)
0.00010054880920913620830382768	(24,15)
0.00009699935908655638661094445	(24,16)
0.00009022698307098272114416859	(24,17)
0.00008072840132205329463734324	(24,18)
0.00006925082594235625111026299	(24,19)
0.0000567090928133827637222985	(24,20)
0.00004407540609756568701571642	(24,21)
0.00003225824707315309650967746	(24,22)
0.00002199012811347809965360819	(24,23)
0.00001374337334566446781880275	(24,24)
7.68884377224324001063894e-6	(24,25)
3.7051565617570784881609e-6	(24,26)
1.43682198339146353755879e-6	(24,27)
3.9060240262695854323463e-7	(24,28)
5.210569341344318067264e-8	(24,29)
6.5263078012187712263e-10	(24,30)
3.0426932239801913291404e-7	(25,1)
2.73321546513144064031732e-6	(25,2)
7.56068187162605035364541e-6	(25,3)
0.00001471355572455390542438274	(25,4)
0.00002405355641433461577140327	(25,5)
0.0000353485786548369193125187	(25,6)
0.00004824372939081716439379191	(25,7)
0.00006223928915021969869504373	(25,8)
0.00007668330984958404185953456	(25,9)
0.00009078573096878360787386892	(25,10)
0.00010365846828781371511030097	(25,11)
0.0001143819316636295625142519	(25,12)
0.00012209331278023464372060114	(25,13)
0.00012608662751952212173282766	(25,14)
0.00012591006792049417587891289	(25,15)
0.00012144391934128179227739012	(25,16)
0.00011294305349401836962586184	(25,17)
0.00010103216893167571461887828	(25,18)
0.00008664911534900931176807494	(25,19)
0.00007094064828297619624980514	(25,20)
0.00005512409593012430637918634	(25,21)
0.00004033575369053029974018712	(25,22)
0.00002749065910829021200156142	(25,23)
0.00001717768349053933886954263	(25,24)
9.60846660866014796085235e-6	(25,25)
4.62946970367767770843074e-6	(25,26)
1.79502622125738062044991e-6	(25,27)
4.8793145680466149182705e-7	(25,28)
6.50847407663960765724e-8	(25,29)
8.151666598430335346e-10	(25,30)
3.7587256539976400274137e-7	(26,1)
3.37641847567251873530885e-6	(26,2)
9.33991544521468885613581e-6	(26,3)
0.00001817599813295976634570164	(26,4)
0.0000297137065681912295849832	(26,5)
0.00004366602106843422456370677	(26,6)
0.00005959402739353319279620519	(26,7)
0.00007687967144168459337543177	(26,8)
0.00009471665984672648793943848	(26,9)
0.00011212803061236346094981076	(26,10)
0.00012801589979832601445308181	(26,11)
0.00014124392140708992921653066	(26,12)
0.00015074664342644125792912205	(26,13)
0.00015565329917231893078265599	(26,14)
0.00015540809583657206987884266	(26,15)
0.00014986624870221268873196593	(26,16)
0.00013934600168044128824861884	(26,17)
0.00012462209382358569087354238	(26,18)
0.00010685505629683597505861529	(26,19)
0.00008746189552748209188931008	(26,20)
0.00006794498898815448390673034	(26,21)
0.00004970500629795868987994052	(26,22)
0.0000338682923252568644029578	(26,23)
0.00002115814029084704087667929	(26,24)
0.00001183261008345169037338232	(26,25)
5.70009632214815639984867e-6	(26,26)
2.20983054584698625104428e-6	(26,27)
6.0061822608520662307915e-7	(26,28)
8.010983976992346498847e-8	(26,29)
1.00331286992762147471e-9	(26,30)
4.5828544127690875353074e-7	(27,1)
4.11672287174239319543684e-6	(27,2)
0.00001138774796110947024848375	(27,3)
0.00002216111886668871332462471	(27,4)
0.00003622820572132480766095458	(27,5)
0.00005323866293793533531262658	(27,6)
0.00007265666219245018619602939	(27,7)
0.00009372764627816438335656259	(27,8)
0.00011546729522952346444443164	(27,9)
0.00013668312834925780528901051	(27,10)
0.00015603546006392800652543016	(27,11)
0.00017213832814151798358178357	(27,12)
0.0001836932184592901988062162	(27,13)
0.00018964027375070257732578796	(27,14)
0.0001893049891601330251759563	(27,15)
0.00018251500419098387331575698	(27,16)
0.0001696628910331542548763679	(27,17)
0.0001516973089336354413441478	(27,18)
0.00013003587484894739013009849	(27,19)
0.00010640677450836246209317436	(27,20)
0.00008263985916802313820989062	(27,21)
0.00006043882967579263786094702	(27,22)
0.00004117159123304386574398348	(27,23)
0.00002571446753157966264934357	(27,24)
0.00001437758698684062725843019	(27,25)
6.92476487401248657476513e-6	(27,26)
2.68418948514243772796481e-6	(27,27)
7.2945701744686108745095e-7	(27,28)
9.728614504908586851995e-8	(27,29)
1.21838139348572620356e-9	(27,30)
5.5210344421645722014299e-7	(28,1)
4.95947782587450683781185e-6	(28,2)
0.00001371897489872615714699242	(28,3)
0.0000266977013128427069840385	(28,4)
0.0000436440728379022635457042	(28,5)
0.00006413550270703984524831543	(28,6)
0.0000875255759870138890744195	(28,7)
0.00011290396207802756313984209	(28,8)
0.0001390832025923933048262564	(28,9)
0.00016462497229430944492815109	(28,10)
0.00018791391216152698693742158	(28,11)
0.00020727973119829802154973623	(28,12)
0.00022115882163562822988255245	(28,13)
0.00022827678210534987966681388	(28,14)
0.00022782518252641258758715961	(28,15)
0.00021960186643371360197396684	(28,16)
0.0002040857483170278037437398	(28,17)
0.00018242499813106221412687884	(28,18)
0.0001563308630814810112847156	(28,19)
0.00012788591813183131297717748	(28,20)
0.00009929203690570323493876088	(28,21)
0.00007259631968191355038158057	(28,22)
0.00004943961352462101449749672	(28,23)
0.00003087036435093029525860517	(28,24)
0.00001725629806722045668563689	(28,25)
8.30954249375707087436219e-6	(28,26)
3.22040791248437185620347e-6	(28,27)
8.7506440916265137355005e-7	(28,28)
1.1669500204140617619401e-7	(28,29)
1.46138536758446812063e-9	(28,30)
6.5782370383683763857235e-7	(29,1)
5.90914890203669944420399e-6	(29,2)
0.00001634594727004623107901993	(29,3)
0.00003180977046017390928435172	(29,4)
0.0000520005429772223127021212	(29,5)
0.00007641408606331086343415078	(29,6)
0.00010427904910038915234175979	(29,7)
0.0001345091006779276132356256	(29,8)
0.00016568729157918889046829311	(29,9)
0.00019609765152550115695645499	(29,10)
0.00022381367679249121137810275	(29,11)
0.00024684447518363101022780823	(29,12)
0.00026332799251645120851625741	(29,13)
0.00027174894734560352768706971	(29,14)
0.00027114948710096729551836713	(29,15)
0.00026129583352126751391828495	(29,16)
0.00024276630534738197555200517	(29,17)
0.00021693574219384676751857801	(29,18)
0.00018584743548542018361846009	(29,19)
0.00015198346648727373022511492	(29,20)
0.00011796396926634625484533427	(29,21)
0.00008622108492511588782944409	(29,22)
0.00005870073130303373874846331	(29,23)
0.00003664277935246764396490038	(29,24)
0.00002047783196283925597014832	(29,25)
9.8586448245647873714177e-6	(29,26)
3.82006816596793668572199e-6	(29,27)
1.03785962316098688176029e-6	(29,28)
1.3839134573436858281502e-7	(29,29)
1.73300661094316291697e-9	(29,30)
7.75830802564336318354e-7	(30,1)
6.96919065582554929016533e-6	(30,2)
0.00001927821922264347770761287	(30,3)
0.00003751590723325560619031243	(30,4)
0.00006132794682822446513655425	(30,5)
0.00009011886059234089576081056	(30,6)
0.00012297745731206793548987976	(30,7)
0.00015862038982670900623338501	(30,8)
0.00019537384752268573557280092	(30,9)
0.00023121121304888119121640443	(30,10)
0.00026385808134711209441740858	(30,11)
0.00029096546319787107774895988	(30,12)
0.0003103385160373726157973949	(30,13)
0.00032019415364033584102295339	(30,14)
0.00031940953780011964751425784	(30,15)
0.00030771794427528235248037817	(30,16)
0.00028581117531485129343548446	(30,17)
0.00025531928724011308110513583	(30,18)
0.0002186575777850968862044634	(30,19)
0.00017875422750309556403224117	(30,20)
0.00013869506870577132510864993	(30,21)
0.00010133971357095343361739186	(30,22)
0.00006897161372073003870102418	(30,23)
0.00004304129144544153997714533	(30,24)
0.0000240471274547349068278782	(30,25)
0.00001157427696984061129509893	(30,26)
4.48396958380449522050544e-6	(30,27)
1.21804834515941171114958e-6	(30,28)
1.6240156587329993962748e-7	(30,29)
2.03356903557545380139e-9	(30,30)
9.0638343160808899068162e-7	(31,1)
8.14192676830778429118784e-6	(31,2)
0.00002252221649392659327053838	(31,3)
0.00004382860347629644355879864	(31,4)
0.00007164665696749917957280926	(31,5)
0.00010527962923836370580131282	(31,6)
0.0001436611657524238120663547	(31,7)
0.00018528929522620818623528878	(31,8)
0.00022820521121541724633249689	(31,9)
0.00027003775712784515081654429	(31,10)
0.00030812694076343264742752085	(31,11)
0.00033972733533651744775981568	(31,12)
0.00036227634795105906195738882	(31,13)
0.00037369589483945047019999536	(31,14)
0.00037268275336066530520010216	(31,15)
0.00035893653218579078877321529	(31,16)
0.00033327755885515293058595448	(31,17)
0.00029762082126692648983009569	(31,18)
0.00025479476184380533326528013	(31,19)
0.00020822124425075356612231074	(31,20)
0.00016149989703291393624634965	(31,21)
0.00011796049898289364924607129	(31,22)
0.00008025639472460593728858354	(31,23)
0.00005006761133072155493939679	(31,24)
0.00002796470568196570601268607	(31,25)
0.00001345650917743189449837606	(31,26)
5.21208183151679870745278e-6	(31,27)
1.41561036097241559230745e-6	(31,28)
1.8872188724600234070908e-7	(31,29)
2.36301854766879038941e-9	(31,30)
1.04960214512808339846503e-6	(32,1)
9.42844004543471230410853e-6	(32,2)
0.00002608093216758831272582329	(32,3)
0.00005075367014290376352799363	(32,4)
0.00008296612137619905818607876	(32,5)
0.0001219101327729584062269366	(32,6)
0.00016634860063001623455884444	(32,7)
0.00021453894545965421302217209	(32,8)
0.00026420875169086364724665409	(32,9)
0.00031260788920104218088925101	(32,10)
0.00035665255978634077424605667	(32,11)
0.00039316213166101178104378102	(32,12)
0.00041917108228298096115696929	(32,13)
0.00043227921265480040027488792	(32,14)
0.00043098791872845835141016367	(32,15)
0.00041496311516891895848806232	(32,16)
0.00038516957685788052316031232	(32,17)
0.00034383784444524451648037547	(32,18)
0.00029425139877484822607746816	(32,19)
0.00024037382653118577737007517	(32,20)
0.00018636672803408499410288899	(32,21)
0.00013607245489227049860712448	(32,22)
0.00009254604600381387016426419	(32,23)
0.00005771521565727150437768225	(32,24)
0.00003222647875101603630982509	(32,25)
0.00001550319022281270625847129	(32,26)
6.00351312598084311009926e-6	(32,27)
1.63029129949625899867929e-6	(32,28)
2.1731730287251865118372e-7	(32,29)
2.72090990554859570704e-9	(32,30)
1.20545848885522562327527e-6	(33,1)
0.00001082847476462464850246404	(33,2)
0.00002995365659676383991404346	(33,3)
0.00005828971204965379742834978	(33,4)
0.00009528400604971189369615505	(33,5)
0.00014000679334849609956755561	(33,6)
0.00019103454254564215072678626	(33,7)
0.00024636194620204854413527515	(33,8)
0.00030337420139136732164884067	(33,9)
0.00035890761032628516581498939	(33,10)
0.00040941624983487063366912379	(33,11)
0.00045124554191516592034592712	(33,12)
0.00048099206908029147740551256	(33,13)
0.00049590683492680139866049739	(33,14)
0.00049428149837813115644742387	(33,15)
0.00047574902367424744837168535	(33,16)
0.00044143532273408341091915481	(33,17)
0.00039391771322396765541935082	(33,18)
0.00033697689597825312790664719	(33,19)
0.00027516609779554825003350286	(33,20)
0.00021325652605889386452615817	(33,21)
0.00015564464553482644464845851	(33,22)
0.00010581797117105514768413843	(33,23)
0.00006596912305369179882028697	(33,24)
0.00003682363945385245943621084	(33,25)
0.00001770990057206419090104287	(33,26)
6.85649409959661111558946e-6	(33,27)
1.86159867073033654305025e-6	(33,28)
2.4812108396056780295357e-7	(33,29)
3.10640082547038397062e-9	(33,30)
1.37376578271852359736005e-6	(34,1)
0.00001234035387968599230328465	(34,2)
0.00003413574843966178202031962	(34,3)
0.00006642768270596747251633179	(34,4)
0.00010858546877362638092102205	(34,5)
0.00015954765152861524045071512	(34,6)
0.00021768868549447346237700345	(34,7)
0.00028071854039040617264316786	(34,8)
0.00034565142315843975157156413	(34,9)
0.00040887572769240021547313851	(34,10)
0.00046634545254380044891468542	(34,11)
0.00051389384204996812727040455	(34,12)
0.00054764528713933453207402134	(34,13)
0.00056447611929527910081285305	(34,14)
0.00056245478226737449804294242	(34,15)
0.00054118286117220440796960671	(34,16)
0.0005019647171049348700464786	(34,17)
0.00044775592781298750957114116	(34,18)
0.00038287637327980640121423493	(34,19)
0.00031251609854097726286029224	(34,20)
0.0002421023691918842833391808	(34,21)
0.00017662584916251065467436851	(34,22)
0.00012003583198624925787331384	(34,23)
0.00007480581773325108694487178	(34,24)
0.0000417426347289472065200942	(34,25)
0.00002006994635492085908709599	(34,26)
7.76837762546641671557073e-6	(34,27)
2.10880226930306852808468e-6	(34,28)
2.8103487448892693711587e-7	(34,29)
3.51825342390400827785e-9	(34,30)
1.55417182803730604017904e-6	(35,1)
0.00001396091351440193139423044	(35,2)
0.00003861845352919007188148392	(35,3)
0.00007515053229272633466120169	(35,4)
0.00012284258540629954475671066	(35,5)
0.00018049152807206345537621833	(35,6)
0.00024625450404706185324913946	(35,7)
0.00031753516878174138063896409	(35,8)
0.00039094867540661979273228612	(35,9)
0.00046240186261796030358772738	(35,10)
0.00052731155662651320045552099	(35,11)
0.00058096161066557153928537981	(35,12)
0.00061897106772804074330587807	(35,13)
0.00063781689714545616048515705	(35,14)
0.00063533195401359984563655571	(35,15)
0.00061108887758832456144389125	(35,16)
0.00056658823359177848558993347	(35,17)
0.00050519521820739863256745783	(35,18)
0.00043181007958211492629984698	(35,19)
0.0003523054749194170771757571	(35,20)
0.00027280933515874560387488896	(35,21)
0.00019894456510661040747124485	(35,22)
0.00013514961147267846536298786	(35,23)
0.00008419332245778276108327462	(35,24)
0.00004696522322119325268430092	(35,25)
0.00002257439404524699104173313	(35,26)
8.73565447458314733862518e-6	(35,27)
2.37093888958081675477165e-6	(35,28)
3.1592936150631637158878e-7	(35,29)
3.95484287375121039705e-9	(35,30)
1.74615378986085664007633e-6	(36,1)
0.00001568545699562829435062727	(36,2)
0.00004338877780105848598279044	(36,3)
0.00008443296089110449645232281	(36,4)
0.00013801394840718852931459721	(36,5)
0.00020277743935478153234111737	(36,6)
0.00027664846784869525546824229	(36,7)
0.00035670348083157605653296817	(36,8)
0.00043913143600370428343130732	(36,9)
0.0005193251260670853409234815	(36,10)
0.0005921284855726801580568705	(36,11)
0.00065224030745581840940940475	(36,12)
0.0006947427523579062075178753	(36,13)
0.00071569029790229808696202961	(36,14)
0.00071266915454198346007610025	(36,15)
0.00068522631887580415115300452	(36,16)
0.00063507654666632828756874395	(36,17)
0.00056602546665493784690622392	(36,18)
0.00048359353545725356229211629	(36,19)
0.00039437976730486968721653783	(36,20)
0.0003052548565982248742013197	(36,21)
0.00022250936572483275438828781	(36,22)
0.00015109591250787695590513213	(36,23)
0.0000940914186064198379087157	(36,24)
0.00005246861498318192792793443	(36,25)
0.0000252121446121096937232209	(36,26)
9.75398423083616914812724e-6	(36,27)
2.6468211764341494656651e-6	(36,28)
3.526454958793717453126e-7	(36,29)
4.41417294664053163717e-9	(36,30)
1.9490154754754882199301e-6	(37,1)
0.00001750773041117091832332975	(37,2)
0.00004842941976961217238946057	(37,3)
0.00009424128762879016525932453	(37,4)
0.0001540444549921828168087	(37,5)
0.00022632429181345341713192654	(37,6)
0.00030875963771472661648945746	(37,7)
0.00039807983939145477477972776	(37,8)
0.00049002183717074913685948795	(37,9)
0.0005794335215484207899964083	(37,10)
0.00066055212144451892741481881	(37,11)
0.00072745778135981105043990876	(37,12)
0.00077466635123421352422937632	(37,13)
0.00079778861553566695574965577	(37,14)
0.00079415459492065172878283274	(37,15)
0.00076328979572175721534640687	(37,16)
0.00070714113247174370080308574	(37,17)
0.00062998448544225493877819222	(37,18)
0.00053799840992571303050788342	(37,19)
0.00043854929886787307323497852	(37,20)
0.00033928954050234131861193814	(37,21)
0.00024720958567391054884805607	(37,22)
0.00016779848429452202691951254	(37,23)
0.00010445200718719307923863761	(37,24)
0.00005822568915937052601733701	(37,25)
0.00002797004484137581507453565	(37,26)
0.00001081824047743865817532102	(37,27)
2.93505032386055004210694e-6	(37,28)
3.9099622332650578211186e-7	(37,29)
4.89389792707239452072e-9	(37,30)
2.16188719235069682593872e-6	(38,1)
0.00001941992133859283397217127	(38,2)
0.00005371876710208085989871002	(38,3)
0.0001045334445811293149351688	(38,4)
0.00017086529929437981912850572	(38,5)
0.00025103087634842752355008936	(38,6)
0.00034244967145902089662533195	(38,7)
0.00044148535465892715252903276	(38,8)
0.00054339875353093015707771432	(38,9)
0.00064246412281884712904584006	(38,10)
0.00073228061527194914832550216	(38,11)
0.00080627875910339696412413772	(38,12)
0.00085838124995276642866120576	(38,13)
0.00088373625844924983321793285	(38,14)
0.0008794097503891408724633571	(38,15)
0.00084491069243496049798537891	(38,16)
0.00078243583222762774716051419	(38,17)
0.00069675964911851287859576367	(38,18)
0.00059475412222290830125855616	(38,19)
0.00048459064962186470127152621	(38,20)
0.00037473843514915488966818431	(38,21)
0.00027291633250905645052134935	(38,22)
0.00018516896337672295341939977	(38,23)
0.00011521960107161875943847749	(38,24)
0.00006420528352879938696586203	(38,25)
0.0000308330325943429587095939	(38,26)
0.00001192256891184260480406026	(38,27)
3.23403223803443115411833e-6	(38,28)
4.3076867294580780300385e-7	(38,29)
5.39135022686210256954e-9	(38,30)
2.38372832425290876862485e-6	(39,1)
0.00002141268199095402160928392	(39,2)
0.00005923096073462314395991101	(39,3)
0.00011525910210728490373085609	(39,4)
0.00018839417937222569492486152	(39,5)
0.00027677617840026707655231986	(39,6)
0.00037755326040379636234806086	(39,7)
0.00048670647342363429562430001	(39,8)
0.00059899857366962089021776689	(39,9)
0.00070810405957756446597932151	(39,10)
0.00080695561786385714109777852	(39,11)
0.00088830634585369170137142504	(39,12)
0.0009454619911252641009956768	(39,13)
0.00097309180166012633059461123	(39,14)
0.00096799164467209850459354392	(39,15)
0.00092965961437022050832437012	(39,16)
0.0008605593662822660003019715	(39,17)
0.00076599036072850675957920363	(39,18)
0.00065355014249423489511123141	(39,19)
0.00053224868764358487534526371	(39,20)
0.00041140271728374561090978661	(39,21)
0.00029948379503243202411872101	(39,22)
0.00020310781084121334559068328	(39,23)
0.00012633193569401368718879627	(39,24)
0.00007037254814336183457655713	(39,25)
0.00003378431200927373785388662	(39,26)
0.00001306045676144016180776087	(39,27)
3.54199670622105314541416e-6	(39,28)
4.7172674063830982834113e-7	(39,29)
5.90357290689986160541e-9	(39,30)
2.61333271430123281622448e-6	(40,1)
0.0000234751775767392093158031	(40,2)
0.00006493602873192180829554486	(40,3)
0.00012635992988342377601613806	(40,4)
0.00020653572594714608199912298	(40,5)
0.00030342001357637299426006429	(40,6)
0.00041387900951008994687059799	(40,7)
0.00053349613924104393483099598	(40,8)
0.00065651667260560170637229724	(40,9)
0.00077599232878850721327320926	(40,10)
0.00088416444682830379127271753	(40,11)
0.00097308454949033548228666566	(40,12)
0.00103542113567569680966871698	(40,13)
0.00106535113718307072676595136	(40,14)
0.00105939621045251738069468578	(40,15)
0.00101704984972242943167986239	(40,16)
0.00094105876596121301746887104	(40,17)
0.00083727131310857478829851118	(40,18)
0.0007140389497918333255375915	(40,19)
0.00058123911680705104446306613	(40,20)
0.00044906176308380065797226263	(40,21)
0.00032675081940389779673957428	(40,22)
0.00022150542323016592514526723	(40,23)
0.00013772068305423382604466684	(40,24)
0.00007668935404680030985809972	(40,25)
0.00003680555409008306396896318	(40,26)
0.00001422481166865242663880514	(40,27)
3.85701906068186546319319e-6	(40,28)
5.1361399813523399870302e-7	(40,29)
6.42735623125368801513e-9	(40,30)
2.84933688975762657587981e-6	(41,1)
0.00002559516018630743103528217	(41,2)
0.00007080009075053976356509633	(41,3)
0.00013776999528330648230205437	(41,4)
0.00022518215547995619645890072	(41,5)
0.00033080399241570794903549187	(41,6)
0.00045121076546560156841845483	(41,7)
0.00058157552803031562275374875	(41,8)
0.00071560958879542946609633018	(41,9)
0.00084572243287734348362628064	(41,10)
0.00096344318678721692813986936	(41,11)
0.00106010181916453127255024122	(41,12)
0.00112771318628113772727180169	(41,13)
0.00115995169559679414425219982	(41,14)
0.00115306268916909798299347268	(41,15)
0.00110654179997554315464538272	(41,16)
0.00102343367083855649090141316	(41,17)
0.00091015648947841972756524553	(41,18)
0.00077583959203026048514616638	(41,19)
0.00063125148984202876966018457	(41,20)
0.00048747555888734161247583342	(41,21)
0.000354542717992195817918962	(41,22)
0.00024024339161254342706222061	(41,23)
0.000149312252157149994562945	(41,24)
0.00008311474722237376253271797	(41,25)
0.00003987711777399579921556699	(41,26)
0.0000154080480942230668737443	(41,27)
4.17704379774796793569384e-6	(41,28)
5.5615685480794644566204e-7	(41,29)
6.95927733654926239683e-9	(41,30)
3.09023110672017550089161e-6	(42,1)
0.00002775906800855384861649869	(42,2)
0.00007678563255924297737380971	(42,3)
0.00014941629801865041837863738	(42,4)
0.00024421414571973154964446267	(42,5)
0.00035875281130385255920601546	(42,6)
0.00048930938809614621110431076	(42,7)
0.00063063635203047506112962116	(42,8)
0.00077589789507230183213573525	(42,9)
0.00091684582926695412866074744	(42,10)
0.00104428070071451210243889953	(42,11)
0.00114879556797830133296146434	(42,12)
0.00122173953349845216923750947	(42,13)
0.00125627768959069801552436949	(42,14)
0.00124837901180792807369950226	(42,15)
0.0011975483133945347598017207	(42,16)
0.00110714142153590342821143736	(42,17)
0.00098416383295518175825274848	(42,18)
0.00083854178109605671100872174	(42,19)
0.00068195262711991046617639662	(42,20)
0.00052638740194445501118277786	(42,21)
0.00038267327238412830875701347	(42,22)
0.00025919588125867752425423249	(42,23)
0.00016102865802706899327261149	(42,24)
0.00008960543749335108416316303	(42,25)
0.00004297828642256782159816441	(42,26)
0.00001660217924884100268420112	(42,27)
4.49990960562028248827693e-6	(42,28)
5.990678989117273244392e-7	(42,29)
7.49574209520781206527e-9	(42,30)
3.33437313500979836533525e-6	(43,1)
0.00002995214916156981934991789	(43,2)
0.00008285184863151537274924527	(43,3)
0.00016121943715443063446963851	(43,4)
0.00026350192729049945168938173	(43,5)
0.0003870758598498837641622578	(43,6)
0.00052791495135158675557028726	(43,7)
0.00068034371335031039648836809	(43,8)
0.00083696973861989301256192569	(43,9)
0.00098887615897749070865301341	(43,10)
0.00112612351152409815018399671	(43,11)
0.0012385576293324424711745256	(43,12)
0.0013168543641229223944232572	(43,13)
0.00135366630948190034048793515	(43,14)
0.00134468808267174372110708861	(43,15)
0.00128944083824128793241280732	(43,16)
0.00119160286309143164184782036	(43,17)
0.00105878050257729878841994118	(43,18)
0.0009017104473431462586702224	(43,19)
0.00073299037542649241964460079	(43,20)
0.000565526837644707158834732	(43,21)
0.00041094688989004625647576418	(43,22)
0.00027823110341581016629564483	(43,23)
0.0001727884411200880441349336	(43,24)
0.0000961163120645457298632923	(43,25)
0.00004608751472204092592039651	(43,26)
0.00001779891259821059613140352	(43,27)
4.82337526790498559522169e-6	(43,28)
6.4204934706410596147409e-7	(43,29)
8.0330282802927295516e-9	(43,30)
3.58000464578662080894735e-6	(44,1)
0.00003215860890230878292550843	(44,2)
0.00008895504939080026008463687	(44,3)
0.00017309440382458260627677048	(44,4)
0.00028290658032919148697688177	(44,5)
0.00041556912837138766295881729	(44,6)
0.00056674935107627898328180216	(44,7)
0.00073033947679550097885733843	(44,8)
0.00089838501104978420991254275	(44,9)
0.00106129420573623564434129647	(44,10)
0.00120838149495295227033491014	(44,11)
0.00132874057726894843430858605	(44,12)
0.00141237145178932984165999212	(44,13)
0.0014514147817659269659355634	(44,14)
0.00144129487070085721514485308	(44,15)
0.00138155629727673165171158695	(44,16)
0.00127620876164119138429066903	(44,17)
0.00113346862415385996867482149	(44,18)
0.0009648906713398893804803067	(44,19)
0.00078399763711592243034859842	(44,20)
0.0006046127777227863988288732	(44,21)
0.00043916087221237379681245042	(44,22)
0.00029721285071287744752150201	(44,23)
0.00018450761925720033503623826	(44,24)
0.00010260096370052058818211475	(44,25)
0.0000491826811847064768163257	(44,26)
0.00001898974708463141010101728	(44,27)
5.14514594026548353150559e-6	(44,28)
6.847965351455385047639e-7	(44,29)
8.56732919677087577683e-9	(44,30)
3.82527000815875548449455e-6	(45,1)
0.00003436177847479601807227765	(45,2)
0.00009504912829129759625535476	(45,3)
0.0001849514902569096226647826	(45,4)
0.00030228152075976254228188317	(45,5)
0.00044401739266109986158249553	(45,6)
0.0006055192880206920145473865	(45,7)
0.00078024612052395486854418557	(45,8)
0.00095968009621958402452770335	(45,9)
0.00113355352160263632624165802	(45,10)
0.00129043430784892075842950515	(45,11)
0.00141866482341801410031689032	(45,12)
0.00150757173219246586459623799	(45,13)
0.00154878818512910208279155125	(45,14)
0.00153747419813433922912935909	(45,15)
0.00147320457284010311768879156	(45,16)
0.00136032672777445186043076274	(45,17)
0.00120767143780501455476279516	(45,18)
0.00102761290692991996775801124	(45,19)
0.00083459659835407514265160982	(45,20)
0.00064335674372376601639756838	(45,21)
0.00046710775554224489124562091	(45,22)
0.0003160020686109598672511454	(45,23)
0.00019610065502608742204382967	(45,24)
0.00010901222412936657881521895	(45,25)
0.0000522413417821305070150592	(45,26)
0.00002016607035624083888598203	(45,27)
5.46289934120214607994627e-6	(45,28)
7.2700138992927517569996e-7	(45,29)
9.09479702250391700723e-9	(45,30)
4.06823724756769809427652e-6	(46,1)
0.00003654430337606601031710255	(46,2)
0.00010108608258907002775731472	(46,3)
0.00019669730313580593044281604	(46,4)
0.00032147415658657045410390813	(46,5)
0.0004721966470790538429896398	(46,6)
0.00064391958628848466866787927	(46,7)
0.00082967101262489412720884764	(46,8)
0.00102037313090628616583933542	(46,9)
0.00120508664086537956588347362	(46,10)
0.00137163846055920393447624451	(46,11)
0.00150762638733066195597413461	(46,12)
0.00160171154992808192734542712	(46,13)
0.00164502790430924513696685017	(46,14)
0.00163247910436207345116370293	(46,15)
0.00156367648249844036071333447	(46,16)
0.00144330853348703789581645783	(46,17)
0.00128081974035795775252925566	(46,18)
0.00108939840828121389322513776	(46,19)
0.00088440308546281266340117511	(46,20)
0.00068146618131523954549702948	(46,21)
0.00049457768303371253410170807	(46,22)
0.00033445843691338126491513962	(46,23)
0.00020748142284483112108704076	(46,24)
0.00011530269407538771133345102	(46,25)
0.00005524098068025796764080808	(46,26)
0.00002131925447963537888292568	(46,27)
5.77431145100427041998445e-6	(46,28)
7.6835582807255290186259e-7	(46,29)
9.61158519559072174635e-9	(46,30)
4.3069208693014920178037e-6	(47,1)
0.00003868834837500388428470171	(47,2)
0.00010701658043080910427240566	(47,3)
0.00020823586694795292924796146	(47,4)
0.00034032769071298323717493729	(47,5)
0.00049987675137009640432316537	(47,6)
0.00068163679983261502909808619	(47,7)
0.00087821105217763500717777015	(47,8)
0.00107996970211694688049005969	(47,9)
0.0012753117912225362838072573	(47,10)
0.00145133492854632271944072346	(47,11)
0.00159490522334498343873144388	(47,12)
0.00169403145110508428751767565	(47,13)
0.00173936059094310401689791622	(47,14)
0.00172554965383630665631250828	(47,15)
0.00165225211894113898788860033	(47,16)
0.00152449770606670293812928702	(47,17)
0.00135233851963240824494404627	(47,18)
0.00114976477439128056818400869	(47,19)
0.0009330309804116372372999888	(47,20)
0.00071864779361907319461729898	(47,21)
0.00052136077316314612480919732	(47,22)
0.00035244193749328695774881292	(47,23)
0.00021856416143471511532779544	(47,24)
0.00012142526229291950035916719	(47,25)
0.00005815925455184552635470334	(47,26)
0.00002244074881909507449885362	(47,27)
6.07708137159491346664783e-6	(47,28)
8.0855503712422989508384e-7	(47,29)
1.011388928637342139084e-8	(47,30)
4.53930620626230144201376e-6	(48,1)
0.00004077581622205311921529151	(48,2)
0.00011279056578975060870937978	(48,3)
0.00021946980082540274901420029	(48,4)
0.00035868304332949589949536801	(48,5)
0.00052682425157949211296627163	(48,6)
0.00071835305288946438447699022	(48,7)
0.00092545760493786593966164618	(48,8)
0.00113796889492533567727946729	(48,9)
0.00134364000028044904419285657	(48,10)
0.00152885718689941490855837787	(48,11)
0.00167977397593458852842613182	(48,12)
0.00178376538573722667014551638	(48,13)
0.00183100749218531991632839582	(48,14)
0.00181592205088897974928233652	(48,15)
0.00173820942435697678281605278	(48,16)
0.00160323728131126277559579702	(48,17)
0.00142165367882834942029715418	(48,18)
0.00120823152719260660780057464	(48,19)
0.000980096629969230451878618	(48,20)
0.00075461084532769416357140999	(48,21)
0.00054724945068930718100362875	(48,22)
0.00036981438692054340500724476	(48,23)
0.00022926439920160837562896337	(48,24)
0.0001273336070325697309890842	(48,25)
0.0000609742274815277389118106	(48,26)
0.00002352216898353071329204881	(48,27)
6.36895506086021374881105e-6	(48,28)
8.4730060146233516877083e-7	(48,29)
1.05979858966944631285e-8	(48,30)
4.76337491215104595019842e-6	(49,1)
0.00004278857664677836739521827	(49,2)
0.00011835789183600110266930976	(49,3)
0.00023030155057297744966728647	(49,4)
0.00037638086395112950498025847	(49,5)
0.00055280533114670081105062766	(49,6)
0.00075375005452630130237398491	(49,7)
0.00097100165671110515726831459	(49,8)
0.00119386959648158859605308243	(49,9)
0.00140948248642291872037863831	(49,10)
0.00160353954226648995583031341	(49,11)
0.00176150702688829528826136409	(49,12)
0.00187015017658737685152807022	(49,13)
0.00191919400243659742075964626	(49,14)
0.00190283792115120657440748652	(49,15)
0.00182083286878991325657551663	(49,16)
0.00167887759993793178534257362	(49,17)
0.00148819875239857782718464506	(49,18)
0.00126432564362434066597799972	(49,19)
0.0010252231876023915983470018	(49,20)
0.00078907039368901269372596608	(49,21)
0.00057204071056573026290197149	(49,22)
0.00038644091541479784432912246	(49,23)
0.00023949984187332027621015538	(49,24)
0.00013298267446185909105215757	(49,25)
0.00006366459402469665215647533	(49,26)
0.00002455538095954011782302923	(49,27)
6.64774771513649960354076e-6	(49,28)
8.8430344417223961744591e-7	(49,29)
1.106026923089613257147e-8	(49,30)
4.97713119044654345554831e-6	(50,1)
0.00004470870196378590400756915	(50,2)
0.00012366897256471456825999595	(50,3)
0.00024063465608672166870248486	(50,4)
0.00039326360078753610099135711	(50,5)
0.00057758884480078973987787206	(50,6)
0.00078751322290689551381273758	(50,7)
0.00101443910186306613313830012	(50,8)
0.00124717695542538268853328575	(50,9)
0.00147225821628069285086993658	(50,10)
0.00167472563005461939382855348	(50,11)
0.00183938969176757515582868112	(50,12)
0.00195243510663364397151254974	(50,13)
0.00200315929091201039711252221	(50,14)
0.00198555361883170467825956471	(50,15)
0.0018994221036752384139872638	(50,16)
0.00175078403457457118447931716	(50,17)
0.00155142151959730089017341651	(50,18)
0.00131758696745070155474955859	(50,19)
0.00106804483257109280388718413	(50,20)
0.00082175040721987042467248004	(50,21)
0.00059553828901420586357006199	(50,22)
0.00040219137637292409547719439	(50,23)
0.00024919121359291293767025759	(50,24)
0.00013832912963407404446168845	(50,25)
0.00006620988850931284494420367	(50,26)
0.00002553257975648218844123655	(50,27)
6.91136463038791087618514e-6	(50,28)
9.1928656349238379215637e-7	(50,29)
1.149728507861268367202e-8	(50,30)
5.17862832671408866178639e-6	(51,1)
0.00004651870540236467554290619	(51,2)
0.00012867544193906797298953828	(51,3)
0.00025037503327380373898063484	(51,4)
0.00040917759335972717737078603	(51,5)
0.00060094938534360497713730439	(51,6)
0.00081933585155965318762256517	(51,7)
0.00105537608040979899764348073	(51,8)
0.00129740889147321466446331792	(51,9)
0.00153140150649296793592364714	(51,10)
0.00174177694061814142584320997	(51,11)
0.00191272741991531619426779785	(51,12)
0.00202989147561098516210203423	(51,13)
0.0020821658578827689403278682	(51,14)
0.00206334942116223934012908766	(51,15)
0.00197330046561456986665725657	(51,16)
0.0018183445399854343933194838	(51,17)
0.00161079042798053089165121146	(51,18)
0.00136757343286513436897332359	(51,19)
0.00110821081650875362817837405	(51,20)
0.00085238673799186963060511675	(51,21)
0.0006175547198619944683728759	(51,22)
0.00041694167349211923485056488	(51,23)
0.00025826304444913098766793687	(51,24)
0.00014333177661101393556499815	(51,25)
0.00006859067916075682070831702	(51,26)
0.00002644636208018651669172087	(51,27)
7.15782042439335661636484e-6	(51,28)
9.5198754934961896855923e-7	(51,29)
1.190576203565594286875e-8	(51,30)
5.36599507747033505314307e-6	(52,1)
0.00004820177814673144537793621	(52,2)
0.0001333308094504794966808783	(52,3)
0.00025943224889998967755919038	(52,4)
0.00042397515317974087501057735	(52,5)
0.00062267033185200711564034011	(52,6)
0.00084892324794185185840440902	(52,7)
0.00109343427481634194280015649	(52,8)
0.00134410254753517443219147343	(52,9)
0.00158636954526768237815232182	(52,10)
0.00180408123661177881151364305	(52,11)
0.00198085485181968691400720498	(52,12)
0.00210182197705361825491650176	(52,13)
0.00215550887505392764197253561	(52,14)
0.00213553847560080991091421285	(52,15)
0.00204182321113734163973546024	(52,16)
0.00188097692582276663363290061	(52,17)
0.00166580074613958884620706839	(52,18)
0.00141386603869441834982876946	(52,19)
0.00114538929381829095398741143	(52,20)
0.00088072991830820045133204329	(52,21)
0.00063791325802004892960630881	(52,22)
0.00043057499513274735059109152	(52,23)
0.00026664439907483939293394383	(52,24)
0.00014795194526591308682732537	(52,25)
0.00007078874606988341672642752	(52,26)
0.00002728979272077301892247014	(52,27)
7.38525654769026107479326e-6	(52,28)
9.821608715170127866717e-7	(52,29)
1.228263986424596777587e-8	(52,30)
5.53746146346311830641779e-6	(53,1)
0.00004974202102558316685270859	(53,2)
0.00013759110086601514434291664	(53,3)
0.00026772076653784315875804232	(53,4)
0.00043751659691426249957564776	(53,5)
0.00064254682729999202360880016	(53,6)
0.00087599677398306865474617584	(53,7)
0.00112825607706423394498427246	(53,8)
0.00138682057639053675765750077	(53,9)
0.0016366497094363951686348508	(53,10)
0.00186106072470546552371028155	(53,11)
0.00204314458979186321923878358	(53,12)
0.00216756975077501084083594231	(53,13)
0.00222252517047707276618999784	(53,14)
0.00220147537161504324731121859	(53,15)
0.00210438537039196342560809644	(53,16)
0.00193813575886884333384916316	(53,17)
0.00171598037254538430463966843	(53,18)
0.00145607351901544471347076627	(53,19)
0.00117927089821706872886317954	(53,20)
0.00090654775737512415083252636	(53,21)
0.00065644965551062094838477156	(53,22)
0.00044298294795976134209459403	(53,23)
0.00027426954241880941185005752	(53,24)
0.00015215384310038663629778737	(53,25)
0.00007278724240432893259802611	(53,26)
0.00002805646448390621486542023	(53,27)
7.5919570493283689350992e-6	(53,28)
1.0095799359598542122802e-6	(53,29)
1.262509495637136164915e-8	(53,30)
5.6913835190051690664257e-6	(54,1)
0.00005112466682365113259127613	(54,2)
0.00014141547302757888491827287	(54,3)
0.00027516114197688651395822314	(54,4)
0.00044967219677522699756826796	(54,5)
0.00066038863411486249305988232	(54,6)
0.00090029771908157173279557965	(54,7)
0.00115950953774149592116932859	(54,8)
0.00142515715571556112525133438	(54,9)
0.00168176655523571302000334331	(54,10)
0.00191217984837191293929699325	(54,11)
0.00209901554257321414671486941	(54,12)
0.00222652697158961107261412314	(54,13)
0.00228260172539825856113001261	(54,14)
0.00226056421675929006525044225	(54,15)
0.00216042911609550483709185841	(54,16)
0.00198931881012339459142509337	(54,17)
0.00176089523527484598521878134	(54,18)
0.00149383666296913551809874215	(54,19)
0.00120957203353143907941508778	(54,20)
0.00092962771802615276147324831	(54,21)
0.00067301377864795504894191067	(54,22)
0.00045406658401376408952000775	(54,23)
0.00028107854006684495638315642	(54,24)
0.00015590487109080186343124925	(54,25)
0.00007457083857788240648582864	(54,26)
0.00002874055161215682627877143	(54,27)
7.7763625943539031252655e-6	(54,28)
1.03403890995667493233348e-6	(54,29)
1.293056291380715031648e-8	(54,30)
5.82626656193570667042714e-6	(55,1)
0.00005233628930416849479447932	(55,2)
0.0001447667918893937955213008	(55,3)
0.00028168114708610864953799404	(55,4)
0.0004603240139190062336955696	(55,5)
0.00067602281773553599916938419	(55,6)
0.0009215909382100542186194512	(55,7)
0.00118689301184256756016039797	(55,8)
0.00145874362906998469866190328	(55,9)
0.00172128836585923005765475365	(55,10)
0.001956952574354820472944087	(55,11)
0.00214794071148658830187642345	(55,12)
0.00227814284309427917221388112	(55,13)
0.00233518355925372021702232802	(55,14)
0.002312266106025506805797749	(55,15)
0.00220945055335301098507258991	(55,16)
0.00203407297091804778192096712	(55,17)
0.00180015422533400428873535319	(55,18)
0.00152683224329954045368919473	(55,19)
0.00123603785222434419163601433	(55,20)
0.00094977905757955209022495942	(55,21)
0.00068747105777410256178761614	(55,22)
0.00046373731715992356616184822	(55,23)
0.00028701779154037574378648674	(55,24)
0.00015917590312971020408024185	(55,25)
0.0000761258493410558291418802	(55,26)
0.00002933685673387965192339124	(55,27)
7.93708275342604130612025e-6	(55,28)
1.05535431960601185287375e-6	(55,29)
1.319675829550215575065e-8	(55,30)
5.94078657067611846815261e-6	(56,1)
0.0000533649952278293827351811	(56,2)
0.00014761216352451893376995422	(56,3)
0.00028721680217965907988217145	(56,4)
0.00046936758237436770825474148	(56,5)
0.00068929621080964344525291525	(56,6)
0.00093966819132269602990279778	(56,7)
0.0012101394205832494336773188	(56,8)
0.00148725367622959604079466851	(56,9)
0.00175483314579947141757957793	(56,10)
0.00199494905355594110810814349	(56,11)
0.00218945429489881307594606001	(56,12)
0.00232193087526176360107601877	(56,13)
0.00237978088939538464644782366	(56,14)
0.00235610588382344423661849999	(56,15)
0.00225100584587549651532204914	(56,16)
0.00207199957126600928824545346	(56,17)
0.00183341361408743722544054501	(56,18)
0.00155477651951102753373509476	(56,19)
0.00125844490003382796421103645	(56,20)
0.0009668347204375000516640166	(56,21)
0.00069970376332053515931490235	(56,22)
0.00047191772633188575383967005	(56,23)
0.00029204049583142266364609527	(56,24)
0.00016194152904800518921599647	(56,25)
0.00007744034393952593148252482	(56,26)
0.00002984085144213256315960318	(56,27)
8.07290660140526397661826e-6	(56,28)
1.07336642540827307563065e-6	(56,29)
1.342169160836257362886e-8	(56,30)
6.03380928529746299515629e-6	(57,1)
0.00005420059592735941206125599	(57,2)
0.00014992340858780527061843263	(57,3)
0.00029171329840895488564892651	(57,4)
0.00047671341342596786855929361	(57,5)
0.00070007761420127715838539579	(57,6)
0.000954351125076488879302229	(57,7)
0.00122902005474573249373361425	(57,8)
0.00151040792388229876651370202	(57,9)
0.00178207396098904741607305058	(57,10)
0.00202580154726174985211176291	(57,11)
0.002223157998856543555179492	(57,12)
0.00235747533621976023245175424	(57,13)
0.0024159754638097812017199563	(57,14)
0.002391678109188586564382772	(57,15)
0.00228471660445789744294365686	(57,16)
0.0021027590426942222921783406	(57,17)
0.00186038091280631320927677287	(57,18)
0.00157742828742266033381567756	(57,19)
0.0012766034094466440490849957	(57,20)
0.00098065297303987472406012793	(57,21)
0.00070961210389778865011637385	(57,22)
0.0004785422441320001558170212	(57,23)
0.00029610704904925079327020348	(57,24)
0.00016418026149954764593553295	(57,25)
0.00007850423960982219266911735	(57,26)
0.00003024871064747639930258134	(57,27)
8.18281167169904731143484e-6	(57,28)
1.08794038282419647866773e-6	(57,29)
1.360368363192185967261e-8	(57,30)
6.1044066879384036654841e-6	(58,1)
0.00005483475534193387416697208	(58,2)
0.0001516774716771085337362556	(58,3)
0.00029512579356018183859327987	(58,4)
0.00048228829340790953164657363	(58,5)
0.00070825969541403618147887241	(58,6)
0.00096549384389126587235218454	(58,7)
0.00124334785274809777355659472	(58,8)
0.00152797791703123378039732623	(58,9)
0.0018027435345720007818744705	(58,10)
0.00204920952165738855300838111	(58,11)
0.00224872645456851142955383279	(58,12)
0.00238443678166211194583569749	(58,13)
0.00244342597785767284063981911	(58,14)
0.00241865214671617960180603542	(58,15)
0.00231027447414660994024919571	(58,16)
0.00212607487671964551445959563	(58,17)
0.00188081813946413736346631298	(58,18)
0.00159459145225421886383392886	(58,19)
0.00129035922851006724634003168	(58,20)
0.00099111877426992713586338133	(58,21)
0.00071711514362399807155640279	(58,22)
0.00048355773018574111390012778	(58,23)
0.00029918537447084957784252536	(58,24)
0.00016587470717229024656648804	(58,25)
0.00007930937874913685770995936	(58,26)
0.00003055734086841344800235049	(58,27)
8.26597131730097970894519e-6	(58,28)
1.09896719515358248101586e-6	(58,29)
1.37413771722312547616e-8	(58,30)
6.15187056353292035064228e-6	(59,1)
0.0000552611118254596857912195	(59,2)
0.00015285675816763493430542059	(59,3)
0.00029742006683814117025527847	(59,4)
0.00048603635145027676669533168	(59,5)
0.00071376055027583430805760731	(59,6)
0.00097298502445514366129428325	(59,7)
0.00125298009562887846970234291	(59,8)
0.00153978938228715887375847867	(59,9)
0.0018166380205796196305850591	(59,10)
0.00206494382721738404490848295	(59,11)
0.00226591165769687153089452493	(59,12)
0.00240255657963247088058265909	(59,13)
0.00246187249969710478258329657	(59,14)
0.00243677631809970109468572447	(59,15)
0.00232744486719664616817615748	(59,16)
0.00214173683883334271240655677	(59,17)
0.00189454446459643349471903846	(59,18)
0.00160611710719450015114912923	(59,19)
0.00129959537471275185569335441	(59,20)
0.00099814487640213655103475896	(59,21)
0.00072215153702090403919723711	(59,22)
0.00048692392920521343370084144	(59,23)
0.00030125118552534084836058614	(59,24)
0.00016701170287145409092203689	(59,25)
0.00007984959011522922500454828	(59,26)
0.00003076440262452770779187562	(59,27)
8.32176052859973236929384e-6	(59,28)
1.10636446585730191896205e-6	(59,29)
1.383374633688529263949e-8	(59,30)
6.17572289369571297391276e-6	(60,1)
0.00005547537150880876607998196	(60,2)
0.00015344939238285791526718896	(60,3)
0.00029857302072066047460140255	(60,4)
0.00048791987779754917316809952	(60,5)
0.00071652489967665253005817667	(60,6)
0.00097674953579292763038829639	(60,7)
0.00125782047127218771788449062	(60,8)
0.00154572472637296665934889031	(60,9)
0.00182361989161521389113348944	(60,10)
0.0020728498945727502029310733	(60,11)
0.00227454635994530966519029834	(60,12)
0.00241166036371147855116668789	(60,13)
0.00247113984337062411200115737	(60,14)
0.00244588106186932929991205621	(60,15)
0.00233606979959927341974555236	(60,16)
0.0021496034063038790916792495	(60,17)
0.00190143821429806574005702833	(60,18)
0.00161190510370962005353182945	(60,19)
0.00130423320638868876802992552	(60,20)
0.00100167265323534986995754694	(60,21)
0.00072468008057897758240179752	(60,22)
0.00048861381403045719025245439	(60,23)
0.00030228818232657101496865076	(60,24)
0.00016758241701603062273225117	(60,25)
0.00008012073439062423587980068	(60,26)
0.00003086832708308918573534265	(60,27)
8.34976025299590409685529e-6	(60,28)
1.11007695667404219207589e-6	(60,29)
1.388010341282163782011e-8	(60,30)