kdd1113_(sigma,mu)
0.12508563936780796153154500061	(1,1)
0.12508095807363533885507475348	(1,2)
0.125049390435019799658814151	(1,3)
0.12494774234343252721228437721	(1,4)
0.12471420678140314716495948984	(1,5)
0.12427179092944576516998830789	(1,6)
0.12353263649708108093871754329	(1,7)
0.12240303399146531761188082498	(1,8)
0.12078889890861814834024791065	(1,9)
0.11860145538487042812321515854	(1,10)
0.11576286168573777241447850964	(1,11)
0.1122115125466673563420980919	(1,12)
0.10790676580802099058466824688	(1,13)
0.10283286448066106580820702409	(1,14)
0.09700185931912956054671617965	(1,15)
0.09045537969668442615066623867	(1,16)
0.08326515021400890637691572829	(1,17)
0.07553220486947703564300093246	(1,18)
0.06738480740069034027498762478	(1,19)
0.05897514309450270712690955641	(1,20)
0.05047490147686204717025675047	(1,21)
0.0420699184648555888079395776	(1,22)
0.0339540886347006997147240971	(1,23)
0.02632279138177849114013519339	(1,24)
0.0193660974611586720996767378	(1,25)
0.01326203369069859490560607221	(1,26)
0.00817018296155809456134855409	(1,27)
0.00422588413983632282451271576	(1,28)
0.00153527248405339341724555762	(1,29)
0.00017136686873924967118393465	(1,30)
0.12577297476565136195973639711	(2,1)
0.12576826774813575419587639097	(2,2)
0.12573652664783093089802954925	(2,3)
0.12563432000798211222910523505	(2,4)
0.12539950118642499494379572739	(2,5)
0.12495465429419787300957663372	(2,6)
0.12421143826644915292435777872	(2,7)
0.12307562868408814423466209075	(2,8)
0.12145262405626692325383026985	(2,9)
0.11925316070306196581127894073	(2,10)
0.11639896915598263381721512225	(2,11)
0.11282810563467551504239734368	(2,12)
0.10849970465439922155686128448	(2,13)
0.10339792264304470200466982272	(2,14)
0.09753487657360182657075726139	(2,15)
0.09095242456997698733020208664	(2,16)
0.08372268535437449765028585987	(2,17)
0.07594724809942695079855949169	(2,18)
0.06775508134210556123711716202	(2,19)
0.05929920661543858231650911944	(2,20)
0.05075225686553112830922309849	(2,21)
0.04230108916262859799359248611	(2,22)
0.03414066351749803329381400682	(2,23)
0.02646743291875898268727449526	(2,24)
0.01947251254394556459309002089	(2,25)
0.01333490745276952058885073187	(2,26)
0.00821507743030731926843656021	(2,27)
0.00424910501767348554186717415	(2,28)
0.00154370867710441416064378982	(2,29)
0.00017230851525109339735205436	(2,30)
0.12715684281520689887953166776	(3,1)
0.1271520840065616077946433582	(3,2)
0.12711999366017170151158801988	(3,3)
0.1270166624446686190437748865	(3,4)
0.126779259920852438356904462	(3,5)
0.12632951839589948977400875514	(3,6)
0.12557812479204609965443389467	(3,7)
0.12442981794342061550089028301	(3,8)
0.12278895546422804383400788473	(3,9)
0.12056529151240334247381668742	(3,10)
0.11767969542760985049830071277	(3,11)
0.11406954187023058231859395128	(3,12)
0.10969351572169081664600775799	(3,13)
0.10453559909279232455259398096	(3,14)
0.09860804228938620467329449866	(3,15)
0.09195316400935162106638308822	(3,16)
0.08464387650436545398628423122	(3,17)
0.07678288673677991396116646723	(3,18)
0.06850058228402144275440421007	(3,19)
0.05995166836911539051283109755	(3,20)
0.0513106774061095912333102607	(3,21)
0.04276652243441007304903235998	(3,22)
0.03451630858399219566262442836	(3,23)
0.02675865038419562323929674043	(3,24)
0.01968676581716251226095680949	(3,25)
0.01348162949753013370378503532	(3,26)
0.0083054667121142342865149413	(3,27)
0.00429585728412703855189159343	(3,28)
0.0015606938707304591547566605	(3,29)
0.00017420439973709023521402487	(3,30)
0.12925497651012852655403474124	(4,1)
0.1292501391776026256336968145	(4,2)
0.12921751931664310620003170004	(4,3)
0.12911248305931573162197264968	(4,4)
0.12887116321772556732492291776	(4,5)
0.12841400062487547289661214888	(4,6)
0.12765020847337087013354063201	(4,7)
0.12648295372291889286950071182	(4,8)
0.12481501582798838224458338485	(4,9)
0.12255465984120850901834555191	(4,10)
0.11962144941546320249973903545	(4,11)
0.11595172588595566860933844852	(4,12)
0.11150349245560324076621005395	(4,13)
0.10626046699093978566406775632	(4,14)
0.10023510200781693013543919409	(4,15)
0.09347041456763037821385943102	(4,16)
0.0860405200972691192466310386	(4,17)
0.07804982035562157532817737339	(4,18)
0.06963085444436454670346832244	(4,19)
0.06094088033807750648961769505	(4,20)
0.05215731032671353440972013634	(4,21)
0.04347217457343067202141145002	(4,22)
0.03508583046419800718452906282	(4,23)
0.02720016965152399814430302459	(4,24)
0.02001159816346073875321934731	(4,25)
0.01370407661845924038012837931	(4,26)
0.00844250692754751605655735968	(4,27)
0.00436673888498008401176350904	(4,28)
0.00158644529062089664085394464	(4,29)
0.00017707876837020604478625355	(4,30)
0.13209240015559902864904008281	(5,1)
0.13208745662580292817049473455	(5,2)
0.13205412063873482836745612706	(5,3)
0.13194677844881360635918437907	(5,4)
0.13170016074915333240390045155	(5,5)
0.13123296175980686932940043704	(5,6)
0.13045240157892401437230492634	(5,7)
0.1292595213472837412837974478	(5,8)
0.12755496621409741389672330586	(5,9)
0.12524498738626938427957754554	(5,10)
0.12224738275677710234652323841	(5,11)
0.11849709628001846860293350184	(5,12)
0.11395120938570494967862788279	(5,13)
0.1085930827443389426045884696	(5,14)
0.10243544253999559371565682568	(5,15)
0.09552225051767737620194267964	(5,16)
0.08792924949240657968318278764	(5,17)
0.07976313345235941176014803363	(5,18)
0.07115935135274911385471310038	(5,19)
0.06227861356149409430802350959	(5,20)
0.05330222706375690727032447921	(5,21)
0.0444264374576277749204294614	(5,22)
0.03585600020004673612496224812	(5,23)
0.02779723853772430780520167919	(5,24)
0.02045086953972881551702628069	(5,25)
0.01400489157169451949099770247	(5,26)
0.00862782587583287008982207604	(5,27)
0.00446259165388446461433182469	(5,28)
0.00162126874769224329906881557	(5,29)
0.00018096575407524014623418168	(5,30)
0.13569979265180961907051019376	(6,1)
0.13569471409354554133679550361	(6,2)
0.13566046756133463177235598061	(6,3)
0.13555019340806567894600466602	(6,4)
0.13529683955244641762667911703	(6,5)
0.13481687942545070241335239804	(6,6)
0.13401499894978069320221499456	(6,7)
0.13278953635579640938543034076	(6,8)
0.13103842312919008709524506931	(6,9)
0.12866535003038499143996570732	(6,10)
0.12558587001499445394121018158	(6,11)
0.12173315057345478199870257094	(6,12)
0.11706310148927398605989626236	(6,13)
0.11155862972064201892294814835	(6,14)
0.10523280993367734581146565011	(6,15)
0.09813080556248500833131671781	(6,16)
0.09033042912704247664544557077	(6,17)
0.08194128955865711047080339628	(6,18)
0.07310253588920413304184842156	(6,19)
0.06397926816292647610241256414	(6,20)
0.05475774513790153091777100507	(6,21)
0.04563957168700069456514915395	(6,22)
0.036835094445466434588343748	(6,23)
0.02855627017822492857530288412	(6,24)
0.02100929597057518525563498092	(6,25)
0.01438730258782816119187211098	(6,26)
0.00886341164858610742671195451	(6,27)
0.00458444362161768376886616401	(6,28)
0.00166553765955537033502435842	(6,29)
0.00018590703381261998920511605	(6,30)
0.14011178665135252792733553462	(7,1)
0.1401065429181107832668936552	(7,2)
0.14007118255214235869830126603	(7,3)
0.13995732184508386935629462818	(7,4)
0.13969572792256217356580239467	(7,5)
0.1392001576274938239221807805	(7,6)
0.13837219696730577329513830599	(7,7)
0.13710687790007259154975905345	(7,8)
0.13529881256762048865567753519	(7,9)
0.13284855993101653925121659059	(7,10)
0.12966892725389142578036153182	(7,11)
0.12569090958581328242829653198	(7,12)
0.12086898431556446697782137753	(7,13)
0.11518550440652341741210176987	(7,14)
0.1086539719521088357942209446	(7,15)
0.10132102155143433201951579534	(7,16)
0.09326699862309431405024233762	(7,17)
0.0846050787245354721631703434	(7,18)
0.07547893756505363241624302351	(7,19)
0.06605904491106201599101361081	(7,20)
0.05653771620345490209176010196	(7,21)
0.04712311078262236374280828567	(7,22)
0.0380324127307769020987669568	(7,23)
0.029484467423215757968834261	(7,24)
0.02169217229570604248595425921	(7,25)
0.01485493295774453898679507023	(7,26)
0.00915149504118085835171455048	(7,27)
0.00473344808226734323971429812	(7,28)
0.00171967088509372851083429857	(7,29)
0.00019194935289111163894294418	(7,30)
0.14536563171976993512066036764	(8,1)
0.14536019123673083566774552065	(8,2)
0.14532350411685274770449309179	(8,3)
0.14520537125271537462976208452	(8,4)
0.14493396210519852906148361816	(8,5)
0.14441979765669405172702591147	(8,6)
0.14356077150105819197763809314	(8,7)
0.1422479774764851717397942566	(8,8)
0.14037207419624695069213036888	(8,9)
0.13782989072451353864236028546	(8,10)
0.13453096465324727856713463541	(8,11)
0.13040370455983393711886739091	(8,12)
0.12540088326024139166024718723	(8,13)
0.11950419581294506251050274763	(8,14)
0.11272765569137006023384070283	(8,15)
0.10511965221787467034422342835	(8,16)
0.09676355007942852090998722889	(8,17)
0.08777677500616103081731930784	(8,18)
0.07830839572438808156997463606	(8,19)
0.06853527820613576331354035828	(8,20)
0.05865695114036362571697325624	(8,21)
0.04888937868912432274862507918	(8,22)
0.03945788545738378327180609314	(8,23)
0.03058951705129516803499639656	(8,24)
0.02250514593392145283463233148	(8,25)
0.01541164534538850665038018102	(8,26)
0.00949445325029117724969002241	(8,27)
0.00491083362621838905901955113	(8,28)
0.00178411453262740539551173366	(8,29)
0.00019914249220761629329325376	(8,30)
0.1515006239739760313163532835	(9,1)
0.15149495363896984724365788899	(9,2)
0.15145671654567412882674800196	(9,3)
0.15133359275846040576705117701	(9,4)
0.15105071704443216751256454384	(9,5)
0.15051483016228361514119934834	(9,6)
0.14961951220826658723953577365	(9,7)
0.1482512566543945413142175491	(9,8)
0.14629610403834696972486958766	(9,9)
0.14364652703136727014427037293	(9,10)
0.14020824504691912624486014947	(9,11)
0.13590664728810539718636984733	(9,12)
0.13069251816754805326835701961	(9,13)
0.12454678774179217277099055421	(9,14)
0.11748407095181269280341819773	(9,15)
0.10955481126929432739664476263	(9,16)
0.10084590455889497168708294064	(9,17)
0.09147974494902435192823132867	(9,18)
0.08161170336869564097761143712	(9,19)
0.07142611813622084562791558828	(9,20)
0.06113094256088776289833109504	(9,21)
0.0509512540624140308983490849	(9,22)
0.04112188021050706820252663926	(9,23)
0.03187943710335209803489854618	(9,24)
0.02345410288154707748262691051	(9,25)
0.01606146270830559442250798961	(9,26)
0.00989476063738587219446255942	(9,27)
0.00511787846559483255577926157	(9,28)
0.00185933258080195846715270877	(9,29)
0.00020753821843944120184550858	(9,30)
0.15855850424912937597215036189	(10,1)
0.15855256930921021434031342734	(10,2)
0.15851254789138939708202345289	(10,3)
0.15838367857330368784175850592	(10,4)
0.15808760261693084386540774795	(10,5)
0.15752670909006774433779321106	(10,6)
0.15658961265004400994753306443	(10,7)
0.15515751138614723857404679736	(10,8)
0.15311113055928980120909348538	(10,9)
0.15033792953235500008727861315	(10,10)
0.14673923494523735952417420382	(10,11)
0.14223696392333569817136515953	(10,12)
0.13677961682858923471793087947	(10,13)
0.1303472491182445074229535662	(10,14)
0.12295517498258105604027302223	(10,15)
0.11465620972108753797311807584	(10,16)
0.10554132091844561689024951788	(10,17)
0.09573862763210333647064031975	(10,18)
0.08541075896400084750609586549	(10,19)
0.07475065538504692155869935712	(10,20)
0.06397596484293707384219424783	(10,21)
0.05332224799059179790866636133	(10,22)
0.04303526008553768844003530703	(10,23)
0.03336261889567818285836396251	(10,24)
0.02454519647571498389216519137	(10,25)
0.01680858670656230701602318408	(10,26)
0.01035499940820512463666496665	(10,27)
0.0053559156931934780194560713	(10,28)
0.00194580872357125787628943877	(10,29)
0.00021719048627054250182027711	(10,30)
0.1665846961872259035227989116	(11,1)
0.16657846005732229287066176421	(11,2)
0.16653640760945126392896885305	(11,3)
0.16640099837442847713001512912	(11,4)
0.16608989712741882959768115506	(11,5)
0.16550053971422140133140361108	(11,6)
0.16451588921245585462648952885	(11,7)
0.16301111704720427942366563901	(11,8)
0.16086089996055172917661445484	(11,9)
0.15794699366989266861078170487	(11,10)
0.1541657290137509715563445642	(11,11)
0.14943507709590546768139375583	(11,12)
0.14370094642748274680505920671	(11,13)
0.13694240666209859105069788801	(11,14)
0.12917557887546502170890155024	(11,15)
0.12045598949221057005144757832	(11,16)
0.11087925140766759047604376103	(11,17)
0.10058000866560225350029104141	(11,18)
0.08972915701719899335550338124	(11,19)
0.07852942844051051869283996108	(11,20)
0.06720949989137332596061185927	(11,21)
0.05601685199809703889693467925	(11,22)
0.04520965922258776802298185582	(11,23)
0.03504803674586661205075140663	(11,24)
0.0257849990947580183785334542	(11,25)
0.01765750002953981092090778595	(11,26)
0.0108779218521577959905613175	(11,27)
0.00562636515462106040252275558	(11,28)
0.00204405787014830086448504649	(11,29)
0.00022815671753170384303466211	(11,30)
0.17562992900613730308633349468	(12,1)
0.1756233530135807478557543496	(12,2)
0.17557900875309407313310926301	(12,3)
0.17543621989127011555449723968	(12,4)
0.1751081641997662339073758083	(12,5)
0.17448668853554171752940610885	(12,6)
0.17344837934211395796610539686	(12,7)
0.17186160889781407891512857928	(12,8)
0.16959423134702840936385759381	(12,9)
0.16652157073113373946442144765	(12,10)
0.16253432725880930617798723866	(12,11)
0.15754602870794409206163270124	(12,12)
0.15149967119103355770571042157	(12,13)
0.14437322685652281921497582794	(12,14)
0.13618374402993290962339504419	(12,15)
0.12698982574205745880510901474	(12,16)
0.11689234288878916872779865163	(12,17)
0.10603331530024698887426732366	(12,18)
0.09459297433276956330710948849	(12,19)
0.08278510064974103609407046715	(12,20)
0.07085080705657669877876396723	(12,21)
0.05905100521701326976941308986	(12,22)
0.04765785375976962109182372859	(12,23)
0.03694553112384979149676266902	(12,24)
0.02718070751476470240041882595	(12,25)
0.01861310525010206090782691471	(12,26)
0.01146653497417462901392962452	(12,27)
0.00593077685852615460246977333	(12,28)
0.00215464182591238432163397622	(12,29)
0.0002404995464057818920385958	(12,30)
0.18575161838391340941316949577	(13,1)
0.18574466144665682061520205358	(13,2)
0.18569774834420283303020116094	(13,3)
0.18554668783699448530141590892	(13,4)
0.18519962840350622587672953473	(13,5)
0.1845421526546970370681244818	(13,6)
0.18344370049453036703735108253	(13,7)
0.18176502515421839205690095773	(13,8)
0.17936633722507916488171828415	(13,9)
0.17611575796971879505789371032	(13,10)
0.171897686097869433272931294	(13,11)
0.16662068272919156763663421306	(13,12)
0.16022449753464924803260635253	(13,13)
0.15268589435700228936229185039	(13,14)
0.14402298548170333047960448431	(13,15)
0.13429784795378465740714809777	(13,16)
0.12361727006930082627610321617	(13,17)
0.11213155806069992337936987125	(13,18)
0.10003141834817357996193505788	(13,19)
0.08754301568429482798753139682	(13,20)
0.07492138824567084554954627243	(13,21)
0.06244247360765445691262932187	(13,22)
0.05039406135069679580023164221	(13,23)
0.03906603610174166885159299802	(13,24)
0.02874030707599003630902831774	(13,25)
0.01968083534820684059385503005	(13,26)
0.01212416761119580214932101317	(13,27)
0.00627086530283853914784659205	(13,28)
0.00227818166709043393061287848	(13,29)
0.0002542881952560239376429918	(13,30)
0.19701443903131125027814239178	(14,1)
0.19700705729951129726293163432	(14,2)
0.19695727966218733065678357383	(14,3)
0.19679699540233960137257107375	(14,4)
0.19642874492323809803644135311	(14,5)
0.19573112599354462605647679947	(14,6)
0.19456561061850978265554452759	(14,7)
0.19278445876331043096563756389	(14,8)
0.19023936295224963416059246857	(14,9)
0.18679042157927640466387159634	(14,10)
0.18231502033935217917269747728	(14,11)
0.17671620152544834210350119824	(14,12)
0.16993012020800480728591741157	(14,13)
0.161932223835445772331352944	(14,14)
0.15274184601875417871399858373	(14,15)
0.14242497383300457552483006744	(14,16)
0.1310950278157191322354921163	(14,17)
0.11891158133088490225527248396	(14,18)
0.10607703707955052585499463064	(14,19)
0.0928313690793569347166240804	(14,20)
0.07944512425780167566674152163	(14,21)
0.06621095501982654577283906543	(14,22)
0.05343401932722410597181553793	(14,23)
0.04142163514974638157216777321	(14,24)
0.03047260953504636047394108866	(14,25)
0.02086667772225456413043045377	(14,26)
0.01285448424795923469985204178	(14,27)
0.00664851623106962850056201753	(14,28)
0.00241536009905616131605584224	(14,29)
0.00026959873242156401035769134	(14,30)
0.20948977304191734383710442	(15,1)
0.20948191954496947370218151355	(15,2)
0.20942896063635844546705647715	(15,3)
0.20925843276687200576613851024	(15,4)
0.20886664834520223748819029048	(15,5)
0.2081244486116493347632036595	(15,6)
0.20688445838248945905010363629	(15,7)
0.20498950907836723168897196885	(15,8)
0.20228184060756020173145297544	(15,9)
0.19861265376885555838627310894	(15,10)
0.19385156481224921128044734806	(15,11)
0.18789551381079779773640989627	(15,12)
0.18067669883640325311064154869	(15,13)
0.17216914793693911988488486439	(15,14)
0.16239359896653472517465848141	(15,15)
0.1514204308961097238442443991	(15,16)
0.13937047598903812845088724135	(15,17)
0.12641363618227124173104385176	(15,18)
0.11276532474751152398627099297	(15,19)
0.09868085121356262931359462703	(15,20)
0.0844479590755428763992482588	(15,21)
0.07037780778899730881252669023	(15,22)
0.0567947592834596706284902014	(15,23)
0.04402538179044446823801467015	(15,24)
0.03238711806832965304580114437	(15,25)
0.0221770799271386926230614745	(15,26)
0.01366142602058428199141575786	(15,27)
0.00706575574897228037673535891	(15,28)
0.00256691014546047687274476489	(15,29)
0.00028651280457226041856475092	(15,30)
0.22325403595197133761053450108	(16,1)
0.22324566029344925011631134839	(16,2)
0.22318918027672531123984243792	(16,3)
0.22300731457045051036403536895	(16,4)
0.22258948252186852216662432719	(16,5)
0.22179794111287918442104573855	(16,6)
0.220475525194100988212328795	(16,7)
0.21845463557219099189233366713	(16,8)
0.21556705953784191109848765249	(16,9)
0.2116541663526561441798405732	(16,10)
0.20657699825339937723591798893	(16,11)
0.20022577706303727511667658339	(16,12)
0.1925283679576658095642017638	(16,13)
0.18345728472632008243140161072	(16,14)
0.17303488329702341906449367844	(16,15)
0.16133646965931635645482189663	(16,16)
0.14849114092413938196328346617	(16,17)
0.13468027970792656346891482865	(16,18)
0.12013372739182227543426687983	(16,19)
0.10512376597026161459535362728	(16,20)
0.08995713615957001546565813487	(16,21)
0.07496540659377626537003703806	(16,22)
0.0604940813706061956216475557	(16,23)
0.0468908878719010543259471377	(16,24)
0.03449372160141829274371197587	(16,25)
0.02361873871620524187445155935	(16,26)
0.01454907992544657686339326181	(16,27)
0.00752468234641986887538174587	(16,28)
0.00273359037078391078213894618	(16,29)
0.00030511486649997748530820193	(16,30)
0.23838614015463745915233527027	(17,1)
0.23837718828819343263653108764	(17,2)
0.23831682271520756329138438286	(17,3)
0.23812244571287771302089022061	(17,4)
0.23767587041377439352401433557	(17,5)
0.23682988215321962034687037113	(17,6)
0.23541651554006039147666467461	(17,7)
0.2332566678461338964636590702	(17,8)
0.2301706045954039507493350636	(17,9)
0.22598886747142651677798798801	(17,10)
0.2205630703577171522387909341	(17,11)
0.21377606815285921273705860797	(17,12)
0.20555100561928477557271388637	(17,13)
0.19585879943169211331326615483	(17,14)
0.18472367405207360718637276281	(17,15)
0.17222645811322813642886067297	(17,16)
0.15850544857261757864391207007	(17,17)
0.1437547600449594566555622233	(17,18)
0.12822019089415500533624884296	(17,19)
0.11219275010659971750984454832	(17,20)
0.09600009409400236363989267571	(17,21)
0.07999621533754260997747703707	(17,22)
0.06454980098257744235255740598	(17,23)
0.05003173597941734386517828625	(17,24)
0.03680226016717116818583219673	(17,25)
0.02519830101915796409806099939	(17,26)
0.01552149391088257283552963294	(17,27)
0.0080273709835515686840760911	(17,28)
0.00291614996772748401334946235	(17,29)
0.00032548828042131366770124964	(17,30)
0.25496448239824205714264226781	(18,1)
0.25495489650338437606389795152	(18,2)
0.25489025547728838630297300908	(18,3)
0.25468211179472492384218954042	(18,4)
0.25420390951615097432749340759	(18,5)
0.2532980133208292010338541052	(18,6)
0.25178457768417290327848112497	(18,7)
0.24947185055917139397046917742	(18,8)
0.24616743581181300751462105251	(18,9)
0.24168998857491540157865278507	(18,10)
0.23588079053085356154716538744	(18,11)
0.22861464997067377167386166725	(18,12)
0.21980959526851173772942261479	(18,13)
0.20943487981354390717637599543	(18,14)
0.19751688967734356816926985374	(18,15)
0.18414263913017809531064231487	(18,16)
0.16946064899196379946134578832	(18,17)
0.15367912307885904034523992857	(18,18)
0.13706146236252498885142567729	(18,19)
0.11991927834527896782912519317	(18,20)
0.1026031802773548423054238617	(18,21)
0.08549170961790211761239451036	(18,22)
0.0689788750584408943021794585	(18,23)
0.0534607992884837947655777441	(18,24)
0.03932202270003427884021920109	(18,25)
0.02692201898187895801801619939	(18,26)
0.01658246384219253196337209451	(18,27)
0.00857576269986842096542171329	(18,28)
0.00311528860289963326897227013	(18,29)
0.00034771083121986270439659121	(18,30)
0.27306383855882491172151560595	(19,1)
0.27305355702161726238580148577	(19,2)
0.27298422506704429844011132728	(19,3)
0.27276097698105777043763688035	(19,4)
0.27224807495999497863638348304	(19,5)
0.27127645216674612816357566434	(19,6)
0.26965323331061846383556501178	(19,7)
0.26717279851420833778581826903	(19,8)
0.26362887995539924617144525817	(19,9)
0.25882712561720985349226997235	(19,10)
0.25259753385782317384581396496	(19,11)
0.24480615899297264164856001373	(19,12)
0.2353655130405471875831616472	(19,13)
0.22424314210155481972960184924	(19,14)
0.21146793573762552182207963159	(19,15)
0.19713383059939024598327615867	(19,16)
0.181400690288074357185781722	(19,17)
0.16449227551694052958152465439	(19,18)
0.14669135477880876516622820612	(19,19)
0.12833213838244000785183493652	(19,20)
0.10979034073448911336410159692	(19,21)
0.09147128089779522626058214783	(19,22)
0.07379651491469062873744156981	(19,23)
0.05718955195394846335539409903	(19,24)
0.04206123854408276860534444854	(19,25)
0.02879540111829026363569419541	(19,26)
0.01773531829023640143486819105	(19,27)
0.00917155318673779654883112498	(19,28)
0.0033316159082541643768934307	(19,29)
0.00037185020342065472605817272	(19,30)
0.29275246012120205362717629387	(20,1)
0.29274141761457976617615384188	(20,2)
0.2926669542196046424338884293	(20,3)
0.29242718341736245097599096322	(20,4)
0.29187632390044230572116015696	(20,5)
0.29083280602044517711557607548	(20,6)
0.28908950711080072804913105753	(20,7)
0.28642565039776276006216784742	(20,8)
0.2826198188888521485868963853	(20,9)
0.27746347452178300744659830525	(20,10)
0.27077433802391121043465712335	(20,11)
0.26240897959373730897655016982	(20,12)
0.25227399660176500374391139433	(20,13)
0.24033521223281279528683576322	(20,14)
0.22662441655035301744721287443	(20,15)
0.21124328492022397381131224925	(20,16)
0.19436424215634370306015996256	(20,17)
0.17622818661222244462255665905	(20,18)
0.15713913821509860821460990432	(20,19)
0.13745601936185532673210517675	(20,20)
0.11758190945386412483838077776	(20,21)
0.09795122568452986724188663271	(20,22)
0.07901536933736267709517999468	(20,23)
0.06122743520467551142752239213	(20,24)
0.04502661079405829300453436567	(20,25)
0.03082289263075849981494387791	(20,26)
0.01898272156183944026466211447	(20,27)
0.00981609090569236590729260146	(20,28)
0.00356561446818752780546513156	(20,29)
0.00039795984992297664196810726	(20,30)
0.31408954824635001592868906671	(21,1)
0.31407767589902102890888156935	(21,2)
0.31399761665450291323925022744	(21,3)
0.31373982790675682257168611302	(21,4)
0.31314757661566258769237413159	(21,5)
0.31202566147150243810268612031	(21,6)
0.31015143028834401700429974954	(21,7)
0.30728759375908257195925395802	(21,8)
0.30319624532269086832733747003	(21,9)
0.29765342880326859912993922377	(21,10)
0.29046355553976261778405038518	(21,11)
0.28147296499796180345524608802	(21,12)
0.27058194999694039678542183931	(21,13)
0.25775463035039906269755174674	(21,14)
0.24302615514543328286674940959	(21,15)
0.22650683966549899488463557967	(21,16)
0.20838299124577792869780303767	(21,17)
0.18891434027903844246802147652	(21,18)
0.16842815812153376766186148462	(21,19)
0.14731030250872394605984209902	(21,20)
0.12599357379129074962328729985	(21,21)
0.10494388402971510557061891521	(21,22)
0.08464483024031559694041525418	(21,23)
0.06558131998327405859175545301	(21,24)
0.04822292170804954196908021318	(21,25)
0.03300760572122159406595070413	(21,26)
0.02032650785806578669096842069	(21,27)
0.01051029144084013355166560346	(21,28)
0.00381760873790003579804321076	(21,29)
0.00042607552467620278513243957	(21,30)
0.33712317426851612315195295436	(22,1)
0.33711039990980891477981343821	(22,2)
0.3370242581608896023146921166	(22,3)
0.33674688464456261014332169992	(22,4)
0.33610964303205091019175900226	(22,5)
0.33490251808051402283279418066	(22,6)
0.33288598628889883929154522978	(22,7)
0.32980482913979827341169616073	(22,8)
0.32540325330294989104185820948	(22,9)
0.31944060589394061048108140468	(22,10)
0.31170692676865162997668227035	(22,11)
0.30203756902287345976564044811	(22,12)
0.29032614694884574560531975109	(22,13)
0.27653513892868971349455907711	(22,14)
0.26070357941613099862746609217	(22,15)
0.24295141433248281041478979288	(22,16)
0.22348025985854599513176100511	(22,17)
0.20257048525544312551916467725	(22,18)
0.18057472405998506519830152445	(22,19)
0.15790809264909857741934006288	(22,20)
0.13503554973467653643287494392	(22,21)
0.11245695604271207398097218357	(22,22)
0.09069048444823864054351971997	(22,23)
0.07025508468075238199470757082	(22,24)
0.05165272402706557991933077619	(22,25)
0.03535110947806282475351276096	(22,26)
0.02176755252105090191314419778	(22,27)
0.01125457119043797461359841974	(22,28)
0.00408774102647729944006407244	(22,29)
0.00045621260611720504285896714	(22,30)
0.3618886398422708198687424567	(23,1)
0.36187488831153689802926912679	(23,2)
0.36178215724446356977665119765	(23,3)
0.36148356726710424099261958585	(23,4)
0.36079758799448592948273939585	(23,5)
0.35949815975474449198890812549	(23,6)
0.35732749238356528814555974653	(23,7)
0.35401096727439323371275270966	(23,8)
0.34927345776150305725742216497	(23,9)
0.34285629704076627869934316213	(23,10)
0.33453406929243475789929539116	(23,11)
0.32413038493992764488757691837	(23,12)
0.31153182984593431344887917142	(23,13)
0.29669935273717171384382139414	(23,14)
0.27967647367837284278418483675	(23,15)
0.26059385338191600666508968313	(23,16)
0.23966994909031075588682882488	(23,17)
0.21720768519153970791835687372	(23,18)
0.19358727136055018571536832607	(23,19)
0.16925549348279237853127572744	(23,20)
0.14471197006830955819168705151	(23,21)
0.12049299941294898151439593545	(23,22)
0.09715371436779899928586523682	(23,23)
0.075249310349952158299553139	(23,24)
0.0553161201105198312926251225	(23,25)
0.03785328073552078405367748965	(23,26)
0.02330568127418616097344053869	(23,27)
0.01204880088280566272727304031	(23,28)
0.00437595472511483055091349582	(23,29)
0.00048836423173976140520050696	(23,30)
0.38840722826941384540654986202	(24,1)
0.38839242178132562468378895837	(24,2)
0.38829257688719593216827509256	(24,3)
0.38797108182512312249831826637	(24,4)
0.38723248702816509212181451203	(24,5)
0.38583341579230302208596617415	(24,6)
0.38349636953788073256750869966	(24,7)
0.379925812443632949602217852	(24,8)
0.37482579713165321046082434924	(24,9)
0.36791829600701757614354952059	(24,10)
0.3589613404207274650825393963	(24,11)
0.3477660501839905980017319567	(24,12)
0.33421166541087838514609962259	(24,13)
0.31825777421948638776297803882	(24,14)
0.29995306207070918396789241987	(24,15)
0.27944008506222097506912831252	(24,16)
0.25695577910914735971850157242	(24,17)
0.2328276446187742243093344343	(24,18)
0.20746577489119703810900363402	(24,19)
0.18135110894114228709664042976	(24,20)
0.15502047075280513543588526876	(24,21)
0.12904909603594143633774995022	(24,22)
0.10403143817695446257180243177	(24,23)
0.08056108629238491192147500532	(24,24)
0.0592106237568749101926010251	(24,25)
0.04051221244496999135789452092	(24,26)
0.02493961534853273609624560389	(24,27)
0.01289227783589986995111117319	(24,28)
0.00468198439001044597789162735	(24,29)
0.0005225002003272860828882868	(24,30)
0.41668528380171720080652718051	(25,1)
0.41666934236193652808409160467	(25,2)
0.41656184424009824909596833545	(25,3)
0.41621570757008610977852614119	(25,4)
0.41542050963643675938595996332	(25,5)
0.41391424893449159129623671477	(25,6)
0.41139823839758524382478928004	(25,7)
0.40755447055938492174088803848	(25,8)
0.40206465866678587621508929828	(25,9)
0.39463004763633185840742655477	(25,10)
0.38499101571774028052489848451	(25,11)
0.37294546201583668729442110758	(25,12)
0.35836500480170658119065893987	(25,13)
0.34120810507677196133332623465	(25,14)
0.32152937797077823100238588625	(25,15)
0.29948455387162664795155254362	(25,16)
0.27533078832095764337222171875	(25,17)
0.24942227658271417996556291224	(25,18)
0.22220138481663558100674415345	(25,19)
0.19418574458053318443310117688	(25,20)
0.16595195345551669364807644925	(25,21)
0.1381166695048529837080317559	(25,22)
0.11131597490378984506423678564	(25,23)
0.08618391472453978094631747442	(25,24)
0.06333109641952104644296294915	(25,25)
0.04332417388599357896624437245	(25,26)
0.02666694900073876293575544045	(25,27)
0.01378371515185591610445842318	(25,28)
0.00500535202237599198409787983	(25,29)
0.00055856656842216815664082708	(25,30)
0.44671355818036096906975233295	(26,1)
0.4466964000488863287216218287	(26,2)
0.44658069753182416212999306789	(26,3)
0.4462081448976562455148149171	(26,4)
0.4453522696200043556503259442	(26,5)
0.44373111017848275356486849993	(26,6)
0.44102328158748863581467918247	(26,7)
0.4368867228522187235069558343	(26,8)
0.43097926829038247230720860739	(26,9)
0.42298005939004428324428479158	(26,10)
0.41261072829803023280642950984	(26,11)
0.39965525090479275472943608045	(26,12)
0.38397739730304620756829321908	(26,13)
0.3655348059607359565721403821	(26,14)
0.34438887440461102834311470236	(26,15)
0.32070988498082522404897489824	(26,16)
0.29477705330892880358806098576	(26,17)
0.2669734775491844604006945355	(26,18)
0.23777625377409657815560441455	(26,19)
0.20774228229248193704664257169	(26,20)
0.17749050134264128494108184488	(26,21)
0.14768143432925312452154993459	(26,22)
0.118995018867635912374598408	(26,23)
0.09210770240406782548909652077	(26,24)
0.06766974883187867348717576061	(26,25)
0.04628361651417632413642942016	(26,26)
0.0284841555722616195421180189	(26,27)
0.01472124584244995514132125994	(26,28)
0.00534536881417514653734597068	(26,29)
0.000596485859199183867038327	(26,30)
0.47846677470642092480145382466	(27,1)
0.47844831690808921111742598108	(27,2)
0.47832385050424808922268791326	(27,3)
0.47792308080651410819872161038	(27,4)
0.4770023928836514769201202738	(27,5)
0.47525851102052654853588996391	(27,6)
0.47234582333318021699418518801	(27,7)
0.467896616687154438368588705	(27,8)
0.46154329723282299687374256264	(27,9)
0.45294152909027307188686126803	(27,10)
0.44179312337120637466105161592	(27,11)
0.42786746764166040757253747089	(27,12)
0.41102031542956289442603896289	(27,13)
0.39120886417937074733533814105	(27,14)
0.36850223767794026769832512603	(27,15)
0.34308674538630672115086700233	(27,16)
0.31526559703862886631145794613	(27,17)
0.28545307994270107115752253206	(27,18)
0.25416352880526530499787250623	(27,19)
0.22199570473133216522803841374	(27,20)
0.18961342764502346174324477455	(27,21)
0.15772345951588007225560109614	(27,22)
0.12705170920500798732634329005	(27,23)
0.09831882793069218957992238954	(27,24)
0.07221619957823584141169426122	(27,25)
0.04938321954488753227037974533	(27,26)
0.03038661839722881604809313842	(27,27)
0.01570243995134446960868069232	(27,28)
0.00570114165071553981492629211	(27,29)
0.00063615780426120454339499807	(27,30)
0.51190337368465445703103557471	(28,1)
0.51188353256765275509317686418	(28,2)
0.51174973822794836969317796773	(28,3)
0.51131893575538970654922184147	(28,4)
0.51032926668201511863066574273	(28,5)
0.50845477721090944104964585316	(28,6)
0.50532409070236603743166848412	(28,7)
0.50054223813110867590757089926	(28,8)
0.49371465054002510128031025261	(28,9)
0.48447215456945318731069442706	(28,10)
0.47249569451944193643408378099	(28,11)
0.45753945162255672292864849855	(28,12)
0.43945106001150283059476662809	(28,13)
0.41818773927979127062486161967	(28,14)
0.39382737554312221396051051514	(28,15)
0.3665738747004166594650531096	(28,16)
0.33675645996167477643310222636	(28,17)
0.30482295880674069455510697742	(28,18)
0.27132748651922011915018558168	(28,19)
0.23691325004826909162100555624	(28,20)
0.20229143982422707945634272729	(28,21)
0.16821733168431258111446334709	(28,22)
0.1354647820751458762279161712	(28,23)
0.10480027475922399813532960896	(28,24)
0.07695758303331457012893203855	(28,25)
0.05261396992748132574970499534	(28,26)
0.03236868318167916219138474844	(28,27)
0.01672433289149670645941218686	(28,28)
0.00607158371400854247339023102	(28,29)
0.00067746054461909990505202611	(28,30)
0.54696541564265094202393343611	(29,1)
0.54694410748650343577694751103	(29,2)
0.54680042070438084658576421406	(29,3)
0.54633776833831269726304698721	(29,4)
0.54527494675471693722445777806	(29,5)
0.54326196052809752165461589442	(29,6)
0.53990013306789106459461255261	(29,7)
0.53476564301680821240333497461	(29,8)
0.52743541439883210739240569802	(29,9)
0.51751410243586833931983706946	(29,10)
0.50466077925063417319825751372	(29,11)
0.48861385824981600970016422614	(29,12)
0.46921282368142383703188680134	(29,13)
0.44641546546984834719979094132	(29,14)
0.42030955947861268825792411708	(29,15)
0.39111826585207679081307449568	(29,16)
0.35919891508734803360575299861	(29,17)
0.32503527457343900636280665947	(29,18)
0.28922379454413533789647300571	(29,19)
0.25245468123985839198317123325	(29,20)
0.21548890509741793698741683462	(29,21)
0.17913240512852801925676984904	(29,22)
0.14420879478782013926685724442	(29,23)
0.11153182112581296967642603275	(29,24)
0.08187869987477027482631864724	(29,25)
0.05596527185509615798655077669	(29,26)
0.03442372875694190520611089893	(29,27)
0.01778346335214534968182885491	(29,28)
0.00645542857807957040735658034	(29,29)
0.00072025222227315357349035672	(29,30)
0.58357862871790984899548384505	(30,1)
0.58355577039233195486594768655	(30,2)
0.58340163064674014400229154396	(30,3)
0.58290532416848360223867037043	(30,4)
0.58176520873755105387135068734	(30,5)
0.57960589495159335356844840271	(30,6)
0.57599988615957250356854130267	(30,7)
0.57049293285038447910516827475	(30,8)
0.56263194859612085407168432173	(30,9)
0.55199412222839793279918096975	(30,10)
0.53821570004023918925819215629	(30,11)
0.52101883158497736627577973364	(30,12)
0.50023489880354663196986051598	(30,13)
0.47582289681927601178214302495	(30,14)
0.44788170693164690864539678705	(30,15)
0.41665548149823171617844849347	(30,16)
0.38253181285192375034485786681	(30,17)
0.34603283793292591925662013087	(30,18)
0.30779988560398995402059238176	(30,19)
0.26857265703001137269388000056	(30,20)
0.22916420509637978173082530398	(30,21)
0.19043312774291957168283941977	(30,22)
0.15325441218300242386314311392	(30,23)
0.11849027884066427416051532082	(30,24)
0.08696220386823082695060489951	(30,25)
0.05942508126129419763037657899	(30,26)
0.03654425328215388461793522232	(30,27)
0.01887591921259983463281145742	(30,28)
0.00685124721598764628456364799	(30,29)
0.00076437289691925003256000311	(30,30)
0.62165259365209323146938500659	(31,1)
0.62162810332746004486304834472	(31,2)
0.62146295887376073749747837618	(31,3)
0.62093122239101253564416874188	(31,4)
0.61970973723779756049923852441	(31,5)
0.61739639056062307321071510131	(31,6)
0.61353337393016031622033830473	(31,7)
0.60763446863254927254158909841	(31,8)
0.59921511696002561484936145851	(31,9)
0.58782379851041174573249703457	(31,10)
0.57307304302878964820699398799	(31,11)
0.55466831395167062204216241536	(31,12)
0.53243302099479496057765258968	(31,13)
0.50632808577944637404010875939	(31,14)
0.47646479342443727186946133705	(31,15)
0.44311009542674674819259672575	(31,16)
0.4066840445282856788563490941	(31,17)
0.36774958516045836894623030328	(31,18)
0.32699543242243966163254411934	(31,19)
0.28521319262653658549345810334	(31,20)
0.24327016848267413150841777704	(31,21)
0.20207943247376747865139867171	(31,22)
0.16256874609860437415922944456	(31,23)
0.1256497732321254230121813576	(31,24)
0.0921888188317303484725529297	(31,25)
0.06298006087695842628056414656	(31,26)
0.03872197303709915816067857915	(31,27)
0.01999738993100198354596009868	(31,28)
0.00725746734880582241268116316	(31,29)
0.00080964672343416347027989725	(31,30)
0.66108106419544180113661708042	(32,1)
0.66105486210451191105691538589	(32,2)
0.66087817511088330791487250324	(32,3)
0.66030927759494540497944243349	(32,4)
0.65900245028897740611226130737	(32,5)
0.65652756276976634384322275245	(32,6)
0.65239504567301199016864554147	(32,7)
0.64608521976720494020680092123	(32,8)
0.63708065258356961435076282193	(32,9)
0.62489993720370120550802667869	(32,10)
0.6091310700411227879100875522	(32,11)
0.58946248738408208618940685561	(32,12)
0.56570984224033518627966997226	(32,13)
0.53783678803820271670318970592	(32,14)
0.50596838650775329563458713299	(32,15)
0.47039624992110684740419476038	(32,16)
0.43157511423229551928672965597	(32,17)
0.39011115323278014635657933257	(32,18)
0.34674291233708529729317076595	(32,19)
0.30231619913878648127692911254	(32,20)
0.25775457060892792054463940299	(32,21)
0.21402718410210150848701362854	(32,22)
0.17211573883014076061092225458	(32,23)
0.13298205655197041131100720064	(32,24)
0.09753757969163628186726856797	(32,25)
0.06661575141952542880155780118	(32,26)
0.04094793094450573887817964087	(32,27)
0.02114322387510574592724143869	(32,28)
0.00767239456646806031012960898	(32,29)
0.00085588432576189047523418979	(32,30)
0.70174242292252483813556744414	(33,1)
0.70171443217159572967445533075	(33,2)
0.70152568418861537562954469808	(33,3)
0.70091795708262204535729410603	(33,4)
0.69952195907017081889508311802	(33,5)
0.69687829664890024042564087229	(33,6)
0.69246424790988133546915714525	(33,7)
0.68572524722887727828095184245	(33,8)
0.67610965651257812903036083862	(33,9)
0.66310508419347452046760296821	(33,10)
0.64627426113665124963350915588	(33,11)
0.62528834314147783135200784264	(33,12)
0.59995552868867363362959927816	(33,13)
0.57024308755321805073778493774	(33,14)
0.53629129411883026823675025828	(33,15)
0.49841832039316297250816836345	(33,16)
0.45711580971233287597158031273	(33,17)
0.41303554403191882209626938657	(33,18)
0.36696825036044434169576656678	(33,19)
0.31981609023243925820731316258	(33,20)
0.27256068908710537517016822534	(33,21)
0.22622867095088233289130697803	(33,22)
0.18185658131123196712168176224	(33,23)
0.14045684702378330115718229505	(33,24)
0.1029860914593791781416456926	(33,25)
0.07031675444005564036004223566	(33,26)
0.04321261193889371267161418203	(33,27)
0.02230848905385427918898739997	(33,28)
0.00809423464824616134593945521	(33,29)
0.00090288530263552719881316696	(33,30)
0.7435002730511755007847106165	(34,1)
0.74347042047711537902600299334	(34,2)
0.74326911821653339402369344807	(34,3)
0.74262097403725422896275833325	(34,4)
0.74113216334465704272075840655	(34,5)
0.73831284661966921665831807068	(34,6)
0.73360583107129745537105902442	(34,7)
0.72642032060372465679430656977	(34,8)
0.71616922893966157283016683348	(34,9)
0.70230817448838881475081813494	(34,10)
0.68437398502446113447038785274	(34,11)
0.66202037548895639621854148333	(34,12)
0.63504847803862806474549040083	(34,13)
0.60343013528583165903760554161	(34,14)
0.56732231944691237707497270904	(34,15)
0.52707167803367894446781002863	(34,16)
0.4832089614887000130425764953	(34,17)
0.43643386629725331414527959435	(34,18)
0.38759152881462309599568392182	(34,19)
0.33764244405588528618965078702	(34,20)
0.28762790367907105410000329336	(34,21)
0.23863313077348209166761352193	(34,22)
0.19175015651584205598025284375	(34,23)
0.14804218558162819601563608996	(34,24)
0.10851079989386754515149124589	(34,25)
0.07406692233377998664145458502	(34,26)
0.04550606230077271009662385446	(34,27)
0.02348803571546818840609031299	(34,28)
0.00852111651472371819493638155	(34,29)
0.00095044080111970272135064673	(34,30)
0.78620416633517855725337848163	(35,1)
0.78617238340286595108827563942	(35,2)
0.78595806478867988406245811028	(35,3)
0.78526801660297795759526816972	(35,4)
0.78368298253701064302357498337	(35,5)
0.78068157126828170268318437058	(35,6)
0.7756708904122453321666752671	(35,7)
0.76802266799897922014299695371	(35,8)
0.757113231272264729039238932	(35,9)
0.74236530947911546050431192326	(35,10)
0.72328929386059637582887681038	(35,11)
0.69952139504934049751861344205	(35,12)
0.67085615046251907583457195025	(35,13)
0.63727099413358506800504588846	(35,14)
0.59894111335832828051292095786	(35,15)
0.55624354018891944656687250035	(35,16)
0.50975027892129033095471701238	(35,17)
0.46021114309521496517612719113	(35,18)
0.40852775090961716009709243227	(35,19)
0.35572070787563736081484333971	(35,20)
0.30289232849717160307248827758	(35,21)
0.25118729981416844020220974162	(35,22)
0.20175349845415775870677664947	(35,23)
0.15570480231930825820060602117	(35,24)
0.1140872676499765152011566525	(35,25)
0.07784955108052024263900711289	(35,26)
0.04781801013251012398446242638	(35,27)
0.02467655931598794890919016531	(35,28)
0.0089511152591987076636179244	(35,29)
0.00099833609587737913717662541	(35,30)
0.82969046586525149414331999966	(36,1)
0.82965668959793806110131820668	(36,2)
0.8294289300392906613771918636	(36,3)
0.82869561165260521869995326903	(36,4)
0.82701122112374545549950820232	(36,5)
0.82382180176113309143061547654	(36,6)
0.81849763933780002391202624778	(36,7)
0.81037185652674759506720006732	(36,8)
0.79878317612749582530052932521	(36,9)
0.78312065849425881196860550367	(36,10)
0.76286783757247583496929999905	(36,11)
0.73764345563964759263977336262	(36,12)
0.70723600561696673746511452894	(36,13)
0.67162958119244335918893526254	(36,14)
0.63101911412742642774835156586	(36,15)
0.58581389696932881810691718574	(36,16)
0.53662925072772170122478869547	(36,17)
0.48426717170312081356506819202	(36,18)
0.42968764497135245233876788658	(36,19)
0.37397293241235192143975270152	(36,20)
0.31828746426420015107926985985	(36,21)
0.26383597397108697636690500301	(36,22)
0.21182225720791702098175695486	(36,23)
0.16341048482656759027042395929	(36,24)
0.11969044990001771352280000012	(36,25)
0.08164757145494193624400658025	(36,26)
0.05013798428379907231925985372	(36,27)
0.02586866244051946189630254348	(36,28)
0.00938227473749103633017319307	(36,29)
0.00104635311567890990523184167	(36,30)
0.87378334096037498728748752217	(37,1)
0.87374751489344575016485409363	(37,2)
0.87350593371510760837625117492	(37,3)
0.87272812036508618848863162857	(37,4)
0.87094156535821705546558893981	(37,5)
0.86755884069340216619033366716	(37,6)
0.86191241165440129859473307833	(37,7)
0.85329579940676304148147631236	(37,8)
0.84100924064503869503515813841	(37,9)
0.82440747919691352483029151549	(37,10)
0.80294689121717543995811046885	(37,11)
0.77622888690331665982931106345	(37,12)
0.74403653675316990752309698356	(37,13)
0.70636169703758469972936467937	(37,14)
0.66342056291537231603879574023	(37,15)
0.61565650147181618073901211161	(37,16)
0.56373009656734168183212734775	(37,17)
0.50849742214202270609102405808	(37,18)
0.45097849562018022669041329154	(37,19)
0.39231852271057890061397582791	(37,20)
0.33374485844015112124120873115	(37,21)
0.27652257121808659534215215858	(37,22)
0.22191116078384333856473638085	(37,23)
0.17112444096400980759196289762	(37,24)
0.12529496377424332086551290847	(37,25)
0.08544373474440095839139491482	(37,26)
0.05245542924556177967314950447	(37,27)
0.02705891437974633847041918088	(37,28)
0.00981262924166282184178216351	(37,29)
0.00109427286402594711362236598	(37,30)
0.9182958894764202614930512715	(38,1)
0.9182579646230352201923613387	(38,2)
0.91800223157581898102859859639	(38,3)
0.91717886088109726381544383673	(38,4)
0.91528770649952420088402581578	(38,5)
0.91170708635498652127650024183	(38,6)
0.90573078742596443655195622883	(38,7)
0.89661188391185433832624797328	(38,8)
0.88361139671397541685005377257	(38,9)
0.86604924960930716170247654459	(38,10)
0.84335448718430838126267595462	(38,11)
0.81511142344026360014823912988	(38,12)
0.78109839145026768099439132848	(38,13)
0.74131613038357038675884741864	(38,14)
0.69600358231254299588800832714	(38,15)
0.64563991011152535225957037665	(38,16)
0.59093275569139590288403502485	(38,17)
0.53279396026356382821703837578	(38,18)
0.47230498815043420778806001324	(38,19)
0.4106749925771648674929604771	(38,20)
0.34919476142783347713071650983	(38,21)
0.28918968498395558050058263045	(38,22)
0.23197446517007113417627172989	(38,23)
0.17881164922651892199409646487	(38,24)
0.13087534649486779977063698543	(38,25)
0.08922078942828913985674978015	(38,26)
0.05475981381577040628780352215	(38,27)
0.02824190722292870672114637112	(38,28)
0.01024022384364558804794642011	(38,29)
0.00114187768767571920507483937	(38,30)
0.96303138094928715306924156239	(39,1)
0.96299131676452416771436719517	(39,2)
0.96272115852541375202521215847	(39,3)
0.96185135139916652428892154246	(39,4)
0.95985358381551573877856959224	(39,5)
0.95607127551075640591567536846	(39,6)
0.94975883524761722829467892172	(39,7)
0.94012821254676583511081522266	(39,8)
0.92640064992618268005199105405	(39,9)
0.90786090284174288107605263275	(39,10)
0.88391064244285326408656600106	(39,11)
0.85411741965925327737981044753	(39,12)
0.81825556719058130888572132247	(39,13)
0.77633582539420019075166829536	(39,14)
0.72862130442388586152537277133	(39,15)
0.67562855900931816784838321615	(39,16)
0.61811389841581687255396071416	(39,17)
0.55704638135783722988271367794	(39,18)
0.49357005270686775941066035567	(39,19)
0.42895871020598028192101482752	(39,20)
0.36456676782434069383589688896	(39,21)
0.30177961903655643387048261031	(39,22)
0.2419663848415799378984904635	(39,23)
0.18643719064303528696187692324	(39,24)
0.13640629775350052620482713963	(39,25)
0.09296164578846333468992224849	(39,26)
0.05704073168562214872725954467	(39,27)
0.02941230751791247193774383836	(39,28)
0.01066313306622880818513063547	(39,29)
0.00118895335497907193552342283	(39,30)
1.00778461212502473003032314598	(40,1)
1.00774237745347953183992468217	(40,2)
1.00745758401404377864502947061	(40,3)
1.00654066521590613708232705205	(40,4)
1.00443473878119771029539090748	(40,5)
1.00044783596242737333320657744	(40,6)
0.99379446195251139981445761718	(40,7)
0.98364494810389695833661964339	(40,8)
0.96918037739540642020850708234	(40,9)
0.94965015403090234162974616641	(40,10)
0.92442866959703062255893676024	(40,11)
0.8930671383189841283817839562	(40,12)
0.85533666895555988327668140265	(40,13)
0.81125909813165559012898794388	(40,14)
0.76112303449058651479781115634	(40,15)
0.70548386221363347467243955906	(40,16)
0.64514794633028549557988374201	(40,17)
0.58114274071553966899905051861	(40,18)
0.51467569558971933420454383437	(40,19)
0.44708562355059309167475549351	(40,20)
0.37979043275895783716000471722	(40,21)
0.31423489553574610487787895158	(40,22)
0.25184149703461459516722699668	(40,23)
0.19396655711826971545699045676	(40,24)
0.14186290266929183955938727717	(40,25)
0.09664952600844106527274402779	(40,26)
0.05928799248144948286372922952	(40,27)
0.03056490275850907072520556746	(40,28)
0.01107947761746588532437347712	(40,29)
0.00123529091485185620752064412	(40,30)
1.0523433646751985568689207968	(41,1)
1.05229893866560440496679979659	(41,2)
1.0519993694978762223082594689	(41,3)
1.0510348874676918223647536368	(41,4)
1.04881977016113788167802969383	(41,5)
1.04462633845235696556473786646	(41,6)
1.03762885910328858493248896081	(41,7)
1.02695575164197617364163137903	(41,8)
1.01174775307904884692646251316	(41,9)
0.99121890762091602233150406145	(41,10)
0.9647165593149183201831236407	(41,11)
0.93177609973599606628046994906	(41,12)
0.89216621528896571255903965864	(41,13)
0.84592088819672465746006189222	(41,14)
0.79335543592670303157522147278	(41,15)
0.73506531775682295863355280963	(41,16)
0.67190808770710394738031322626	(41,17)
0.60497046842467369222499331867	(41,18)
0.53552380610922829827835004694	(41,19)
0.46497195526290604892942192501	(41,20)
0.39479585469428273000604241962	(41,21)
0.3264987292441123841173224196	(41,22)
0.26155511434006385579715231969	(41,23)
0.20136593218855470554527954433	(41,24)
0.1472208325227332826765322002	(41,25)
0.10026809794839519426024186011	(41,26)
0.06149170220620874019440523015	(41,27)
0.03169464217889481749706525909	(41,28)
0.01148743900615361383492147668	(41,29)
0.00128068831641475468095641262	(41,30)
1.09648995329439451351420516351	(42,1)
1.09644332626376698920706921175	(42,2)
1.09612891614564862836499844978	(42,3)
1.09511666173966168723922140218	(42,4)
1.09279187808977201788611670212	(42,5)
1.08839103592664757254526770509	(42,6)
1.08104803412990023694580456248	(42,7)
1.06984930102473870364230778665	(42,8)
1.05389524794602332431232308758	(42,9)
1.03236473198210882967949153303	(42,10)
1.0045784207539313450260576779	(42,11)
0.97005647794165962028224644246	(42,12)
0.92856597886348470280543022198	(42,13)
0.88015403152077878751069237202	(42,14)
0.82516372289753099668732346873	(42,15)
0.76423160813433575962100853972	(42,16)
0.69826727547983973666921530216	(42,17)
0.62841725686042074556864012494	(42,18)
0.55601692879252927317861448664	(42,19)
0.48253485851708279477148626624	(42,20)
0.40951421759546969722018108594	(42,21)
0.33851546234917254724221483291	(42,22)
0.27106362148816226041814755516	(42,23)
0.20860244128490108023543511729	(42,24)
0.15245652134443228766835372574	(42,25)
0.10380159142198037333592131331	(42,26)
0.06364233243404620349165272424	(42,27)
0.03279667155259188021122438147	(42,28)
0.0118852719366318735507820217	(42,29)
0.00132495177841017615250769496	(42,30)
1.14000285095502512599029877869	(43,1)
1.13995402518417509373886077096	(43,2)
1.13962478956197002223514930176	(43,3)
1.13856481329779979852126063219	(43,4)
1.13613048387305624194109778927	(43,5)
1.13152247682160248174825750275	(43,6)
1.12383441268388571186495587658	(43,7)
1.11211087645871337591224104123	(43,8)
1.09541219126824875309323728359	(43,9)
1.07288238747239353244354804999	(43,10)
1.04381596593938436523103011524	(43,11)
1.00771852966955545975074187887	(43,12)
0.9643563474918042083103318438	(43,13)
0.91379054050805070751404506183	(43,14)
0.85639284714739037212035666312	(43,15)
0.79284168270738151253566781725	(43,16)
0.72409919636943190746134951765	(43,17)
0.65137191077071496811915459117	(43,18)
0.57605899234740610352092102164	(43,19)
0.49969302670687947134608733269	(43,20)
0.42387828701563058855524379985	(43,21)
0.35023095588253860724373465662	(43,22)
0.28032477354772284860597430183	(43,23)
0.21564436971828712639079645987	(43,24)
0.15754731730814706953579639089	(43,25)
0.10723489642047599719962558184	(43,26)
0.06573077800387747013902514173	(43,27)
0.03386636190046814821079022734	(43,28)
0.01227131445719357120331422505	(43,29)
0.00136789690604009842251509296	(43,30)
1.18265837686918759961108567107	(44,1)
1.18260736731122603399068968958	(44,2)
1.18226340707542523608242730025	(44,3)
1.18115603448749509468741076986	(44,4)
1.17861291104456850232308403627	(44,5)
1.17379917788879480273423156374	(44,6)
1.16576849769929940578084898729	(44,7)
1.15352399849321163638922210618	(44,8)
1.13608637848290163931080592199	(44,9)
1.11256539340745969243939690315	(44,10)
1.0822300236521959499536108021	(44,11)
1.04457204193645357098538474172	(44,12)
0.99935769172142667252394515055	(44,13)
0.94666287826068228334750092915	(44,14)
0.88688866665344829443294264242	(44,15)
0.82075581070942940699847355143	(44,16)
0.74927920117756446464154616208	(44,17)
0.67372515149459618469736342466	(44,18)
0.5955559885289499439985951895	(44,19)
0.51636725176082278610256328324	(44,20)
0.43782285632718597072403107085	(44,21)
0.36159293525151722531664099473	(44,22)
0.28929795408321022995303147201	(44,23)
0.22246134767755838637670719957	(44,24)
0.1624716086970431670510356921	(44,25)
0.11055364330483150559235046461	(44,26)
0.06774840331783809781102632559	(44,27)
0.03489933220014795329932815674	(44,28)
0.01264399590504002131510603443	(44,29)
0.0014093495605484802154446235	(44,30)
1.22423243168822410158305686727	(45,1)
1.2241792665719429702320096413	(45,2)
1.2238207721241553901207662919	(45,3)
1.22266661683698452447905780831	(45,4)
1.22001611222800709519731676488	(45,5)
1.21499934113771156933844310597	(45,6)
1.20663056978830465488268541157	(45,7)
1.19387210319472509854499119479	(45,8)
1.1757057104764716597891909344	(45,9)
1.15120761901167456073195119025	(45,10)
1.11962206823572633142735184377	(45,11)
1.08042778412249776746902275234	(45,12)
1.03339172561169179019917753164	(45,13)
0.9786052144056832768449218609	(45,14)
0.91649908478483114506867685258	(45,15)
0.84783659491971703244895622827	(45,16)
0.77368518787110732170239072965	(45,17)
0.69537036859797161397320779091	(45,18)
0.61441659585764528818693015352	(45,19)
0.53248092758690421116026912992	(45,20)
0.45128514097881634866719759916	(45,21)
0.372551288865100785670857707	(45,22)
0.29794439305146797485788188872	(45,23)
0.22902450251951101889011339407	(45,24)
0.16720892495278830786106996744	(45,25)
0.11374426549773295808517361601	(45,26)
0.06968707766637065078379609262	(45,27)
0.03589146635247911336335287846	(45,28)
0.01300184274991134977316110446	(45,29)
0.00144914649346984936801076794	(45,30)
1.26450226366345217316250573342	(46,1)
1.26444698497422877689288702575	(46,2)
1.26407423946829611354163840127	(46,3)
1.26287421361169254592722729732	(46,4)
1.2601184255905707825588142304	(46,5)
1.2549025987543364953326794271	(46,6)
1.24620241295607242731650644172	(46,7)
1.2329402386799664580167528933	(46,8)
1.21405984877317114970298297384	(46,9)
1.18860488325909653620274439598	(46,10)
1.15579574881930343441430436373	(46,11)
1.11509895082968782752397721492	(46,12)
1.06628284797233686359980676512	(46,13)
1.00945465103278730848499513722	(46,14)
0.94507514992333777838123339157	(46,15)
0.87394993758538776744974355271	(46,16)
0.79719843077422667212968533221	(46,17)
0.71620431399660343607612260447	(46,18)
0.63255274492685151545587562948	(46,19)
0.54796049686763730795951547099	(46,20)
0.46420512021461931001030828958	(46,21)
0.38305832018824184159407868353	(46,22)
0.30622734533646660083126519847	(46,23)
0.23530657950383026402766020123	(46,24)
0.17174001395803586562667272772	(46,25)
0.11679404564261264022941512423	(46,26)
0.07153920026610865519556326787	(46,27)
0.03683892479564991605287058957	(46,28)
0.01334348248702832721495807801	(46,29)
0.00148713576284813191636317663	(46,30)
1.3032482488988122294626004668	(47,1)
1.3031909127209579470813082365	(47,2)
1.30280429436988414553085289282	(47,3)
1.30155961598776338995960185619	(47,4)
1.29870134411927040001663457731	(47,5)
1.29329176934904296073509146522	(47,6)
1.28426904919258507222222859185	(47,7)
1.27051676688074100852905530021	(47,8)
1.25094187095842676904569903705	(47,9)
1.22455654856592423451216162656	(47,10)
1.19055840475214738735647452888	(47,11)
1.14840258236843022057429826914	(47,12)
1.09785945220210570694777444314	(47,13)
1.03905240839264706609776407854	(47,14)
0.97247210689288391785105046853	(47,15)
0.89896595176130308918409944516	(47,16)
0.81970435089669012851128370857	(47,17)
0.73612773538970007746131095967	(47,18)
0.64988012374872081122505149655	(47,19)
0.56273584101909702565105924731	(47,20)
0.47652582710693091628744715347	(47,21)
0.39306895475667435492335862899	(47,22)
0.31411223178610517669601886499	(47,23)
0.24128203286263024704577632258	(47,24)
0.1760468972314432012385164333	(47,25)
0.11969114654736584292834450867	(47,26)
0.07329771590594427422923132058	(47,27)
0.03773815126264162029849919785	(47,28)
0.01366764576732602502191812767	(47,29)
0.00152317695284877326610248922	(47,30)
1.34025566844820187499612750976	(48,1)
1.34019634515445148342405861625	(48,2)
1.33979632850674840010822730447	(48,3)
1.33850852564985126296261263057	(48,4)
1.33555128061381332518017539522	(48,5)
1.32995460859526861884124916019	(48,6)
1.32062046528324979814193568656	(48,7)
1.30639505431101906351577009874	(48,8)
1.28614991071927971124550654551	(48,9)
1.2588670935418671975854968674	(48,10)
1.22372255351829917340808413742	(48,11)
1.18016095045349171654374564487	(48,12)
1.1279551938585119280622545549	(48,13)
1.06724496124307219928926544703	(48,14)
0.99855039299033648157789805803	(48,15)
0.92275981283022794597862643682	(48,16)
0.84109322409463709548939667274	(48,17)
0.75504594748897350403769507228	(48,18)
0.66631862316582179067451488841	(48,19)
0.57674061455781689109420725322	(48,20)
0.48819358899060216695628026081	(48,21)
0.40254090470278096014541584365	(48,22)
0.32156674541224789651947457579	(48,23)
0.24692708968503066160328261776	(48,24)
0.18011290512551152938466424466	(48,25)
0.12242462849555417253538527482	(48,26)
0.07495612225046619846541019971	(48,27)
0.03858587525317645519623645318	(48,28)
0.01397316697932198010940471707	(48,29)
0.00155714122106835480264525493	(48,30)
1.37531646484547748756270947648	(49,1)
1.375255239121566784226547336	(49,2)
1.37484239522579855081934897153	(49,3)
1.3735133064674409153996588564	(49,4)
1.370461311162449132005959155	(49,5)
1.36468553723722124677627934196	(49,6)
1.35505331516893942422018290172	(49,7)
1.34037513570134457139924670839	(49,8)
1.31948876712186595343236871059	(49,9)
1.29134765042637056550899970693	(49,10)
1.25510733803156221894658429805	(49,11)
1.21020289754615373859688706664	(49,12)
1.15641020617140017035329188142	(49,13)
1.09388511801627509873246576237	(49,14)
1.02317657285555778620589540663	(49,15)
0.94521254650941312482055445248	(49,16)
0.86126082532883303116841814694	(49,17)
0.77286934104749039806747276118	(49,18)
0.68179272375865414422864322476	(49,19)
0.58991252635382544155926678162	(49,20)
0.49915822142062910738589049988	(49,21)
0.41143479416639816059227145474	(49,22)
0.32856092603655671805968897641	(49,23)
0.25221978953964694227124767965	(49,24)
0.18392269441256228700555767216	(49,25)
0.12498445468969554987704396352	(49,26)
0.07650846995085705332512007164	(49,27)
0.03937911083885696201961462895	(49,28)
0.0142589835130449391753294341	(49,29)
0.00158891119957294843091687598	(49,30)
1.40823096070031647298496759531	(50,1)
1.40816793139528199360873599133	(50,2)
1.40774292678969944272128576372	(50,3)
1.40637469796194702276751420346	(50,4)
1.40323287994658475511965756685	(50,5)
1.39728732956432386524013885607	(50,6)
1.38737258137073751775415767813	(50,7)
1.37226533464600005764890513211	(50,8)
1.35077146815487167754541733702	(50,9)
1.32181749340358912101805690706	(50,10)
1.28453992095996747764021331925	(50,11)
1.23836511922252335484067415336	(50,12)
1.18307225484106266109123676856	(50,13)
1.11883303626534451642006369605	(50,14)
1.04622420781396014640678987108	(50,15)
0.96621175109388201320828426667	(50,16)
0.88010900871012358325458441889	(50,17)
0.78951383103144835522765878697	(50,18)
0.69623182687659233143611332539	(50,19)
0.60219357126570948690092549432	(50,20)
0.50937317959502169609509842187	(50,21)
0.4197142495888778028241201457	(50,22)
0.33506720711195696297606397676	(50,23)
0.25714000305723393174836025448	(50,24)
0.18746225082958816330642095381	(50,25)
0.12736148669597946313584809027	(50,26)
0.07794935676596827221081123006	(50,27)
0.04011515244252447978911450171	(50,28)
0.0145241339433331384683433174	(50,29)
0.00161838077639454019625375298	(50,30)
1.43880952224361771377061646676	(51,1)
1.43874480203951544262067167873	(51,2)
1.43830839652432104795705237209	(51,3)
1.43690347353839527277916680123	(51,4)
1.43367744850011024720617237624	(51,5)
1.42757274576485380291667462791	(51,6)
1.41739317936556534969333589494	(51,7)
1.40188382586109498603229906172	(51,8)
1.3798207741294898729789350018	(51,9)
1.3501054646847101184953199691	(51,10)
1.31185681457330637354625248539	(51,11)
1.26449337994460062728811976893	(51,12)
1.2077978245974535346948486698	(51,13)
1.14195716909159077861428126668	(51,14)
1.06757465662839494241735066459	(51,15)
0.98565225299208317426210281868	(51,16)
0.89754622426772990511113380865	(51,17)
0.80490124640883718745964048546	(51,18)
0.70957053339300950621654860272	(51,19)
0.6135302164447658965040557117	(51,20)
0.51879567178908496406532892195	(51,21)
0.42734595931891280343175058896	(51,22)
0.34106043873153990320585596241	(51,23)
0.26166943286255367517021836926	(51,24)
0.19071887923880715980328730414	(51,25)
0.12954747179593551385986480471	(51,26)
0.07927391690666045697637333242	(51,27)
0.04079156823340251699640063865	(51,28)
0.0147677553688050480315217808	(51,29)
0.0016454547840344624847146455	(51,30)
1.4668741511556199897897547952	(52,1)
1.46680786605372842360875525328	(52,2)
1.46636090922621832416779985307	(52,3)
1.46492202691395122573031304359	(52,4)
1.46161807302285478430254433994	(52,5)
1.45536609207260617434098214552	(52,6)
1.44494148934527389480711174025	(52,7)
1.42906012426324061035051737757	(52,8)
1.40647060722336842631496988491	(52,9)
1.37605132604556536301907711337	(52,10)
1.336905135517977469114462864	(52,11)
1.28844365362961982044540589421	(52,12)
1.23045313110611670485405942225	(52,13)
1.16313513842035902016538082103	(52,14)
1.08711780577432211971490222179	(52,15)
1.00343669574537818701367272481	(52,16)
0.91348797341875817267316756623	(52,17)
0.81895966493524693634277367061	(52,18)
0.72174887452640219886012905535	(52,19)
0.62387354716018084049434508157	(52,20)
0.52738673974277560782530056186	(52,21)
0.43429970720620988733283273428	(52,22)
0.34651789096739412827120386178	(52,23)
0.26579160029307286815217842286	(52,24)
0.19368118406017713417374451099	(52,25)
0.13153502412817549174856408449	(52,26)
0.08047780679136848253885771737	(52,27)
0.04140619176207351226291112166	(52,28)
0.01498908013532710701610934371	(52,29)
0.00167004862062524161365932498	(52,30)
1.49225998865066429881996630141	(53,1)
1.49219227727482717854075548018	(53,2)
1.49173570383185466161999611341	(53,3)
1.49026587082280327273920234126	(53,4)
1.48689089400568850126360921101	(53,5)
1.48050469329858697581902798411	(53,6)
1.46985680050210735423869234111	(53,7)
1.45363648683463968982812208748	(53,8)
1.43056739427108850736607173442	(53,9)
1.39950702439059562325802928314	(53,10)
1.35954377487630896402577553725	(53,11)
1.31008318142694837284830212256	(53,12)
1.25091505285972164925712667828	(53,13)
1.18225453205257659156131781564	(53,14)
1.10475272837668563216020652353	(53,15)
1.0194760636677239677747910722	(53,16)
0.92785720594220172697630768882	(53,17)
0.83162369699204662631081079474	(53,18)
0.73271249957935611945208611666	(53,19)
0.63317937734384639630850466465	(53,20)
0.53511131114287184153158230816	(53,21)
0.44054838494056997188822445196	(53,22)
0.35141924167868502583614814428	(53,23)
0.26949182128868965432699440337	(53,24)
0.19633904255873059321462673535	(53,25)
0.13331760143280955934884266043	(53,26)
0.08155718834716763306078631991	(53,27)
0.0419571124275393489975256357	(53,28)
0.01518743216026630618532348686	(53,29)
0.00169208782794778337113249506	(53,30)
1.51481671661522227645371317969	(54,1)
1.51474772933670419013088237299	(54,2)
1.51428255317396798849436289141	(54,3)
1.51278503290334613136606825351	(54,4)
1.50934652325744976938129951328	(54,5)
1.50284026318379854086295287704	(54,6)
1.4919926538453991416619657968	(54,7)
1.47546921412705690206812365447	(54,8)
1.45197131082028181266498652066	(54,9)
1.42033786086200207960035782066	(54,10)
1.37964447484116888285648441187	(54,11)
1.32929144009738825200735874435	(54,12)
1.26907197866831593838740150854	(54,13)
1.19921362235102685825727454101	(54,14)
1.12038827180073121303885608174	(54,15)
1.03369014198335168241990593654	(54,16)
0.94058466186208836924245749889	(54,17)
0.84283472297740461562023581554	(54,18)
0.74241282573468710089313463695	(54,19)
0.64140833019603604577480849623	(54,20)
0.54193822936425352393929567012	(54,21)
0.44606798782884859900838526985	(54,22)
0.35574655281040747220894583172	(54,23)
0.2727571746984402273177787416	(54,24)
0.19868357343731476153517363529	(54,25)
0.13488947910279712274070935316	(54,26)
0.08250871091506022941450487001	(54,27)
0.04244266532611546655770359052	(54,28)
0.01536222305754874380162635697	(54,29)
0.00171150764863914540873235451	(54,30)
1.53440984158966201112773458126	(55,1)
1.53433973948163559219001458125	(55,2)
1.53386704664454055028225768105	(55,3)
1.53234533466825657729044154855	(55,4)
1.52885131441978769109368111285	(55,5)
1.52224015900720258105833394983	(55,6)
1.51121807055510225731821345166	(55,7)
1.49442983926014418620560872072	(55,8)
1.47055741547500599690449768127	(55,9)
1.43842355400830164076439094699	(55,10)
1.3970928043129595982625612646	(55,11)
1.34596101532878136045496262542	(55,12)
1.28482456723936431990234022074	(55,13)
1.21392200520965507892116900357	(55,14)
1.1339435745620477871577981821	(55,15)
1.0460079158738762573961916784	(55,16)
0.95160916202440219221997824819	(55,17)
0.85254108897475917398842294803	(55,18)
0.75080715512729707982010196573	(55,19)
0.64852589415007808945167099367	(55,20)
0.54784026550023328164986024857	(55,21)
0.45083759851149552069821014548	(55,22)
0.35948423899106110670167597322	(55,23)
0.2755764660437581406022334837	(55,24)
0.20070710300740900915643225622	(55,25)
0.1362457231098745551332934851	(55,26)
0.08332949272685456171603090377	(55,27)
0.04286142098192096500689535378	(55,28)
0.01551294824473147852696692653	(55,29)
0.00172825258279008489325553065	(55,30)
1.55092184853696100227403958495	(56,1)
1.5508508021704137772256355709	(56,2)
1.55037174273598126372148664524	(56,3)
1.54882954060853766027779225459	(56,4)
1.54528850420263230291650979311	(56,5)
1.53858850802210139285587927614	(56,6)
1.52741865400400742024819272995	(56,7)
1.51040619337514658384194053593	(56,8)
1.48621666462208078795304119506	(56,9)
1.45365918855481613945992889721	(56,10)
1.41178902669055938459152273016	(56,11)
1.35999837520102686718395769796	(56,12)
1.29808641610928526310043610316	(56,13)
1.22630115859363766422810247577	(56,14)
1.14534851371071155637586115569	(56,15)
1.05636791117502633685199197792	(56,16)
0.96087785131975825693273239481	(56,17)
0.86069826544049179284158351509	(56,18)
0.75785876429952168088797688929	(56,19)
0.65450245928630805279576060911	(56,20)
0.55279411744233852648601373843	(56,21)
0.45483936282476964465086453986	(56,22)
0.36261903194765940018815396449	(56,23)
0.27794018951883346161733581889	(56,24)
0.20240313099906906336125060169	(56,25)
0.13738216321621177106224194585	(56,26)
0.08401710281913355521379381883	(56,27)
0.04321217540399787620904100454	(56,28)
0.01563918319293491727382961828	(56,29)
0.00174227596183295656035285049	(56,30)
1.56425321263953580635823567175	(57,1)
1.5641814007358739724820660074	(57,2)
1.5636971797286947035859560523	(57,3)
1.5621383657752616255190010167	(57,4)
1.55855921285667110043665499427	(57,5)
1.5517871945608113242389655941	(57,6)
1.54049755481867058287402146195	(57,7)
1.52330333769969260513941424585	(57,8)
1.49885679876874411118277445397	(57,9)
1.46595604236770602881911639713	(57,10)
1.42364885406972747687260019098	(57,11)
1.37132453982459302729900399132	(57,12)
1.30878463784641938148870061431	(57,13)
1.23628492042661084066671652569	(57,14)
1.15454408415462204219651812205	(57,15)
1.06471847959633103866323329954	(57,16)
0.96834639847271179410762885658	(57,17)
0.8672689734809325873911730304	(57,18)
0.76353697086794864633305009347	(57,19)
0.65931333893500396669860308137	(57,20)
0.55678040038681078961780057086	(57,21)
0.45805846163406494166392900429	(57,22)
0.3651399439069628999372660482	(57,23)
0.27984049071060471449009920434	(57,24)
0.20376629783594808807559431079	(57,25)
0.13829536771362876138890083057	(57,26)
0.08456954414173225076758054925	(57,27)
0.04349394085784182501924943055	(57,28)
0.01574057995937751991670835031	(57,29)
0.00175353955524839164602122755	(57,30)
1.57432325879355280534346622326	(58,1)
1.57425086675238782546537932381	(58,2)
1.57376273421923328538088764267	(58,3)
1.57219133160267933809826855667	(58,4)
1.56858329380520605316766224121	(58,5)
1.56175669802723172283767015743	(58,6)
1.5503762896853440118856294255	(58,7)
1.53304435365027349055519721245	(58,8)
1.50840309289967492575069976104	(58,9)
1.47524228526340856813560365686	(58,10)
1.43260408297497225621675918026	(58,11)
1.37987564391578705354815333821	(58,12)
1.31686034199171814937555789949	(58,13)
1.24381988594454723058645227918	(58,14)
1.16148271152796613434605892771	(58,15)
1.0710180312892387447416016053	(58,16)
0.97397915610747389454807628808	(58,17)
0.87222328294953028199027007093	(58,18)
0.76781718180317694467571181035	(58,19)
0.66293878073678261872046754856	(58,20)
0.55978363266886754445234005483	(58,21)
0.460483082016015503194719843	(58,22)
0.36703823275743849345429836602	(58,23)
0.28127113219541403108242132351	(58,24)
0.20479235495111128955307134641	(58,25)
0.13898262075563047137321355576	(58,26)
0.08498523850720332786519170957	(58,27)
0.04370593768103700528785144548	(58,28)
0.01581686412100279163608807641	(58,29)
0.00176201322323962089053545731	(58,30)
1.58107086001231985324634569495	(59,1)
1.58099807833575803969724396308	(59,2)
1.58050731872256715968682098616	(59,3)
1.57892746126759116218943692549	(59,4)
1.5753000238704354950636419413	(59,5)
1.56843677347472336533607046867	(59,6)
1.55699540602763266571230123775	(59,7)
1.53957098373379968484019391965	(59,8)
1.51479896447807299831547452229	(59,9)
1.48146354437966928730363796324	(59,10)
1.43860310763051465586874042314	(59,11)
1.38560338974039626136214934301	(59,12)
1.32226902164365691350407239393	(59,13)
1.24886572484389102627341530052	(59,14)
1.16612850019739081538688255508	(59,15)
1.07523521737924247921554333499	(59,16)
0.97774928443031861953366340748	(59,17)
0.8755386861109634608083374076	(59,18)
0.77068092717351103085582512107	(59,19)
0.66536397085833086032744468933	(59,20)
0.56179222027525195247598704224	(59,21)
0.46210439066786863689630796821	(59,22)
0.36830737131957925202871112887	(59,23)
0.28222746382557999540955684696	(59,24)
0.20547813946041016960915273636	(59,25)
0.13944190316782291855948945346	(59,26)
0.08526301391633770528843367094	(59,27)
0.04384758741492934675513991065	(59,28)
0.01586783220669742358534458022	(59,29)
0.00176767462618073287490160134	(59,30)
1.58445496758936252396627615613	(60,1)
1.58438199022649407984469076329	(60,2)
1.58388991121746560743139339147	(60,3)
1.58230580750541415525640142569	(60,4)
1.57866862713207001992554241971	(60,5)
1.57178696802705377873347858837	(60,6)
1.56031498617315819562636047931	(60,7)
1.54284411739653353389347566189	(60,8)
1.51800643396042258168437681863	(60,9)
1.48458333188802958460128767157	(60,10)
1.44161130762268209028018653675	(60,11)
1.38847538845989811298946396519	(60,12)
1.32498084393829284497592519848	(60,13)
1.25139541864000893792997792016	(60,14)
1.16845741785037055742130155075	(60,15)
1.07734906472808176401413004822	(60,16)
0.97963884136504672627035383685	(60,17)
0.87720015001407157766911137248	(60,18)
0.77211588255162853835168050258	(60,19)
0.66657903441132088613711976318	(60,20)
0.56279844277752081573089445812	(60,21)
0.4629165118852982954324793142	(60,22)
0.36894302262280272096664050588	(60,23)
0.2827063991640749583213308571	(60,24)
0.20582155424709882918926232098	(60,25)
0.13967187744223109326019689372	(60,26)
0.0854020946844351573492331695	(60,27)
0.04391850746754314496927304251	(60,28)
0.01589334970510263614699454722	(60,29)
0.00177050899936446821959063956	(60,30)