kdd1222_(sigma,mu)
-1.2229779041376651894e-9	(1,1)
-1.098628656653410234052e-8	(1,2)
-3.039835227481319855924e-8	(1,3)
-5.920625990336759430439e-8	(1,4)
-9.697494963333857898025e-8	(1,5)
-1.4303070967712986787694e-7	(1,6)
-1.9640174884996128028711e-7	(1,7)
-2.5576707158678914497993e-7	(1,8)
-3.1942496068508667992997e-7	(1,9)
-3.8529107471836759326236e-7	(1,10)
-4.509335878363206454278e-7	(1,11)
-5.1364917820946819801522e-7	(1,12)
-5.7057936213350293251179e-7	(1,13)
-6.1886210930977627232055e-7	(1,14)
-6.558093344441980148341e-7	(1,15)
-6.7909720477563057907105e-7	(1,16)
-6.8695363942239737455799e-7	(1,17)
-6.7832621274958485075436e-7	(1,18)
-6.5301408712518091096564e-7	(1,19)
-6.1174961579403204099555e-7	(1,20)
-5.5621874267264927716137e-7	(1,21)
-4.8901400434081336809754e-7	(1,22)
-4.1351940972519733940515e-7	(1,23)
-3.3373224865959460426417e-7	(1,24)
-2.5403243521706348541371e-7	(1,25)
-1.7891480865281433324735e-7	(1,26)
-1.1270343625507773335353e-7	(1,27)
-5.926903393028739233413e-8	(1,28)
-2.17709254730915986526e-8	(1,29)
-2.44344347466763562934e-9	(1,30)
-1.100088314824608969349e-8	(2,1)
-9.882341647003993778483e-8	(2,2)
-2.7343807292033520978478e-7	(2,3)
-5.3256984043718683479491e-7	(2,4)
-8.7230528653136989015712e-7	(2,5)
-1.28658426655032671912468e-6	(2,6)
-1.76666536468795797694186e-6	(2,7)
-2.30066601672714408317873e-6	(2,8)
-2.87327900723170772147806e-6	(2,9)
-3.46575535517683717322127e-6	(2,10)
-4.05622040146294633425753e-6	(2,11)
-4.62035733622361349742012e-6	(2,12)
-5.13245364158857094314188e-6	(2,13)
-5.56676489423491885935814e-6	(2,14)
-5.89911132976562962166559e-6	(2,15)
-6.10858968889504120610121e-6	(2,16)
-6.17925980430074326876259e-6	(2,17)
-6.10165491937179845261601e-6	(2,18)
-5.87396844642919779540933e-6	(2,19)
-5.50278800031365710847626e-6	(2,20)
-5.00327890085606801425516e-6	(2,21)
-4.39876142122466549772279e-6	(2,22)
-3.7196752645817653299365e-6	(2,23)
-3.00197670477193605378538e-6	(2,24)
-2.28506379241586668890223e-6	(2,25)
-1.60936835718637976830808e-6	(2,26)
-1.01378611291185153422331e-6	(2,27)
-5.3313480615494917372695e-7	(2,28)
-1.9583309376530740708885e-7	(2,29)
-2.197918038675777060825e-8	(2,30)
-3.051340232675713304454e-8	(3,1)
-2.7410878071106242600275e-7	(3,2)
-7.5844146581659304138866e-7	(3,3)
-1.47720120845691760274799e-6	(3,4)
-2.41953324293059715649352e-6	(3,5)
-3.5686284323441349296698e-6	(3,6)
-4.90024055569407259578536e-6	(3,7)
-6.38141073948600683915186e-6	(3,8)
-7.96968109938687313760647e-6	(3,9)
-9.61304726404447417669514e-6	(3,10)
-0.00001125083510201418892838338	(3,11)
-0.00001281559661842237009971237	(3,12)
-0.0000142360124738255666755071	(3,13)
-0.00001544067476984573870968458	(3,14)
-0.00001636251545499783792350577	(3,15)
-0.00001694355449901265835852799	(3,16)
-0.00001713957801834323558023322	(3,17)
-0.00001692432749958424207588647	(3,18)
-0.00001629279157293079010304873	(3,19)
-0.00001526324206737691991163999	(3,20)
-0.00001387774305334031456179347	(3,21)
-0.00001220097830368173559762969	(3,22)
-0.00001031737908512318884928832	(3,23)
-8.32667829673165498990557e-6	(3,24)
-6.33815556558080006997819e-6	(3,25)
-4.4639580976365669977779e-6	(3,26)
-2.81197244342791608344011e-6	(3,27)
-1.47877402865898710024481e-6	(3,28)
-5.4318891735680223720763e-7	(3,29)
-6.096440338391901560807e-8	(3,30)
-5.961886740484831908848e-8	(4,1)
-5.3556974357941661583973e-7	(4,2)
-1.48188723353297650673189e-6	(4,3)
-2.88624202995974932105349e-6	(4,4)
-4.72742553458081946124183e-6	(4,5)
-6.97259523911986472079804e-6	(4,6)
-9.57437775059540985183658e-6	(4,7)
-0.00001246837653543273286068587	(4,8)
-0.00001557163548598392158529186	(4,9)
-0.00001878254612224716099181149	(4,10)
-0.00002198256051289745228831269	(4,11)
-0.00002503989546794479623483111	(4,12)
-0.00002781520349802139774159276	(4,13)
-0.00003016896368152191576618525	(4,14)
-0.00003197013400390097938272645	(4,15)
-0.00003310542853549433533445248	(4,16)
-0.00003348845783153635404729118	(4,17)
-0.0000330679141952124325135021	(4,18)
-0.00003183400356232752896706364	(4,19)
-0.00002982242398363498383102138	(4,20)
-0.00002711536059399412113086672	(4,21)
-0.00002383919500521647030998144	(4,22)
-0.00002015889371619640331857638	(4,23)
-0.00001626932169810417496655918	(4,24)
-0.00001238399812096460873283724	(4,25)
-8.72204604510575840209542e-6	(4,26)
-5.49426448736597085819358e-6	(4,27)
-2.88935230055367285867228e-6	(4,28)
-1.06132821376352307722279e-6	(4,29)
-1.191173985542990090542e-7	(4,30)
-9.797359479134331044271e-8	(5,1)
-8.8011891849680618349562e-7	(5,2)
-2.43523278789918332307461e-6	(5,3)
-4.74305415934190823224161e-6	(5,4)
-7.76873056465591972407833e-6	(5,5)
-0.00001145829150378160165221156	(5,6)
-0.00001573388789583049244467859	(5,7)
-0.00002048969656950538060773319	(5,8)
-0.00002558939539032437028166339	(5,9)
-0.00003086601061917550824017618	(5,10)
-0.00003612473150015033683467004	(5,11)
-0.00004114899700551484431499612	(5,12)
-0.00004570981451149396118109314	(5,13)
-0.00004957790481935443358611876	(5,14)
-0.00005253792027911903908633761	(5,15)
-0.0000544036899502866257560034	(5,16)
-0.00005503324033436172664184635	(5,17)
-0.00005434224692486890215145188	(5,18)
-0.00005231460481198626962287152	(5,19)
-0.0000490089678978733574694569	(5,20)
-0.00004456038541738721529459858	(5,21)
-0.00003917653915047862401375767	(5,22)
-0.00003312852288725633080434819	(5,23)
-0.00002673656842609734031825833	(5,24)
-0.00002035156747842786847971808	(5,25)
-0.00001433362490762383100385575	(5,26)
-9.02916904797134585770392e-6	(5,27)
-4.7483110004163578705501e-6	(5,28)
-1.74416940312207039855357e-6	(5,29)
-1.9575564960758507648442e-7	(5,30)
-1.4489624973681367730262e-7	(6,1)
-1.30163572322782287249087e-6	(6,2)
-3.60154289939115311506357e-6	(6,3)
-7.0146533789058178936549e-6	(6,4)
-0.00001148942362620600611287412	(6,5)
-0.00001694603685580850045334042	(6,6)
-0.00002326936292361008149240446	(6,7)
-0.00003030290162500082982331646	(6,8)
-0.00003784504857354151935136958	(6,9)
-0.00004564886903504803551397149	(6,10)
-0.00005342625960071330043237328	(6,11)
-0.00006085694867784541982234553	(6,12)
-0.00006760227643391039579585583	(6,13)
-0.00007332315461119733318065143	(6,14)
-0.00007770109256794313984949794	(6,15)
-0.00008046074288186560772095056	(6,16)
-0.0000813921160463915993898281	(6,17)
-0.00008037047569898508707161455	(6,18)
-0.000077371974411652819610473	(6,19)
-0.00007248332840414767209619007	(6,20)
-0.00006590424211777322079166917	(6,21)
-0.0000579418475358975835720239	(6,22)
-0.00004899707107713114894740377	(6,23)
-0.00003954352526421877450819497	(6,24)
-0.00003010018082451736442448425	(6,25)
-0.00002119964613472793023559519	(6,26)
-0.00001335431066045730439287836	(6,27)
-7.02285514018868430998732e-6	(6,28)
-2.57966794226852216389258e-6	(6,29)
-2.895274507270071421493e-7	(6,30)
-1.9923020826255166278462e-7	(7,1)
-1.78972994657844454447968e-6	(7,2)
-4.95206857568658044402493e-6	(7,3)
-9.64504621472641463913851e-6	(7,4)
-0.00001579779340441842447217136	(7,5)
-0.00002330056784148374182820891	(7,6)
-0.0000319950753471969729289841	(7,7)
-0.00004166614266366864200870918	(7,8)
-0.00005203658307492747183986775	(7,9)
-0.00006276688441336369535778513	(7,10)
-0.00007346092908999640858652725	(7,11)
-0.00008367836626443220025071465	(7,12)
-0.0000929535548393754226550114	(7,13)
-0.00010082025347061804747379557	(7,14)
-0.00010684052719849692476205781	(7,15)
-0.00011063574502074147750124326	(7,16)
-0.00011191712491648161541579069	(7,17)
-0.00011051309266058861927986156	(7,18)
-0.00010639078708997676213989834	(7,19)
-0.00009966937157923056561809533	(7,20)
-0.00009062337816482073500087379	(7,21)
-0.00007967507195410904347814847	(7,22)
-0.00006737571414302132958283277	(7,23)
-0.00005437654308803581789697738	(7,24)
-0.00004139119870306751526027962	(7,25)
-0.00002915210167313244301839502	(7,26)
-0.00001836389077465845159116422	(7,27)
-9.6573608814453707972114e-6	(7,28)
-3.54739538583068787541339e-6	(7,29)
-3.9814023055744787818463e-7	(7,30)
-2.5924533703001935464672e-7	(8,1)
-2.32885941539289830616268e-6	(8,2)
-6.44380571387388358836894e-6	(8,3)
-0.00001255047504283673924979865	(8,4)
-0.00002055665411865346864166955	(8,5)
-0.00003031955216130522257061914	(8,6)
-0.00004163320834982021140216452	(8,7)
-0.00005421765759791445527992922	(8,8)
-0.00006771224948383285392602327	(8,9)
-0.00008167524011339059640763028	(8,10)
-0.00009559123054036024787563543	(8,11)
-0.00010888725871783154893995611	(8,12)
-0.0001209574398274541241485106	(8,13)
-0.00013119508430695891442011013	(8,14)
-0.00013903030397646007719281906	(8,15)
-0.00014397034229006780830491668	(8,16)
-0.00014563932089673675302256243	(8,17)
-0.00014381384660662658476993307	(8,18)
-0.00013845100812359900631854339	(8,19)
-0.00012970571624984872340497857	(8,20)
-0.00011793507737005153390004623	(8,21)
-0.0001036884795138325517570431	(8,22)
-0.00008768322882235640080402606	(8,23)
-0.00007076679910544597795170856	(8,24)
-0.000053867936846253057987261	(8,25)
-0.00003793988866307603113130851	(8,26)
-0.00002389979024614299412047506	(8,27)
-0.00001256869920517222210501224	(8,28)
-4.61682234436489377510792e-6	(8,29)
-5.181678802985593275044e-7	(8,30)
-3.2262114262897514155691e-7	(9,1)
-2.89817862132572985007746e-6	(9,2)
-8.0190762701220968943014e-6	(9,3)
-0.00001561860240270764630332559	(9,4)
-0.00002558200972465360480971411	(9,5)
-0.00003773161910969279401061151	(9,6)
-0.0000518111527639802694202253	(9,7)
-0.00006747225416601080559827387	(9,8)
-0.00008426617365533881803833618	(9,9)
-0.00010164325638839664529194093	(9,10)
-0.00011896219021265906388759101	(9,11)
-0.00013551001781680936186517338	(9,12)
-0.00015053278355482756333230958	(9,13)
-0.00016327548499080689761223646	(9,14)
-0.0001730288566319849690171301	(9,15)
-0.00017917955008435561466609852	(9,16)
-0.00018125959774200409500712004	(9,17)
-0.00017899073717842305478604431	(9,18)
-0.00017231927753271006044272095	(9,19)
-0.00016143771481023248587590371	(9,20)
-0.00014679021660871522756952005	(9,21)
-0.00012906032624241430443088651	(9,22)
-0.00010914067708592065752505791	(9,23)
-0.0000880860327107118597423144	(9,24)
-0.00006705243831738073333742982	(9,25)
-0.00004722654715845826809558739	(9,26)
-0.00002975015009526056066354316	(9,27)
-0.00001564549193068981023188083	(9,28)
-5.74704579791837825380419e-6	(9,29)
-6.4502018282960784538286e-7	(9,30)
-3.865364225963408260405e-7	(10,1)
-3.47234407651357493045771e-6	(10,2)
-9.60775663353006319989256e-6	(10,3)
-0.00001871285119518790526121409	(10,4)
-0.00003065016294592035610445996	(10,5)
-0.00004520684526788490102003739	(10,6)
-0.00006207590637695694416460718	(10,7)
-0.00008084006351090626573965499	(10,8)
-0.00010096178120816124085893429	(10,9)
-0.00012178265052417809631209502	(10,10)
-0.00014253445320068350447922752	(10,11)
-0.00016236311431361975938622631	(10,12)
-0.00018036539034103931325464763	(10,13)
-0.00019563670357403526850825968	(10,14)
-0.00020732716658964091817817249	(10,15)
-0.00021470168723156656183724401	(10,16)
-0.0002171992326902841398658628	(10,17)
-0.00021448595779683082304527997	(10,18)
-0.00020649702389560326664324858	(10,19)
-0.00019346256008592424327450607	(10,20)
-0.00017591430886424331945664282	(10,21)
-0.00015467096783475480344170527	(10,22)
-0.00013080196387383888494149001	(10,23)
-0.00010557122376539341733326662	(10,24)
-0.00008036426977320715045232296	(10,25)
-0.00005660350542032060683827434	(10,26)
-0.00003565771882096089807580791	(10,27)
-0.00001875250296298777820483554	(10,28)
-6.88840248679504966644852e-6	(10,29)
-7.7312391210028774506208e-7	(10,30)
-4.4785894692429427020542e-7	(11,1)
-4.02321826551817773060902e-6	(11,2)
-0.00001113199235479259771549129	(11,3)
-0.00002168158748122260458683677	(11,4)
-0.0000355127559992344549081059	(11,5)
-0.00005237893860825925028797391	(11,6)
-0.00007192453629499904175520904	(11,7)
-0.00009366621103143459211284193	(11,8)
-0.00011698134346437922259599357	(11,9)
-0.00014110730155690683174620934	(11,10)
-0.00016515423382678722312483013	(11,11)
-0.00018813278196097338017424125	(11,12)
-0.00020899653914163054254717171	(11,13)
-0.00022669742012386033771567044	(11,14)
-0.00024025052787332389129101913	(11,15)
-0.00024880376664355876288247796	(11,16)
-0.00025170650975291366167557645	(11,17)
-0.00024857119406349012816988359	(11,18)
-0.00023932184784912701797630125	(11,19)
-0.0002242242762018067328049741	(11,20)
-0.00020389388413375556678612736	(11,21)
-0.00017927881468982874802995442	(11,22)
-0.00015161807510027379433432632	(11,23)
-0.00012237644291923580451760162	(11,24)
-0.0000931599939464855093592182	(11,25)
-0.00006561788326614832487175259	(11,26)
-0.00004133736803800697566599949	(11,27)
-0.00002173985012464137894025106	(11,28)
-7.98585279246111848981467e-6	(11,29)
-8.9630262933528623883672e-7	(11,30)
-5.0339525125793661373562e-7	(12,1)
-4.52211359410478966488043e-6	(12,2)
-0.00001251240701081519219064833	(12,3)
-0.00002437021337437986104518908	(12,4)
-0.00003991657779488501600358964	(12,5)
-0.00005887445273795140740174497	(12,6)
-0.00008084429458545434310000396	(12,7)
-0.00010528305812736727207513044	(12,8)
-0.00013149122264257205926183093	(12,9)
-0.00015861195078831252724569944	(12,10)
-0.00018564542691621759386413793	(12,11)
-0.00021147994305432669838127179	(12,12)
-0.00023493954315174941382903	(12,13)
-0.00025484617558746370071225231	(12,14)
-0.00027009253116444035869242966	(12,15)
-0.00027972024540573111925161615	(12,16)
-0.00028299708405834852478219148	(12,17)
-0.00027948623479053593282286838	(12,18)
-0.00026910097030642749555493992	(12,19)
-0.00025213874320783479638121018	(12,20)
-0.00022929017334499032630174939	(12,21)
-0.00020162028713340929013978025	(12,22)
-0.00017052160737354513287363404	(12,23)
-0.00013764107588758196795541434	(12,24)
-0.00010478510396946691283758552	(12,25)
-0.00007380907115980195938718436	(12,26)
-0.00004649913560167974790634297	(12,27)
-0.00002445512356452616114582389	(12,28)
-8.98343221132977450287363e-6	(12,29)
-1.0082762961883688164643e-6	(12,30)
-5.5014166648211651362358e-7	(13,1)
-4.94204744500711035244852e-6	(13,2)
-0.00001367434180582324805118097	(13,3)
-0.00002663331982440062799851947	(13,4)
-0.00004362346933189887366546348	(13,5)
-0.00006434214624769774809723614	(13,6)
-0.00008835293379984921721930353	(13,7)
-0.00011506270549619967086587758	(13,8)
-0.0001437074459348279042010917	(13,9)
-0.00017335130264695309852678382	(13,10)
-0.00020290219314800340949833119	(13,11)
-0.00023114568183074311820488898	(13,12)
-0.00025679692851053918272053805	(13,13)
-0.00027856848553506726586119734	(13,14)
-0.00029524978984302459804415026	(13,15)
-0.00030579256193171641798213845	(13,16)
-0.00030939516303580027618676154	(13,17)
-0.00030557841139453708241457995	(13,18)
-0.00029424550004207066748416002	(13,19)
-0.00027571951030462930381327214	(13,20)
-0.0002507535284268189511914758	(13,21)
-0.00022051043433911662536930619	(13,22)
-0.00018651187229939253602537908	(13,23)
-0.00015055852149248491094341684	(13,24)
-0.00011462632523543761420741574	(13,25)
-0.00008074557240187259851704161	(13,26)
-0.00005087143668327098747160818	(13,27)
-0.00002675559338781132504006878	(13,28)
-9.82873582596745271977519e-6	(13,29)
-1.10316460407155332960889e-6	(13,30)
-5.8548213788636078941334e-7	(14,1)
-5.25951923292475512495815e-6	(14,2)
-0.0000145527725835616555707615	(14,3)
-0.00002834426347510261825061147	(14,4)
-0.00004642601014435151774134375	(14,5)
-0.0000684761200000433779594218	(14,6)
-0.00009403048001851249857811004	(14,7)
-0.00012245837445928607389867579	(14,8)
-0.00015294739409596484692758592	(14,9)
-0.00018450238440332781297613364	(14,10)
-0.00021596196250835660020112704	(14,11)
-0.0002460344288199691395155882	(14,12)
-0.0002733528754231105179030293	(14,13)
-0.00029654715086595215087316851	(14,14)
-0.00031432829657808789405383189	(14,15)
-0.00032557933534516233351482117	(14,16)
-0.00032944505360735058953310444	(14,17)
-0.00032541282106914361556884079	(14,18)
-0.00031337662123745252063270869	(14,19)
-0.00029367734758355682016332581	(14,20)
-0.00026711400505894955080757838	(14,21)
-0.00023492263086266699335632233	(14,22)
-0.0001987223366555577209610476	(14,23)
-0.0001604306550997569786589803	(14,24)
-0.00012215309676137018522654528	(14,25)
-0.00008605423348161722330526575	(14,26)
-0.00005421948465889148384155946	(14,27)
-0.00002851790011611385947032631	(14,28)
-0.0000104764786390024294083773	(14,29)
-1.17588661083751881861848e-6	(14,30)
-6.0730194434394017393638e-7	(15,1)
-5.45553197090254149615958e-6	(15,2)
-0.00001509513646084701280252315	(15,3)
-0.00002940067219675931428782902	(15,4)
-0.0000481565364905964441648032	(15,5)
-0.00007102911990486209822244233	(15,6)
-0.00009753750321117968088773658	(15,7)
-0.00012702820723570916702238764	(15,8)
-0.00015865953860806358129096883	(15,9)
-0.00019140043680359675096563787	(15,10)
-0.00022404747238787698009434856	(15,11)
-0.00025526189208561277251636377	(15,12)
-0.00028362652424602149492726886	(15,13)
-0.00030772015410734924541350059	(15,14)
-0.00032620487237674909575114496	(15,15)
-0.00033792010782469926908894443	(15,16)
-0.00034197576475486500804069326	(15,17)
-0.00033783624749783729471576753	(15,18)
-0.00032538725930951161039583848	(15,19)
-0.00030497814020263382543691715	(15,20)
-0.00027743411557713880820213073	(15,21)
-0.00024403505402208432027410023	(15,22)
-0.0002064600041691581667842108	(15,23)
-0.00016669967178813133764592815	(15,24)
-0.00012694185109320890121588173	(15,25)
-0.00008943736976344650581567414	(15,26)
-0.00005635609231673296140490318	(15,27)
-0.00002964374025639044091922232	(15,28)
-0.00001089058536073495707936141	(15,29)
-1.22239536277499700754411e-6	(15,30)
-6.140156997744796512866e-7	(16,1)
-5.51584381551650133767578e-6	(16,2)
-0.00001526202786922831799637008	(16,3)
-0.0000297258009545059504049048	(16,4)
-0.00004868936291360276002321534	(16,5)
-0.00007181581567599949427010793	(16,6)
-0.00009861962430983016470269303	(16,7)
-0.0001284411460228912184456749	(16,8)
-0.00016043080125277948821948741	(16,9)
-0.00019354781933578615623268565	(16,10)
-0.00022657723266232045162017253	(16,11)
-0.0002581670383021225235647417	(16,12)
-0.00028688536562551895798556957	(16,13)
-0.00031129528583862486288073475	(16,14)
-0.00033004279117341142030209947	(16,15)
-0.00034195166829461465392693026	(16,16)
-0.00034611767914272617043655457	(16,17)
-0.00034199379065438120392346994	(16,18)
-0.00032945825861757058903310254	(16,19)
-0.00030885820520459310708045626	(16,20)
-0.00028102290234660377092442898	(16,21)
-0.00024724318337508496016611082	(16,22)
-0.00020921608764295189089671216	(16,23)
-0.00016895677628813502845915796	(16,24)
-0.00012868268192793055486296034	(16,25)
-0.00009067749396893160423022729	(16,26)
-0.00005714466741792555240959897	(16,27)
-0.00003006144849301823323318227	(16,28)
-0.00001104477330115809361062014	(16,29)
-1.23974341241182085519915e-6	(16,30)
-6.0452988550995328735552e-7	(17,1)
-5.43063148851021222144473e-6	(17,2)
-0.00001502626729869653160483935	(17,3)
-0.0000292667182356179471867659	(17,4)
-0.00004793781257335677904931822	(17,5)
-0.00007070842307053451096120296	(17,6)
-0.00009710150912601014369756373	(17,7)
-0.00012646912184748836518511311	(17,8)
-0.00015797681729766668977632149	(17,9)
-0.00019060229574566565320362624	(17,10)
-0.00022315186091921225777039333	(17,11)
-0.00025429659206708354863646193	(17,12)
-0.00028262810825153591846061902	(17,13)
-0.00030673167248283126362536458	(17,14)
-0.00032527233742776284228184583	(17,15)
-0.00033708807242264572063416457	(17,16)
-0.00034128251002813005340318003	(17,17)
-0.00033730925194514915278377956	(17,18)
-0.00032503967646793931834604415	(17,19)
-0.00030480693652999923008872736	(17,20)
-0.00027742031145739576862665396	(17,21)
-0.00024414619401301132080311038	(17,22)
-0.00020665460893644508346544679	(17,23)
-0.00016693306207257808850153267	(17,24)
-0.00012717245595185988299209012	(17,25)
-0.00008963249821754171070758349	(17,26)
-0.00005649619510806075806280006	(17,27)
-0.0000297244178124582793824977	(17,28)
-0.00001092197379610758391368844	(17,29)
-1.22601798206304963124503e-6	(17,30)
-5.7816874234360449543082e-7	(18,1)
-5.19382455001556845913491e-6	(18,2)
-0.00001437105930548186367607774	(18,3)
-0.00002799071863406286936201791	(18,4)
-0.00004584834209387594580158354	(18,5)
-0.00006762804053889837710906606	(18,6)
-0.00009287497703546557465370182	(18,7)
-0.00012097157828119237318066901	(18,8)
-0.0001511226239663454335367021	(18,9)
-0.00018235376752965975566039183	(18,10)
-0.00021352689294481488204200062	(18,11)
-0.00024337412282136225537827587	(18,12)
-0.0002705504168761202591132476	(18,13)
-0.00029370271291733990869754458	(18,14)
-0.00031155164772740151934228769	(18,15)
-0.00032298022871094070566765609	(18,16)
-0.00032712256750017880118671098	(18,17)
-0.00032344506622553434533447202	(18,18)
-0.00031181236385980367600176815	(18,19)
-0.00029253095916328718520706317	(18,20)
-0.00026636473195206301464901862	(18,21)
-0.00023451852962260543957599457	(18,22)
-0.0001985884500786370301975389	(18,23)
-0.00016048024991695841365665462	(18,24)
-0.00012230019667245771574285691	(18,25)
-0.00008622538745779821916885508	(18,26)
-0.00005436278500883649455271833	(18,27)
-0.00002860771177053775629413989	(18,28)
-0.0000105130892420329247903422	(18,29)
-1.18020154146660366040734e-6	(18,30)
-5.3458950084417039366038e-7	(19,1)
-4.80234389460417123501262e-6	(19,2)
-0.00001328788550308503758841703	(19,3)
-0.00002588121922040287329017906	(19,4)
-0.00004239382071711655420771601	(19,5)
-0.00006253473804870076847325902	(19,6)
-0.00008588539508487448666143353	(19,7)
-0.00011187776006188162671673127	(19,8)
-0.00013978055347217724311233309	(19,9)
-0.00016869762891345584855999753	(19,10)
-0.00019758162892254780008329097	(19,11)
-0.00022526460150914017228273243	(19,12)
-0.00025050559807191946758885243	(19,13)
-0.00027205350956506774521778756	(19,14)
-0.00028872168641063392319364993	(19,15)
-0.00029946937280848033814960668	(19,16)
-0.00030348379988972005579094182	(19,17)
-0.00030025604141991399915256005	(19,18)
-0.00028964353768481845984629841	(19,19)
-0.00027191260793712622171202793	(19,20)
-0.00024775533141434868621435491	(19,21)
-0.00021827686220196014719938794	(19,22)
-0.00018495147136326128128470868	(19,23)
-0.00014954822774904859297201866	(19,24)
-0.00011403001616932744790001563	(19,25)
-0.00008043227510685203894468588	(19,26)
-0.00005073011789977376117325076	(19,27)
-0.00002670409572016879540332763	(19,28)
-9.81553610887200602922968e-6	(19,29)
-1.10200833102478328892974e-6	(19,30)
-4.737043102115795877216e-7	(20,1)
-4.25540042133521459307436e-6	(20,2)
-0.0000117745640413254166072594	(20,3)
-0.00002293398011695308305549063	(20,4)
-0.00003756734025194800878628792	(20,5)
-0.00005541842815829918305760931	(20,6)
-0.00007611914478625076157948227	(20,7)
-0.00009917039573827038340293146	(20,8)
-0.00012392986184205270654969081	(20,9)
-0.00014961020701904463070830226	(20,10)
-0.00017529040705144527196915092	(20,11)
-0.00019994170356345106203504679	(20,12)
-0.00022246831130129203996251604	(20,13)
-0.00024176154798395560958601372	(20,14)
-0.000256764623190369768870505	(20,15)
-0.00026654401700151588561271104	(20,16)
-0.00027036229689865914550777824	(20,17)
-0.00026774645855496917455961811	(20,18)
-0.00025854552839926494628677986	(20,19)
-0.00024297132269602202740578019	(20,20)
-0.00022161698866812845101108187	(20,21)
-0.00019544928701918170488549735	(20,22)
-0.00016577247982643533124705983	(20,23)
-0.00013416405329548180370697349	(20,24)
-0.00010238513886706293677638084	(20,25)
-0.0000722711344246734728424001	(20,26)
-0.00004561036137413042863527965	(20,27)
-0.00002402031176162155983770794	(20,28)
-8.83187674710795078485869e-6	(20,29)
-9.9173080909770892501657e-7	(20,30)
-3.9561712571714231061125e-7	(21,1)
-3.55392807960598305421965e-6	(21,2)
-9.83368088459498509559344e-6	(21,3)
-0.00001915404915577035039178369	(21,4)
-0.00003137721077360979077390685	(21,5)
-0.00004629148531920550501078846	(21,6)
-0.00006359348795710407410421476	(21,7)
-0.0000828725014672979048630155	(21,8)
-0.0001036002502739448554042856	(21,9)
-0.00012512888827691620133925183	(21,10)
-0.00014669934815705812002794062	(21,11)
-0.00016746132418470439887066694	(21,12)
-0.00018650515418787194755929343	(21,13)
-0.00020290479796340311426207265	(21,14)
-0.00021577003298789007257114083	(21,15)
-0.00022430494978789166145046676	(21,16)
-0.00022786887975383214153807906	(21,17)
-0.00022603509673312850067459015	(21,18)
-0.00021864209464321918484322242	(21,19)
-0.00020583207117076265251752326	(21,20)
-0.00018807155934522284116686195	(21,21)
-0.00016615003514930013402743056	(21,22)
-0.00014115382206047854646902711	(21,23)
-0.0001144146570236851777030746	(21,24)
-0.00008743471964585155491223317	(21,25)
-0.0000617925040551958500052968	(21,26)
-0.00003903630913357069331883093	(21,27)
-0.00002057399417730924705367133	(21,28)
-7.56868570321102334482296e-6	(21,29)
-8.5011237601172590379676e-7	(21,30)
-3.0057713304132863890127e-7	(22,1)
-2.70016546916930040184658e-6	(22,2)
-7.47143212034741237968409e-6	(22,3)
-0.00001455350703148061328176761	(22,4)
-0.0000238432672396803755032803	(22,5)
-0.00003518329804427669640560185	(22,6)
-0.000048349085200380156612182	(22,7)
-0.00006303763633226554723921845	(22,8)
-0.00007885969183886953542351324	(22,9)
-0.00009533742937309419512674275	(22,10)
-0.00011190915502331974025529838	(22,11)
-0.0001279419716075513631227931	(22,12)
-0.00014275286253262456746152388	(22,13)
-0.00015563804071505810551726688	(22,14)
-0.00016590977231128170235272215	(22,15)
-0.00017293917224430223106180824	(22,16)
-0.00017620267768007502839975924	(22,17)
-0.00017532907360132413195996883	(22,18)
-0.00017014316482147544904426714	(22,19)
-0.00016070160794670628246017637	(22,20)
-0.00014731621193247742899647183	(22,21)
-0.00013056035445248266265896757	(22,22)
-0.00011125515377608728313195105	(22,23)
-0.0000904336928165934267388763	(22,24)
-0.00006928379803906044833263889	(22,25)
-0.00004907238917631740593756253	(22,26)
-0.00003105689641871171800936631	(22,27)
-0.00001639130571683653735131104	(22,28)
-6.03568010709222361883949e-6	(22,29)
-6.7824969533097997129007e-7	(22,30)
-1.8894663533981409848516e-7	(23,1)
-1.69736736161825993094925e-6	(23,2)
-4.69682574292217310249903e-6	(23,3)
-9.14991254019263096285603e-6	(23,4)
-0.00001499432257523953026727462	(23,5)
-0.00002213651143325435162929041	(23,6)
-0.00003044483411475088473616833	(23,7)
-0.00003974317582463897413144497	(23,8)
-0.00004980602263396375229990538	(23,9)
-0.00006035580083638684913982252	(23,10)
-0.00007106320430613300326387809	(23,11)
-0.00008155117140815765086327989	(23,12)
-0.00009140316367650459696607251	(23,13)
-0.00010017638155863611854754532	(23,14)
-0.00010742043216181702528414802	(23,15)
-0.00011270163537707085527010096	(23,16)
-0.00011563254553127968324164083	(23,17)
-0.00011590537474878727638688814	(23,18)
-0.00011332692560693234363160717	(23,19)
-0.00010785156230338687517970159	(23,20)
-0.00009960792292730909446764344	(23,21)
-0.0000889147617858001480870642	(23,22)
-0.00007628171545198914752452105	(23,23)
-0.00006239199788232318690657506	(23,24)
-0.00004806598061995742375926205	(23,25)
-0.0000342070722594590257154364	(23,26)
-0.00002173391211236273708563565	(23,27)
-0.00001150520064601832196026119	(23,28)
-4.24507964562293229743748e-6	(23,29)
-4.7752074615598356209239e-7	(23,30)
-6.118004057735643609473e-8	(24,1)
-5.4961593761966958886304e-7	(24,2)
-1.5211593358325350760814e-6	(24,3)
-2.96528512614328049210779e-6	(24,4)
-4.86650061971169790872906e-6	(24,5)
-7.20456685768876976705972e-6	(24,6)
-9.95448738248024176900337e-6	(24,7)
-0.00001308590058857749249243407	(24,8)
-0.00001656141977764770645689955	(24,9)
-0.00002033350508954011157219249	(24,10)
-0.00002433969319422004585167651	(24,11)
-0.00002849647278867159328845933	(24,12)
-0.00003269271928852083298240823	(24,13)
-0.0000367842536245322482533233	(24,14)
-0.00004059157414534343330632085	(24,15)
-0.00004390292434869164285355145	(24,16)
-0.00004648445049429308967796372	(24,17)
-0.00004809822745104528956191649	(24,18)
-0.00004852748599998232266484488	(24,19)
-0.00004760670008235409750047647	(24,20)
-0.00004525263102968996047176543	(24,21)
-0.00004149135188104006967825395	(24,22)
-0.00003647600617168689741532485	(24,23)
-0.00003049077076929998049813864	(24,24)
-0.00002393817546512193303225523	(24,25)
-0.00001730935868090229665363549	(24,26)
-0.00001113960923251374796686759	(24,27)
-5.95415802519666195131727e-6	(24,28)
-2.21113870730205612655094e-6	(24,29)
-2.4953216737171311240965e-7	(24,30)
8.2189330424220386771e-8	(25,1)
7.3829772106487277173628e-7	(25,2)
2.04230786388556818206008e-6	(25,3)
3.97453403057729729227644e-6	(25,4)
6.49781110665209821093763e-6	(25,5)
9.54984472407977084876507e-6	(25,6)
0.00001303547587548086458841973	(25,7)
0.00001682078529446544211812412	(25,8)
0.00002073109002558617476811582	(25,9)
0.00002455466366260710685423418	(25,10)
0.00002805336738907375252861804	(25,11)
0.00003098031884893203639656075	(25,12)
0.0000331033697418286427212761	(25,13)
0.00003423174277112812142772176	(25,14)
0.00003424200268972463351232371	(25,15)
0.00003309892288139017112395301	(25,16)
0.0000308670027164864172171904	(25,17)
0.00002770948539629073223314606	(25,18)
0.00002387361595333438531581839	(25,19)
0.00001966325954262044113102333	(25,20)
0.00001540241741858588583433679	(25,21)
0.00001139512337686616993590829	(25,22)
7.88822831880785246472438e-6	(25,23)
5.04340427838074304542441e-6	(25,24)
2.9232826156058708112988e-6	(25,25)
1.49420709343976699993576e-6	(25,26)
6.4507783130228286819149e-7	(25,27)
2.1876781119393056927775e-7	(25,28)
5.020542424243235407906e-8	(25,29)
3.9203998859071600492e-9	(25,30)
2.4055724642457283473736e-7	(26,1)
2.16094552143565111527122e-6	(26,2)
5.97855392033264405773218e-6	(26,3)
0.00001164026976510886835892177	(26,4)
0.00001905059745258466192689564	(26,5)
0.00002805572353886821095378042	(26,6)
0.00003842714800386668892605108	(26,7)
0.00004984855669351550730745685	(26,8)
0.00006190977844495994856870931	(26,9)
0.00007411124636373596996387702	(26,10)
0.00008588128265808183858784023	(26,11)
0.00009660678712301018269657734	(26,12)
0.00010567572212335502358830429	(26,13)
0.000112527493623024750493814	(26,14)
0.00011670537066642636277380254	(26,15)
0.00011790391674810788004208142	(26,16)
0.00011600437650626455830272044	(26,17)
0.00011109221763299143491407819	(26,18)
0.00010345345227791275962927736	(26,19)
0.00009354956871507720094985719	(26,20)
0.00008197430580328687965573219	(26,21)
0.0000693984330253000067799766	(26,22)
0.00005651055842852900540694835	(26,23)
0.0000439623815142646818073166	(26,24)
0.00003232564257295426326456748	(26,25)
0.00002206552395083698945920563	(26,26)
0.00001353194102346025512686	(26,27)
6.96670103963132993192115e-6	(26,28)
2.52161284904061388582357e-6	(26,29)
2.8088396278359099744838e-7	(26,30)
4.1325327632780236166307e-7	(27,1)
3.71230467789271631835856e-6	(27,2)
0.00001027091133999186073022128	(27,3)
0.00001999944138434736865973765	(27,4)
0.00003273859096911118111651951	(27,5)
0.00004823431777731502758973415	(27,6)
0.00006611196468524467428966091	(27,7)
0.00008585518725633244761111988	(27,8)
0.00010679551544077392317499268	(27,9)
0.00012811773028235542677582488	(27,10)
0.00014888462582380061784650236	(27,11)
0.00016808222329156353908327702	(27,12)
0.00018468338164725242582516776	(27,13)
0.00019772447399354541143098728	(27,14)
0.00020638696956327181096409232	(27,15)
0.00021007398206533400148646239	(27,16)
0.00020847158857279181127082264	(27,17)
0.00020158619478040715643463952	(27,18)
0.00018975228282734043254364133	(27,19)
0.00017360904175386979550427893	(27,20)
0.00015404890283199739156003532	(27,21)
0.00013214503172315768052823503	(27,22)
0.00010906759646015702725907446	(27,23)
0.00008599961659001575333192472	(27,24)
0.00006406225363031435268257034	(27,25)
0.00004425677417045081936995246	(27,26)
0.00002742669339732169711042242	(27,27)
0.00001423958723517605656768796	(27,28)
5.18458085656025030785235e-6	(27,29)
5.7927529951577437121355e-7	(27,30)
5.9954349781151206060278e-7	(28,1)
5.38578204747653912527962e-6	(28,2)
0.00001490113446203076013112261	(28,3)
0.00002901649427449702943193987	(28,4)
0.00004750348880005031195647908	(28,5)
0.00006999944720530662766451535	(28,6)
0.00009597115783868400698429312	(28,7)
0.00012468515622513848507766956	(28,8)
0.00015519255758661741038632269	(28,9)
0.00018633554992426697675660644	(28,10)
0.00021678048595456961928198278	(28,11)
0.00024507915731743494262310093	(28,12)
0.00026975566676490490663678891	(28,13)
0.00028941194602830906050731767	(28,14)
0.0003028411717768384747817131	(28,15)
0.00030913589117489284669519484	(28,16)
0.00030777718950923748920448837	(28,17)
0.00029869298312798159915954457	(28,18)
0.00028227733121195554864414851	(28,19)
0.00025936792342508517880189108	(28,20)
0.00023118468538447101316374893	(28,21)
0.00019923768745751228563209769	(28,22)
0.0001652162825736288077495359	(28,23)
0.00013087298434052233280904173	(28,24)
0.00009791482521691632179647738	(28,25)
0.00006791208615194592010288961	(28,26)
0.00004223005381004541326716847	(28,27)
0.00002198477896919025999707993	(28,28)
8.01966282721607497715087e-6	(28,29)
8.9690574343470494861785e-7	(28,30)
7.9863206120500689844695e-7	(29,1)
7.17422818194988567351219e-6	(29,2)
0.00001984943840315857538634757	(29,3)
0.00003865287615237826799457638	(29,4)
0.00006328207907787966360991744	(29,5)
0.0000932576937885138142938238	(29,6)
0.00012787602701810323572928525	(29,7)
0.00016617002108449516195308504	(29,8)
0.00020688904781660789566199479	(29,9)
0.00024850674610869439465090223	(29,10)
0.00028926332506012361122403011	(29,11)
0.00032724445672374934649936846	(29,12)
0.00036049355688074145476250087	(29,13)
0.00038714867512771310884845387	(29,14)
0.00040559036076607876304807879	(29,15)
0.00041458371919969429190462484	(29,16)
0.00041339718389819617982132395	(29,17)
0.00040188263418726708618243734	(29,18)
0.00038050617579249700790632872	(29,19)
0.00035032541695856993678180171	(29,20)
0.00031291626813917733708060942	(29,21)
0.0002702588632547002107916757	(29,22)
0.00022459697057793454943461576	(29,23)
0.00017828743968054995963073642	(29,24)
0.00013365556988335676966836123	(29,25)
0.00009286911575578757312291251	(29,26)
0.00005783878068254243230494577	(29,27)
0.00003014759468977280864167383	(29,28)
0.00001100667732479998720526885	(29,29)
1.23150486611065631507958e-6	(29,30)
1.00966218364314157046992e-6	(30,1)
9.06994626226616065783288e-6	(30,2)
0.00002509452384888331170856746	(30,3)
0.00004886708579084514350493138	(30,4)
0.00008000632238769643102395079	(30,5)
0.00011790852647230809455518523	(30,6)
0.00016168812136863826293088742	(30,7)
0.00021012867564669834307898921	(30,8)
0.00026165737546076760252977326	(30,9)
0.00031435446190280184755736141	(30,10)
0.00036600565216755397589087442	(30,11)
0.00041420022784778050450228821	(30,12)
0.00045647087303403115953573541	(30,13)
0.0004904644397486472548890342	(30,14)
0.00051412680947994446066235817	(30,15)
0.00052588111178113470690672269	(30,16)
0.00052477768089921631210252769	(30,17)
0.00051059667814570656071935057	(30,18)
0.00048389000968633006784685689	(30,19)
0.00044595710000932729867814982	(30,20)
0.0003987578380789927721085165	(30,21)
0.00034477401853129098419950326	(30,22)
0.00028683644637475817964692534	(30,23)
0.00022793762313290752790841931	(30,24)
0.00017104930243074787189794881	(30,25)
0.00011896059527924166978770057	(30,26)
0.00007414668434280094482438045	(30,27)
0.00003867186584602619222385184	(30,28)
0.00001412491273341558695680706	(30,29)
1.5807436520612677370661e-6	(30,30)
1.23171697245913772379135e-6	(31,1)
0.00001106469949933634449622849	(31,2)
0.00003061359760640275712349506	(31,3)
0.00005961471352234700139932275	(31,4)
0.00009760341988876018743418517	(31,5)
0.00014384440662796163728281075	(31,6)
0.00019725939581938028959520324	(31,7)
0.00025636757612217647012605276	(31,8)
0.00031925449897319721201840609	(31,9)
0.00038358339778274260867189961	(31,10)
0.00044665865579998393392104053	(31,11)
0.00050554467790163415143376541	(31,12)
0.00055723542518488799059511744	(31,13)
0.00059886151660217213607134049	(31,14)
0.00062791454496203699201114948	(31,15)
0.00064246355025578176553783207	(31,16)
0.00064133755226320807049005044	(31,17)
0.00062425113182346895856936528	(31,18)
0.00059185691831589690349326591	(31,19)
0.00054571835685481849774302708	(31,20)
0.00048820660020741947388853884	(31,21)
0.00042233491434690771249719681	(31,22)
0.00035155094260429397570775589	(31,23)
0.00027951045632672863126520485	(31,24)
0.00020985552558140764944044066	(31,25)
0.00014601586881878413809792677	(31,26)
0.0000910456283846192498474209	(31,27)
0.00004750047717806383709134732	(31,28)
0.00001735332910518518692602683	(31,29)
1.94225734409392255137742e-6	(31,30)
1.46382036659494332060826e-6	(32,1)
0.00001314971959517522780932912	(32,2)
0.00003638239609524708848285734	(32,3)
0.00007084848748776409602451005	(32,4)
0.00011599589093424320613592752	(32,5)
0.00017095090775134162439448297	(32,6)
0.00023443238739585712925713412	(32,7)
0.00030468099445459458175292066	(32,8)
0.00037942230453249822179268865	(32,9)
0.00045588031286947908245288287	(32,10)
0.00053085289429693882094132812	(32,11)
0.0006008530478822995924648371	(32,12)
0.00066231024386846764492253886	(32,13)
0.0007118162630676310690758441	(32,14)
0.00074639132078376034829143394	(32,15)
0.0007637407312957563303223182	(32,16)
0.00076247120588761774724139714	(32,17)
0.00074223961666474266307480841	(32,18)
0.00070381525478710563607655761	(32,19)
0.00064904789051074797521734516	(32,20)
0.00058074628160940122215936269	(32,21)
0.00050248295453533132871125007	(32,22)
0.00041834916875982628272865118	(32,23)
0.00033268773710553963934645438	(32,24)
0.00024983050543476804134359544	(32,25)
0.00017386241378371198496313821	(32,26)
0.00010842651857663342333620869	(32,27)
0.00005657589886878698936621443	(32,28)
0.00002067075660671452946564025	(32,29)
2.31366788302780554018103e-6	(32,30)
1.70493841193307951142897e-6	(33,1)
0.00001531571820384330140404266	(33,2)
0.00004237521714009435009381532	(33,3)
0.00008251833606727498057449958	(33,4)
0.00013510167724071863483055421	(33,5)
0.00019910687444335608106671346	(33,6)
0.00027304044574360135900693289	(33,7)
0.00035485134276114671492576992	(33,8)
0.0004418880542665375930057978	(33,9)
0.00053091463542212317380095237	(33,10)
0.00061819911537694755640876682	(33,11)
0.00069967869397125414556167155	(33,12)
0.0007711949773995990672555161	(33,13)
0.00082878087827361483836609022	(33,14)
0.0008689707754207546202103157	(33,15)
0.00088909913219492596020800523	(33,16)
0.00088755153596338456978088931	(33,17)
0.0008639366352739127944039905	(33,18)
0.00081915714776666877839046542	(33,19)
0.00075537133558283257027489351	(33,20)
0.00067585070210063522255863502	(33,21)
0.000584752560750215814801542	(33,22)
0.00048683534768562233666960346	(33,23)
0.00038714872137134053420405752	(33,24)
0.00029072932313728483779702059	(33,25)
0.00020232733671867436559649642	(33,26)
0.0001261802706851071432477986	(33,27)
0.00006584070554457585265058104	(33,28)
0.00002405608860656497177549796	(33,29)
2.69260571550433174253698e-6	(33,30)
1.9539810334157388272863e-6	(34,1)
0.00001755290285513411277854859	(34,2)
0.00004856496411159278595305944	(34,3)
0.00009457147436035657609554996	(34,4)
0.00015483428644451437875432527	(34,5)
0.00022818463947016782933575393	(34,6)
0.00031290804336302613233435161	(34,7)
0.00040664960146275804333299944	(34,8)
0.00050636496367874229805950826	(34,9)
0.00060833922848909149798327835	(34,10)
0.00070828925585134135957173507	(34,11)
0.00080155437137412488471905651	(34,12)
0.00088336750907499342098667647	(34,13)
0.00094918539483842421670814963	(34,14)
0.00099504482302057330669459228	(34,15)
0.00101790479981635706913364448	(34,16)
0.00101593307698291534100463748	(34,17)
0.00098870102162042361520945291	(34,18)
0.00093726214459242779414652187	(34,19)
0.00086410496319149653421076964	(34,20)
0.00077298739352750409219481526	(34,21)
0.00066867455717518422598067136	(34,22)
0.00055661223127382332900940947	(34,23)
0.00044257266485702685994096065	(34,24)
0.00033230787912222764337641748	(34,25)
0.00023123882486400400431382774	(34,26)
0.00014419874454309333045440156	(34,27)
0.0000752380750820013044356537	(34,28)
0.00002748846672370006928364591	(34,29)
3.07673066389237210043196e-6	(34,30)
2.20980442417435294647445e-6	(35,1)
0.00001985099842087975177798753	(35,2)
0.00005492320540089620873132231	(35,3)
0.00010695252051611534600277787	(35,4)
0.00017510298449411814296932657	(35,5)
0.0002580503126927238360301634	(35,6)
0.00035385118415258482396923881	(35,7)
0.00045983587464914514320926815	(35,8)
0.00057255293647858651464743702	(35,9)
0.00068779134276836760753205092	(35,10)
0.00080069765601327568965756467	(35,11)
0.00090599375567119875430207498	(35,12)
0.0009982858276162476447833987	(35,13)
0.00107243993005887314280168273	(35,14)
0.00112398629829864523086493623	(35,15)
0.00114950637565588216296539962	(35,16)
0.00114695536326064770158999169	(35,17)
0.00111587955523059665086269741	(35,18)
0.001057500969219550603077211	(35,19)
0.00097465944860830698041868066	(35,20)
0.00087162123207822449210739873	(35,21)
0.00075377952624543329049726953	(35,22)
0.00062728405708818079128089181	(35,23)
0.00049864128999856527947317993	(35,24)
0.0003743248208742641356293	(35,25)
0.00026042753154618774233724922	(35,26)
0.00016237562985613244539911397	(35,27)
0.0000847122593187300648091196	(35,28)
0.00003094745486969528905117752	(35,29)
3.46375152170130553726348e-6	(35,30)
2.47121413515630447265924e-6	(36,1)
0.00002219927487372840113110641	(36,2)
0.00006142025130036490235070991	(36,3)
0.00011960364593571642948407516	(36,4)
0.0001958130434106285287325798	(36,5)
0.00028856415134531633128669881	(36,6)
0.00039567792292326690472313353	(36,7)
0.00051416008846638241098448084	(36,8)
0.0006401394752827664300933368	(36,9)
0.00076889377691687676580742255	(36,10)
0.00089498250932234023939638487	(36,11)
0.00101249322083856941503888386	(36,12)
0.00111539016638976508144634746	(36,13)
0.00119793720618960926242696305	(36,14)
0.00125515185722160030122786234	(36,15)
0.00128323834911312528537181679	(36,16)
0.00127994647571095559759624693	(36,17)
0.00124481071100525110132595222	(36,18)
0.00117923935786477990424312605	(36,19)
0.00108644365800036328057020232	(36,20)
0.00097121803655129146932835817	(36,21)
0.00083960108819884962653479978	(36,22)
0.00069845940178687594961042672	(36,23)
0.00055504113946672830431574458	(36,24)
0.00041654336324769470508008481	(36,25)
0.00028972787266827772297441437	(36,26)
0.00018060726900763020226367637	(36,27)
0.00009420901876921419142506744	(36,28)
0.00003441319934946500000350565	(36,29)
3.85144404328913083747091e-6	(36,30)
2.73696891608478546609418e-6	(37,1)
0.00002458658179493728175184822	(37,2)
0.00006802524955127098440000635	(37,3)
0.00013246476178765459154686314	(37,4)
0.00021686604835771519550759971	(37,5)
0.0003195810173195734418567502	(37,6)
0.00043818900329249142496039386	(37,7)
0.00056936284146332224441354048	(37,8)
0.00070880077808836224973573931	(37,9)
0.00085125625521567866460113273	(37,10)
0.00099068755593268153907830148	(37,11)
0.00112053387942207686326319198	(37,12)
0.00123410541191599733169662008	(37,13)
0.00132505533348205584250442431	(37,14)
0.00138788511874601735448537468	(37,15)
0.00141842451489278690319594217	(37,16)
0.00141422674237935655667478679	(37,17)
0.00137482850265095115220817079	(37,18)
0.00130184192372704167389797783	(37,19)
0.00119886840173759792251827573	(37,20)
0.00107124807924922526513031178	(37,21)
0.00092567905350580760657142552	(37,22)
0.00076975388555846094012422612	(37,23)
0.00061146577780272466254822887	(37,24)
0.00045873297116255614888718773	(37,25)
0.0003189792126925645343523703	(37,26)
0.0001987934031360419966376387	(37,27)
0.00010367601410115410123870566	(37,28)
0.00003786657235756646013346152	(37,29)
4.23766702901983110569143e-6	(37,30)
3.00578532944340690226602e-6	(38,1)
0.00002700138982591541302380848	(38,2)
0.00007470630009497239588248017	(38,3)
0.0001454737428659756164147401	(38,4)
0.00023816026565288715884501168	(38,5)
0.00035095092370621776547181779	(38,6)
0.00048117861669767231087475072	(38,7)
0.00062517640976958342887651256	(38,8)
0.00077820302287899366510563733	(38,9)
0.0009344770234683190150466512	(38,10)
0.00108734401816954052316861293	(38,11)
0.00122958387867229532695573452	(38,12)
0.00135384376958112726728734692	(38,13)
0.0014531608365603934349073806	(38,14)
0.00152152001984392869488498599	(38,15)
0.00155438159810214631241648146	(38,16)
0.00154911254818663050854043978	(38,17)
0.00150526636857202690906538016	(38,18)
0.00142467599534052035074146778	(38,19)
0.00131135009741074102986599755	(38,20)
0.00117118945430207045368838516	(38,21)
0.00101156239747203727714000807	(38,22)
0.00084079268359394049263567836	(38,23)
0.00066761780531296054728971099	(38,24)
0.00050067087745110816017853635	(38,25)
0.00034802692113742782093381136	(38,26)
0.00021683782970482135483367269	(38,27)
0.00011306314827296151331419098	(38,28)
0.00004128929665736776893439573	(38,29)
4.62037625925681412552227e-6	(38,30)
3.27634313341719517458506e-6	(39,1)
0.00002943183902684899213416313	(39,2)
0.00008143058892385814604629805	(39,3)
0.00015856668857543221602628089	(39,4)
0.00025959107131350375686233178	(39,5)
0.00038251966984816934586933439	(39,6)
0.00052443528117027998186031061	(39,7)
0.00068132590467776659855558386	(39,8)
0.0008480038361800169681152792	(39,9)
0.00101814465624867292535373605	(39,10)
0.00118447276720245881716394402	(39,11)
0.00133910093672485895026471754	(39,12)
0.0014740076642187405547010276	(39,13)
0.00158161189440413770979697796	(39,14)
0.0016553843462257324560854401	(39,15)
0.00169042300186981978412079501	(39,16)
0.00168392020225089927626098083	(39,17)
0.00163546104408054278472458748	(39,18)
0.00154711537050078192581830783	(39,19)
0.00142331428548959929072436139	(39,20)
0.00127053125016050091939885353	(39,21)
0.00109681200991470677196741659	(39,22)
0.00091121280524477755761312367	(39,23)
0.00072321065331517101844842819	(39,24)
0.00054214341321748062568387525	(39,25)
0.00037672328435329041383391045	(39,26)
0.00023464896240897071361311928	(39,27)
0.00012232285471849718815068113	(39,28)
0.00004466404980269789692069499	(39,29)
4.99763609631014399727408e-6	(39,30)
3.54729140731161869717799e-6	(40,1)
0.00003186579390443836532286976	(40,2)
0.00008816454037156296389633649	(40,3)
0.00017167821974427839369679454	(40,4)
0.00028105143796117127031362915	(40,5)
0.00041412956156108020171169458	(40,6)
0.00056774283497453250353891802	(40,7)
0.00073753057565856738997197676	(40,8)
0.00091785393581900784163396583	(40,9)
0.00110184006210755160107227979	(40,10)
0.00128158670287141474966373817	(40,11)
0.00144853509510185595642841503	(40,12)
0.00159399284528101913994216395	(40,13)
0.00170976175659240756881835272	(40,14)
0.00178880339442568599512654523	(40,15)
0.00182586262697654505080922302	(40,16)
0.00181796980770534807989229691	(40,17)
0.00176475636255055008482609057	(40,18)
0.0016685439288050418784932603	(40,19)
0.001534198943843332619167634	(40,20)
0.00136877647809002740134319163	(40,21)
0.00118100317910814484488984358	(40,22)
0.00098066510830731604582249968	(40,23)
0.00077797013639723759574699932	(40,24)
0.00058294713380779314448348854	(40,25)
0.00040492826182092821414729616	(40,26)
0.00025214028730666339541656315	(40,27)
0.00013141032865492988338704513	(40,28)
0.00004797454690386151245338104	(40,29)
5.36762864675212686105091e-6	(40,30)
3.81725537382490492542021e-6	(41,1)
0.0000342909046987935596974784	(41,2)
0.00009487398670635273522642125	(41,3)
0.00018474180904076937390428709	(41,4)
0.00030243247640001058935985501	(41,5)
0.00044562021097076296602513672	(41,6)
0.00061088153722618134767325062	(41,7)
0.00079350524802932190263671361	(41,8)
0.00098739893354567710541577004	(41,9)
0.0011851386680567073770816746	(41,10)
0.00137819332284259448348474461	(41,11)
0.00155733165784277442799390984	(41,12)
0.00171319166056219027620380931	(41,13)
0.00183696229339165871375898473	(41,14)
0.0019211037170306254712106205	(41,15)
0.00196001871076851480513747188	(41,16)
0.00195058907874477625643823049	(41,17)
0.00189250693018904292157002701	(41,18)
0.00178835905008869795343715995	(41,19)
0.00164345755349523331256072558	(41,20)
0.00146544471604856173746740771	(41,21)
0.00126372777747882068462621479	(41,22)
0.00104881602416160399780699897	(41,23)
0.00083163574496031002755564532	(41,24)
0.00062288972988281621425442659	(41,25)
0.00043251008106832100908652006	(41,26)
0.00026923071229388578968776831	(41,27)
0.00014028370035439374344219715	(41,28)
0.00005120560160411374700503659	(41,29)
5.72866045194526285383269e-6	(41,30)
4.08484385650167076888313e-6	(42,1)
0.00003669467437539747178549976	(42,2)
0.00010152435349309930540093264	(42,3)
0.00019769014199543558556320176	(42,4)
0.00032362402692452428012581705	(42,5)
0.00047682940858134691981200476	(42,6)
0.00065362926513807899585267642	(42,7)
0.00084896188138577278865638369	(42,8)
0.00105628127946933500786605177	(42,9)
0.00126761276050571115235565061	(42,10)
0.00147379745291111607018914441	(42,11)
0.00166493428332347007186280917	(42,12)
0.00183099645870423210388896119	(42,13)
0.00196256763451258439124733241	(42,14)
0.00205161690151360128899643661	(42,15)
0.00209221763313745552842802548	(42,16)
0.00208111705223941987192886181	(42,17)
0.00201808162385315924062757816	(42,18)
0.00190597479277474457957795368	(42,19)
0.00175056187628965348954345474	(42,20)
0.0015600744366115670341063363	(42,21)
0.00134459612608793882586381163	(42,22)
0.00111534897862202104811480248	(42,23)
0.0008839616694048870633843362	(42,24)
0.0006617907196888863511708259	(42,25)
0.00045934567020053810084274795	(42,26)
0.00028584481024200331201848564	(42,27)
0.00014890415094683547960287554	(42,28)
0.00005434316557684529880575873	(42,29)
6.07916674745607217357636e-6	(42,30)
4.34865729752444507114202e-6	(43,1)
0.00003906453064974522872082012	(43,2)
0.00010808085886233385698961029	(43,3)
0.00021045550499695981408555185	(43,4)
0.00034451529438343075357452038	(43,5)
0.00050759405869627839188748269	(43,6)
0.00069576279555189125765935882	(43,7)
0.00090361123244082876955980931	(43,8)
0.00112414232741134045134721908	(43,9)
0.00134883395673746316255227898	(43,10)
0.00156790410720428123901241434	(43,11)
0.00177078819212438642102266944	(43,12)
0.00194680307879014186948096987	(43,13)
0.00208593785064246614275753754	(43,14)
0.00217968333402303761406586231	(43,15)
0.00222179764015511471496143592	(43,16)
0.00220890764611614211791225632	(43,17)
0.00214086686819547317598604847	(43,18)
0.00202082479470013092910959654	(43,19)
0.00185500441489134884393321097	(43,20)
0.00165222499790483941695576156	(43,21)
0.00142323852509452905960147645	(43,22)
0.00117996550272101017786452071	(43,23)
0.0009347175553732635062134408	(43,24)
0.00069948192503897839315229499	(43,25)
0.00048532093169862136420867311	(43,26)
0.00030191295911431110514651384	(43,27)
0.00015723597291646325002992637	(43,28)
0.00005737434744356661528030092	(43,29)
6.4177133984216124748817e-6	(43,30)
4.6072962504519842459445e-6	(44,1)
0.00004138790227754038749564676	(44,2)
0.0001145087245632159038781423	(44,3)
0.00022297019612271754555629026	(44,4)
0.00036499552020649507800360842	(44,5)
0.00053775116813573535056633247	(44,6)
0.00073705915686560880602271701	(44,7)
0.00095716460403239841814078838	(44,8)
0.00119062449816305156997128555	(44,9)
0.00142837577886288148970952533	(44,10)
0.00166002144512646033486150098	(44,11)
0.00187434345297498602336650443	(44,12)
0.00206001438496668141380427771	(44,13)
0.00220644263286111099489433351	(44,14)
0.00230465590218099736005893882	(44,15)
0.00234811244056580490757908088	(44,16)
0.00233333302326709575196934266	(44,17)
0.00226026965674041015311625894	(44,18)
0.00213236486867166554113778736	(44,19)
0.00195630053603118928882664659	(44,20)
0.00174147828714882094755623193	(44,21)
0.0014993064475310724604544521	(44,22)
0.00124238603671675476523173076	(44,23)
0.00098368899705513068640756221	(44,24)
0.0007358077394208837525219884	(44,25)
0.00051033086534440968502357714	(44,26)
0.00031737138503052075491795538	(44,27)
0.00016524657884700414436906753	(44,28)
0.00006028741252290239412586226	(44,29)
6.74299667507330585288629e-6	(44,30)
4.85937025433502206671035e-6	(45,1)
0.00004365229876988796353743399	(45,2)
0.0001207733964745433627339265	(45,3)
0.00023516695427332066923454719	(45,4)
0.00038495468397142620569752968	(45,5)
0.00056713887729735797543446167	(45,6)
0.00077729703630950479579545952	(45,7)
0.00100933566070258318947050571	(45,8)
0.0012553735162015101605342015	(45,9)
0.00150581630087995158158115792	(45,10)
0.00174966379097274642868728277	(45,11)
0.00197505830862897269092922762	(45,12)
0.00217004380497618437403371293	(45,13)
0.00232346492744229665649099485	(45,14)
0.00242590359505609080400993523	(45,15)
0.00247053463628774568102201355	(45,16)
0.00245378672745434953399504391	(45,17)
0.00237572029068362179323384281	(45,18)
0.00224007527520709121078732436	(45,19)
0.002053990248536499457465508	(45,20)
0.00182744001682844431921155362	(45,21)
0.00157247340333251218394587795	(45,22)
0.00130235043896216006599880055	(45,23)
0.0010306777823613436920098638	(45,24)
0.00077062520180215720381344155	(45,25)
0.00053427955170922920065235212	(45,26)
0.00033216211646376107829935201	(45,27)
0.00017290646311509021967332158	(45,28)
0.00006307176523495475038435132	(45,29)
7.05384107872793399787522e-6	(45,30)
5.10350698959248125700156e-6	(46,1)
0.00004584539263862506952523643	(46,2)
0.00012684077209820654727399268	(46,3)
0.00024697940179215080763851149	(46,4)
0.00040428422662784845826178124	(46,5)
0.0005955975219627121858575785	(46,6)
0.00081625822671588584905460895	(46,7)
0.00105984229035220298442803132	(46,8)
0.00131804069456207682220247614	(46,9)
0.00158074083886329117048760243	(46,10)
0.0018363546820705486949812787	(46,11)
0.00207240250431303208407861985	(46,12)
0.00227631883345573054772532606	(46,13)
0.00243640448700198615427410769	(46,14)
0.00254281496360151653404684699	(46,15)
0.00258845895489019718282668924	(46,16)
0.00256968656602003041296646579	(46,17)
0.00248667481871392437491500875	(46,18)
0.00234346266508027956436891192	(46,19)
0.00214763963790973234242054961	(46,20)
0.00190974068320203528501889649	(46,21)
0.0016424354892349367636840444	(46,22)
0.00135961821857787617146747863	(46,23)
0.00107550190954095533511375439	(46,24)
0.00080380389394498567954150256	(46,25)
0.00055708001050955775094687422	(46,26)
0.00034623285948128568653552226	(46,27)
0.00018018912210308071457649151	(46,28)
0.00006571791629594545545716541	(46,29)
7.34919546283114131135616e-6	(46,30)
5.33836161190061148677375e-6	(47,1)
0.00004795510323985255428128816	(47,2)
0.00013267743245742771064949666	(47,3)
0.00025834249555540367249951993	(47,4)
0.00042287778718765274477524701	(47,5)
0.00062297071383268005508068452	(47,6)
0.00085372909643101686034403139	(47,7)
0.00110840849098176209135658709	(47,8)
0.00137828524222109895363716583	(47,9)
0.00165274465431964656663438407	(47,10)
0.00191962991193996146792712746	(47,11)
0.00216586058294656607467163682	(47,12)
0.00237828446363201252809248181	(47,13)
0.00254468130316866211956054741	(47,14)
0.00265480141061498237815921929	(47,15)
0.00270130525927377207532106901	(47,16)
0.00268047722272265557280050021	(47,17)
0.00259261717050691414520992818	(47,18)
0.00244206169394860256832260946	(47,19)
0.00223684196862115373287349242	(47,20)
0.00198803620548945217611455929	(47,21)
0.00170891164761592513314612703	(47,22)
0.0014139685169289200342838525	(47,23)
0.00111799539942312014614941471	(47,24)
0.00083522568230070550423076186	(47,25)
0.00057865395024473419158982422	(47,26)
0.00035953680516383752397688377	(47,27)
0.00018707093909936301660772448	(47,28)
0.00006821743704492852163461346	(47,29)
7.62812771613802232124777e-6	(47,30)
5.56262615794874827280848e-6	(48,1)
0.00004996968126221034209038938	(48,2)
0.00013825087576310370852741698	(48,3)
0.00026919298140647726897534916	(48,4)
0.00044063194452036563496029667	(48,5)
0.00064910642755729939267765917	(48,6)
0.00088950206579589124718172866	(48,7)
0.00115476626139193726998115064	(48,8)
0.00143577656843065278972942543	(48,9)
0.0017214356412621706189019613	(48,10)
0.00199904053615838786951421594	(48,11)
0.00225493511346985260763771002	(48,12)
0.0024754065143689337402430523	(48,13)
0.00264773889063356313910974197	(48,14)
0.00276130028534804162794603814	(48,15)
0.00280852131710954690229773452	(48,16)
0.00278563259230395418253028864	(48,17)
0.00269306098533559746085204684	(48,18)
0.0025354363201286476093948995	(48,19)
0.00232121847354426123818022377	(48,20)
0.0020620082713853794459363994	(48,21)
0.0017716436634101605678419831	(48,22)
0.00146519986760796079428572376	(48,23)
0.00115800793086053730835854334	(48,24)
0.00086478432781470461605017114	(48,25)
0.00059893142690266610898009244	(48,26)
0.00037203238107714250831849737	(48,27)
0.0001935310403890929150016437	(48,28)
0.00007056290335357030132091034	(48,29)
7.88981828657219858036223e-6	(48,30)
5.77503891609037650633502e-6	(49,1)
0.00005187779289905460719997586	(49,2)
0.00014352975019163454954571066	(49,3)
0.00027946984677282705747602792	(49,4)
0.00045744695584536527832918367	(49,5)
0.0006738580819888971294669353	(49,6)
0.00092337707364530275242964927	(49,7)
0.00119865747488849499547758703	(49,8)
0.0014901965589068072716864662	(49,9)
0.00178643696849087997705882864	(49,10)
0.00207415581024758719074436004	(49,11)
0.00233914982117753598293880032	(49,12)
0.00256717482320143891896980018	(49,13)
0.00274504739733319371465569152	(49,14)
0.00286177776397259132225739848	(49,15)
0.00290958531966805676818064318	(49,16)
0.0028846578361201620471911339	(49,17)
0.00278755114517734548525724932	(49,18)
0.00262318080423499974802201154	(49,19)
0.00240041885687677574739194268	(49,20)
0.00213136442038679173454332562	(49,21)
0.0018303959328276099543083712	(49,22)
0.00151312976796263875380943251	(49,23)
0.00119540432916010495944303747	(49,24)
0.00089238498828507464870575187	(49,25)
0.00061785043020026644890811588	(49,26)
0.00038368295896387468572897608	(49,27)
0.00019955112913719088236778756	(49,28)
0.00007274783159196168106355411	(49,29)
8.13355282594607114597725e-6	(49,30)
5.97439365553255772569865e-6	(50,1)
0.00005366860274923846224687453	(50,2)
0.00014848408313341557652105556	(50,3)
0.00028911476633703101188100732	(50,4)
0.00047322748357853402753317923	(50,5)
0.00069708560351393138463633499	(50,6)
0.00095516301751512034468306685	(50,7)
0.00123983571547853690162025275	(50,8)
0.0015412417995451124249400387	(50,9)
0.00184738964983668803363471766	(50,10)
0.00214456603085986191443278241	(50,11)
0.00241805259178522363751761138	(50,12)
0.00265310627982678486020599162	(50,13)
0.0028361065204007664153903779	(50,14)
0.00295573150295219362368864003	(50,15)
0.00300400814623007026107216312	(50,16)
0.00297709116509345746025599821	(50,17)
0.00287566502854366591518052552	(50,18)
0.00270492043573008626431929902	(50,19)
0.00247412154234115730743959529	(50,20)
0.00219583790075538712002912937	(50,21)
0.00188495504073799361689819997	(50,22)
0.00155759409722522392892919549	(50,23)
0.00123006393839140369623835122	(50,24)
0.00091794363837112675523907167	(50,25)
0.00063535641589450220796614109	(50,26)
0.00039445653073351446130306236	(50,27)
0.00020511530356202451667203122	(50,28)
0.00007476660907141809361054781	(50,29)
8.3587142290865136475444e-6	(50,30)
6.15954860964516761890134e-6	(51,1)
0.00005533185450863220064802922	(51,2)
0.00015308550431980962929045258	(51,3)
0.00029807253573103534274623139	(51,4)
0.00048788330235952262723328143	(51,5)
0.00071865645959337012301680036	(51,6)
0.00098467915168231820638103807	(51,7)
0.00127806805672219649071889729	(51,8)
0.00158862572437115567420961962	(51,9)
0.00190395501665951063344449646	(51,10)
0.00220988525372546421610431604	(51,11)
0.00249121832392970516353408177	(51,12)
0.00273274767836290065496586244	(51,13)
0.00292044821221023705557644073	(51,14)
0.00304269305776246797132014458	(51,15)
0.00309133537611401147270498941	(51,16)
0.00306250536216878731564004483	(51,17)
0.0029570135068738213005703677	(51,18)
0.00278031201635855123667705649	(51,19)
0.00254203370241518787343877685	(51,20)
0.00225518733878415771891643906	(51,21)
0.00193512918534138138291155473	(51,22)
0.0015984464171196090687193905	(51,23)
0.00126187990858613331304388666	(51,24)
0.00094138643205626126888008944	(51,25)
0.00065140180225261177779276632	(51,26)
0.00040432536441775879384740766	(51,27)
0.00021020986563055088381003845	(51,28)
0.00007661442127386036020647777	(51,29)
8.56477432767092956280659e-6	(51,30)
6.32943511213255077441131e-6	(52,1)
0.0000568579485429340832578477	(52,2)
0.00015730746031536474611247489	(52,3)
0.00030629148837836340806543887	(52,4)
0.00050132997834864331911441036	(52,5)
0.00073844665105012886970360367	(52,6)
0.00101175642777049083312510773	(52,7)
0.00131313676428556043520694761	(52,8)
0.00163208066568520830496843068	(52,9)
0.00195581706862382683743136509	(52,10)
0.00226975386414967448473246562	(52,11)
0.00255825160780742779196059455	(52,12)
0.00280567837038878845618425579	(52,13)
0.0029976391651752020723529017	(52,14)
0.00312223006420116196859716608	(52,15)
0.00317114905533310187636383125	(52,16)
0.00314050906127948051475208566	(52,17)
0.00303124170963943504551493286	(52,18)
0.00284904413393576736124644181	(52,19)
0.002603891106840764242927379	(52,20)
0.0023091962604889528983427011	(52,21)
0.00198074748924511150761930154	(52,22)
0.00163555719057747657774689011	(52,23)
0.00129075842812690522122268315	(52,24)
0.0009626490314631410429083853	(52,25)
0.00066594544790843112881756073	(52,26)
0.00041326565110034348072765468	(52,27)
0.00021482312611256278898432727	(52,28)
0.00007828717802140189816278896	(52,29)
8.75128548092115058811292e-6	(52,30)
6.48306578910250144040578e-6	(53,1)
0.00005823801547089438355817627	(53,2)
0.00016112541796901093327442751	(53,3)
0.00031372389081892490748158543	(53,4)
0.00051348951323178337054725003	(53,5)
0.00075634165217288468367926219	(53,6)
0.00103623876341682938124962778	(53,7)
0.00134484090429939674590308999	(53,8)
0.00167135978578894597800389197	(53,9)
0.00200268468065311317240025409	(53,10)
0.00232384097824269119830473142	(53,11)
0.00261878921059995929408746703	(53,12)
0.0028715127042467917986248975	(53,13)
0.00306728306783925341608057026	(53,14)
0.00319394818361189425941330967	(53,15)
0.00324306922891395253987201468	(53,16)
0.00321074780347019013474300813	(53,17)
0.00309802958728889473212665758	(53,18)
0.00291083726206282228961021753	(53,19)
0.00265945782978416298284999899	(53,20)
0.0023576725060289124600909417	(53,21)
0.00202165923546640395129616184	(53,22)
0.0016688129530557720734789676	(53,23)
0.0013166179302265775385913704	(53,24)
0.00098167592452996470158378429	(53,25)
0.00067895212715714514247695114	(53,26)
0.00042125715298993843578680526	(53,27)
0.00021894521135006611534956114	(53,28)
0.00007978144055310942403709455	(53,29)
8.91787228380640867576158e-6	(53,30)
6.61954221540498408674504e-6	(54,1)
0.00005946398493503137778779772	(54,2)
0.00016451705455080894661841513	(54,3)
0.0003203263121107164384860733	(54,4)
0.00052429094580045918573076702	(54,5)
0.00077223728834727648369498356	(54,6)
0.00105798422539812321686660897	(54,7)
0.00137299784083999523703908014	(54,8)
0.00170623887125483840709700515	(54,9)
0.00204429364594144597327102321	(54,10)
0.00237184665546864291186861105	(54,11)
0.00267250235214666816167288328	(54,12)
0.00292990223922970856248968791	(54,13)
0.00312902262812229189233248658	(54,14)
0.00325749281664434542662021097	(54,15)
0.00330675525291950453830324504	(54,16)
0.00327290489328594317387834877	(54,17)
0.00315709230285028687614963269	(54,18)
0.00296544372212934500633875118	(54,19)
0.00270852585489565906377335503	(54,20)
0.00240044757622712865601213147	(54,21)
0.00205773306534696237942286884	(54,22)
0.00169811546907956926089915346	(54,23)
0.00133938830047230327838257469	(54,24)
0.00099841975231121127699662174	(54,25)
0.00069039201734742375802055259	(54,26)
0.00042828286184490041551974804	(54,27)
0.00022256787656097508677600105	(54,28)
0.00008109435127094790570495577	(54,29)
9.06422358997146282548081e-6	(54,30)
6.73806194991228633182972e-6	(55,1)
0.00006052864879350835477234541	(55,2)
0.00016746243245745334225488961	(55,3)
0.00032605996320806133420116288	(55,4)
0.00053367090447534789132448855	(55,5)
0.00078604054166754380439620728	(55,6)
0.00107686611463789036241653739	(55,7)
0.00139744460719141421751221233	(55,8)
0.00173651797238564273409765132	(55,9)
0.00208040853693793019831960049	(55,10)
0.0024135039054643621586769412	(55,11)
0.00271909875694946431957232379	(55,12)
0.00298053772604077763720712043	(55,13)
0.00318254136231829771649152035	(55,14)
0.00331255059265359597838567	(55,15)
0.0033619069022158318764702331	(55,16)
0.00332670207984067583645860189	(55,17)
0.00320818048348022332077791204	(55,18)
0.00301264754355141393102234904	(55,19)
0.00275091461628392632252639883	(55,20)
0.00243737594867901823161264834	(55,21)
0.00208885617307082112137327943	(55,22)
0.00172338090419998847509425033	(55,23)
0.00135901011009345150532761878	(55,24)
0.00101284066467846751795332204	(55,25)
0.00070024021150080977590693088	(55,26)
0.00043432867593241521386108402	(55,27)
0.0002256843299325559200277368	(55,28)
0.00008222356770410846799990784	(55,29)
9.19008502240555192667956e-6	(55,30)
6.83792487158997719307691e-6	(56,1)
0.00006142571803131638520913796	(56,2)
0.00016994415654807492749933949	(56,3)
0.00033089100256303054688586874	(56,4)
0.0005415741047085988741786247	(56,5)
0.00079767027581389787199039895	(56,6)
0.00109277394164986755798086692	(56,7)
0.00141803913700328138658873349	(56,8)
0.00176202287228743429656190576	(56,9)
0.00211082436828669065761601015	(56,10)
0.0024485804743687407896211293	(56,11)
0.00275832447099538465832627833	(56,12)
0.0030231508472686371861031412	(56,13)
0.00322756515055274775172193376	(56,14)
0.00335885064350129975130965254	(56,15)
0.00340826529103200439487415038	(56,16)
0.00337190008718968522027605718	(56,17)
0.00325108036259118036299060579	(56,18)
0.00305226425670434214597264349	(56,19)
0.00278647051123399369094319676	(56,20)
0.0024683343982644118754759045	(56,21)
0.00211493352858120752214164354	(56,22)
0.00174453903970350649068870841	(56,23)
0.00137543389703430274061911122	(56,24)
0.0010249057210641631813579067	(56,25)
0.00070847626769251287640646391	(56,26)
0.00043938310265539734397003879	(56,27)
0.0002282890711920836695336806	(56,28)
0.00008316720202853191582672223	(56,29)
9.29525212082757860305265e-6	(56,30)
6.91853874617904455201521e-6	(57,1)
0.00006214987276050422576809809	(57,2)
0.0001719475123698293364272727	(57,3)
0.00033479080458119799799777239	(57,4)
0.0005479537858261964310861313	(57,5)
0.00080705787239342388509189044	(57,6)
0.0011056142822012277849837307	(57,7)
0.00143466134300758379956993325	(57,8)
0.00178260637182372156339737682	(57,9)
0.00213536804777834005761658104	(57,10)
0.00247688039809561453125831925	(57,11)
0.00278996543403976508079286154	(57,12)
0.0030575157135512831997730796	(57,13)
0.00326386356090705983735293646	(57,14)
0.00339616567138916908737823535	(57,15)
0.0034456136234411584659934656	(57,16)
0.00340829901783507689576805155	(57,17)
0.00328561384152819961141138575	(57,18)
0.00308414065058871728633074643	(57,19)
0.00281506641750936651755364954	(57,20)
0.00249322135357491357455362505	(57,21)
0.00213588715734174439894507526	(57,22)
0.00176153255426426351587383353	(57,23)
0.00138861951417486046671702469	(57,24)
0.00103458835069165135744960375	(57,25)
0.00071508380511949103236664079	(57,26)
0.00044343699294156187376217684	(57,27)
0.00023037774778694485895466356	(57,28)
0.00008392376727256791456442594	(57,29)
9.3795642515577179558766e-6	(57,30)
6.97942396198595672328655e-6	(58,1)
0.00006269680475712444579185152	(58,2)
0.00017346058374811664034863251	(58,3)
0.00033773618798068499247490502	(58,4)
0.00055277208254977384796417415	(58,5)
0.00081414777192522637044807877	(58,6)
0.00111531150428907243895111035	(58,7)
0.00144721403258589921193125189	(58,8)
0.00179814937861307185933565395	(58,9)
0.00215389960343118770127002876	(58,10)
0.0024982453120639436772093943	(58,11)
0.00281384879990063015422204766	(58,12)
0.00308345011262141290977503192	(58,13)
0.00329125094533107871564649075	(58,14)
0.00342431282048301356198993099	(58,15)
0.00347377779011821097139522028	(58,16)
0.00343573865149683955538095486	(58,17)
0.00331163849722410724555936846	(58,18)
0.00310815452405382831400401329	(58,19)
0.00283660124443459305809629809	(58,20)
0.00251195631697008959113638297	(58,21)
0.00215165550170683130312281274	(58,22)
0.00177431639339935728074463217	(58,23)
0.0013985355612277701271256021	(58,24)
0.00104186788452798358039554411	(58,25)
0.00072005015519982950725924053	(58,26)
0.0004464833124833236039954201	(58,27)
0.00023194703127530000546643236	(58,28)
0.00008449213114434199200555275	(58,29)
9.44289938371231414404133e-6	(58,30)
7.02021738256767173652463e-6	(59,1)
0.00006306325206600239609769193	(59,2)
0.00017447434844678620729161351	(59,3)
0.00033970960155016980968771985	(59,4)
0.00055600032716057531053283074	(59,5)
0.00081889791369399094669459551	(59,6)
0.00112180835890347494189614451	(59,7)
0.00145562365117108755634490821	(59,8)
0.00180856179016433428418604421	(59,9)
0.00216631317686116999810590094	(59,10)
0.00251255550886504207275726148	(59,11)
0.00282984399898244167043760411	(59,12)
0.00310081650955639124456676277	(59,13)
0.00330958731084062272768357772	(59,14)
0.00344315436154575889273072702	(59,15)
0.00349262682620208347082950239	(59,16)
0.00345409865880230730986498656	(59,17)
0.00332904755897269310050621378	(59,18)
0.00312421445553283998809883393	(59,19)
0.002850999542787309102845	(59,20)
0.00252447937180527681179217563	(59,21)
0.00216219288475773022683917837	(59,22)
0.00178285724414928308346585402	(59,23)
0.00140515891400534475382033572	(59,24)
0.00104672916902096804007492659	(59,25)
0.00072336607451665314522412522	(59,26)
0.00044851695395817652631714791	(59,27)
0.00023299451602769270919803914	(59,28)
0.00008487147823362377680285632	(59,29)
9.48516981511859328618806e-6	(59,30)
7.04067527390761803648116e-6	(60,1)
0.00006324702529252745250453205	(60,2)
0.00017498275084698711361670655	(60,3)
0.00034069926527265832979827717	(60,4)
0.00055761927902955594966469066	(60,5)
0.00082128006979023170756260178	(60,6)
0.00112506642848751502805724786	(60,7)
0.00145984084621171781614445657	(60,8)
0.00181378316320099133851549628	(60,9)
0.00217253777511324770254761389	(60,10)
0.00251973073720290420918614741	(60,11)
0.002837863538695304602862884	(60,12)
0.00310952279734066018180935343	(60,13)
0.00331877896940025399938895666	(60,14)
0.00345259819767929221691169011	(60,15)
0.00350207324291798777739758217	(60,16)
0.00346329874640890064323352122	(60,17)
0.00333776987355388819575782797	(60,18)
0.00313225961184862177371279424	(60,19)
0.00285821119395724521746848908	(60,20)
0.00253075079593104622078569888	(60,21)
0.00216746909340415075755809937	(60,22)
0.00178713312891928888991046442	(60,23)
0.00140847436193626140510415193	(60,24)
0.0010491622695623987271364523	(60,25)
0.0007250255249519888661087048	(60,26)
0.00044953459345217111646667679	(60,27)
0.00023351864187145528349864486	(60,28)
0.00008506128117122319230936965	(60,29)
9.50631891243223111431876e-6	(60,30)