kdd2322_(sigma,mu)
1.230285747e-20	(1,1)
1.105152095e-19	(1,2)
3.0571134224e-19	(1,3)
5.9494383674e-19	(1,4)
9.7264737877e-19	(1,5)
1.42949216663e-18	(1,6)
1.95122337587e-18	(1,7)
2.51777399103e-18	(1,8)
3.10295731516e-18	(1,9)
3.67501313824e-18	(1,10)
4.1981868886e-18	(1,11)
4.63536505926e-18	(1,12)
4.95158984671e-18	(1,13)
5.11806450458e-18	(1,14)
5.11608299186e-18	(1,15)
4.94021979746e-18	(1,16)
4.60013552037e-18	(1,17)
4.12050731719e-18	(1,18)
3.5388688545e-18	(1,19)
2.9015004033e-18	(1,20)
2.25788087665e-18	(1,21)
1.65452332062e-18	(1,22)
1.1291922869e-18	(1,23)
7.064965444e-19	(1,24)
3.956500362e-19	(1,25)
1.9082546973e-19	(1,26)
7.405405844e-20	(1,27)
2.014305594e-20	(1,28)
2.68808057e-21	(1,29)
3.367511e-23	(1,30)
8.05683813364e-17	(2,1)
7.2373686897698e-16	(2,2)
2.00202823320987e-15	(2,3)
3.8961405531444e-15	(2,4)
6.36962795522101e-15	(2,5)
9.36139186266092e-15	(2,6)
1.277808093522397e-14	(2,7)
1.648828122224426e-14	(2,8)
2.032050248418451e-14	(2,9)
2.406675491707959e-14	(2,10)
2.749289062944712e-14	(2,11)
3.03558624049758e-14	(2,12)
3.242674021011934e-14	(2,13)
3.351694127184913e-14	(2,14)
3.350396437606213e-14	(2,15)
3.235227923917114e-14	(2,16)
3.012515080011942e-14	(2,17)
2.698418372748304e-14	(2,18)
2.31751767882741e-14	(2,19)
1.900120807989379e-14	(2,20)
1.47863027876795e-14	(2,21)
1.083506333698879e-14	(2,22)
7.39480040135784e-15	(2,23)
4.62667067181827e-15	(2,24)
2.59101393126847e-15	(2,25)
1.24966864196456e-15	(2,26)
4.8496164414305e-16	(2,27)
1.3191187145859e-16	(2,28)
1.760357204745e-17	(2,29)
2.2052996126e-19	(2,30)
4.77801551381013e-15	(3,1)
4.292038551938514e-14	(3,2)
1.1872798972974178e-13	(3,3)
2.3105614953796973e-13	(3,4)
3.7774348327100944e-13	(3,5)
5.5516660791690567e-13	(3,6)
7.5778942588909186e-13	(3,7)
9.7781857856765488e-13	(3,8)
1.20508402768731018e-12	(3,9)
1.42725116973626905e-12	(3,10)
1.63043412685258036e-12	(3,11)
1.80021925986790836e-12	(3,12)
1.92303013786686639e-12	(3,13)
1.98768308432200551e-12	(3,14)
1.98691332046133624e-12	(3,15)
1.91861378419354622e-12	(3,16)
1.78653635316841565e-12	(3,17)
1.60026482796967977e-12	(3,18)
1.3743760369702037e-12	(3,19)
1.12684368302317653e-12	(3,20)
8.7688369969649569e-13	(3,21)
6.4256016478087785e-13	(3,22)
4.3853952704491743e-13	(3,23)
2.7437897061626808e-13	(3,24)
1.5365685329923858e-13	(3,25)
7.411003477772443e-14	(3,26)
2.876004101955279e-14	(3,27)
7.82286731749825e-15	(3,28)
1.0439576137281e-15	(3,29)
1.307825062462e-17	(3,30)
7.006521758542137e-14	(4,1)
6.2938810911085283e-13	(4,2)
1.74103713022405774e-12	(4,3)
3.38822660366231214e-12	(4,4)
5.53926180502352527e-12	(4,5)
8.14100905145122851e-12	(4,6)
1.111228638740543886e-11	(4,7)
1.433881111986282491e-11	(4,8)
1.7671448667182644e-11	(4,9)
2.092932306303291386e-11	(4,10)
2.39088103747325809e-11	(4,11)
2.639854767440540452e-11	(4,12)
2.819944915945021229e-11	(4,13)
2.914751687906509428e-11	(4,14)
2.913622024179053503e-11	(4,15)
2.8134662096833906e-11	(4,16)
2.61978613834243199e-11	(4,17)
2.346635674830967175e-11	(4,18)
2.015390469374783259e-11	(4,19)
1.65240732697225786e-11	(4,20)
1.285864611407662725e-11	(4,21)
9.42251541966546003e-12	(4,22)
6.43074991469470986e-12	(4,23)
4.0234955758915255e-12	(4,24)
2.2532246042342877e-12	(4,25)
1.08674945235777105e-12	(4,26)
4.2173709279366221e-13	(4,27)
1.1471446253939119e-13	(4,28)
1.530858380718847e-14	(4,29)
1.917793203596e-16	(4,30)
5.1830281399520335e-13	(5,1)
4.65585691597546535e-12	(5,2)
1.287920698809129008e-11	(5,3)
2.506418183875867581e-11	(5,4)
4.097632109403295614e-11	(5,5)
6.022257026132882694e-11	(5,6)
8.220238845916819461e-11	(5,7)
1.0607037302584094774e-10	(5,8)
1.3072330572368149957e-10	(5,9)
1.5482316318484165934e-10	(5,10)
1.7686364632226778788e-10	(5,11)
1.9528120975630062286e-10	(5,12)
2.0860313134051960282e-10	(5,13)
2.1561625417662391398e-10	(5,14)
2.155325377826300191e-10	(5,15)
2.081234394036037584e-10	(5,16)
1.9379597675841943905e-10	(5,17)
1.7358979229455344383e-10	(5,18)
1.4908614721204651811e-10	(5,19)
1.2223477171449174104e-10	(5,20)
9.512013454094295626e-11	(5,21)
6.970174188635333993e-11	(5,22)
4.757052816138721766e-11	(5,23)
2.976319049160546519e-11	(5,24)
1.666786901882181543e-11	(5,25)
8.03904957177921333e-12	(5,26)
3.11972858227854316e-12	(5,27)
8.4858037078648062e-13	(5,28)
1.1324256114628203e-13	(5,29)
1.418653622013e-15	(5,30)
2.54740579731998302e-12	(6,1)
2.288306481512571942e-11	(6,2)
6.329999642620242507e-11	(6,3)
1.2318790941853434467e-10	(6,4)
2.0139444779577968159e-10	(6,5)
2.9598777362505664657e-10	(6,6)
4.0401626361045686112e-10	(6,7)
5.2132481173085456094e-10	(6,8)
6.4249116480273218429e-10	(6,9)
7.609390230660318745e-10	(6,10)
8.6926503673104195329e-10	(6,11)
9.5978451899428194881e-10	(6,12)
1.02525920779486633108e-9	(6,13)
1.05972662676299115158e-9	(6,14)
1.05931375469902030542e-9	(6,15)
1.02289748597751094272e-9	(6,16)
9.5247844796751378334e-10	(6,17)
8.5316653889529240133e-10	(6,18)
7.3273360655699706993e-10	(6,19)
6.0076240534504256569e-10	(6,20)
4.6749782109637424904e-10	(6,21)
3.4257047484427104896e-10	(6,22)
2.3379943819650523359e-10	(6,23)
1.4627975153014106955e-10	(6,24)
8.191890080364802676e-11	(6,25)
3.95101006607414879e-11	(6,26)
1.533273869198566702e-11	(6,27)
4.17057092458310523e-12	(6,28)
5.5655994157714146e-13	(6,29)
6.97233904007245e-15	(6,30)
9.52477892087719273e-12	(7,1)
8.556003650044974554e-11	(7,2)
2.3667939509419505227e-10	(7,3)
4.6060095386876449884e-10	(7,4)
7.5301599636008886713e-10	(7,5)
1.10670126427647425876e-9	(7,6)
1.5106204421013106861e-9	(7,7)
1.94923730361834591928e-9	(7,8)
2.40227768350874321325e-9	(7,9)
2.84515240333392772536e-9	(7,10)
3.25017998639583787637e-9	(7,11)
3.58862717746247184599e-9	(7,12)
3.83343014735182926036e-9	(7,13)
3.96229555274496280629e-9	(7,14)
3.96074286984730516716e-9	(7,15)
3.82457379922622095449e-9	(7,16)
3.56126982608798807876e-9	(7,17)
3.18993793580768878686e-9	(7,18)
2.73963784594895433128e-9	(7,19)
2.24619976034227954103e-9	(7,20)
1.74792899992037404505e-9	(7,21)
1.28083359494252719529e-9	(7,22)
8.7414781482107245392e-10	(7,23)
5.4692067509529364401e-10	(7,24)
3.0628312630995339863e-10	(7,25)
1.4772230067570592598e-10	(7,26)
5.732668161852812258e-11	(7,27)
1.559308030665646017e-11	(7,28)
2.08088411958019631e-12	(7,29)
2.606839052698206e-14	(7,30)
2.92459118967488298e-11	(8,1)
2.6271279397619554108e-10	(8,2)
7.2672601042580350992e-10	(8,3)
1.41427889380600181334e-9	(8,4)
2.31214128279608728942e-9	(8,5)
3.3981336523900798003e-9	(8,6)
4.6383681282282648775e-9	(8,7)
5.98513946410333486693e-9	(8,8)
7.3761942389120256728e-9	(8,9)
8.73602965297921899205e-9	(8,10)
9.97964822333727543923e-9	(8,11)
1.101882365827240503974e-8	(8,12)
1.177045679255390120346e-8	(8,13)
1.21660977505307473117e-8	(8,14)
1.216128752488635008933e-8	(8,15)
1.174313999876443249458e-8	(8,16)
1.093463246329720112211e-8	(8,17)
9.79443793284117924264e-9	(8,18)
8.41178780620790942521e-9	(8,19)
6.89669986394021697097e-9	(8,20)
5.36678889219253012444e-9	(8,21)
3.9326132145764574968e-9	(8,22)
2.68393056279683312533e-9	(8,23)
1.67922442722609053507e-9	(8,24)
9.4038491206658350943e-10	(8,25)
4.5355195821568821402e-10	(8,26)
1.7600963973441377262e-10	(8,27)
4.787519260133882401e-11	(8,28)
6.38889587705694821e-12	(8,29)
8.003717953840497e-14	(8,30)
7.73192823016860888e-11	(9,1)
6.9455056383594958844e-10	(9,2)
1.92129183582165563204e-9	(9,3)
3.73901884545916082512e-9	(9,4)
6.11275335132100745009e-9	(9,5)
8.98385618366927177671e-9	(9,6)
1.22627328024819768591e-8	(9,7)
1.582325741157682060154e-8	(9,8)
1.950084113998096622608e-8	(9,9)
2.309586652107957050021e-8	(9,10)
2.638361533250545318561e-8	(9,11)
2.913083579806137855475e-8	(9,12)
3.111783546351247840947e-8	(9,13)
3.216365683605717074391e-8	(9,14)
3.215077457524665763872e-8	(9,15)
3.104513938503000972925e-8	(9,16)
2.890751840929275446915e-8	(9,17)
2.589304802949590818325e-8	(9,18)
2.223764773491785004852e-8	(9,19)
1.823218181245541968655e-8	(9,20)
1.418758816826632788704e-8	(9,21)
1.039613898477990179697e-8	(9,22)
7.09510800676399322405e-9	(9,23)
4.43908597755233164528e-9	(9,24)
2.48592374572120248783e-9	(9,25)
1.19896597893717455497e-9	(9,26)
4.6527992909634403979e-10	(9,27)
1.2655720913922474894e-10	(9,28)
1.688889110430709793e-11	(9,29)
2.1157608619812659e-13	(9,30)
1.8160816893244596509e-10	(10,1)
1.63136609191722260285e-9	(10,2)
4.51274593148935245134e-9	(10,3)
8.78223684971667716661e-9	(10,4)
1.435767896224218065181e-8	(10,5)
2.110133435441894245509e-8	(10,6)
2.880275273028323256875e-8	(10,7)
3.716567430229554803033e-8	(10,8)
4.580349315025376400138e-8	(10,9)
5.424732668625755972828e-8	(10,10)
6.196933857117267480176e-8	(10,11)
6.842165752774625748384e-8	(10,12)
7.308827505669952967562e-8	(10,13)
7.554418243313081250626e-8	(10,14)
7.551338053748396412386e-8	(10,15)
7.29159552133341020725e-8	(10,16)
6.789470472212598648788e-8	(10,17)
6.081407655798139951997e-8	(10,18)
5.222824233731303357523e-8	(10,19)
4.28203972260556468114e-8	(10,20)
3.33208490196232373766e-8	(10,21)
2.441603004071935620456e-8	(10,22)
1.666317014990455777411e-8	(10,23)
1.042528843957477172693e-8	(10,24)
5.83819495233319001753e-9	(10,25)
2.81575183376303725347e-9	(10,26)
1.09269536991567177283e-9	(10,27)
2.9721420189677560426e-10	(10,28)
3.966270783722534519e-11	(10,29)
4.9687491652103984e-13	(10,30)
3.873626920558554025e-10	(11,1)
3.47963618499748776257e-9	(11,2)
9.62549931579831395942e-9	(11,3)
1.873214260036765926101e-8	(11,4)
3.062431456680729456694e-8	(11,5)
4.500820926338524590627e-8	(11,6)
6.143491618867519042355e-8	(11,7)
7.927248346977957360174e-8	(11,8)
9.769624380817783155964e-8	(11,9)
1.1570603366848685107307e-7	(11,10)
1.3217595265076173986201e-7	(11,11)
1.459373920611431210885e-7	(11,12)
1.558897473898642071915e-7	(11,13)
1.6112656739597137536981e-7	(11,14)
1.6105928917094389893339e-7	(11,15)
1.55517636581771524509e-7	(11,16)
1.4480638949868027897189e-7	(11,17)
1.2970307891621754937943e-7	(11,18)
1.1138985167574155666875e-7	(11,19)
9.132396576814810337867e-8	(11,20)
7.10630626475855234871e-8	(11,21)
5.207110266516116117016e-8	(11,22)
3.553639980430526498595e-8	(11,23)
2.22330122503058705256e-8	(11,24)
1.245041259122283650485e-8	(11,25)
6.00475195254578433148e-9	(11,26)
2.33021548687848131117e-9	(11,27)
6.338166763437123467e-10	(11,28)
8.458132851607616166e-11	(11,29)
1.05959089956728381e-12	(11,30)
7.6240908095358461056e-10	(12,1)
6.84863631000600687173e-9	(12,2)
1.894495169496899346408e-8	(12,3)
3.686868016099976090048e-8	(12,4)
6.027487034494507565257e-8	(12,5)
8.85852081842011419767e-8	(12,6)
1.209160704754693347151e-7	(12,7)
1.5602353626882212043937e-7	(12,8)
1.9228435268600142237895e-7	(12,9)
2.2772984511500736332928e-7	(12,10)
2.6014388680290506288635e-7	(12,11)
2.8722635900190584107082e-7	(12,12)
3.068110998708353402068e-7	(12,13)
3.1711422401288638994238e-7	(12,14)
3.1697766493226210885346e-7	(12,15)
3.0606674991459616160563e-7	(12,16)
2.8498186515470829508415e-7	(12,17)
2.5525382180242805129371e-7	(12,18)
2.1920964597892885114821e-7	(12,19)
1.7971760080164975857054e-7	(12,20)
1.3984324704455331425398e-7	(12,21)
1.0246750879716129500145e-7	(12,22)
6.992861694619147832688e-8	(12,23)
4.374943013986078115861e-8	(12,24)
2.449915335240541012301e-8	(12,25)
1.181561887673552331309e-8	(12,26)
4.58513936063586145569e-9	(12,27)
1.24714309589422096985e-9	(12,28)
1.6642727971304038437e-10	(12,29)
2.08490805666442649e-12	(12,30)
1.40163617969100709032e-9	(13,1)
1.259074234681471027142e-8	(13,2)
3.482897507856708018108e-8	(13,3)
6.778048201673902669377e-8	(13,4)
1.1081104435066841304718e-7	(13,5)
1.6285736614288134151699e-7	(13,6)
2.2229478547760413215442e-7	(13,7)
2.8683617396300728781355e-7	(13,8)
3.5349695901612323302393e-7	(13,9)
4.1865751200367250446063e-7	(13,10)
4.7824333808463848616621e-7	(13,11)
5.2802568990349114086726e-7	(13,12)
5.6402235783731403955996e-7	(13,13)
5.8295426611235573769254e-7	(13,14)
5.8269322430948108710441e-7	(13,15)
5.6262508300113426837807e-7	(13,16)
5.2385485735984183220977e-7	(13,17)
4.691979727605833112982e-7	(13,18)
4.0293327390578925682231e-7	(13,19)
3.3033405779351465176317e-7	(13,20)
2.5703567022411505327103e-7	(13,21)
1.8833340533981839040799e-7	(13,22)
1.2852445691042602151704e-7	(13,23)
8.040693686432587029112e-8	(13,24)
4.502599668615474614181e-8	(13,25)
2.171505645706040268165e-8	(13,26)
8.42656449962445907374e-9	(13,27)
2.29197184269732421264e-9	(13,28)
3.0585394265315819608e-10	(13,29)
3.83155215413016756e-12	(13,30)
2.43009224077276956133e-9	(14,1)
2.182924868736352619977e-8	(14,2)
6.038486420703531913338e-8	(14,3)
1.1751461548180876793817e-7	(14,4)
1.9211881163202959268596e-7	(14,5)
2.8235372189246870852721e-7	(14,6)
3.8540217370080107842958e-7	(14,7)
4.9729825191100147056363e-7	(14,8)
6.1286669045789723506879e-7	(14,9)
7.2583114273917061571861e-7	(14,10)
8.2912676512568562158682e-7	(14,11)
9.1542163966843433436912e-7	(14,12)
9.7781188439471088961084e-7	(14,13)
1.01061345325861249671161e-6	(14,14)
1.01013846174340830376771e-6	(14,15)
9.7532464714828385254857e-7	(14,16)
9.0809063172043247136507e-7	(14,17)
8.1332021659556140371783e-7	(14,18)
6.9843358796830392946032e-7	(14,19)
5.7257377810193647280162e-7	(14,20)
4.4551002127982058547274e-7	(14,21)
3.2642061844252062770546e-7	(14,22)
2.2275252199943003352663e-7	(14,23)
1.3935347532119158050272e-7	(14,24)
7.803261695439941632661e-8	(14,25)
3.763255962687512850921e-8	(14,26)
1.460309707275350511149e-8	(14,27)
3.97189004250658693469e-9	(14,28)
5.3002652035160725073e-10	(14,29)
6.63981558733249694e-12	(14,30)
4.00425449180822244146e-9	(15,1)
3.59697725233639552388e-8	(15,2)
9.95008818549792666621e-8	(15,3)
1.9363796246040295506612e-7	(15,4)
3.1656873203962354513609e-7	(15,5)
4.6525463023752966880447e-7	(15,6)
6.350527189975432361283e-7	(15,7)
8.1942678904708916750644e-7	(15,8)
1.00984756340658732217868e-6	(15,9)
1.19597132380156442217821e-6	(15,10)
1.36615535575516293660795e-6	(15,11)
1.50831762787577755074827e-6	(15,12)
1.61108268245667630044966e-6	(15,13)
1.66508671403784745133699e-6	(15,14)
1.66425685438929578140621e-6	(15,15)
1.60684804092914687712318e-6	(15,16)
1.49602762982499320739058e-6	(15,17)
1.33984840312891476369232e-6	(15,18)
1.15054080632920059108218e-6	(15,19)
9.4317143725588727287738e-7	(15,20)
7.3383557525967962433231e-7	(15,21)
5.376518961586768778677e-7	(15,22)
3.6688433119524800248897e-7	(15,23)
2.2951353682882343157958e-7	(15,24)
1.2851448136862426980032e-7	(15,25)
6.197647149470361514173e-8	(15,26)
2.404901995408020040676e-8	(15,27)
6.54095798720300500015e-9	(15,28)
8.7284294288803699738e-10	(15,29)
1.093431710001449667e-11	(15,30)
6.31136511883138503561e-9	(16,1)
5.669428892484244843381e-8	(16,2)
1.5682975595991188923346e-7	(16,3)
3.0520508771991064199171e-7	(16,4)
4.9896336110853271344906e-7	(16,5)
7.3331430970423153825727e-7	(16,6)
1.00093818540299429814372e-6	(16,7)
1.29153034198661102524754e-6	(16,8)
1.59164408421521704605649e-6	(16,9)
1.8849726521216558305634e-6	(16,10)
2.15316239708078332433702e-6	(16,11)
2.37716875302477267937327e-6	(16,12)
2.53906334828023604686404e-6	(16,13)
2.62409175401314020858777e-6	(16,14)
2.62268998944880935541745e-6	(16,15)
2.53211811263159328990587e-6	(16,16)
2.35738010941008841203819e-6	(16,17)
2.11117913432222063077479e-6	(16,18)
1.81279956541874940975717e-6	(16,19)
1.48599061951835396273039e-6	(16,20)
1.15611660338015467123112e-6	(16,21)
8.4699682602278607273291e-7	(16,22)
5.779473522393560091695e-7	(16,23)
3.615324088834485962683e-7	(16,24)
2.0242894578207374606565e-7	(16,25)
9.761830771815395705026e-8	(16,26)
3.787811642061708802847e-8	(16,27)
1.030200958175292389692e-8	(16,28)
1.37470528356808668087e-9	(16,29)
1.722112689315585122e-11	(16,30)
9.56702673256782759045e-9	(17,1)
8.593953099389093764967e-8	(17,2)
2.3772892585499959472781e-7	(17,3)
4.6264193061498388436603e-7	(17,4)
7.5634702142653457999858e-7	(17,5)
1.11158103850037310394103e-6	(17,6)
1.51724517472809354850798e-6	(17,7)
1.95771450000507676228467e-6	(17,8)
2.41260001943426178183422e-6	(17,9)
2.85717694745305755554378e-6	(17,10)
3.2636187694312724600031e-6	(17,11)
3.60305451914328389743651e-6	(17,12)
3.84830995845368423264666e-6	(17,13)
3.97702817092637078171332e-6	(17,14)
3.97472652490580578399184e-6	(17,15)
3.83727163921561710591067e-6	(17,16)
3.57227084422176060755452e-6	(17,17)
3.19900015491493994356522e-6	(17,18)
2.74670512874742207267086e-6	(17,19)
2.25138910811274570806938e-6	(17,20)
1.75149181304840876046539e-6	(17,21)
1.28310024250469644471349e-6	(17,22)
8.7546824789609594484034e-7	(17,23)
5.4761368937416689274066e-7	(17,24)
3.0660332195411016389478e-7	(17,25)
1.4784802088065150820184e-7	(17,26)
5.736618176948417041903e-8	(17,27)
1.560186856726837288762e-8	(17,28)
2.08187892574326176168e-9	(17,29)
2.607972305996630015e-11	(17,30)
1.401143923786888905944e-8	(18,1)
1.2586318583556988672178e-7	(18,2)
3.4816702775657145812397e-7	(18,3)
6.7756378840566501353772e-7	(18,4)
1.10770812495802695799832e-6	(18,5)
1.6279593631186562839514e-6	(18,6)
2.22205687479778256078343e-6	(18,7)
2.86710859322478541373421e-6	(18,8)
3.53324302822618442558058e-6	(18,9)
4.18423799329277263882467e-6	(18,10)
4.77933050517093548141224e-6	(18,11)
5.27623309103545823041569e-6	(18,12)
5.63515178576170859106627e-6	(18,13)
5.82335887809616139586424e-6	(18,14)
5.81967046193428692648389e-6	(18,15)
5.61806881329777332222221e-6	(18,16)
5.22973495743432059687915e-6	(18,17)
4.68293566483525947670547e-6	(18,18)
4.02052685576773906128698e-6	(18,19)
3.29524325543522652414906e-6	(18,20)
2.56336653316623531760367e-6	(18,21)
1.87771339223651450788534e-6	(18,22)
1.28108059107878608686881e-6	(18,23)
8.0127147031217568238745e-7	(18,24)
4.4859488854354901300756e-7	(18,25)
2.1630597370214167632517e-7	(18,26)
8.392445989695480286609e-8	(18,27)
2.282408866885135421232e-8	(18,28)
3.04552060779654934748e-9	(18,29)
3.815079549358259676e-11	(18,30)
1.99047176937606119413e-8	(19,1)
1.7880183511147848435877e-7	(19,2)
4.9460754273124550897229e-7	(19,3)
9.6254884882617929571639e-7	(19,4)
1.57360879954696592606489e-6	(19,5)
2.31266539619204109099834e-6	(19,6)
3.15660871693258293420087e-6	(19,7)
4.07290357648537421150555e-6	(19,8)
5.0190960301644934598584e-6	(19,9)
5.94370912353508904910635e-6	(19,10)
6.78881843122517042613833e-6	(19,11)
7.49434273303078174696876e-6	(19,12)
8.00375782338708419626653e-6	(19,13)
8.27059680265625071046444e-6	(19,14)
8.26481167834320026841499e-6	(19,15)
7.97791527019275943179204e-6	(19,16)
7.42585954261784841708883e-6	(19,17)
6.64886214047271297955646e-6	(19,18)
5.70784579080596253119754e-6	(19,19)
4.67773554771865205155564e-6	(19,20)
3.63845875519010836864513e-6	(19,21)
2.66498736620954596903721e-6	(19,22)
1.81803771614859446409982e-6	(19,23)
1.13702266898251568842071e-6	(19,24)
6.3651713235241064510804e-7	(19,25)
3.0689851986676436922571e-7	(19,26)
1.1906668486752628787122e-7	(19,27)
3.237994726024708360146e-8	(19,28)
4.32047276706494164992e-9	(19,29)
5.412111808085662977e-11	(19,30)
2.752168472318524314585e-8	(20,1)
2.4722417547984983585535e-7	(20,2)
6.83879386748117311843e-7	(20,3)
1.33088630468038762955179e-6	(20,4)
2.17577293814321758061873e-6	(20,5)
3.19762094581676045639212e-6	(20,6)
4.364460396989592703111e-6	(20,7)
5.63128171150790527002285e-6	(20,8)
6.93935473035257842955865e-6	(20,9)
8.21747150518530048617704e-6	(20,10)
9.38551467231147688891325e-6	(20,11)
0.00001036039945428034832499241	(20,12)
0.0000110639835872258711775506	(20,13)
0.00001143206204167222030019847	(20,14)
0.0000114231642598362793064901	(20,15)
0.00001102565697082399199119197	(20,16)
0.0000102617088503445870651865	(20,17)
9.18702932561899635269964e-6	(20,18)
7.88592249428416956838303e-6	(20,19)
6.46200098535139190017495e-6	(20,20)
5.02573377753882810821552e-6	(20,21)
3.68068382551711610165237e-6	(20,22)
2.5106684338366800178423e-6	(20,23)
1.57004321582236202922537e-6	(20,24)
8.7884555223450881320305e-7	(20,25)
4.2370364653431276184036e-7	(20,26)
1.6437223994421751501382e-7	(20,27)
4.469837762331080838298e-8	(20,28)
5.96391576002347214191e-9	(20,29)
7.470663740782880907e-11	(20,30)
3.714642997880335949995e-8	(21,1)
3.3368214648686467072524e-7	(21,2)
9.2304171151411858939824e-7	(21,3)
1.79631319749200893117977e-6	(21,4)
2.93665580451068947876584e-6	(21,5)
4.31582049092196296435473e-6	(21,6)
5.89063072353638812086399e-6	(21,7)
7.60029807016888786146722e-6	(21,8)
9.36550539609051170621003e-6	(21,9)
0.00001109009106673422280565034	(21,10)
0.0000126658767777054459704321	(21,11)
0.0000139807025259119353641009	(21,12)
0.00001492911801784719795575799	(21,13)
0.00001542453399372419173726172	(21,14)
0.00001541109788074384465441942	(21,15)
0.00001487326975334944804102942	(21,16)
0.00001384114937476530227086884	(21,17)
0.00001239008970052196600023516	(21,18)
0.00001063398467188693487622584	(21,19)
8.71270642466290188629994e-6	(21,20)
6.77528573142880461106167e-6	(21,21)
4.9613461549276521982166e-6	(21,22)
3.38380533742518888186017e-6	(21,23)
2.11580687188608179920872e-6	(21,24)
1.18421362878087651650785e-6	(21,25)
5.7087183115596927138594e-7	(21,26)
2.2144744633280967049993e-7	(21,27)
6.021538983857793353178e-8	(21,28)
8.03395160772823078765e-9	(21,29)
1.0063470219442175707e-10	(21,30)
4.90668183836458048702e-8	(22,1)
4.407615982869138437628e-7	(22,2)
1.21924743197174087690586e-6	(22,3)
2.37274878064272759849637e-6	(22,4)
3.87900957438256394370234e-6	(22,5)
5.70069215728561874721087e-6	(22,6)
7.78072421883411736734037e-6	(22,7)
0.00001003875128248238810688622	(22,8)
0.00001236992918206470711397816	(22,9)
0.0000146471591874355136052575	(22,10)
0.00001672748285565406446672873	(22,11)
0.00001846271844393125902784434	(22,12)
0.00001971360664200486298194933	(22,13)
0.00002036587813836212457097207	(22,14)
0.00002034594298520070735302458	(22,15)
0.0000196335227504296044732051	(22,16)
0.00001826864985567128464704591	(22,17)
0.00001635110486841194438226014	(22,18)
0.00001403149452700945369895415	(22,19)
0.00001149461300099796842784678	(22,20)
8.93720577994440846961297e-6	(22,21)
6.54346078415451932873867e-6	(22,22)
4.4622063860659883633164e-6	(22,23)
2.78971985011887961217136e-6	(22,24)
1.56120645729380351396706e-6	(22,25)
7.5252577988823265248929e-7	(22,26)
2.918864215201033704071e-7	(22,27)
7.936337550386468058854e-8	(22,28)
1.058817232934690561598e-8	(22,29)
1.3262610026984995087e-10	(22,30)
6.356903758995577670757e-8	(23,1)
5.7103331165697881808835e-7	(23,2)
1.5796077283531629259641e-6	(23,3)
3.07403077926368633313973e-6	(23,4)
5.02545197820505299205019e-6	(23,5)
7.38546325392466015715487e-6	(23,6)
0.00001008006394968165943758489	(23,7)
0.00001300506233488186825593356	(23,8)
0.00001602451640133416023040628	(23,9)
0.00001897364521423935105760478	(23,10)
0.00002166714030840277846557279	(23,11)
0.00002391298006292376509228431	(23,12)
0.00002553079118755582878437844	(23,13)
0.00002637269019340732554714178	(23,14)
0.00002634361385754428280319686	(23,15)
0.00002541765975335863919146502	(23,16)
0.00002364709880341347388269665	(23,17)
0.00002116156854635670931499968	(23,18)
0.00001815643131519964725730658	(23,19)
0.00001487115191556615067483218	(23,20)
0.00001156046150494914178503321	(23,21)
8.46262733570031621555363e-6	(23,22)
5.76998296212634529521622e-6	(23,23)
3.60675977159824494953395e-6	(23,24)
2.01815696269283015555945e-6	(23,25)
9.7266147995891411385836e-7	(23,26)
3.7723247066791555417933e-7	(23,27)
1.0256056247785562171736e-7	(23,28)
1.368224876463682070742e-8	(23,29)
1.7137735523708842717e-10	(23,30)
8.093221522964862767577e-8	(24,1)
7.2700464496911558104062e-7	(24,2)
2.01105828306658088819349e-6	(24,3)
3.91365502952097166365007e-6	(24,4)
6.39804048090884313107278e-6	(24,5)
9.40253398133970413523658e-6	(24,6)
0.00001283283559105758593287571	(24,7)
0.0000165561680192282839814925	(24,8)
0.00002039929913224725573794219	(24,9)
0.00002415227115476697738745371	(24,10)
0.00002757902060160679123806895	(24,11)
0.00003043501547860626948996339	(24,12)
0.00003249068233015286882994521	(24,13)
0.00003355797624453072468100749	(24,14)
0.00003351626973637873610127589	(24,15)
0.00003233311969551879553698148	(24,16)
0.0000300756610236609070480562	(24,17)
0.00002690946710735109821244775	(24,18)
0.000023083608647452083703421	(24,19)
0.0000189030309377942545740995	(24,20)
0.00001469180203252189567190547	(24,21)
0.00001075274902438436550322582	(24,22)
7.33004270449269988453606e-6	(24,23)
4.58112444855482260626758e-6	(24,24)
2.56294792408108000354631e-6	(24,25)
1.23505218725235949605363e-6	(24,26)
4.7894066113048784585293e-7	(24,27)
1.3020080087565284774488e-7	(24,28)
1.736856447114772689088e-8	(24,29)
2.1754359337395904088e-10	(24,30)
1.0142310746600637763801e-7	(25,1)
9.1107182171048021343911e-7	(25,2)
2.52022729054201678454847e-6	(25,3)
4.90451857485130180812758e-6	(25,4)
8.01785213811153859046776e-6	(25,5)
0.00001178285955161230643750623	(25,6)
0.00001608124313027238813126397	(25,7)
0.00002074642971673989956501458	(25,8)
0.00002556110328319468061984485	(25,9)
0.00003026191032292786929128964	(25,10)
0.00003455282276260457170343366	(25,11)
0.00003812731055454318750475063	(25,12)
0.00004069777092674488124020038	(25,13)
0.00004202887583984070724427589	(25,14)
0.00004197002264016472529297096	(25,15)
0.00004048130644709393075913004	(25,16)
0.00003764768449800612320862061	(25,17)
0.00003367738964389190487295943	(25,18)
0.00002888303844966977058935831	(25,19)
0.00002364688276099206541660171	(25,20)
0.00001837469864337476879306211	(25,21)
0.00001344525123017676658006237	(25,22)
9.16355303609673733385381e-6	(25,23)
5.72589449684644628984754e-6	(25,24)
3.20282220288671598695078e-6	(25,25)
1.54315656789255923614358e-6	(25,26)
5.9834207375246020681664e-7	(25,27)
1.6264381893488716394235e-7	(25,28)
2.16949135887986921908e-8	(25,29)
2.7172221994767784487e-10	(25,30)
1.2529085513325466758046e-7	(26,1)
1.12547282522417291176962e-6	(26,2)
3.1133051484048962853786e-6	(26,3)
6.05866604431992211523388e-6	(26,4)
9.9045688560637431949944e-6	(26,5)
0.00001455534035614474152123559	(26,6)
0.00001986467579784439759873506	(26,7)
0.00002562655714722819779181059	(26,8)
0.00003157221994890882931314616	(26,9)
0.00003737601020412115364993692	(26,10)
0.00004267196659944200481769394	(26,11)
0.00004708130713569664307217689	(26,12)
0.00005024888114214708597637402	(26,13)
0.00005188443305743964359421866	(26,14)
0.00005180269861219068995961422	(26,15)
0.00004995541623407089624398864	(26,16)
0.00004644866722681376274953961	(26,17)
0.00004154069794119523029118079	(26,18)
0.00003561835209894532501953843	(26,19)
0.00002915396517582736396310336	(26,20)
0.00002264832966271816130224345	(26,21)
0.00001656833543265289662664684	(26,22)
0.0000112894307750856214676526	(26,23)
7.0527134302823469588931e-6	(26,24)
3.94420336115056345779411e-6	(26,25)
1.90003210738271879994956e-6	(26,26)
7.3661018194899541701476e-7	(26,27)
2.0020607536173554102638e-7	(26,28)
2.670327992330782166282e-8	(26,29)
3.3443762330920715824e-10	(26,30)
1.5276181375896958451025e-7	(27,1)
1.37224095724746439847895e-6	(27,2)
3.79591598703649008282792e-6	(27,3)
7.38703962222957110820824e-6	(27,4)
0.00001207606857377493588698486	(27,5)
0.00001774622097931177843754219	(27,6)
0.00002421888739748339539867646	(27,7)
0.00003124254875938812778552086	(27,8)
0.00003848909840984115481481055	(27,9)
0.00004556104278308593509633684	(27,10)
0.00005201182002130933550847672	(27,11)
0.00005737944271383932786059452	(27,12)
0.00006123107281976339960207207	(27,13)
0.00006321342458356752577526265	(27,14)
0.0000631016630533776750586521	(27,15)
0.00006083833473032795777191899	(27,16)
0.00005655429701105141829212263	(27,17)
0.00005056576964454514711471593	(27,18)
0.00004334529161631579671003283	(27,19)
0.00003546892483612082069772479	(27,20)
0.00002754661972267437940329687	(27,21)
0.00002014627655859754595364901	(27,22)
0.00001372386374434795524799449	(27,23)
8.57148917719322088311452e-6	(27,24)
4.79252899561354241947673e-6	(27,25)
2.30825495800416219158838e-6	(27,26)
8.9472982838081257598827e-7	(27,27)
2.4315233914895369581698e-7	(27,28)
3.242871501636195617332e-8	(27,29)
4.0612713116190873452e-10	(27,30)
1.8403448140548574004766e-7	(28,1)
1.65315927529150227927062e-6	(28,2)
4.57299163290871904899747e-6	(28,3)
8.8992337709475689946795e-6	(28,4)
0.00001454802427930075451523473	(28,5)
0.00002137850090234661508277181	(28,6)
0.00002917519199567129635813983	(28,7)
0.0000376346540260091877132807	(28,8)
0.0000463610675307977682754188	(28,9)
0.00005487499076476981497605036	(28,10)
0.00006263797072050899564580719	(28,11)
0.00006909324373276600718324541	(28,12)
0.00007371960721187607662751748	(28,13)
0.00007609226070178329322227129	(28,14)
0.00007594172750880419586238654	(28,15)
0.00007320062214457120065798895	(28,16)
0.00006802858277234260124791327	(28,17)
0.00006080833271035407137562628	(28,18)
0.00005211028769382700376157187	(28,19)
0.00004262863937727710432572583	(28,20)
0.00003309734563523441164625363	(28,21)
0.00002419877322730451679386019	(28,22)
0.00001647987117487367149916557	(28,23)
0.00001029012145031009841953506	(28,24)
5.75209935574015222854563e-6	(28,25)
2.7698474979190236247874e-6	(28,26)
1.07346930416145728540116e-6	(28,27)
2.9168813638755045785002e-7	(28,28)
3.889833401380205873134e-8	(28,29)
4.8712845586148937354e-10	(28,30)
2.1927456794561254619078e-7	(29,1)
1.96971630067889981473466e-6	(29,2)
5.44864909001541035967331e-6	(29,3)
0.00001060325682005796976145057	(29,4)
0.00001733351432574077090070707	(29,5)
0.00002547136202110362114471693	(29,6)
0.0000347596830334630507805866	(29,7)
0.00004483636689264253774520853	(29,8)
0.00005522909719306296348943104	(29,9)
0.000065365883841833718985485	(29,10)
0.00007460455893083040379270092	(29,11)
0.00008228149172787700340926941	(29,12)
0.0000877759975054837361720858	(29,13)
0.00009058298244853450922902324	(29,14)
0.00009038316236698909850612238	(29,15)
0.00008709861117375583797276165	(29,16)
0.00008092210178246065851733506	(29,17)
0.00007231191406461558917285934	(29,18)
0.00006194914516180672787282003	(29,19)
0.00005066115549575791007503831	(29,20)
0.00003932132308878208494844476	(29,21)
0.00002874036164170529594314803	(29,22)
0.0000195669104343445795828211	(29,23)
0.00001221425978415588132163346	(29,24)
6.82594398761308532338277e-6	(29,25)
3.28621494152159579047257e-6	(29,26)
1.27335605532264556190733e-6	(29,27)
3.4595320772032896058676e-7	(29,28)
4.613044857812286093834e-8	(29,29)
5.7766887031438763899e-10	(29,30)
2.5861026752144543945133e-7	(30,1)
2.32306355194184976338844e-6	(30,2)
6.42607307421449256920429e-6	(30,3)
0.00001250530241108520206343748	(30,4)
0.00002044264894274148837885142	(30,5)
0.00003003962019744696525360352	(30,6)
0.00004099248577068931182995992	(30,7)
0.00005287346327556966874446167	(30,8)
0.00006512461584089524519093364	(30,9)
0.00007707040434962706373880148	(30,10)
0.00008795269378237069813913619	(30,11)
0.00009698848773262369258298663	(30,12)
0.00010344617201245753859913163	(30,13)
0.0001067313845467786136743178	(30,14)
0.00010646984593337321583808595	(30,15)
0.00010257264809176078416012606	(30,16)
0.00009527039177161709781182815	(30,17)
0.00008510642908003769370171194	(30,18)
0.00007288585926169896206815447	(30,19)
0.00005958474250103185467741372	(30,20)
0.00004623168956859044170288331	(30,21)
0.00003377990452365114453913062	(30,22)
0.00002299053790691001290034139	(30,23)
0.00001434709714848051332571511	(30,24)
8.0157091515783022759594e-6	(30,25)
3.85809232328020376503298e-6	(30,26)
1.49465652793483174016848e-6	(30,27)
4.0601611505313723704986e-7	(30,28)
5.413385529109997987583e-8	(30,29)
6.778563451918179338e-10	(30,30)
3.0212781053602966356054e-7	(31,1)
2.71397558943592809706261e-6	(31,2)
7.50740549797553109017946e-6	(31,3)
0.00001460953449209881451959955	(31,4)
0.00002388221898916639319093642	(31,5)
0.00003509320974612123526710427	(31,6)
0.00004788705525080793735545157	(31,7)
0.00006176309840873606207842959	(31,8)
0.00007606840373847241544416563	(31,9)
0.0000900125857092817169388481	(31,10)
0.00010270898025447754914250695	(31,11)
0.00011324244511217248258660523	(31,12)
0.00012075878265035302065246294	(31,13)
0.00012456529827981682339999845	(31,14)
0.00012422758445355510173336739	(31,15)
0.00011964551072859692959107176	(31,16)
0.00011109251961838431019531816	(31,17)
0.00009920694042230882994336523	(31,18)
0.00008493158728126844442176004	(31,19)
0.00006940708141691785537410358	(31,20)
0.00005383329901097131208211655	(31,21)
0.0000393201663276312164153571	(31,22)
0.00002675213157486864576286118	(31,23)
0.00001668920377690718497979893	(31,24)
9.32156856065523533756202e-6	(31,25)
4.48550305914396483279202e-6	(31,26)
1.73736061050559956915093e-6	(31,27)
4.7187012032413853076915e-7	(31,28)
6.290729574866744690303e-8	(31,29)
7.876728492229301298e-10	(31,30)
3.4986738170936113282168e-7	(32,1)
3.14281334847823743470284e-6	(32,2)
8.69364405586277090860776e-6	(32,3)
0.00001691789004763458784266454	(32,4)
0.00002765537379206635272869292	(32,5)
0.0000406367109243194687423122	(32,6)
0.00005544953354333874485294815	(32,7)
0.00007151298181988473767405736	(32,8)
0.00008806958389695454908221803	(32,9)
0.00010420262973368072696308367	(32,10)
0.00011888418659544692474868556	(32,11)
0.00013105404388700392701459367	(32,12)
0.0001397236940943269870523231	(32,13)
0.00014409307088493346675829597	(32,14)
0.00014366263957615278380338789	(32,15)
0.00013832103838963965282935411	(32,16)
0.00012838985895262684105343744	(32,17)
0.00011461261481508150549345849	(32,18)
0.00009808379959161607535915605	(32,19)
0.00008012460884372859245669172	(32,20)
0.00006212224267802833136762966	(32,21)
0.00004535748496409016620237483	(32,22)
0.00003084868200127129005475473	(32,23)
0.00001923840521909050145922742	(32,24)
0.00001074215958367201210327503	(32,25)
5.1677300742709020861571e-6	(32,26)
2.00117104199361437003309e-6	(32,27)
5.4343043316541966622643e-7	(32,28)
7.243910095750621706124e-8	(32,29)
9.0696996851619856901e-10	(32,30)
4.0181949628507520775842e-7	(33,1)
3.60949158820821616748801e-6	(33,2)
9.98455219892127997134782e-6	(33,3)
0.00001942990401655126580944993	(33,4)
0.00003176133534990396456538502	(33,5)
0.00004666893111616536652251854	(33,6)
0.00006367818084854738357559542	(33,7)
0.00008212064873401618137842505	(33,8)
0.00010112473379712244054961356	(33,9)
0.0001196358701087617219383298	(33,10)
0.00013647208327829021122304126	(33,11)
0.00015041518063838864011530904	(33,12)
0.00016033068969343049246850419	(33,13)
0.00016530227830893379955349913	(33,14)
0.00016476049945937705214914129	(33,15)
0.00015858300789141581612389512	(33,16)
0.00014714510757802780363971827	(33,17)
0.00013130590440798921847311694	(33,18)
0.00011232563199275104263554906	(33,19)
0.00009172203259851608334450095	(33,20)
0.00007108550868629795484205272	(33,21)
0.0000518815485116088148828195	(33,22)
0.00003527265705701838256137948	(33,23)
0.00002198970768456393294009566	(33,24)
0.00001227454648461748647873695	(33,25)
5.90330019068806363368096e-6	(33,26)
2.28549803319887037186315e-6	(33,27)
6.2053289024344551435008e-7	(33,28)
8.270702798685593431786e-8	(33,29)
1.03546694182346132354e-9	(33,30)
4.5792192757284119912002e-7	(34,1)
4.11345129322866410109488e-6	(34,2)
0.00001137858281322059400677321	(34,3)
0.00002214256090198915750544393	(34,4)
0.00003619515625787546030700735	(34,5)
0.00005318255050953841348357171	(34,6)
0.00007256289516482448745900115	(34,7)
0.00009357284679680205754772262	(34,8)
0.00011521714105281325052385471	(34,9)
0.0001362919092308000718243795	(34,10)
0.00015544848418126681630489514	(34,11)
0.00017129794734998937575680152	(34,12)
0.00018254842904644484402467378	(34,13)
0.00018815870643175970027095102	(34,14)
0.00018748492742245816601431414	(34,15)
0.00018039428705740146932320224	(34,16)
0.0001673215723683116233488262	(34,17)
0.00014925197593766250319038039	(34,18)
0.00012762545775993546707141164	(34,19)
0.00010417203284699242095343075	(34,20)
0.0000807007897306280944463936	(34,21)
0.0000588752830541702182247895	(34,22)
0.00004001194399541641929110461	(34,23)
0.00002493527257775036231495726	(34,24)
0.00001391421157631573550669807	(34,25)
6.689982118306953029032e-6	(34,26)
2.58945920848880557185691e-6	(34,27)
7.0293408976768950936156e-7	(34,28)
9.367829149630897903862e-8	(34,29)
1.17275114130133609262e-9	(34,30)
5.1805727601243534672635e-7	(35,1)
4.65363783813397713141015e-6	(35,2)
0.00001287281784306335729382797	(35,3)
0.00002505017743090877822040056	(35,4)
0.00004094752846876651491890355	(35,5)
0.00006016384269068781845873944	(35,6)
0.00008208483468235395108304649	(35,7)
0.00010584505626058046021298803	(35,8)
0.00013031622513553993091076204	(35,9)
0.00015413395420598676786257579	(35,10)
0.00017577051887550440015184033	(35,11)
0.00019365387022185717976179327	(35,12)
0.00020632368924268024776862602	(35,13)
0.00021260563238181872016171902	(35,14)
0.0002117773180045332818788519	(35,15)
0.00020369629252944152048129708	(35,16)
0.00018886274453059282852997782	(35,17)
0.00016839840606913287752248594	(35,18)
0.00014393669319403830876661566	(35,19)
0.0001174351583064723590585857	(35,20)
0.00009093644505291520129162965	(35,21)
0.00006631485503553680249041495	(35,22)
0.00004504987049089282178766262	(35,23)
0.00002806444081926092036109154	(35,24)
0.00001565507440706441756143364	(35,25)
7.52479801508233034724438e-6	(35,26)
2.91188482486104911287506e-6	(35,27)
7.9031296319360558492388e-7	(35,28)
1.0530978716877212386293e-7	(35,29)
1.31828095791707013235e-9	(35,30)
5.8205126328695221335878e-7	(36,1)
5.22848566520943145020909e-6	(36,2)
0.00001446292593368616199426348	(36,3)
0.00002814432029703483215077427	(36,4)
0.00004600464946906284310486574	(36,5)
0.00006759247978492717744703912	(36,6)
0.00009221615594956508515608076	(36,7)
0.00011890116027719201884432272	(36,8)
0.00014637714533456809447710244	(36,9)
0.0001731083753556951136411605	(36,10)
0.0001973761618575600526856235	(36,11)
0.00021741343581860613646980158	(36,12)
0.00023158091745263540250595843	(36,13)
0.00023856343263409936232067654	(36,14)
0.00023755638484732782002536675	(36,15)
0.00022840877295860138371766817	(36,16)
0.00021169218222210942918958132	(36,17)
0.00018867515555164594896874131	(36,18)
0.0001611978451524178540973721	(36,19)
0.00013145992243495656240551261	(36,20)
0.00010175161886607495806710657	(36,21)
0.0000741697885749442514627626	(36,22)
0.00005036530416929231863504404	(36,23)
0.0000313638062021399459695719	(36,24)
0.00001748953832772730930931148	(36,25)
8.40404820403656457440697e-6	(36,26)
3.25132807694538971604241e-6	(36,27)
8.8227372547804982188837e-7	(36,28)
1.1754849862645724843753e-7	(36,29)
1.47139098221351054572e-9	(36,30)
6.4967182515849607331003e-7	(37,1)
5.83591013705697277444325e-6	(37,2)
0.00001614313992320405746315352	(37,3)
0.00003141376254293005508644151	(37,4)
0.00005134815166406093893623333	(37,5)
0.00007544143060448447237730885	(37,6)
0.00010291987923824220549648582	(37,7)
0.00013269327979715159159324259	(37,8)
0.00016334061239024971228649598	(37,9)
0.00019314450718280692999880277	(37,10)
0.00022018404048150630913827294	(37,11)
0.00024248592711993701681330292	(37,12)
0.00025822211707807117474312544	(37,13)
0.00026592953851188898524988526	(37,14)
0.00026471819830688390959427758	(37,15)
0.00025442993190725240511546896	(37,16)
0.00023571371082391456693436191	(37,17)
0.00020999482848075164625939741	(37,18)
0.00017933280330857101016929447	(37,19)
0.00014618309962262435774499284	(37,20)
0.00011309651350078043953731271	(37,21)
0.00008240319522463684961601869	(37,22)
0.00005593282809817400897317085	(37,23)
0.00003481733572906435974621254	(37,24)
0.00001940856305312350867244567	(37,25)
9.32334828045860502484522e-6	(37,26)
3.60608015914621939177367e-6	(37,27)
9.7835010795351668070231e-7	(37,28)
1.3033207444216859403729e-7	(37,29)
1.63129930902413150691e-9	(37,30)
7.2062906411689894197957e-7	(38,1)
6.47330711286427799072376e-6	(38,2)
0.00001790625570069361996623667	(38,3)
0.0000348444815270431049783896	(38,4)
0.00005695509976479327304283524	(38,5)
0.00008367695878280917451669645	(38,6)
0.00011414989048634029887511065	(38,7)
0.00014716178488630905084301092	(38,8)
0.00018113291784364338569257144	(38,9)
0.00021415470760628237634861335	(38,10)
0.00024409353842398304944183405	(38,11)
0.00026875958636779898804137924	(38,12)
0.00028612708331758880955373525	(38,13)
0.00029457875281641661107264428	(38,14)
0.0002931365834630469574877857	(38,15)
0.0002816368974783201659951263	(38,16)
0.0002608119440758759157201714	(38,17)
0.00023225321637283762619858789	(38,18)
0.00019825137407430276708618539	(38,19)
0.00016153021654062156709050874	(38,20)
0.0001249128117163849632227281	(38,21)
0.00009097211083635215017378312	(38,22)
0.00006172298779224098447313326	(38,23)
0.0000384065336905395864794925	(38,24)
0.00002140176117626646232195401	(38,25)
0.00001027767753144765290319797	(38,26)
3.97418963728086826802009e-6	(38,27)
1.07801074601147705137278e-6	(38,28)
1.4358955764860260100128e-7	(38,29)
1.79711674228736752318e-9	(38,30)
7.9457610808430292287495e-7	(39,1)
7.13756066365134053642797e-6	(39,2)
0.00001974365357820771465330367	(39,3)
0.0000384197007024283012436187	(39,4)
0.00006279805979074189830828717	(39,5)
0.00009225872613342235885077329	(39,6)
0.00012585108680126545411602029	(39,7)
0.00016223549114121143187476667	(39,8)
0.0001996661912232069634059223	(39,9)
0.00023603468652585482199310717	(39,10)
0.00026898520595461904703259284	(39,11)
0.00029610211528456390045714168	(39,12)
0.00031515399704175470033189227	(39,13)
0.00032436393388670877686487041	(39,14)
0.00032266388155736616819784797	(39,15)
0.00030988653812340683610812337	(39,16)
0.00028685312209408866676732383	(39,17)
0.00025533012024283558652640121	(39,18)
0.00021785004749807829837041047	(39,19)
0.00017741622921452829178175457	(39,20)
0.0001371342390945818703032622	(39,21)
0.000099827931677477341372907	(39,22)
0.00006770260361373778186356109	(39,23)
0.00004211064523133789572959876	(39,24)
0.00002345751604778727819218571	(39,25)
0.00001126143733642457928462887	(39,26)
4.35348558714672060258696e-6	(39,27)
1.18066556874035104847139e-6	(39,28)
1.5724224687943660944704e-7	(39,29)
1.9678576356332872018e-9	(39,30)
8.7111090476707760540816e-7	(40,1)
7.8250591922464031052677e-6	(40,2)
0.00002164534291064060276518162	(40,3)
0.00004211997662780792533871269	(40,4)
0.00006884524198238202733304099	(40,5)
0.00010114000452545766475335476	(40,6)
0.000137959669836696648956866	(40,7)
0.00017783204641368131161033199	(40,8)
0.00021883889086853390212409908	(40,9)
0.00025866410959616907109106975	(40,10)
0.00029472148227610126375757251	(40,11)
0.00032436151649677849409555522	(40,12)
0.00034514037855856560322290566	(40,13)
0.00035511704572769024225531712	(40,14)
0.00035313207015083912689822859	(40,15)
0.00033901661657414314389328746	(40,16)
0.00031368625532040433915629035	(40,17)
0.00027909043770285826276617039	(40,18)
0.00023801298326394444184586383	(40,19)
0.00019374637226901701482102204	(40,20)
0.00014968725436126688599075421	(40,21)
0.00010891693980129926557985809	(40,22)
0.00007383514107672197504842241	(40,23)
0.00004590689435141127534822228	(40,24)
0.00002556311801560010328603324	(40,25)
0.00001226851803002768798965439	(40,26)
4.74160388955080887960171e-6	(40,27)
1.28567302022728848773106e-6	(40,28)
1.7120466604507799956767e-7	(40,29)
2.14245207708456267171e-9	(40,30)
9.4977896325254219195994e-7	(41,1)
8.53172006210247701176072e-6	(41,2)
0.00002360003025017992118836544	(41,3)
0.00004592333176110216076735146	(41,4)
0.00007506071849331873215296691	(41,5)
0.00011026799747190264967849729	(41,6)
0.00015040358848853385613948494	(41,7)
0.00019385850934343854091791625	(41,8)
0.00023853652959847648869877673	(41,9)
0.00028190747762578116120876021	(41,10)
0.00032114772892907230937995645	(41,11)
0.00035336727305484375751674707	(41,12)
0.00037590439542704590909060056	(41,13)
0.00038665056519893138141739994	(41,14)
0.00038435422972303266099782423	(41,15)
0.00036884726665851438488179424	(41,16)
0.00034114455694618549696713772	(41,17)
0.00030338549649280657585508184	(41,18)
0.00025861319734342016171538879	(41,19)
0.00021041716328067625655339486	(41,20)
0.00016249185296244720415861114	(41,21)
0.00011818090599739860597298733	(41,22)
0.00008008113053751447568740687	(41,23)
0.00004977075071904999818764833	(41,24)
0.00002770491574079125417757266	(41,25)
0.00001329237259133193307185566	(41,26)
5.13601603140768895791477e-6	(41,27)
1.39234793258265597856461e-6	(41,28)
1.8538561826931548188735e-7	(41,29)
2.31975911218308746561e-9	(41,30)
1.03007703557339183363054e-6	(42,1)
9.2530226695179495388329e-6	(42,2)
0.00002559521085308099245793657	(42,3)
0.00004980543267288347279287913	(42,4)
0.00008140471523991051654815422	(42,5)
0.00011958427043461751973533849	(42,6)
0.00016310312936538207036810359	(42,7)
0.00021021211734349168704320705	(42,8)
0.00025863263169076727737857842	(42,9)
0.00030561527642231804288691581	(42,10)
0.00034809356690483736747963318	(42,11)
0.00038293185599276711098715478	(42,12)
0.00040724651116615072307916982	(42,13)
0.00041875922986356600517478983	(42,14)
0.00041612633726930935789983409	(42,15)
0.00039918277113151158660057357	(42,16)
0.00036904714051196780940381245	(42,17)
0.00032805461098506058608424949	(42,18)
0.00027951392703201890366957391	(42,19)
0.00022731754237330348872546554	(42,20)
0.00017546246731481833706092595	(42,21)
0.00012755775746137610291900449	(42,22)
0.0000863986270862258414180775	(42,23)
0.0000536762193423563310908705	(42,24)
0.00002986847916445036138772101	(42,25)
0.0000143260954741892738660548	(42,26)
5.53405974961366756140037e-6	(42,27)
1.49996986854009416275898e-6	(42,28)
1.9968929963724244147973e-7	(42,29)
2.49858069840260402176e-9	(42,30)
1.11145771166993278844508e-6	(43,1)
9.9840497205232731166393e-6	(43,2)
0.00002761728287717179091641509	(43,3)
0.0000537398123848102114898795	(43,4)
0.00008783397576349981722979391	(43,5)
0.00012902528661662792138741927	(43,6)
0.00017597165045052891852342909	(43,7)
0.00022678123778343679882945603	(43,8)
0.00027898991287329767085397523	(43,9)
0.00032962538632583023621767114	(43,10)
0.00037537450384136605006133224	(43,11)
0.0004128525431108141570581752	(43,12)
0.00043895145470764079814108573	(43,13)
0.00045122210316063344682931172	(43,14)
0.00044822936089058124036902954	(43,15)
0.00042981361274709597747093577	(43,16)
0.00039720095436381054728260679	(43,17)
0.00035292683419243292947331373	(43,18)
0.00030057014911438208622340747	(43,19)
0.0002443301251421641398815336	(43,20)
0.00018850894588156905294491067	(43,21)
0.00013698229663001541882525473	(43,22)
0.00009274370113860338876521494	(43,23)
0.00005759614704002934804497787	(43,24)
0.00003203877068818190995443077	(43,25)
0.00001536250490734697530679884	(43,26)
5.93297086607019871046784e-6	(43,27)
1.60779175596832853174056e-6	(43,28)
2.140164490213686538247e-7	(43,29)
2.67767609343090985053e-9	(43,30)
1.19333488192887360298245e-6	(44,1)
0.00001071953630076959430850281	(44,2)
0.00002965168313026675336154562	(44,3)
0.00005769813460819420209225683	(44,4)
0.00009430219344306382899229392	(44,5)
0.00013852304279046255431960576	(44,6)
0.00018891645035875966109393405	(44,7)
0.00024344649226516699295244614	(44,8)
0.00029946167034992806997084758	(44,9)
0.00035376473524541188144709882	(44,10)
0.00040279383165098409011163671	(44,11)
0.00044291352575631614476952868	(44,12)
0.00047079048392977661388666404	(44,13)
0.0004838049272553089886451878	(44,14)
0.00048043162356695240504828436	(44,15)
0.00046051876575891055057052898	(44,16)
0.00042540292054706379476355634	(44,17)
0.00037782287471795332289160716	(44,18)
0.0003216302237799631268267689	(44,19)
0.00026133254570530747678286614	(44,20)
0.00020153759257426213294295773	(44,21)
0.00014638695740412459893748347	(44,22)
0.00009907095023762581584050067	(44,23)
0.00006150253975240011167874609	(44,24)
0.00003420032123350686272737158	(44,25)
0.0000163942270615688256054419	(44,26)
6.32991569487713670033909e-6	(44,27)
1.71504864675516117716853e-6	(44,28)
2.2826551171517950158797e-7	(44,29)
2.85577639892362525894e-9	(44,30)
1.27509000271958516149818e-6	(45,1)
0.00001145392615826533935742588	(45,2)
0.00003168304276376586541845159	(45,3)
0.00006165049675230320755492753	(45,4)
0.00010076050691992084742729439	(45,5)
0.00014800579755369995386083184	(45,6)
0.00020183976267356400484912883	(45,7)
0.00026008204017465162284806186	(45,8)
0.00031989336540652800817590112	(45,9)
0.00037785117386754544208055267	(45,10)
0.00043014476928297358614316838	(45,11)
0.00047288827447267136677229677	(45,12)
0.00050252391073082195486541266	(45,13)
0.00051626272837636736093051708	(45,14)
0.00051249139937811307637645303	(45,15)
0.00049106819094670103922959719	(45,16)
0.00045344224259148395347692091	(45,17)
0.00040255714593500485158759839	(45,18)
0.00034253763564330665591933708	(45,19)
0.00027819886611802504755053661	(45,20)
0.00021445224790792200546585613	(45,21)
0.00015570258518074829708187364	(45,22)
0.0001053340228703199557503818	(45,23)
0.00006536688500869580734794322	(45,24)
0.00003633740804312219293840632	(45,25)
0.00001741378059404350233835307	(45,26)
6.72202345208027962866068e-6	(45,27)
1.82096644706738202664876e-6	(45,28)
2.4233379664309172523332e-7	(45,29)
3.03159900750130566908e-9	(45,30)
1.35607908252256603142551e-6	(46,1)
0.00001218143445868867010570085	(46,2)
0.00003369536086302334258577157	(46,3)
0.00006556576771193531014760535	(46,4)
0.00010715805219552348470130271	(46,5)
0.00015739888235968461432987993	(46,6)
0.00021463986209616155622262642	(46,7)
0.00027655700420829804240294921	(46,8)
0.00034012437696876205527977847	(46,9)
0.00040169554695512652196115787	(46,10)
0.0004572128201864013114920815	(46,11)
0.0005025421291102206519913782	(46,12)
0.00053390384997602730911514237	(46,13)
0.00054834263476974837898895006	(46,14)
0.00054415970145402448372123431	(46,15)
0.00052122549416614678690444482	(46,16)
0.00048110284449567929860548594	(46,17)
0.00042693991345265258417641855	(46,18)
0.00036313280276040463107504592	(46,19)
0.00029480102848760422113372504	(46,20)
0.00022715539377174651516567649	(46,21)
0.00016485922767790417803390269	(46,22)
0.00011148614563779375497171321	(46,23)
0.00006916047428161037369568025	(46,24)
0.00003843423135846257044448367	(46,25)
0.00001841366022675265588026936	(46,26)
7.10641815987845962764189e-6	(46,27)
1.92477048366809013999482e-6	(46,28)
2.561186093575176339542e-7	(46,29)
3.20386173186357391545e-9	(46,30)
1.43564028976716400593457e-6	(47,1)
0.00001289611612500129476156724	(47,2)
0.00003567219347693636809080189	(47,3)
0.00006941195564931764308265382	(47,4)
0.00011344256357099441239164576	(47,5)
0.00016662558379003213477438846	(47,6)
0.00022721226661087167636602873	(47,7)
0.00029273701739254500239259005	(47,8)
0.00035998990070564896016335323	(47,9)
0.0004251039304075120946024191	(47,10)
0.00048377830951544090648024115	(47,11)
0.00053163507444832781291048129	(47,12)
0.00056467715036836142917255855	(47,13)
0.00057978686364770133896597207	(47,14)
0.00057518321794543555210416943	(47,15)
0.00055075070631371299596286678	(47,16)
0.00050816590202223431270976234	(47,17)
0.00045077950654413608164801542	(47,18)
0.0003832549247970935227280029	(47,19)
0.00031101032680387907909999627	(47,20)
0.00023954926453969106487243299	(47,21)
0.00017378692438771537493639911	(47,22)
0.00011748064583109565258293764	(47,23)
0.00007285472047823837177593181	(47,24)
0.00004047508743097316678638906	(47,25)
0.00001938641818394850878490111	(47,26)
7.48024960636502483295121e-6	(47,27)
2.02569379053163782221594e-6	(47,28)
2.6951834570807663169461e-7	(47,29)
3.37129642879114046361e-9	(47,30)
1.51310206875410048067125e-6	(48,1)
0.00001359193874068437307176384	(48,2)
0.00003759685526325020290312659	(48,3)
0.0000731566002751342496714001	(48,4)
0.00011956101444316529983178934	(48,5)
0.00017560808385983070432209054	(48,6)
0.00023945101762982146149233007	(48,7)
0.00030848586831262197988721539	(48,8)
0.0003793229649751118924264891	(48,9)
0.00044788000009348301473095219	(48,10)
0.00050961906229980496951945929	(48,11)
0.00055992465864486284280871061	(48,12)
0.00059458846191240889004850546	(48,13)
0.00061033583072843997210946527	(48,14)
0.00060530735029632658309411217	(48,15)
0.00057940314145232559427201759	(48,16)
0.00053441242710375425853193234	(48,17)
0.00047388455960944980676571806	(48,18)
0.00040274384239753553593352488	(48,19)
0.000326698876656410150626206	(48,20)
0.00025153694844256472119047	(48,21)
0.00018241648356310239366787625	(48,22)
0.00012327146230684780166908159	(48,23)
0.00007642146640053612520965446	(48,24)
0.00004244453567752324366302807	(48,25)
0.0000203247424938425796372702	(48,26)
7.84072299451023776401627e-6	(48,27)
2.12298502028673791627035e-6	(48,28)
2.8243353382077838959028e-7	(48,29)
3.53266196556482104283e-9	(48,30)
1.58779163738368198339947e-6	(49,1)
0.00001426285888225945579840609	(49,2)
0.00003945263061200036755643659	(49,3)
0.00007676718352432581655576216	(49,4)
0.00012546028798370983499341949	(49,5)
0.00018426844371556693701687589	(49,6)
0.00025125001817543376745799497	(49,7)
0.0003236672189037017190894382	(49,8)
0.00039795653216052953201769414	(49,9)
0.00046982749547430624012621277	(49,10)
0.0005345131807554966519434378	(49,11)
0.00058716900896276509608712136	(49,12)
0.00062338339219579228384269007	(49,13)
0.00063973133414553247358654875	(49,14)
0.00063427930705040219146916217	(49,15)
0.00060694428959663775219183888	(49,16)
0.00055962586664597726178085787	(49,17)
0.00049606625079952594239488169	(49,18)
0.00042144188120811355532599991	(49,19)
0.00034174106253413053278233393	(49,20)
0.00026302346456300423124198869	(49,21)
0.00019068023685524342096732383	(49,22)
0.00012881363847159928144304082	(49,23)
0.00007983328062444009207005179	(49,24)
0.00004432755815395303035071919	(49,25)
0.00002122153134156555071882511	(49,26)
8.18512698651337260767641e-6	(49,27)
2.21591590504549986784692e-6	(49,28)
2.9476781472407987248197e-7	(49,29)
3.68675641029871085716e-9	(49,30)
1.6590437301488478185161e-6	(50,1)
0.00001490290065459530133585638	(50,2)
0.00004122299085490485608666532	(50,3)
0.00008021155202890722290082829	(50,4)
0.00013108786692917870033045237	(50,5)
0.00019252961493359657995929069	(50,6)
0.00026250440763563183793757919	(50,7)
0.00033814636728768871104610004	(50,8)
0.00041572565180846089617776192	(50,9)
0.00049075273876023095028997886	(50,10)
0.00055824187668487313127618449	(50,11)
0.00061312989725585838527622704	(50,12)
0.00065081170221121465717084991	(50,13)
0.0006677197636373367990375074	(50,14)
0.00066185120627723489275318824	(50,15)
0.00063314070122507947132908793	(50,16)
0.00058359467819152372815977239	(50,17)
0.0005171405065324336300578055	(50,18)
0.00043919565581690051824985286	(50,19)
0.00035601494419036426796239471	(50,20)
0.00027391680240662347489082668	(50,21)
0.00019851276300473528785668733	(50,22)
0.00013406379212430803182573146	(50,23)
0.00008306373786430431255675253	(50,24)
0.00004610970987802468148722948	(50,25)
0.00002206996283643761498140122	(50,26)
8.51085991882739614707885e-6	(50,27)
2.30378821012930362539505e-6	(50,28)
3.0642885449746126405212e-7	(50,29)
3.83242835953756122401e-9	(50,30)
1.7262094422380295539288e-6	(51,1)
0.00001550623513412155851430206	(51,2)
0.00004289181397968932432984609	(51,3)
0.00008345834442460124632687828	(51,4)
0.00013639253111990905912359534	(51,5)
0.00020031646178120165904576813	(51,6)
0.00027311195051988439587418839	(51,7)
0.00035179202680326633254782691	(51,8)
0.00043246963049107155482110597	(51,9)
0.00051046716883098931197454905	(51,10)
0.00058059231353938047528106999	(51,11)
0.00063757580663843873142259928	(51,12)
0.00067663049187032838736734474	(51,13)
0.0006940552859609229801092894	(51,14)
0.00068778314038741311337636255	(51,15)
0.00065776682187152328888575219	(51,16)
0.00060611484666181146443982793	(51,17)
0.00053693014266017696388373715	(51,18)
0.00045585781095504478965777453	(51,19)
0.00036940360550291787605945802	(51,20)
0.00028412891266395654353503892	(51,21)
0.0002058515732873314894576253	(51,22)
0.00013898055783070641161685496	(51,23)
0.00008608768148304366255597896	(51,24)
0.00004777725887033797852166605	(51,25)
0.00002286355972025227356943901	(51,26)
8.81545402672883889724029e-6	(51,27)
2.38594014146445220545495e-6	(51,28)
3.1732918311653965618641e-7	(51,29)
3.96858734521864762292e-9	(51,30)
1.78866502582344501771436e-6	(52,1)
0.00001606725938224381512597874	(52,2)
0.00004444360315015983222695943	(52,3)
0.00008647741629999655918639679	(52,4)
0.00014132505105991362500352578	(52,5)
0.00020755677728400237188011337	(52,6)
0.00028297441598061728613480301	(52,7)
0.00036447809160544731426671883	(52,8)
0.00044803418251172481073049114	(52,9)
0.00052878984842256079271744061	(52,10)
0.00060136041220392627050454768	(52,11)
0.00066028495060656230466906833	(52,12)
0.00070060732568453941830550059	(52,13)
0.0007185029583513092139908452	(52,14)
0.00071184615853360330363807095	(52,15)
0.00068060773704578054657848675	(52,16)
0.00062699230860758887787763354	(52,17)
0.00055526691537986294873568946	(52,18)
0.00047128867956480611660958982	(52,19)
0.00038179643127276365132913714	(52,20)
0.0002935766394360668171106811	(52,21)
0.00021263775267334964320210294	(52,22)
0.00014352499837758245019703051	(52,23)
0.00008888146635827979764464794	(52,24)
0.00004931731508863769560910846	(52,25)
0.00002359624868996113890880917	(52,26)
9.09659757359100630749005e-6	(52,27)
2.46175218256342035826442e-6	(52,28)
3.2738695717233759555723e-7	(52,29)
4.09421328808198925862e-9	(52,30)
1.8458204878210394354726e-6	(53,1)
0.00001658067367519438895090286	(53,2)
0.00004586370028867171478097221	(53,3)
0.00008924025551261438625268077	(53,4)
0.00014583886563808749985854925	(53,5)
0.00021418227576666400786960005	(53,6)
0.00029199892466102288491539195	(53,7)
0.00037608535902141131499475749	(53,8)
0.00046227352546351225255250026	(53,9)
0.00054554990314546505621161693	(53,10)
0.00062035357490182184123676052	(53,11)
0.00068104819659728773974626119	(53,12)
0.0007225232502583369469453141	(53,13)
0.00074084172349235758872999928	(53,14)
0.00073382512387168108243707286	(53,15)
0.00070146179013065447520269881	(53,16)
0.00064604525295628111128305439	(53,17)
0.00057199345751512810154655614	(53,18)
0.00048535783967181490449025542	(53,19)
0.00039309029940568957628772651	(53,20)
0.00030218258579170805027750879	(53,21)
0.00021881655183687364946159052	(53,22)
0.00014766098265325378069819801	(53,23)
0.00009142318080626980395001917	(53,24)
0.00005071794770012887876592912	(53,25)
0.0000242624141347763108660087	(53,26)
9.35215482796873828847341e-6	(53,27)
2.5306523497761229783664e-6	(53,28)
3.365266453199514040934e-7	(53,29)
4.20836498545712054972e-9	(53,30)
1.89712783966838968880857e-6	(54,1)
0.00001704155560788371086375871	(54,2)
0.00004713849100919296163942429	(54,3)
0.00009172038065896217131940771	(54,4)
0.00014989073225840899918942265	(54,5)
0.00022012954470495416435329411	(54,6)
0.00030009923969385724426519322	(54,7)
0.00038650317924716530705644286	(54,8)
0.00047505238523852037508377813	(54,9)
0.00056058885174523767333444777	(54,10)
0.00063739328279063764643233108	(54,11)
0.00069967184752440471557162314	(54,12)
0.00074217565719653702420470771	(54,13)
0.00076086724179941952037667087	(54,14)
0.00075352140558643002175014742	(54,15)
0.0007201430386985016123639528	(54,16)
0.00066310627004113153047503112	(54,17)
0.00058696507842494866173959378	(54,18)
0.00049794555432304517269958072	(54,19)
0.00040319067784381302647169593	(54,20)
0.00030987590600871758715774944	(54,21)
0.00022433792621598501631397022	(54,22)
0.00015135552800458802984000258	(54,23)
0.00009369284668894831879438547	(54,24)
0.00005196829036360062114374975	(54,25)
0.00002485694619262746882860955	(54,26)
9.58018387071894209292381e-6	(54,27)
2.5921208647846343750885e-6	(54,28)
3.4467963665222497744449e-7	(54,29)
4.31018763793571677216e-9	(54,30)
1.94208885397856889014238e-6	(55,1)
0.00001744542976805616493149311	(55,2)
0.00004825559729646459850710027	(55,3)
0.00009389371569536954984599801	(55,4)
0.0001534413379730020778985232	(55,5)
0.00022534093924517866638979473	(55,6)
0.00030719697940335140620648373	(55,7)
0.00039563100394752252005346599	(55,8)
0.00048624787635666156622063443	(55,9)
0.00057376278861974335255158455	(55,10)
0.000652317524784940157648029	(55,11)
0.00071598023716219610062547448	(55,12)
0.00075938094769809305740462704	(55,13)
0.00077839451975124007234077601	(55,14)
0.00077075536867516893526591633	(55,15)
0.00073648351778433699502419664	(55,16)
0.00067802432363934926064032237	(55,17)
0.00060005140844466809624511773	(55,18)
0.00050894408109984681789639824	(55,19)
0.00041201261740811473054533811	(55,20)
0.00031659301919318403007498647	(55,21)
0.00022915701925803418726253871	(55,22)
0.00015457910571997452205394941	(55,23)
0.00009567259718012524792882891	(55,24)
0.00005305863437657006802674728	(55,25)
0.00002537528311368527638062673	(55,26)
9.77895224462655064113041e-6	(55,27)
2.64569425114201376870675e-6	(55,28)
3.5178477320200395095792e-7	(55,29)
4.39891943183405191688e-9	(55,30)
1.98026219022537282271754e-6	(56,1)
0.00001778833174260979424506037	(56,2)
0.00004920405450817297792331807	(56,3)
0.00009573893405988635996072382	(56,4)
0.00015645586079145590275158049	(56,5)
0.00022976540360321448175097175	(56,6)
0.00031322273044089867663426593	(56,7)
0.00040337980686108314455910627	(56,8)
0.00049575122540986534693155617	(56,9)
0.00058494438193315713919319264	(56,10)
0.00066498301785198036936938116	(56,11)
0.00072981809829960435864868667	(56,12)
0.00077397695842058786702533959	(56,13)
0.00079326029646512821548260789	(56,14)
0.00078536862794114807887283333	(56,15)
0.00075033528195849883844068305	(56,16)
0.00069066652375533642941515115	(56,17)
0.00061113787136247907514684834	(56,18)
0.00051825883983700917791169825	(56,19)
0.00041948163334460932140367882	(56,20)
0.0003222782401458333505546722	(56,21)
0.00023323458777351171977163412	(56,22)
0.00015730590877729525127989002	(56,23)
0.00009734683194380755454869842	(56,24)
0.00005398050968266839640533216	(56,25)
0.00002581344797984197716084161	(56,26)
9.94695048071085438653439e-6	(56,27)
2.69096886713508799220609e-6	(56,28)
3.5778880846942435854355e-7	(56,29)
4.47389720278752454295e-9	(56,30)
2.01126976176582099838543e-6	(57,1)
0.00001806686530911980402041866	(57,2)
0.00004997446952926842353947754	(57,3)
0.00009723776613631829521630884	(57,4)
0.00015890447114198928951976454	(57,5)
0.00023335920473375905279513193	(57,6)
0.00031811704169216295976740967	(57,7)
0.00040967335158191083124453808	(57,8)
0.00050346930796076625550456734	(57,9)
0.00059402465366301580535768353	(57,10)
0.0006752671824205832840372543	(57,11)
0.000741052666285514518393164	(57,12)
0.00078582511207325341081725141	(57,13)
0.00080532515460326040057331877	(57,14)
0.000797226036396195521460924	(57,15)
0.00076157220148596581431455229	(57,16)
0.0007009196808980740973927802	(57,17)
0.00062012697093543773642559096	(57,18)
0.00052580942914088677793855919	(57,19)
0.00042553446981554801636166523	(57,20)
0.00032688432434662490802004264	(57,21)
0.00023653736796592955003879128	(57,22)
0.0001595140813773333852723404	(57,23)
0.00009870234968308359775673449	(57,24)
0.00005472675383318254864517765	(57,25)
0.00002616807986994073088970578	(57,26)
0.00001008290354915879976752711	(57,27)
2.72760389056634910381161e-6	(57,28)
3.6264679427473215955591e-7	(57,29)
4.53456121064061989087e-9	(57,30)
2.03480222931280122182803e-6	(58,1)
0.00001827825178064462472232403	(58,2)
0.00005055915722570284457875187	(58,3)
0.00009837526452006061286442662	(58,4)
0.00016076276446930317721552454	(58,5)
0.00023608656513801206049295747	(58,6)
0.00032183128129708862411739485	(58,7)
0.00041444928424936592451886491	(58,8)
0.00050932597234374459346577541	(58,9)
0.0006009145115240002606248235	(58,10)
0.0006830698405524628510027937	(58,11)
0.00074957548485617047651794426	(58,12)
0.00079481226055403731527856583	(58,13)
0.00081447532595255761354660637	(58,14)
0.00080621738223872653393534514	(58,15)
0.00077009149138220331341639857	(58,16)
0.00070869162557321517148653188	(58,17)
0.00062693937982137912115543766	(58,18)
0.00053153048408473962127797629	(58,19)
0.00043011974283668908211334389	(58,20)
0.00033037292475664237862112711	(58,21)
0.0002390383812079993571854676	(58,22)
0.00016118591006191370463337593	(58,23)
0.00009972845815694985928084179	(58,24)
0.00005529156905743008218882935	(58,25)
0.00002643645958304561923665312	(58,26)
0.00001018578028947114933411683	(58,27)
2.75532377243365990298173e-6	(58,28)
3.6632239838452749367195e-7	(58,29)
4.58045905741041825387e-9	(58,30)
2.05062352117764011688076e-6	(59,1)
0.0000184203706084865619304065	(59,2)
0.00005095225272254497810180686	(59,3)
0.00009914002227938039008509282	(59,4)
0.00016201211715009225556511056	(59,5)
0.0002379201834252781026858691	(59,6)
0.00032432834148504788709809442	(59,7)
0.0004176600318762928232341143	(59,8)
0.00051326312742905295791949289	(59,9)
0.0006055460068598732101950197	(59,10)
0.00068831460907246134830282765	(59,11)
0.00075530388589895717696484164	(59,12)
0.00080085219321082362686088636	(59,13)
0.00082062416656570159419443219	(59,14)
0.00081225877269990036489524149	(59,15)
0.00077581495573221538939205249	(59,16)
0.00071391227961111423746885226	(59,17)
0.00063151482153214449823967949	(59,18)
0.00053537236906483338371637641	(59,19)
0.0004331984582375839518977848	(59,20)
0.00033271495880071218367825299	(59,21)
0.0002407171790069680130657457	(59,22)
0.00016230797640173781123361381	(59,23)
0.00010041706184178028278686205	(59,24)
0.00005567056762381803030734563	(59,25)
0.00002661653003840974166818276	(59,26)
0.00001025480087484256926395854	(59,27)
2.77392017619991078976461e-6	(59,28)
3.6878815528576730632068e-7	(59,29)
4.61124877896176421316e-9	(59,30)
2.05857429789857099130425e-6	(60,1)
0.00001849179050293625535999399	(60,2)
0.00005114979746095263842239632	(60,3)
0.00009952434024022015820046752	(60,4)
0.00016263995926584972438936651	(60,5)
0.00023884163322555084335272556	(60,6)
0.00032558317859764254346276546	(60,7)
0.00041927349042406257262816354	(60,8)
0.00051524157545765555311629677	(60,9)
0.00060787329720507129704449648	(60,10)
0.00069094996485758340097702443	(60,11)
0.00075818211998176988839676611	(60,12)
0.0008038867879038261837222293	(60,13)
0.00082371328112354137066705246	(60,14)
0.00081529368728977643330401874	(60,15)
0.00077868993319975780658185079	(60,16)
0.0007165344687679596972264165	(60,17)
0.00063381273809935524668567611	(60,18)
0.00053730170123654001784394315	(60,19)
0.00043474440212956292267664184	(60,20)
0.00033389088441178328998584898	(60,21)
0.00024156002685965919413393251	(60,22)
0.00016287127134348573008415146	(60,23)
0.00010076272744219033832288359	(60,24)
0.00005586080567201020757741706	(60,25)
0.00002670691146354141195993356	(60,26)
0.00001028944236102972857844755	(60,27)
2.78325341766530136561843e-6	(60,28)
3.7002565222468073069196e-7	(60,29)
4.6267011376072126067e-9	(60,30)