kdd2223_(sigma,mu)
7.38171448e-20	(1,1)
6.6309125702e-19	(1,2)
1.83426805341e-18	(1,3)
3.56966302043e-18	(1,4)
5.83588427264e-18	(1,5)
8.57695299978e-18	(1,6)
1.170734025523e-17	(1,7)
1.510664394618e-17	(1,8)
1.861774389096e-17	(1,9)
2.205007882946e-17	(1,10)
2.518912133157e-17	(1,11)
2.781219035553e-17	(1,12)
2.970953908025e-17	(1,13)
3.070838702749e-17	(1,14)
3.069649795117e-17	(1,15)
2.964131878474e-17	(1,16)
2.76008131222e-17	(1,17)
2.472304390315e-17	(1,18)
2.123321312702e-17	(1,19)
1.740900241979e-17	(1,20)
1.354728525987e-17	(1,21)
9.9271399237e-18	(1,22)
6.77515372137e-18	(1,23)
4.23897926641e-18	(1,24)
2.3739002172e-18	(1,25)
1.14495281837e-18	(1,26)
4.4432435067e-19	(1,27)
1.2085833567e-19	(1,28)
1.612848343e-20	(1,29)
2.0205069e-22	(1,30)
4.8341028801838e-16	(2,1)
4.34242121386187e-15	(2,2)
1.20121693992592e-14	(2,3)
2.337684331886638e-14	(2,4)
3.821776773132606e-14	(2,5)
5.616835117596549e-14	(2,6)
7.666848561134384e-14	(2,7)
9.892968733346556e-14	(2,8)
1.2192301490510707e-13	(2,9)
1.4440052950247751e-13	(2,10)
1.6495734377668272e-13	(2,11)
1.8213517442985483e-13	(2,12)
1.9456044126071604e-13	(2,13)
2.0110164763109476e-13	(2,14)
2.0102378625637276e-13	(2,15)
1.9411367543502683e-13	(2,16)
1.8075090480071653e-13	(2,17)
1.6190510236489821e-13	(2,18)
1.3905106072964459e-13	(2,19)
1.1400724847936272e-13	(2,20)
8.8717816726077e-14	(2,21)
6.501038002193277e-14	(2,22)
4.436880240814705e-14	(2,23)
2.776002403090959e-14	(2,24)
1.55460835876108e-14	(2,25)
7.49801185178737e-15	(2,26)
2.90976986485829e-15	(2,27)
7.9147122875154e-16	(2,28)
1.0562143228472e-16	(2,29)
1.32317976759e-18	(2,30)
2.866809308286076e-14	(3,1)
2.5752231311631083e-13	(3,2)
7.1236793837845065e-13	(3,3)
1.38633689722781839e-12	(3,4)
2.26646089962605664e-12	(3,5)
3.33099964750143402e-12	(3,6)
4.54673655533455118e-12	(3,7)
5.86691147140592928e-12	(3,8)
7.23050416612386109e-12	(3,9)
8.56350701841761432e-12	(3,10)
9.78260476111548214e-12	(3,11)
1.080131555920745018e-11	(3,12)
1.153818082720119831e-11	(3,13)
1.192609850593203308e-11	(3,14)
1.192147992276801744e-11	(3,15)
1.151168270516127735e-11	(3,16)
1.071921811901049389e-11	(3,17)
9.6015889678180786e-12	(3,18)
8.24625622182122221e-12	(3,19)
6.76106209813905921e-12	(3,20)
5.26130219817897412e-12	(3,21)
3.85536098868526712e-12	(3,22)
2.63123716226950458e-12	(3,23)
1.6462738236976085e-12	(3,24)
9.2194111979543148e-13	(3,25)
4.4466020866634659e-13	(3,26)
1.7256024611731674e-13	(3,27)
4.693720390498947e-14	(3,28)
6.26374568236858e-15	(3,29)
7.846950374772e-17	(3,30)
4.2039130551252823e-13	(4,1)
3.77632865466511695e-12	(4,2)
1.044622278134434641e-11	(4,3)
2.032935962197387281e-11	(4,4)
3.32355708301411516e-11	(4,5)
4.884605430870737104e-11	(4,6)
6.667371832443263314e-11	(4,7)
8.603286671917694943e-11	(4,8)
1.06028692003095864e-10	(4,9)
1.2557593837819748317e-10	(4,10)
1.4345286224839548539e-10	(4,11)
1.5839128604643242711e-10	(4,12)
1.6919669495670127371e-10	(4,13)
1.7488510127439056569e-10	(4,14)
1.7481732145074321017e-10	(4,15)
1.6880797258100343598e-10	(4,16)
1.571871683005459194e-10	(4,17)
1.407981404898580305e-10	(4,18)
1.2092342816248699551e-10	(4,19)
9.914443961833547158e-11	(4,20)
7.715187668445976351e-11	(4,21)
5.653509251799276018e-11	(4,22)
3.858449948816825914e-11	(4,23)
2.414097345534915299e-11	(4,24)
1.351934762540572617e-11	(4,25)
6.52049671414662632e-12	(4,26)
2.53042255676197329e-12	(4,27)
6.8828677523634712e-13	(4,28)
9.185150284313082e-14	(4,29)
1.15067592215759e-15	(4,30)
3.10981688397122012e-12	(5,1)
2.79351414958527921e-11	(5,2)
7.727524192854774045e-11	(5,3)
1.5038509103255205489e-10	(5,4)
2.4585792656419773685e-10	(5,5)
3.6133542156797296161e-10	(5,6)
4.9321433075500916767e-10	(5,7)
6.3642223815504568641e-10	(5,8)
7.843398343420889974e-10	(5,9)
9.2893897910904995601e-10	(5,10)
1.06118187793360672731e-9	(5,11)
1.17168725853780373713e-9	(5,12)
1.25161878804311761691e-9	(5,13)
1.29369752505974348386e-9	(5,14)
1.2931952266957801146e-9	(5,15)
1.24874063642162255038e-9	(5,16)
1.16277586055051663429e-9	(5,17)
1.04153875376732066296e-9	(5,18)
8.9451688327227910867e-10	(5,19)
7.3340863028695044621e-10	(5,20)
5.7072080724565773754e-10	(5,21)
4.1821045131812003958e-10	(5,22)
2.8542316896832330598e-10	(5,23)
1.7857914294963279113e-10	(5,24)
1.0000721411293089259e-10	(5,25)
4.823429743067527998e-11	(5,26)
1.871837149367125895e-11	(5,27)
5.09148222471888371e-12	(5,28)
6.7945536687769218e-13	(5,29)
8.51192173207802e-15	(5,30)
1.528443478391989814e-11	(6,1)
1.3729838889075431653e-10	(6,2)
3.7979997855721455045e-10	(6,3)
7.3912745651120606804e-10	(6,4)
1.20836668677467808951e-9	(6,5)
1.77592664175033987944e-9	(6,6)
2.42409758166274116672e-9	(6,7)
3.12794887038512736563e-9	(6,8)
3.85494698881639310571e-9	(6,9)
4.56563413839619124701e-9	(6,10)
5.21559022038625171975e-9	(6,11)
5.75870711396569169284e-9	(6,12)
6.1515552467691979865e-9	(6,13)
6.35835976057794690948e-9	(6,14)
6.35588252819412183254e-9	(6,15)
6.13738491586506565631e-9	(6,16)
5.71487068780508270002e-9	(6,17)
5.118999233371754408e-9	(6,18)
4.39640163934198241958e-9	(6,19)
3.60457443207025539412e-9	(6,20)
2.80498692657824549427e-9	(6,21)
2.05542284906562629378e-9	(6,22)
1.40279662917903140151e-9	(6,23)
8.7767850918084641732e-10	(6,24)
4.9151340482188816056e-10	(6,25)
2.3706060396444892739e-10	(6,26)
9.199643215191400211e-11	(6,27)
2.502342554749863136e-11	(6,28)
3.33935964946284874e-12	(6,29)
4.183403424043469e-14	(6,30)
5.714867352526315639e-11	(7,1)
5.1336021900269847323e-10	(7,2)
1.42007637056517031363e-9	(7,3)
2.76360572321258699301e-9	(7,4)
4.51809597816053320278e-9	(7,5)
6.64020758565884555256e-9	(7,6)
9.06372265260786411663e-9	(7,7)
1.169542382171007551568e-8	(7,8)
1.441366610105245927951e-8	(7,9)
1.707091442000356635218e-8	(7,10)
1.950107991837502725823e-8	(7,11)
2.153176306477483107594e-8	(7,12)
2.300058088411097556216e-8	(7,13)
2.377377331646977683773e-8	(7,14)
2.376445721908383100297e-8	(7,15)
2.294744279535732572695e-8	(7,16)
2.136761895652792847257e-8	(7,17)
1.913962761484613272115e-8	(7,18)
1.643782707569372598766e-8	(7,19)
1.347719856205367724621e-8	(7,20)
1.048757399952224427029e-8	(7,21)
7.68500156965516317173e-9	(7,22)
5.24488688892643472354e-9	(7,23)
3.28152405057176186405e-9	(7,24)
1.8376987578597203918e-9	(7,25)
8.863338040542355559e-10	(7,26)
3.4396008971116873548e-10	(7,27)
9.355848183993876101e-11	(7,28)
1.248530471748117786e-11	(7,29)
1.5641034316189236e-13	(7,30)
1.7547547138049297878e-10	(8,1)
1.57627676385717324648e-9	(8,2)
4.36035606255482105952e-9	(8,3)
8.48567336283601088002e-9	(8,4)
1.387284769677652373654e-8	(8,5)
2.038880191434047880178e-8	(8,6)
2.783020876936958926502e-8	(8,7)
3.591083678462000920156e-8	(8,8)
4.425716543347215403678e-8	(8,9)
5.241617791787531395229e-8	(8,10)
5.987788934002365263536e-8	(8,11)
6.611294194963443023842e-8	(8,12)
7.062274075532340722074e-8	(8,13)
7.299658650318448387021e-8	(8,14)
7.296772514931810053596e-8	(8,15)
7.045883999258659496751e-8	(8,16)
6.560779477978320673264e-8	(8,17)
5.876662759704707545584e-8	(8,18)
5.047072683724745655127e-8	(8,19)
4.138019918364130182582e-8	(8,20)
3.220073335315518074667e-8	(8,21)
2.359567928745874498079e-8	(8,22)
1.610358337678099875199e-8	(8,23)
1.007534656335654321041e-8	(8,24)
5.64230947239950105656e-9	(8,25)
2.72131174929412928412e-9	(8,26)
1.05605783840648263574e-9	(8,27)
2.8725115560803294409e-10	(8,28)
3.833337526234168928e-11	(8,29)
4.8022307723042981e-13	(8,30)
4.6391569381011653282e-10	(9,1)
4.16730338301569753062e-9	(9,2)
1.152775101492993379222e-8	(9,3)
2.24341130727549649507e-8	(9,4)
3.667652010792604470054e-8	(9,5)
5.390313710201563066023e-8	(9,6)
7.35763968148918611546e-8	(9,7)
9.493954446946092360922e-8	(9,8)
1.1700504683988579735649e-7	(9,9)
1.3857519912647742300126e-7	(9,10)
1.5830169199503271911365e-7	(9,11)
1.7478501478836827132848e-7	(9,12)
1.8670701278107487045681e-7	(9,13)
1.9298194101634302446345e-7	(9,14)
1.9290464745147994583232e-7	(9,15)
1.862708363101800583755e-7	(9,16)
1.734451104557565268149e-7	(9,17)
1.5535828817697544909948e-7	(9,18)
1.3342588640950710029111e-7	(9,19)
1.0939309087473251811927e-7	(9,20)
8.512552900959796732225e-8	(9,21)
6.237683390867941078184e-8	(9,22)
4.257064804058395934429e-8	(9,23)
2.663451586531398987171e-8	(9,24)
1.4915542474327214927e-8	(9,25)
7.19379587362304732983e-9	(9,26)
2.79167957457806423871e-9	(9,27)
7.5934325483534849361e-10	(9,28)
1.0133334662584258757e-10	(9,29)
1.26945651718875957e-12	(9,30)
1.08964901359467579052e-9	(10,1)
9.78819655150333561708e-9	(10,2)
2.707647558893611470807e-8	(10,3)
5.269342109830006299965e-8	(10,4)
8.614607377345308391088e-8	(10,5)
1.2660800612651365473056e-7	(10,6)
1.7281651638169939541247e-7	(10,7)
2.2299404581377328818196e-7	(10,8)
2.7482095890152258400825e-7	(10,9)
3.254839601175453583697e-7	(10,10)
3.7181603142703604881055e-7	(10,11)
4.1052994516647754490303e-7	(10,12)
4.3852965034019717805373e-7	(10,13)
4.5326509459878487503759e-7	(10,14)
4.5308028322490378474315e-7	(10,15)
4.3749573128000461243502e-7	(10,16)
4.0736822833275591892731e-7	(10,17)
3.6488445934788839711985e-7	(10,18)
3.1336945402387820145139e-7	(10,19)
2.5692238335633388086839e-7	(10,20)
1.9992509411773942425958e-7	(10,21)
1.4649618024431613722736e-7	(10,22)
9.997902089942734664464e-8	(10,23)
6.255173063744863036161e-8	(10,24)
3.502916971399914010516e-8	(10,25)
1.689451100257822352084e-8	(10,26)
6.55617221949403063699e-9	(10,27)
1.78328521138065362556e-9	(10,28)
2.3797624702335207111e-10	(10,29)
2.98124949912623904e-12	(10,30)
2.32417615233513241499e-9	(11,1)
2.087781710998492657542e-8	(11,2)
5.775299589478988375653e-8	(11,3)
1.1239285560220595556606e-7	(11,4)
1.8374588740084376740166e-7	(11,5)
2.7004925558031147543763e-7	(11,6)
3.6860949713205114254127e-7	(11,7)
4.7563490081867744161042e-7	(11,8)
5.8617746284906698935786e-7	(11,9)
6.9423620201092110643845e-7	(11,10)
7.9305571590457043917204e-7	(11,11)
8.7562435236685872653101e-7	(11,12)
9.3533848433918524314902e-7	(11,13)
9.6675940437582825221885e-7	(11,14)
9.6635573502566339360033e-7	(11,15)
9.33105819490629147054e-7	(11,16)
8.6883833699208167383132e-7	(11,17)
7.7821847349730529627657e-7	(11,18)
6.6833911005444934001252e-7	(11,19)
5.4794379460888862027205e-7	(11,20)
4.2637837588551314092257e-7	(11,21)
3.1242661599096696702095e-7	(11,22)
2.1321839882583158991569e-7	(11,23)
1.333980735018352231536e-7	(11,24)
7.47024755473370190291e-8	(11,25)
3.602851171527470598889e-8	(11,26)
1.398129292127088786705e-8	(11,27)
3.8029000580622740802e-9	(11,28)
5.0748797109645696997e-10	(11,29)
6.35754539740370286e-12	(11,30)
4.57445448572150766337e-9	(12,1)
4.109181786003604123039e-8	(12,2)
1.1366971016981396078446e-7	(12,3)
2.2121208096599856540287e-7	(12,4)
3.6164922206967045391545e-7	(12,5)
5.3151124910520685186018e-7	(12,6)
7.2549642285281600829061e-7	(12,7)
9.3614121761293272263623e-7	(12,8)
1.15370611611600853427373e-6	(12,9)
1.3663790706900441799757e-6	(12,10)
1.56086332081743037731808e-6	(12,11)
1.7233581540114350464249e-6	(12,12)
1.84086659922501204124079e-6	(12,13)
1.90268534407731833965427e-6	(12,14)
1.90186598959357265312077e-6	(12,15)
1.83640049948757696963379e-6	(12,16)
1.70989119092824977050488e-6	(12,17)
1.53152293081456830776226e-6	(12,18)
1.31525787587357310688924e-6	(12,19)
1.07830560480989855142326e-6	(12,20)
8.3905948226731988552385e-7	(12,21)
6.1480505278296777000872e-7	(12,22)
4.1957170167714886996125e-7	(12,23)
2.6249658083916468695164e-7	(12,24)
1.4699492011443246073806e-7	(12,25)
7.089371326041313987852e-8	(12,26)
2.751083616381516873412e-8	(12,27)
7.4828585753653258191e-9	(12,28)
9.985636782782423062e-10	(12,29)
1.250944833998655891e-11	(12,30)
8.40981707814604254193e-9	(13,1)
7.554445408088826162853e-8	(13,2)
2.089738504714024810865e-7	(13,3)
4.0668289210043416016264e-7	(13,4)
6.6486626610401047828309e-7	(13,5)
9.7714419685728804910195e-7	(13,6)
1.33376871286562479292655e-6	(13,7)
1.72101704377804372688133e-6	(13,8)
2.12098175409673939814359e-6	(13,9)
2.51194507202203502676379e-6	(13,10)
2.86946002850783091699727e-6	(13,11)
3.16815413942094684520354e-6	(13,12)
3.38413414702388423735977e-6	(13,13)
3.49772559667413442615526e-6	(13,14)
3.49615934585688652262646e-6	(13,15)
3.37575049800680561026845e-6	(13,16)
3.14312914415905099325862e-6	(13,17)
2.81518783656349986778919e-6	(13,18)
2.41759964343473554093387e-6	(13,19)
1.98200434676108791057903e-6	(13,20)
1.54221402134469031962617e-6	(13,21)
1.13000043203891034244791e-6	(13,22)
7.7114674146255612910222e-7	(13,23)
4.8244162118595522174672e-7	(13,24)
2.7015598011692847685089e-7	(13,25)
1.3029033874236241608992e-7	(13,26)
5.055938699774675444244e-8	(13,27)
1.375183105618394527587e-8	(13,28)
1.83512365591894917649e-9	(13,29)
2.298931292478100534e-11	(13,30)
1.458055344463661736796e-8	(14,1)
1.3097549212418115719863e-7	(14,2)
3.623091852422119148003e-7	(14,3)
7.0508769289085260762901e-7	(14,4)
1.15271286979217755611576e-6	(14,5)
1.69412233135481225116324e-6	(14,6)
2.31241304220480647057746e-6	(14,7)
2.98378951146600882338181e-6	(14,8)
3.67720014274738341041276e-6	(14,9)
4.35498685643502369431167e-6	(14,10)
4.97476059075411372952093e-6	(14,11)
5.49252983801060600621475e-6	(14,12)
5.86687130636826533766507e-6	(14,13)
6.06368071955167498026969e-6	(14,14)
6.06083077046044982260626e-6	(14,15)
5.8519478828897031152914e-6	(14,16)
5.44854379032259482819044e-6	(14,17)
4.87992129957336842230695e-6	(14,18)
4.19060152780982357676192e-6	(14,19)
3.43544266861161883680971e-6	(14,20)
2.67306012767892351283646e-6	(14,21)
1.95852371065512376623273e-6	(14,22)
1.33651513199658020115976e-6	(14,23)
8.3612085192714948301635e-7	(14,24)
4.6819570172639649795964e-7	(14,25)
2.2579535776125077105524e-7	(14,26)
8.761858243652103066895e-8	(14,27)
2.383134025503952160815e-8	(14,28)
3.18015912210964350437e-9	(14,29)
3.983889352399498163e-11	(14,30)
2.402552695084933464876e-8	(15,1)
2.1581863514018373143281e-7	(15,2)
5.970052911298755999726e-7	(15,3)
1.16182777476241773039674e-6	(15,4)
1.89941239223774127081654e-6	(15,5)
2.79152778142517801282682e-6	(15,6)
3.81031631398525941676978e-6	(15,7)
4.91656073428253500503865e-6	(15,8)
6.05908538043952393307209e-6	(15,9)
7.17582794280938653306927e-6	(15,10)
8.19693213453097761964771e-6	(15,11)
9.04990576725466530448959e-6	(15,12)
9.66649609474005780269793e-6	(15,13)
9.99052028422708470802193e-6	(15,14)
9.98554112633577468843724e-6	(15,15)
9.64108824557488126273906e-6	(15,16)
8.97616577894995924434351e-6	(15,17)
8.03909041877348858215395e-6	(15,18)
6.90324483797520354649308e-6	(15,19)
5.65902862353532363726428e-6	(15,20)
4.40301345155807774599388e-6	(15,21)
3.22591137695206126720621e-6	(15,22)
2.20130598717148801493385e-6	(15,23)
1.37708122097294058947746e-6	(15,24)
7.7108688821174561880195e-7	(15,25)
3.7185882896822169085038e-7	(15,26)
1.4429411972448120244057e-7	(15,27)
3.924574792321803000089e-8	(15,28)
5.23705765732822198428e-9	(15,29)
6.560590260008698001e-11	(15,30)
3.786819071298831021368e-8	(16,1)
3.4016573354905469060288e-7	(16,2)
9.4097853575947133540078e-7	(16,3)
1.83123052631946385195027e-6	(16,4)
2.99378016665119628069437e-6	(16,5)
4.3998858582253892295436e-6	(16,6)
6.00562911241796578886234e-6	(16,7)
7.74918205191966615148524e-6	(16,8)
9.54986450529130227633893e-6	(16,9)
0.00001130983591272993498338042	(16,10)
0.00001291897438248469994602211	(16,11)
0.00001426301251814863607623959	(16,12)
0.00001523438008968141628118424	(16,13)
0.00001574455052407884125152665	(16,14)
0.00001573613993669285613250468	(16,15)
0.00001519270867578955973943521	(16,16)
0.00001414428065646053047222912	(16,17)
0.00001266707480593332378464872	(16,18)
0.00001087679739251249645854302	(16,19)
8.91594371711012377638236e-6	(16,20)
6.93669962028092802738671e-6	(16,21)
5.08198095613671643639744e-6	(16,22)
3.46768411343613605501697e-6	(16,23)
2.16919445330069157760979e-6	(16,24)
1.2145736746924424763939e-6	(16,25)
5.8570984630892374230158e-7	(16,26)
2.2726869852370252817084e-7	(16,27)
6.18120574905175433815e-8	(16,28)
8.24823170140852008523e-9	(16,29)
1.0332676135893510734e-10	(16,30)
5.740216039540696554269e-8	(17,1)
5.1563718596334562589802e-7	(17,2)
1.42637355512999756836688e-6	(17,3)
2.77585158368990330619618e-6	(17,4)
4.53808212855920747999148e-6	(17,5)
6.66948623100223862364616e-6	(17,6)
9.1034710483685612910479e-6	(17,7)
0.00001174628700003046057370803	(17,8)
0.00001447560011660557069100535	(17,9)
0.00001714306168471834533326269	(17,10)
0.00001958171261658763476001858	(17,11)
0.00002161832711485970338461904	(17,12)
0.00002308985975072210539587999	(17,13)
0.00002386216902555822469027991	(17,14)
0.00002384835914943483470395104	(17,15)
0.00002302362983529370263546402	(17,16)
0.00002143362506533056364532713	(17,17)
0.00001919400092948963966139134	(17,18)
0.00001648023077248453243602516	(17,19)
0.00001350833464867647424841627	(17,20)
0.00001050895087829045256279235	(17,21)
7.69860145502817866828093e-6	(17,22)
5.25280948737657566904203e-6	(17,23)
3.28568213624500135644397e-6	(17,24)
1.83961993172466098336868e-6	(17,25)
8.8708812528390904921106e-7	(17,26)
3.4419709061690502251417e-7	(17,27)
9.361121140361023732572e-8	(17,28)
1.249127355445957057007e-8	(17,29)
1.564783383597978009e-10	(17,30)
8.406863542721333435666e-8	(18,1)
7.551791150134193203307e-7	(18,2)
2.08900216653942874874383e-6	(18,3)
4.06538273043399008122635e-6	(18,4)
6.6462487497481617479899e-6	(18,5)
9.76775617871193770370838e-6	(18,6)
0.00001333234124878669536470056	(18,7)
0.00001720265155934871248240528	(18,8)
0.0000211994581693571065534835	(18,9)
0.00002510542795975663583294803	(18,10)
0.00002867598303102561288847345	(18,11)
0.00003165739854621274938249416	(18,12)
0.0000338109107145702515463976	(18,13)
0.00003494015326857696837518541	(18,14)
0.00003491802277160572155890331	(18,15)
0.00003370841287978663993333324	(18,16)
0.00003137840974460592358127488	(18,17)
0.00002809761398901155686023281	(18,18)
0.00002412316113460643436772189	(18,19)
0.00001977145953261135914489438	(18,20)
0.00001538019919899741190562204	(18,21)
0.00001126628035341908704731202	(18,22)
7.68648354647271652121285e-6	(18,23)
4.8076288218730540943247e-6	(18,24)
2.69156933126129407804533e-6	(18,25)
1.297835842212850057951e-6	(18,26)
5.0354675938172881719655e-7	(18,27)
1.3694453201310812527394e-7	(18,28)
1.827312364677929608489e-8	(18,29)
2.2890477296149558056e-10	(18,30)
1.1942830616256367164779e-7	(19,1)
1.07281101066887090615262e-6	(19,2)
2.96764525638747305383374e-6	(19,3)
5.77529309295707577429836e-6	(19,4)
9.44165279728179555638934e-6	(19,5)
0.00001387599237715224654599006	(19,6)
0.00001893965230159549760520522	(19,7)
0.00002443742145891224526903332	(19,8)
0.00003011457618098696075915039	(19,9)
0.00003566225474121053429463809	(19,10)
0.00004073291058735102255682999	(19,11)
0.00004496605639818469048181256	(19,12)
0.00004802254694032250517759918	(19,13)
0.00004962358081593750426278664	(19,14)
0.00004958887007005920161048996	(19,15)
0.00004786749162115655659075223	(19,16)
0.00004455515725570709050253296	(19,17)
0.00003989317284283627787733874	(19,18)
0.00003424707474483577518718526	(19,19)
0.00002806641328631191230933383	(19,20)
0.00002183075253114065021187081	(19,21)
0.00001598992419725727581422324	(19,22)
0.00001090822629689156678459892	(19,23)
6.82213601389509413052428e-6	(19,24)
3.81910279411446387064825e-6	(19,25)
1.84139111920058621535424e-6	(19,26)
7.144001092051577272273e-7	(19,27)
1.9427968356148250160875e-7	(19,28)
2.592283660238964989954e-8	(19,29)
3.2472670848513977861e-10	(19,30)
1.6513010833911145887512e-7	(20,1)
1.48334505287909901513212e-6	(20,2)
4.103276320488703871058e-6	(20,3)
7.98531782808232577731072e-6	(20,4)
0.0000130546376288593054837124	(20,5)
0.00001918572567490056273835272	(20,6)
0.00002618676238193755621866602	(20,7)
0.00003378769026904743162013713	(20,8)
0.00004163612838211547057735188	(20,9)
0.00004930482903111180291706224	(20,10)
0.0000563130880338688613334795	(20,11)
0.00006216239672568208994995443	(20,12)
0.00006638390152335522706530361	(20,13)
0.00006859237225003332180119082	(20,14)
0.0000685389855590176758389406	(20,15)
0.00006615394182494395194715181	(20,16)
0.00006157025310206752239111901	(20,17)
0.00005512217595371397811619785	(20,18)
0.00004731553496570501741029818	(20,19)
0.00003877200591210835140104971	(20,20)
0.00003015440266523296864929312	(20,21)
0.00002208410295310269660991421	(20,22)
0.00001506401060302008010705378	(20,23)
9.42025929493417217535224e-6	(20,24)
5.27307331340705287921827e-6	(20,25)
2.54222187920587657104217e-6	(20,26)
9.8623343966530509008293e-7	(20,27)
2.6819026573986485029791e-7	(20,28)
3.578349456014083285144e-8	(20,29)
4.4823982444697285441e-10	(20,30)
2.2287857987282015699973e-7	(21,1)
2.00209287892118802435141e-6	(21,2)
5.53825026908471153638944e-6	(21,3)
0.00001077787918495205358707863	(21,4)
0.00001761993482706413687259505	(21,5)
0.0000258949229455317777861284	(21,6)
0.00003534378434121832872518392	(21,7)
0.00004560178842101332716880335	(21,8)
0.00005619303237654307023726018	(21,9)
0.00006654054640040533683390202	(21,10)
0.00007599526066623267582259261	(21,11)
0.00008388421515547161218460541	(21,12)
0.00008957470810708318773454795	(21,13)
0.0000925472039623451504235703	(21,14)
0.00009246658728446306792651653	(21,15)
0.00008923961852009668824617654	(21,16)
0.00008304689624859181362521303	(21,17)
0.00007434053820313179600141097	(21,18)
0.00006380390803132160925735506	(21,19)
0.00005227623854797741131779963	(21,20)
0.00004065171438857282766637003	(21,21)
0.00002976807692956591318929961	(21,22)
0.00002030283202455113329116103	(21,23)
0.00001269484123131649079525233	(21,24)
7.10528177268525909904707e-6	(21,25)
3.42523098693581562831562e-6	(21,26)
1.32868467799685802299955e-6	(21,27)
3.6129233903146760119068e-7	(21,28)
4.820370964636938472589e-8	(21,29)
6.0380821316653054242e-10	(21,30)
2.944009103018748292212e-7	(22,1)
2.6445695897214830625768e-6	(22,2)
7.31548459183044526143517e-6	(22,3)
0.00001423649268385636559097823	(22,4)
0.00002327405744629538366221403	(22,5)
0.00003420415294371371248326519	(22,6)
0.00004668434531300470420404225	(22,7)
0.00006023250769489432864131733	(22,8)
0.00007421957509238824268386896	(22,9)
0.00008788295512461308163154499	(22,10)
0.00010036489713392438680037239	(22,11)
0.00011077631066358755416706605	(22,12)
0.00011828163985202917789169601	(22,13)
0.00012219526883017274742583244	(22,14)
0.00012207565791120424411814745	(22,15)
0.00011780113650257762683923063	(22,16)
0.00010961189913402770788227545	(22,17)
0.00009810662921047166629356082	(22,18)
0.00008418896716205672219372492	(22,19)
0.00006896767800598781056708068	(22,20)
0.00005362323467966645081767782	(22,21)
0.00003926076470492711597243204	(22,22)
0.00002677323831639593017989838	(22,23)
0.00001673831910071327767302815	(22,24)
9.36723874376282108380237e-6	(22,25)
4.51515467932939591493574e-6	(22,26)
1.75131852912062022244258e-6	(22,27)
4.7618025302318808353125e-7	(22,28)
6.352903397608143369589e-8	(22,29)
7.957566016190997052e-10	(22,30)
3.8141422553973466024544e-7	(23,1)
3.42619986994187290853012e-6	(23,2)
9.47764637011897755578463e-6	(23,3)
0.00001844418467558211799883841	(23,4)
0.00003015271186923031795230116	(23,5)
0.0000443127795235479609429292	(23,6)
0.00006048038369808995662550934	(23,7)
0.00007803037400929120953560134	(23,8)
0.00009614709840800496138243767	(23,9)
0.0001138418712854361063456287	(23,10)
0.00013000284185041667079343672	(23,11)
0.00014347788037754259055370583	(23,12)
0.00015318474712533497270627063	(23,13)
0.00015823614116044395328285067	(23,14)
0.00015806168314526569681918117	(23,15)
0.00015250595852015183514879014	(23,16)
0.00014188259282048084329617991	(23,17)
0.00012696941127814025588999808	(23,18)
0.00010893858789119788354383946	(23,19)
0.00008922691149339690404899309	(23,20)
0.00006936276902969485071019924	(23,21)
0.00005077576401420189729332177	(23,22)
0.00003461989777275807177129729	(23,23)
0.00002164055862958946969720373	(23,24)
0.00001210894177615698093335673	(23,25)
5.83596887975348468315016e-6	(23,26)
2.263394824007493325076e-6	(23,27)
6.1536337486713373030418e-7	(23,28)
8.209349258782092424452e-8	(23,29)
1.02826413142253056304e-9	(23,30)
4.8559329137789176605463e-7	(24,1)
4.36202786981469348624371e-6	(24,2)
0.00001206634969839948532916092	(24,3)
0.00002348193017712582998190045	(24,4)
0.00003838824288545305878643666	(24,5)
0.0000564152038880382248114195	(24,6)
0.00007699701354634551559725426	(24,7)
0.00009933700811536970388895499	(24,8)
0.00012239579479348353442765315	(24,9)
0.00014491362692860186432472228	(24,10)
0.00016547412360964074742841371	(24,11)
0.00018261009287163761693978034	(24,12)
0.00019494409398091721297967123	(24,13)
0.00020134785746718434808604493	(24,14)
0.00020109761841827241660765536	(24,15)
0.00019399871817311277322188889	(24,16)
0.00018045396614196544228833719	(24,17)
0.00016145680264410658927468647	(24,18)
0.00013850165188471250222052597	(24,19)
0.000113418185626765527444597	(24,20)
0.00008815081219513137403143284	(24,21)
0.00006451649414630619301935491	(24,22)
0.00004398025622695619930721637	(24,23)
0.00002748674669132893563760551	(24,24)
0.00001537768754448648002127787	(24,25)
7.4103131235141569763218e-6	(24,26)
2.87364396678292707511759e-6	(24,27)
7.8120480525391708646927e-7	(24,28)
1.0421138682688636134527e-7	(24,29)
1.30526156024375424527e-9	(24,30)
6.0853864479603826582808e-7	(25,1)
5.46643093026288128063465e-6	(25,2)
0.00001512136374325210070729082	(25,3)
0.00002942711144910781084876547	(25,4)
0.00004810711282866923154280653	(25,5)
0.0000706971573096738386250374	(25,6)
0.00009648745878163432878758383	(25,7)
0.00012447857830043939739008747	(25,8)
0.00015336661969916808371906912	(25,9)
0.00018157146193756721574773783	(25,10)
0.00020731693657562743022060194	(25,11)
0.00022876386332725912502850381	(25,12)
0.00024418662556046928744120227	(25,13)
0.00025217325503904424346565533	(25,14)
0.00025182013584098835175782578	(25,15)
0.00024288783868256358455478023	(25,16)
0.00022588610698803673925172368	(25,17)
0.00020206433786335142923775656	(25,18)
0.00017329823069801862353614987	(25,19)
0.00014188129656595239249961029	(25,20)
0.00011024819186024861275837269	(25,21)
0.00008067150738106059948037424	(25,22)
0.00005498131821658042400312283	(25,23)
0.00003435536698107867773908526	(25,24)
0.00001921693321732029592170471	(25,25)
9.25893940735535541686147e-6	(25,26)
3.59005244251476124089982e-6	(25,27)
9.7586291360932298365411e-7	(25,28)
1.3016948153279215314479e-7	(25,29)
1.6303333196860670692e-9	(25,30)
7.5174513079952800548275e-7	(26,1)
6.75283695134503747061769e-6	(26,2)
0.00001867983089042937771227162	(26,3)
0.00003635199626591953269140328	(26,4)
0.0000594274131363824591699664	(26,5)
0.00008733204213686844912741353	(26,6)
0.00011918805478706638559241038	(26,7)
0.00015375934288336918675086353	(26,8)
0.00018943331969345297587887697	(26,9)
0.00022425606122472692189962153	(26,10)
0.00025603179959665202890616363	(26,11)
0.00028248784281417985843306132	(26,12)
0.0003014932868528825158582441	(26,13)
0.00031130659834463786156531198	(26,14)
0.00031081619167314413975768533	(26,15)
0.00029973249740442537746393186	(26,16)
0.00027869200336088257649723768	(26,17)
0.00024924418764717138174708476	(26,18)
0.00021371011259367195011723057	(26,19)
0.00017492379105496418377862017	(26,20)
0.00013588997797630896781346068	(26,21)
0.00009941001259591737975988103	(26,22)
0.00006773658465051372880591561	(26,23)
0.00004231628058169408175335858	(26,24)
0.00002366522016690338074676463	(26,25)
0.00001140019264429631279969734	(26,26)
4.41966109169397250208857e-6	(26,27)
1.20123645217041324615829e-6	(26,28)
1.6021967953984692997694e-7	(26,29)
2.00662573985524294942e-9	(26,30)
9.1657088255381750706148e-7	(27,1)
8.23344574348478639087367e-6	(27,2)
0.0000227754959222189404969675	(27,3)
0.00004432223773337742664924941	(27,4)
0.00007245641144264961532190915	(27,5)
0.00010647732587587067062525316	(27,6)
0.00014531332438490037239205877	(27,7)
0.00018745529255632876671312518	(27,8)
0.00023093459045904692888886328	(27,9)
0.00027336625669851561057802102	(27,10)
0.00031207092012785601305086032	(27,11)
0.00034427665628303596716356714	(27,12)
0.00036738643691858039761243239	(27,13)
0.00037928054750140515465157591	(27,14)
0.00037860997832026605035191261	(27,15)
0.00036503000838196774663151396	(27,16)
0.00033932578206630850975273579	(27,17)
0.0003033946178672708826882956	(27,18)
0.00026007174969789478026019698	(27,19)
0.00021281354901672492418634872	(27,20)
0.00016527971833604627641978124	(27,21)
0.00012087765935158527572189403	(27,22)
0.00008234318246608773148796696	(27,23)
0.00005142893506315932529868714	(27,24)
0.00002875517397368125451686038	(27,25)
0.00001384952974802497314953027	(27,26)
5.36837897028487545592963e-6	(27,27)
1.4589140348937221749019e-6	(27,28)
1.9457229009817173703989e-7	(27,29)
2.43676278697145240713e-9	(27,30)
1.10420688843291444028599e-6	(28,1)
9.9189556517490136756237e-6	(28,2)
0.00002743794979745231429398483	(28,3)
0.00005339540262568541396807699	(28,4)
0.0000872881456758045270914084	(28,5)
0.00012827100541407969049663086	(28,6)
0.00017505115197402777814883899	(28,7)
0.00022580792415605512627968418	(28,8)
0.0002781664051847866096525128	(28,9)
0.00032924994458861888985630217	(28,10)
0.00037582782432305397387484317	(28,11)
0.00041455946239659604309947247	(28,12)
0.00044231764327125645976510489	(28,13)
0.00045655356421069975933362775	(28,14)
0.00045565036505282517517431922	(28,15)
0.00043920373286742720394793369	(28,16)
0.0004081714966340556074874796	(28,17)
0.00036484999626212442825375768	(28,18)
0.00031266172616296202256943119	(28,19)
0.00025577183626366262595435495	(28,20)
0.00019858407381140646987752176	(28,21)
0.00014519263936382710076316113	(28,22)
0.00009887922704924202899499345	(28,23)
0.00006174072870186059051721035	(28,24)
0.00003451259613444091337127377	(28,25)
0.00001661908498751414174872438	(28,26)
6.44081582496874371240693e-6	(28,27)
1.75012881832530274710011e-6	(28,28)
2.3339000408281235238803e-7	(28,29)
2.92277073516893624127e-9	(28,30)
1.3156474076736752771447e-6	(29,1)
0.00001181829780407339888840798	(29,2)
0.00003269189454009246215803987	(29,3)
0.00006361954092034781856870344	(29,4)
0.0001040010859544446254042424	(29,5)
0.00015282817212662172686830156	(29,6)
0.00020855809820077830468351959	(29,7)
0.00026901820135585522647125119	(29,8)
0.00033137458315837778093658622	(29,9)
0.00039219530305100231391290998	(29,10)
0.00044762735358498242275620549	(29,11)
0.00049368895036726202045561646	(29,12)
0.00052665598503290241703251481	(29,13)
0.00054349789469120705537413941	(29,14)
0.00054229897420193459103673426	(29,15)
0.0005225916670425350278365699	(29,16)
0.00048553261069476395110401035	(29,17)
0.00043387148438769353503715603	(29,18)
0.00037169487097084036723692017	(29,19)
0.00030396693297454746045022983	(29,20)
0.00023592793853269250969066854	(29,21)
0.00017244216985023177565888817	(29,22)
0.00011740146260606747749692662	(29,23)
0.00007328555870493528792980076	(29,24)
0.00004095566392567851194029663	(29,25)
0.0000197172896491295747428354	(29,26)
7.64013633193587337144398e-6	(29,27)
2.07571924632197376352058e-6	(29,28)
2.7678269146873716563005e-7	(29,29)
3.46601322188632583395e-9	(29,30)
1.551661605128672636708e-6	(30,1)
0.00001393838131165109858033066	(30,2)
0.00003855643844528695541522574	(30,3)
0.00007503181446651121238062486	(30,4)
0.00012265589365644893027310851	(30,5)
0.00018023772118468179152162111	(30,6)
0.00024595491462413587097975952	(30,7)
0.00031724077965341801246677002	(30,8)
0.00039074769504537147114560184	(30,9)
0.00046242242609776238243280887	(30,10)
0.00052771616269422418883481716	(30,11)
0.00058193092639574215549791977	(30,12)
0.0006206770320747452315947898	(30,13)
0.00064038830728067168204590678	(30,14)
0.00063881907560023929502851568	(30,15)
0.00061543588855056470496075634	(30,16)
0.00057162235062970258687096892	(30,17)
0.00051063857448022616221027165	(30,18)
0.00043731515557019377240892679	(30,19)
0.00035750845500619112806448235	(30,20)
0.00027739013741154265021729987	(30,21)
0.00020267942714190686723478372	(30,22)
0.00013794322744146007740204836	(30,23)
0.00008608258289088307995429067	(30,24)
0.00004809425490946981365575639	(30,25)
0.00002314855393968122259019786	(30,26)
8.96793916760899044101089e-6	(30,27)
2.43609669031882342229916e-6	(30,28)
3.2480313174659987925496e-7	(30,29)
4.06713807115090760279e-9	(30,30)
1.81276686321617798136324e-6	(31,1)
0.00001628385353661556858237568	(31,2)
0.00004504443298785318654107677	(31,3)
0.00008765720695259288711759728	(31,4)
0.00014329331393499835914561851	(31,5)
0.00021055925847672741160262563	(31,6)
0.0002873223315048476241327094	(31,7)
0.00037057859045241637247057757	(31,8)
0.00045641042243083449266499378	(31,9)
0.00054007551425569030163308859	(31,10)
0.0006162538815268652948550417	(31,11)
0.00067945467067303489551963137	(31,12)
0.00072455269590211812391477764	(31,13)
0.00074739178967890094039999073	(31,14)
0.00074536550672133061040020431	(31,15)
0.00071787306437158157754643058	(31,16)
0.00066655511771030586117190895	(31,17)
0.00059524164253385297966019139	(31,18)
0.00050958952368761066653056027	(31,19)
0.00041644248850150713224462147	(31,20)
0.00032299979406582787249269929	(31,21)
0.00023592099796578729849214257	(31,22)
0.00016051278944921187457716709	(31,23)
0.00010013522266144310987879358	(31,24)
0.00005592941136393141202537215	(31,25)
0.00002691301835486378899675213	(31,26)
0.00001042416366303359741490555	(31,27)
2.83122072194483118461489e-6	(31,28)
3.7744377449200468141815e-7	(31,29)
4.72603709533758077883e-9	(31,30)
2.09920429025616679693006e-6	(32,1)
0.00001885688009086942460821706	(32,2)
0.00005216186433517662545164659	(32,3)
0.00010150734028580752705598726	(32,4)
0.00016593224275239811637215752	(32,5)
0.00024382026554591681245387321	(32,6)
0.00033269720126003246911768889	(32,7)
0.00042907789091930842604434418	(32,8)
0.00052841750338172729449330818	(32,9)
0.00062521577840208436177850201	(32,10)
0.00071330511957268154849211335	(32,11)
0.00078632426332202356208756203	(32,12)
0.00083834216456596192231393859	(32,13)
0.00086455842530960080054977585	(32,14)
0.00086197583745691670282032734	(32,15)
0.00082992623033783791697612464	(32,16)
0.00077033915371576104632062464	(32,17)
0.00068767568889048903296075095	(32,18)
0.00058850279754969645215493631	(32,19)
0.00048074765306237155474015035	(32,20)
0.00037273345606816998820577798	(32,21)
0.00027214490978454099721424897	(32,22)
0.00018509209200762774032852839	(32,23)
0.00011543043131454300875536451	(32,24)
0.00006445295750203207261965017	(32,25)
0.00003100638044562541251694258	(32,26)
0.00001200702625196168622019852	(32,27)
3.26058259899251799735858e-6	(32,28)
4.3463460574503730236743e-7	(32,29)
5.44181981109719141407e-9	(32,30)
2.41091697771045124655054e-6	(33,1)
0.00002165694952924929700492809	(33,2)
0.00005990731319352767982808692	(33,3)
0.00011657942409930759485669955	(33,4)
0.00019056801209942378739231011	(33,5)
0.00028001358669699219913511121	(33,6)
0.00038206908509128430145357252	(33,7)
0.00049272389240409708827055031	(33,8)
0.00060674840278273464329768134	(33,9)
0.00071781522065257033162997878	(33,10)
0.00081883249966974126733824759	(33,11)
0.00090249108383033184069185423	(33,12)
0.00096198413816058295481102511	(33,13)
0.00099181366985360279732099478	(33,14)
0.00098856299675626231289484774	(33,15)
0.00095149804734849489674337071	(33,16)
0.00088287064546816682183830961	(33,17)
0.00078783542644793531083870163	(33,18)
0.00067395379195650625581329438	(33,19)
0.00055033219559109650006700572	(33,20)
0.00042651305211778772905231633	(33,21)
0.00031128929106965288929691702	(33,22)
0.00021163594234211029536827685	(33,23)
0.00013193824610738359764057395	(33,24)
0.00007364727890770491887242168	(33,25)
0.00003541980114412838180208573	(33,26)
0.00001371298819919322223117892	(33,27)
3.72319734146067308610051e-6	(33,28)
4.9624216792113560590714e-7	(33,29)
6.21280165094076794124e-9	(33,30)
2.7475315654370471947201e-6	(34,1)
0.00002468070775937198460656929	(34,2)
0.00006827149687932356404063924	(34,3)
0.00013285536541193494503266357	(34,4)
0.00021717093754725276184204411	(34,5)
0.00031909530305723048090143023	(34,6)
0.00043537737098894692475400691	(34,7)
0.00056143708078081234528633572	(34,8)
0.00069130284631687950314312825	(34,9)
0.00081775145538480043094627702	(34,10)
0.00093269090508760089782937084	(34,11)
0.00102778768409993625454080909	(34,12)
0.00109529057427866906414804269	(34,13)
0.0011289522385905582016257061	(34,14)
0.00112490956453474899608588484	(34,15)
0.00108236572234440881593921342	(34,16)
0.00100392943420986974009295719	(34,17)
0.00089551185562597501914228233	(34,18)
0.00076575274655961280242846985	(34,19)
0.00062503219708195452572058448	(34,20)
0.00048420473838376856667836159	(34,21)
0.00035325169832502130934873702	(34,22)
0.00024007166397249851574662768	(34,23)
0.00014961163546650217388974357	(34,24)
0.0000834852694578944130401884	(34,25)
0.00004013989270984171817419197	(34,26)
0.00001553675525093283343114147	(34,27)
4.21760453860613705616937e-6	(34,28)
5.6206974897785387423175e-7	(34,29)
7.03650684780801655569e-9	(34,30)
3.10834365607461208035809e-6	(35,1)
0.00002792182702880386278846089	(35,2)
0.00007723690705838014376296784	(35,3)
0.00015030106458545266932240338	(35,4)
0.00024568517081259908951342132	(35,5)
0.00036098305614412691075243665	(35,6)
0.00049250900809412370649827893	(35,7)
0.00063507033756348276127792819	(35,8)
0.00078189735081323958546457224	(35,9)
0.00092480372523592060717545475	(35,10)
0.00105462311325302640091104199	(35,11)
0.00116192322133114307857075963	(35,12)
0.00123794213545608148661175614	(35,13)
0.00127563379429091232097031411	(35,14)
0.00127066390802719969127311143	(35,15)
0.0012221777551766491228877825	(35,16)
0.00113317646718355697117986694	(35,17)
0.00101039043641479726513491566	(35,18)
0.00086362015916422985259969397	(35,19)
0.0007046109498388341543515142	(35,20)
0.00054561867031749120774977791	(35,21)
0.0003978891302132208149424897	(35,22)
0.00027029922294535693072597571	(35,23)
0.00016838664491556552216654924	(35,24)
0.00009393044644238650536860183	(35,25)
0.00004514878809049398208346627	(35,26)
0.00001747130894916629467725037	(35,27)
4.7418777791616335095433e-6	(35,28)
6.3185872301263274317756e-7	(35,29)
7.9096857475024207941e-9	(35,30)
3.49230757972171328015266e-6	(36,1)
0.00003137091399125658870125454	(36,2)
0.00008677755560211697196558089	(36,3)
0.00016886592178220899290464562	(36,4)
0.00027602789681437705862919442	(36,5)
0.00040555487870956306468223474	(36,6)
0.00055329693569739051093648457	(36,7)
0.00071340696166315211306593633	(36,8)
0.00087826287200740856686261465	(36,9)
0.001038650252134170681846963	(36,10)
0.001184256971145360316113741	(36,11)
0.00130448061491163681881880949	(36,12)
0.0013894855047158124150357506	(36,13)
0.00143138059580459617392405923	(36,14)
0.0014253383090839669201522005	(36,15)
0.00137045263775160830230600905	(36,16)
0.0012701530933326565751374879	(36,17)
0.00113205093330987569381244784	(36,18)
0.00096718707091450712458423259	(36,19)
0.00078875953460973937443307566	(36,20)
0.0006105097131964497484026394	(36,21)
0.00044501873144966550877657562	(36,22)
0.00030219182501575391181026426	(36,23)
0.0001881828372128396758174314	(36,24)
0.00010493722996636385585586887	(36,25)
0.00005042428922421938744644179	(36,26)
0.00001950796846167233829625447	(36,27)
5.29364235286829893133019e-6	(36,28)
7.052909917587434906252e-7	(36,29)
8.82834589328106327435e-9	(36,30)
3.8980309509509764398602e-6	(37,1)
0.00003501546082234183664665949	(37,2)
0.00009685883953922434477892114	(37,3)
0.00018848257525758033051864905	(37,4)
0.00030808890998436563361739999	(37,5)
0.00045264858362690683426385308	(37,6)
0.00061751927542945323297891491	(37,7)
0.00079615967878290954955945553	(37,8)
0.00098004367434149827371897591	(37,9)
0.00115886704309684157999281659	(37,10)
0.00132110424288903785482963762	(37,11)
0.00145491556271962210087981753	(37,12)
0.00154933270246842704845875263	(37,13)
0.00159557723107133391149931155	(37,14)
0.00158830918984130345756566549	(37,15)
0.00152657959144351443069281374	(37,16)
0.00141428226494348740160617149	(37,17)
0.00125996897088450987755638444	(37,18)
0.00107599681985142606101576684	(37,19)
0.00087709859773574614646995703	(37,20)
0.00067857908100468263722387627	(37,21)
0.00049441917134782109769611213	(37,22)
0.00033559696858904405383902508	(37,23)
0.00020890401437438615847727521	(37,24)
0.00011645137831874105203467401	(37,25)
0.0000559400896827516301490713	(37,26)
0.00002163648095487731635064204	(37,27)
5.87010064772110008421389e-6	(37,28)
7.8199244665301156422372e-7	(37,29)
9.78779585414478904144e-9	(37,30)
4.32377438470139365187744e-6	(38,1)
0.00003883984267718566794434254	(38,2)
0.00010743753420416171979742003	(38,3)
0.00020906688916225862987033759	(38,4)
0.00034173059858875963825701144	(38,5)
0.00050206175269685504710017872	(38,6)
0.0006848993429180417932506639	(38,7)
0.00088297070931785430505806552	(38,8)
0.00108679750706186031415542864	(38,9)
0.00128492824563769425809168012	(38,10)
0.00146456123054389829665100431	(38,11)
0.00161255751820679392824827544	(38,12)
0.00171676249990553285732241153	(38,13)
0.0017674725168984996664358657	(38,14)
0.00175881950077828174492671419	(38,15)
0.00168982138486992099597075781	(38,16)
0.00156487166445525549432102838	(38,17)
0.00139351929823702575719152734	(38,18)
0.00118950824444581660251711231	(38,19)
0.00096918129924372940254305243	(38,20)
0.00074947687029830977933636862	(38,21)
0.00054583266501811290104269869	(38,22)
0.00037033792675344590683879955	(38,23)
0.00023043920214323751887695498	(38,24)
0.00012841056705759877393172406	(38,25)
0.0000616660651886859174191878	(38,26)
0.00002384513782368520960812052	(38,27)
6.46806447606886230823666e-6	(38,28)
8.615373458916156060077e-7	(38,29)
1.078270045372420513908e-8	(38,30)
4.7674566485058175372497e-6	(39,1)
0.00004282536398190804321856783	(39,2)
0.00011846192146924628791982203	(39,3)
0.00023051820421456980746171218	(39,4)
0.00037678835874445138984972304	(39,5)
0.00055355235680053415310463971	(39,6)
0.00075510652080759272469612171	(39,7)
0.00097341294684726859124860001	(39,8)
0.00119799714733924178043553378	(39,9)
0.00141620811915512893195864303	(39,10)
0.00161391123572771428219555703	(39,11)
0.00177661269170738340274285008	(39,12)
0.00189092398225052820199135359	(39,13)
0.00194618360332025266118922245	(39,14)
0.00193598328934419700918708784	(39,15)
0.00185931922874044101664874024	(39,16)
0.00172111873256453200060394299	(39,17)
0.00153198072145701351915840726	(39,18)
0.00130710028498846979022246282	(39,19)
0.00106449737528716975069052743	(39,20)
0.00082280543456749122181957321	(39,21)
0.00059896759006486404823744202	(39,22)
0.00040621562168242669118136657	(39,23)
0.00025266387138802737437759254	(39,24)
0.00014074509628672366915311426	(39,25)
0.00006756862401854747570777324	(39,26)
0.00002612091352288032361552175	(39,27)
7.08399341244210629082832e-6	(39,28)
9.4345348127661965668226e-7	(39,29)
1.180714581379972321083e-8	(39,30)
5.22666542860246563244897e-6	(40,1)
0.0000469503551534784186316062	(40,2)
0.00012987205746384361659108972	(40,3)
0.00025271985976684755203227612	(40,4)
0.00041307145189429216399824595	(40,5)
0.00060684002715274598852012858	(40,6)
0.00082775801902017989374119598	(40,7)
0.00106699227848208786966199195	(40,8)
0.00131303334521120341274459449	(40,9)
0.00155198465757701442654641851	(40,10)
0.00176832889365660758254543506	(40,11)
0.00194616909898067096457333131	(40,12)
0.00207084227135139361933743396	(40,13)
0.00213070227436614145353190272	(40,14)
0.00211879242090503476138937156	(40,15)
0.00203409969944485886335972478	(40,16)
0.00188211753192242603493774208	(40,17)
0.00167454262621714957659702236	(40,18)
0.001428077899583666651075183	(40,19)
0.00116247823361410208892613227	(40,20)
0.00089812352616760131594452526	(40,21)
0.00065350163880779559347914855	(40,22)
0.00044301084646033185029053447	(40,23)
0.00027544136610846765208933368	(40,24)
0.00015337870809360061971619945	(40,25)
0.00007361110818016612793792637	(40,26)
0.00002844962333730485327761028	(40,27)
7.71403812136373092638638e-6	(40,28)
1.02722799627046799740604e-6	(40,29)
1.285471246250737603026e-8	(40,30)
5.69867377951525315175963e-6	(41,1)
0.00005119032037261486207056433	(41,2)
0.00014160018150107952713019266	(41,3)
0.00027553999056661296460410874	(41,4)
0.00045036431095991239291780144	(41,5)
0.00066160798483141589807098373	(41,6)
0.00090242153093120313683690965	(41,7)
0.0011631510560606312455074975	(41,8)
0.00143121917759085893219266036	(41,9)
0.00169144486575468696725256127	(41,10)
0.00192688637357443385627973871	(41,11)
0.00212020363832906254510048244	(41,12)
0.00225542637256227545454360338	(41,13)
0.00231990339119358828850439964	(41,14)
0.00230612537833819596598694535	(41,15)
0.00221308359995108630929076544	(41,16)
0.00204686734167711298180282631	(41,17)
0.00182031297895683945513049106	(41,18)
0.00155167918406052097029233277	(41,19)
0.00126250297968405753932036915	(41,20)
0.00097495111777468322495166685	(41,21)
0.00070908543598439163583792401	(41,22)
0.00048048678322508685412444121	(41,23)
0.00029862450431429998912588999	(41,24)
0.00016622949444474752506543593	(41,25)
0.00007975423554799159843113398	(41,26)
0.00003081609618844613374748859	(41,27)
8.35408759549593587138768e-6	(41,28)
1.11231370961589289132408e-6	(41,29)
1.391855467309852479365e-8	(41,30)
6.18046221344035100178322e-6	(42,1)
0.00005551813601710769723299739	(42,2)
0.00015357126511848595474761942	(42,3)
0.00029883259603730083675727476	(42,4)
0.00048842829143946309928892535	(42,5)
0.00071750562260770511841203092	(42,6)
0.00097861877619229242220862152	(42,7)
0.00126127270406095012225924232	(42,8)
0.00155179579014460366427147049	(42,9)
0.00183369165853390825732149489	(42,10)
0.00208856140142902420487779906	(42,11)
0.00229759113595660266592292868	(42,12)
0.00244347906699690433847501893	(42,13)
0.00251255537918139603104873898	(42,14)
0.00249675802361585614739900452	(42,15)
0.00239509662678906951960344139	(42,16)
0.00221428284307180685642287471	(42,17)
0.00196832766591036351650549696	(42,18)
0.00167708356219211342201744348	(42,19)
0.00136390525423982093235279324	(42,20)
0.00105277480388891002236555571	(42,21)
0.00076534654476825661751402694	(42,22)
0.00051839176251735504850846498	(42,23)
0.00032205731605413798654522297	(42,24)
0.00017921087498670216832632607	(42,25)
0.00008595657284513564319632882	(42,26)
0.00003320435849768200536840223	(42,27)
8.99981921124056497655387e-6	(42,28)
1.1981357978234546488784e-6	(42,29)
1.499148419041562413054e-8	(42,30)
6.66874627001959673067049e-6	(43,1)
0.00005990429832313963869983577	(43,2)
0.00016570369726303074549849054	(43,3)
0.00032243887430886126893927701	(43,4)
0.00052700385458099890337876346	(43,5)
0.0007741517196997675283245156	(43,6)
0.00105582990270317351114057453	(43,7)
0.00136068742670062079297673618	(43,8)
0.00167393947723978602512385138	(43,9)
0.00197775231795498141730602682	(43,10)
0.00225224702304819630036799342	(43,11)
0.00247711525866488494234905119	(43,12)
0.0026337087282458447888465144	(43,13)
0.0027073326189638006809758703	(43,14)
0.00268937616534348744221417722	(43,15)
0.00257888167648257586482561464	(43,16)
0.00238320572618286328369564072	(43,17)
0.00211756100515459757683988235	(43,18)
0.00180342089468629251734044481	(43,19)
0.00146598075085298483928920159	(43,20)
0.001131053675289414317669464	(43,21)
0.00082189377978009251295152837	(43,22)
0.00055646220683162033259128966	(43,23)
0.0003455768822401760882698672	(43,24)
0.00019223262412909145972658459	(43,25)
0.00009217502944408185184079301	(43,26)
0.00003559782519642119226280703	(43,27)
9.64675053580997119044339e-6	(43,28)
1.28409869412821192294819e-6	(43,29)
1.606605656058545910321e-8	(43,30)
7.1600092915732416178947e-6	(44,1)
0.00006431721780461756585101686	(44,2)
0.00017791009878160052016927374	(44,3)
0.00034618880764916521255354096	(44,4)
0.00056581316065838297395376354	(44,5)
0.00083113825674277532591763458	(44,6)
0.00113349870215255796656360433	(44,7)
0.00146067895359100195771467687	(44,8)
0.00179677002209956841982508551	(44,9)
0.00212258841147247128868259293	(44,10)
0.00241676298990590454066982028	(44,11)
0.00265748115453789686861717211	(44,12)
0.00282474290357865968331998423	(44,13)
0.0029028295635318539318711268	(44,14)
0.00288258974140171443028970617	(44,15)
0.00276311259455346330342317391	(44,16)
0.00255241752328238276858133807	(44,17)
0.00226693724830771993734964298	(44,18)
0.00192978134267977876096061341	(44,19)
0.00156799527423184486069719683	(44,20)
0.0012092255554455727976577464	(44,21)
0.00087832174442474759362490084	(44,22)
0.00059442570142575489504300402	(44,23)
0.00036901523851440067007247653	(44,24)
0.0002052019274010411763642295	(44,25)
0.00009836536236941295363265139	(44,26)
0.00003797949416926282020203455	(44,27)
0.00001029029188053096706301117	(44,28)
1.3695930702910770095278e-6	(44,29)
1.713465839354175155366e-8	(44,30)
7.6505400163175109689891e-6	(45,1)
0.00006872355694959203614455531	(45,2)
0.00019009825658259519251070952	(45,3)
0.0003699029805138192453295652	(45,4)
0.00060456304151952508456376633	(45,5)
0.00088803478532219972316499106	(45,6)
0.001211038576041384029094773	(45,7)
0.00156049224104790973708837113	(45,8)
0.00191936019243916804905540671	(45,9)
0.00226710704320527265248331605	(45,10)
0.0025808686156978415168590103	(45,11)
0.00283732964683602820063378064	(45,12)
0.00301514346438493172919247598	(45,13)
0.0030975763702582041655831025	(45,14)
0.00307494839626867845825871818	(45,15)
0.00294640914568020623537758313	(45,16)
0.00272065345554890372086152547	(45,17)
0.00241534287561002910952559033	(45,18)
0.00205522581385983993551602249	(45,19)
0.00166919319670815028530321963	(45,20)
0.00128671348744753203279513676	(45,21)
0.00093421551108448978249124182	(45,22)
0.00063200413722191973450229079	(45,23)
0.00039220131005217484408765933	(45,24)
0.0002180244482587331576304379	(45,25)
0.00010448268356426101403011841	(45,26)
0.00004033214071248167777196406	(45,27)
0.00001092579868240429215989255	(45,28)
1.45400277985855035139992e-6	(45,29)
1.818959404500783401446e-8	(45,30)
8.13647449513539618855305e-6	(46,1)
0.0000730886067521320206342051	(46,2)
0.00020217216517814005551462945	(46,3)
0.00039339460627161186088563208	(46,4)
0.00064294831317314090820781625	(46,5)
0.0009443932941581076859792796	(46,6)
0.00128783917257696933733575854	(46,7)
0.00165934202524978825441769529	(46,8)
0.00204074626181257233167867084	(46,9)
0.00241017328173075913176694725	(46,10)
0.00274327692111840786895248903	(46,11)
0.00301525277466132391194826923	(46,12)
0.00320342309985616385469085423	(46,13)
0.00329005580861849027393370033	(46,14)
0.00326495820872414690232740586	(46,15)
0.00312735296499688072142666895	(46,16)
0.00288661706697407579163291565	(46,17)
0.00256163948071591550505851132	(46,18)
0.00217879681656242778645027551	(46,19)
0.00176880617092562532680235022	(46,20)
0.00136293236263047909099405896	(46,21)
0.00098915536606742506820341613	(46,22)
0.00066891687382676252983027923	(46,23)
0.00041496284568966224217408151	(46,24)
0.00023060538815077542266690204	(46,25)
0.00011048196136051593528161616	(46,26)
0.00004263850895927075776585136	(46,27)
0.00001154862290200854083996889	(46,28)
1.53671165614510580372519e-6	(46,29)
1.92231703911814434927e-8	(46,30)
8.61384173860298403560741e-6	(47,1)
0.00007737669675000776856940343	(47,2)
0.00021403316086161820854481133	(47,3)
0.00041647173389590585849592292	(47,4)
0.00068065538142596647434987459	(47,5)
0.00099975350274019280864633074	(47,6)
0.00136327359966523005819617239	(47,7)
0.0017564221043552700143555403	(47,8)
0.00215993940423389376098011937	(47,9)
0.00255062358244507256761451461	(47,10)
0.00290266985709264543888144691	(47,11)
0.00318981044668996687746288776	(47,12)
0.00338806290221016857503535131	(47,13)
0.00347872118188620803379583244	(47,14)
0.00345109930767261331262501656	(47,15)
0.00330450423788227797577720066	(47,16)
0.00304899541213340587625857404	(47,17)
0.00270467703926481648988809253	(47,18)
0.00229952954878256113636801739	(47,19)
0.00186606196082327447459997759	(47,20)
0.00143729558723814638923459796	(47,21)
0.00104272154632629224961839464	(47,22)
0.00070488387498657391549762585	(47,23)
0.00043712832286943023065559088	(47,24)
0.00024285052458583900071833438	(47,25)
0.00011631850910369105270940668	(47,26)
0.00004488149763819014899770723	(47,27)
0.00001215416274318982693329565	(47,28)
1.61711007424845979016767e-6	(47,29)
2.022777857274684278168e-8	(47,30)
9.07861241252460288402752e-6	(48,1)
0.00008155163244410623843058301	(48,2)
0.00022558113157950121741875956	(48,3)
0.00043893960165080549802840057	(48,4)
0.00071736608665899179899073601	(48,5)
0.00105364850315898422593254327	(48,6)
0.00143670610577892876895398044	(48,7)
0.00185091520987573187932329236	(48,8)
0.00227593778985067135455893458	(48,9)
0.00268728000056089808838571314	(48,10)
0.00305771437379882981711675573	(48,11)
0.00335954795186917705685226364	(48,12)
0.00356753077147445334029103275	(48,13)
0.00366201498437063983265679164	(48,14)
0.00363184410177795949856467305	(48,15)
0.00347641884871395356563210557	(48,16)
0.00320647456262252555119159404	(48,17)
0.00284330735765669884059430835	(48,18)
0.00241646305438521321560114928	(48,19)
0.00196019325993846090375723601	(48,20)
0.00150922169065538832714281999	(48,21)
0.0010944989013786143620072575	(48,22)
0.00073962877384108681001448951	(48,23)
0.00045852879840321675125792675	(48,24)
0.00025466721406513946197816839	(48,25)
0.0001219484549630554778236212	(48,26)
0.00004704433796706142658409762	(48,27)
0.00001273791012172042749762209	(48,28)
1.69460120292467033754165e-6	(48,29)
2.1195971793388926257e-8	(48,30)
9.52674982430209190039684e-6	(49,1)
0.00008557715329355673479043653	(49,2)
0.00023671578367200220533861953	(49,3)
0.00046060310114595489933457294	(49,4)
0.00075276172790225900996051694	(49,5)
0.00110561066229340162210125533	(49,6)
0.00150750010905260260474796982	(49,7)
0.00194200331342221031453662918	(49,8)
0.00238773919296317719210616486	(49,9)
0.00281896497284583744075727662	(49,10)
0.00320707908453297991166062682	(49,11)
0.00352301405377659057652272819	(49,12)
0.00374030035317475370305614045	(49,13)
0.00383838800487319484151929252	(49,14)
0.00380567584230241314881497304	(49,15)
0.00364166573757982651315103325	(49,16)
0.00335775519987586357068514724	(49,17)
0.00297639750479715565436929012	(49,18)
0.00252865128724868133195599944	(49,19)
0.0020504463752047831966940036	(49,20)
0.00157814078737802538745193216	(49,21)
0.00114408142113146052580394298	(49,22)
0.00077288183082959568865824493	(49,23)
0.00047899968374664055242031077	(49,24)
0.00026596534892371818210431513	(49,25)
0.00012732918804939330431295066	(49,26)
0.00004911076191908023564605846	(49,27)
0.00001329549543027299920708152	(49,28)
1.76860688834447923489181e-6	(49,29)
2.212053846179226514293e-8	(49,30)
9.95426238089308691109663e-6	(50,1)
0.00008941740392757180801513831	(50,2)
0.00024733794512942913651999191	(50,3)
0.00048126931217344333740496972	(50,4)
0.00078652720157507220198271421	(50,5)
0.00115517768960157947975574412	(50,6)
0.00157502644581379102762547516	(50,7)
0.00202887820372613226627660023	(50,8)
0.00249435391085076537706657151	(50,9)
0.00294451643256138570173987316	(50,10)
0.00334945126010923878765710696	(50,11)
0.00367877938353515031165736224	(50,12)
0.00390487021326728794302509949	(50,13)
0.00400631858182402079422504441	(50,14)
0.00397110723766340935651912942	(50,15)
0.0037988442073504768279745276	(50,16)
0.00350156806914914236895863432	(50,17)
0.00310284303919460178034683302	(50,18)
0.00263517393490140310949911718	(50,19)
0.00213608966514218560777436826	(50,20)
0.00164350081443974084934496008	(50,21)
0.00119107657802841172714012397	(50,22)
0.00080438275274584819095438879	(50,23)
0.00049838242718582587534051518	(50,24)
0.00027665825926814808892337689	(50,25)
0.00013241977701862568988840733	(50,26)
0.0000510651595129643768824731	(50,27)
0.00001382272926077582175237028	(50,28)
1.83857312698476758431274e-6	(50,29)
2.299457015722536734404e-8	(50,30)
0.00001035725665342817732357278	(51,1)
0.00009303741080472935108581238	(51,2)
0.00025735088387813594597907655	(51,3)
0.00050075006654760747796126968	(51,4)
0.00081835518671945435474157207	(51,5)
0.00120189877068720995427460878	(51,6)
0.00163867170311930637524513035	(51,7)
0.00211075216081959799528696147	(51,8)
0.00259481778294642932892663584	(51,9)
0.00306280301298593587184729427	(51,10)
0.00348355388123628285168641994	(51,11)
0.00382545483983063238853559569	(51,12)
0.00405978295122197032420406846	(51,13)
0.00416433171576553788065573641	(51,14)
0.00412669884232447868025817532	(51,15)
0.00394660093122913973331451314	(51,16)
0.00363668907997086878663896761	(51,17)
0.00322158085596106178330242292	(51,18)
0.00273514686573026873794664717	(51,19)
0.0022164216330175072563567481	(51,20)
0.0017047734759837392612102335	(51,21)
0.00123510943972398893674575179	(51,22)
0.00083388334698423846970112976	(51,23)
0.00051652608889826197533587375	(51,24)
0.0002866635532220278711299963	(51,25)
0.00013718135832151364141663405	(51,26)
0.00005289272416037303338344174	(51,27)
0.00001431564084878671323272967	(51,28)
1.90397509869923793711845e-6	(51,29)
2.381152407131188573751e-8	(51,30)
0.00001073199015494067010628613	(52,1)
0.00009640355629346289075587242	(52,2)
0.0002666616189009589933617566	(52,3)
0.00051886449779997935511838077	(52,4)
0.0008479503063594817500211547	(52,5)
0.00124534066370401423128068022	(52,6)
0.00169784649588370371680881804	(52,7)
0.00218686854963268388560031298	(52,8)
0.00268820509507034886438294685	(52,9)
0.00317273909053536475630464364	(52,10)
0.00360816247322355762302728611	(52,11)
0.00396170970363937382801440995	(52,12)
0.00420364395410723650983300352	(52,13)
0.00431101775010785528394507121	(52,14)
0.0042710769512016198218284257	(52,15)
0.00408364642227468327947092048	(52,16)
0.00376195385164553326726580122	(52,17)
0.00333160149227917769241413677	(52,18)
0.00282773207738883669965753892	(52,19)
0.00229077858763658190797482286	(52,20)
0.00176145983661640090266408658	(52,21)
0.00127582651604009785921261762	(52,22)
0.00086114999026549470118218304	(52,23)
0.00053328879814967878586788765	(52,24)
0.00029590389053182617365465075	(52,25)
0.00014157749213976683345285504	(52,26)
0.00005457958544154603784494028	(52,27)
0.00001477051309538052214958653	(52,28)
1.96432174303402557334341e-6	(52,29)
2.456527972849193555173e-8	(52,30)
0.00001107492292692623661283558	(53,1)
0.00009948404205116633370541718	(53,2)
0.00027518220173203028868583329	(53,3)
0.00053544153307568631751608463	(53,4)
0.00087503319382852499915129552	(53,5)
0.00128509365459998404721760033	(53,6)
0.00175199354796613730949235167	(53,7)
0.00225651215412846788996854491	(53,8)
0.00277364115278107351531500154	(53,9)
0.00327329941887279033726970161	(53,10)
0.00372212144941093104742056311	(53,11)
0.00408628917958372643847756716	(53,12)
0.00433513950155002168167188461	(53,13)
0.00444505034095414553237999568	(53,14)
0.00440295074323008649462243718	(53,15)
0.00420877074078392685121619288	(53,16)
0.00387627151773768666769832632	(53,17)
0.00343196074509076860927933686	(53,18)
0.00291214703803088942694153253	(53,19)
0.00235854179643413745772635907	(53,20)
0.00181309551475024830166505272	(53,21)
0.00131289931102124189676954313	(53,22)
0.00088596589591952268418918806	(53,23)
0.00054853908483761882370011504	(53,24)
0.00030430768620077327259557475	(53,25)
0.00014557448480865786519605222	(53,26)
0.00005611292896781242973084046	(53,27)
0.00001518391409865673787019839	(53,28)
2.0191598719197084245604e-6	(53,29)
2.52501899127427232983e-8	(53,30)
0.00001138276703801033813285141	(54,1)
0.00010224933364730226518255226	(54,2)
0.00028283094605515776983654574	(54,3)
0.00055032228395377302791644628	(54,4)
0.00089934439355045399513653593	(54,5)
0.00132077726822972498611976465	(54,6)
0.00180059543816314346559115931	(54,7)
0.00231901907548299184233865718	(54,8)
0.00285031431143112225050266876	(54,9)
0.00336353311047142604000668661	(54,10)
0.0038243596967438258785939865	(54,11)
0.00419803108514642829342973883	(54,12)
0.00445305394317922214522824627	(54,13)
0.00456520345079651712226002523	(54,14)
0.00452112843351858013050088449	(54,15)
0.00432085823219100967418371683	(54,16)
0.00397863762024678918285018674	(54,17)
0.00352179047054969197043756267	(54,18)
0.0029876733259382710361974843	(54,19)
0.00241914406706287815883017557	(54,20)
0.00185925543605230552294649662	(54,21)
0.00134602755729591009788382133	(54,22)
0.00090813316802752817904001549	(54,23)
0.00056215708013368991276631284	(54,24)
0.00031180974218160372686249849	(54,25)
0.00014914167715576481297165727	(54,26)
0.00005748110322431365255754285	(54,27)
0.00001555272518870780625053101	(54,28)
2.06807781991334986466697e-6	(54,29)
2.586112582761430063297e-8	(54,30)
0.00001165253312387141334085427	(55,1)
0.00010467257860833698958895864	(55,2)
0.00028953358377878759104260159	(55,3)
0.00056336229417221729907598808	(55,4)
0.00092064802783801246739113921	(55,5)
0.00135204563547107199833876838	(55,6)
0.00184318187642010843723890239	(55,7)
0.00237378602368513512032079595	(55,8)
0.00291748725813996939732380657	(55,9)
0.00344257673171846011530950731	(55,10)
0.003913905148709640945888174	(55,11)
0.00429588142297317660375284691	(55,12)
0.00455628568618855834442776225	(55,13)
0.00467036711850744043404465603	(55,14)
0.004624532212051013611595498	(55,15)
0.00441890110670602197014517982	(55,16)
0.00406814594183609556384193425	(55,17)
0.00360030845066800857747070637	(55,18)
0.00305366448659908090737838946	(55,19)
0.00247207570444868838327202866	(55,20)
0.00189955811515910418044991884	(55,21)
0.00137494211554820512357523227	(55,22)
0.00092747463431984713232369644	(55,23)
0.00057403558308075148757297348	(55,24)
0.00031835180625942040816048371	(55,25)
0.0001522516986821116582837604	(55,26)
0.00005867371346775930384678247	(55,27)
0.00001587416550685208261224049	(55,28)
2.11070863921202370574751e-6	(55,29)
2.639351659100431150131e-8	(55,30)
0.00001188157314135223693630522	(56,1)
0.0001067299904556587654703622	(56,2)
0.00029522432704903786753990844	(56,3)
0.0005744336043593181597643429	(56,4)
0.00093873516474873541650948296	(56,5)
0.00137859242161928689050583051	(56,6)
0.00187933638264539205980559557	(56,7)
0.00242027884116649886735463761	(56,8)
0.00297450735245919208158933701	(56,9)
0.00350966629159894283515915586	(56,10)
0.00398989810711188221621628698	(56,11)
0.00437890858979762615189212002	(56,12)
0.00464386175052352720215203753	(56,13)
0.00475956177879076929289564732	(56,14)
0.00471221176764688847323699997	(56,15)
0.00450201169175099303064409827	(56,16)
0.00414399914253201857649090692	(56,17)
0.00366682722817487445088109002	(56,18)
0.00310955303902205506747018952	(56,19)
0.0025168898000676559284220729	(56,20)
0.00193366944087500010332803321	(56,21)
0.00139940752664107031862980471	(56,22)
0.00094383545266377150767934011	(56,23)
0.00058408099166284532729219053	(56,24)
0.00032388305809601037843199294	(56,25)
0.00015488068787905186296504965	(56,26)
0.00005968170288426512631920635	(56,27)
0.00001614581320281052795323653	(56,28)
2.1467328508165461512613e-6	(56,29)
2.684338321672514725772e-8	(56,30)
0.00001206761857059492599031258	(57,1)
0.00010840119185471882412251199	(57,2)
0.00029984681717561054123686526	(57,3)
0.00058342659681790977129785303	(57,4)
0.00095342682685193573711858722	(57,5)
0.00140015522840255431677079159	(57,6)
0.00190870225015297775860445799	(57,7)
0.0024580401094914649874672285	(57,8)
0.00302081584776459753302740404	(57,9)
0.00356414792197809483214610115	(57,10)
0.00405160309452349970422352583	(57,11)
0.004446315997713087110358984	(57,12)
0.00471495067243952046490350847	(57,13)
0.00483195092761956240343991261	(57,14)
0.00478335621837717312876554399	(57,15)
0.00456943320891579488588731372	(57,16)
0.00420551808538844458435668119	(57,17)
0.00372076182561262641855354574	(57,18)
0.00315485657484532066763135511	(57,19)
0.0025532068188932880981699914	(57,20)
0.00196130594607974944812025587	(57,21)
0.00141922420779557730023274769	(57,22)
0.0009570844882640003116340424	(57,23)
0.00059221409809850158654040695	(57,24)
0.00032836052299909529187106591	(57,25)
0.0001570084792196443853382347	(57,26)
0.00006049742129495279860516267	(57,27)
0.00001636562334339809462286968	(57,28)
2.17588076564839295733545e-6	(57,29)
2.720736726384371934521e-8	(57,30)
0.00001220881337587680733096821	(58,1)
0.00010966951068386774833394417	(58,2)
0.0003033549433542170674725112	(58,3)
0.00059025158712036367718655975	(58,4)
0.00096457658681581906329314727	(58,5)
0.00141651939082807236295774482	(58,6)
0.00193098768778253174470436907	(58,7)
0.00248669570549619554711318944	(58,8)
0.00305595583406246756079465246	(58,9)
0.003605487069144001563748941	(58,10)
0.00409841904331477710601676222	(58,11)
0.00449745290913702285910766558	(58,12)
0.00476887356332422389167139498	(58,13)
0.00488685195571534568127963823	(58,14)
0.00483730429343235920361207083	(58,15)
0.00462054894829321988049839142	(58,16)
0.00425214975343929102891919126	(58,17)
0.00376163627892827472693262597	(58,18)
0.00318918290450843772766785772	(58,19)
0.00258071845702013449268006337	(58,20)
0.00198223754853985427172676267	(58,21)
0.00143423028724799614311280558	(58,22)
0.00096711546037148222780025555	(58,23)
0.00059837074894169915568505071	(58,24)
0.00033174941434458049313297607	(58,25)
0.00015861875749827371541991873	(58,26)
0.00006111468173682689600470099	(58,27)
0.00001653194263460195941789038	(58,28)
2.19793439030716496203173e-6	(58,29)
2.74827543444625095232e-8	(58,30)
0.00001230374112706584070128457	(59,1)
0.000110522223650919371582439	(59,2)
0.00030571351633526986861084118	(59,3)
0.00059484013367628234051055694	(59,4)
0.00097207270290055353339066337	(59,5)
0.00142752110055166861611521461	(59,6)
0.00194597004891028732258856651	(59,7)
0.00250596019125775693940468582	(59,8)
0.00307957876457431774751695734	(59,9)
0.0036332760411592392611701182	(59,10)
0.00412988765443476808981696589	(59,11)
0.00453182331539374306178904986	(59,12)
0.00480511315926494176116531819	(59,13)
0.00492374499939420956516659313	(59,14)
0.00487355263619940218937144893	(59,15)
0.00465488973439329233635231497	(59,16)
0.00428347367766668542481311355	(59,17)
0.00378908892919286698943807692	(59,18)
0.00321223421438900030229825846	(59,19)
0.00259919074942550371138670882	(59,20)
0.00199628975280427310206951792	(59,21)
0.00144430307404180807839447422	(59,22)
0.00097384785841042686740168287	(59,23)
0.00060250237105068169672117229	(59,24)
0.00033402340574290818184407377	(59,25)
0.00015969918023045845000909655	(59,26)
0.00006152880524905541558375124	(59,27)
0.00001664352105719946473858769	(59,28)
2.21272893171460383792409e-6	(59,29)
2.766749267377058527897e-8	(59,30)
0.00001235144578739142594782552	(60,1)
0.00011095074301761753215996392	(60,2)
0.00030689878476571583053437793	(60,3)
0.00059714604144132094920280511	(60,4)
0.00097583975559509834633619905	(60,5)
0.00143304979935330506011635334	(60,6)
0.00195349907158585526077659278	(60,7)
0.00251564094254437543576898124	(60,8)
0.00309144945274593331869778062	(60,9)
0.00364723978323042778226697889	(60,10)
0.00414569978914550040586214661	(60,11)
0.00454909271989061933038059667	(60,12)
0.00482332072742295710233337578	(60,13)
0.00494227968674124822400231474	(60,14)
0.00489176212373865859982411241	(60,15)
0.00467213959919854683949110472	(60,16)
0.00429920681260775818335849901	(60,17)
0.00380287642859613148011405665	(60,18)
0.00322381020741924010706365891	(60,19)
0.00260846641277737753605985103	(60,20)
0.00200334530647069973991509388	(60,21)
0.00144936016115795516480359503	(60,22)
0.00097722762806091438050490877	(60,23)
0.00060457636465314202993730152	(60,24)
0.00033516483403206124546450233	(60,25)
0.00016024146878124847175960137	(60,26)
0.00006173665416617837147068531	(60,27)
0.00001669952050599180819371058	(60,28)
2.22015391334808438415177e-6	(60,29)
2.776020682564327564022e-8	(60,30)