kdd1212_(sigma,mu)
0.25000000000000086151132181558	(1,1)
0.25000000000006952774135093718	(1,2)
0.25000000000053256865583399365	(1,3)
0.25000000000202356473120173366	(1,4)
0.25000000000544911459656736013	(1,5)
0.25000000001193856549217735769	(1,6)
0.25000000002278064172478432291	(1,7)
0.2500000000393498942970674572	(1,8)
0.25000000006302637495714267926	(1,9)
0.25000000009511226717703027419	(1,10)
0.25000000013674937027226410955	(1,11)
0.2500000001888413235275940299	(1,12)
0.25000000025198427489837279989	(1,13)
0.25000000032640935130848669888	(1,14)
0.25000000041193978971736099455	(1,15)
0.25000000050796496154247548712	(1,16)
0.25000000061343279492963729193	(1,17)
0.25000000072686130147013570353	(1,18)
0.25000000084636908107587312531	(1,19)
0.25000000096972384721916140945	(1,20)
0.25000000109440722098647208966	(1,21)
0.25000000121769332114375193667	(1,22)
0.25000000133673806029916122618	(1,23)
0.2500000014486755714031463438	(1,24)
0.2500000015507178556759609656	(1,25)
0.2500000016402535773951329837	(1,26)
0.2500000017149419403224187577	(1,27)
0.2500000017727977647991039685	(1,28)
0.2500000018122642359739624408	(1,29)
0.250000001832270297253425451	(1,30)
0.25000000000006971863097263884	(2,1)
0.25000000000562659923203054385	(2,2)
0.25000000004309862987259076974	(2,3)
0.25000000016375891907900144782	(2,4)
0.25000000044097483193219961673	(2,5)
0.25000000096613987997764424618	(2,6)
0.25000000184354531976760040683	(2,7)
0.25000000318442802113145025152	(2,8)
0.25000000510047001608269285295	(2,9)
0.25000000769705178488163177377	(2,10)
0.25000001106657458330708666517	(2,11)
0.25000001528216635850230856861	(2,12)
0.2500000203920710482084753749	(2,13)
0.25000002641499293254214674416	(2,14)
0.25000003333662741888279785882	(2,15)
0.25000004110755893381063142659	(2,16)
0.2500000496426476749088224308	(2,17)
0.25000005882196240562794014855	(2,18)
0.25000006849324907474865327637	(2,19)
0.25000007847585775213265608893	(2,20)
0.25000008856598613707040169291	(2,21)
0.25000009854303952744069533975	(2,22)
0.25000010817685719710412076759	(2,23)
0.2500001172355158106826987205	(2,24)
0.2500001254933935434852977305	(2,25)
0.2500001327391651673247654683	(2,26)
0.2500001387833991184331223408	(2,27)
0.250000143465442473468904974	(2,28)
0.2500001466593081994071919001	(2,29)
0.250000148278319799390879366	(2,30)
0.25000000000053696777292210149	(3,1)
0.25000000004333565385671303344	(3,2)
0.25000000033194248082965873082	(3,3)
0.25000000126125916744503156581	(3,4)
0.25000000339635579305672011434	(3,5)
0.25000000744113855572784588444	(3,6)
0.25000001419885128630379427528	(3,7)
0.2500000245262327039606552333	(3,8)
0.2500000392834506054645649862	(3,9)
0.25000005928213938733821445277	(3,10)
0.25000008523396931538418760606	(3,11)
0.25000011770217011485417039375	(3,12)
0.25000015705831782500917385096	(3,13)
0.25000020344647724307689672344	(3,14)
0.25000025675648199653847590711	(3,15)
0.25000031660774376761529028645	(3,16)
0.25000038234452841853900036538	(3,17)
0.25000045304313948951924120953	(3,18)
0.25000052753093044992540914496	(3,19)
0.25000060441654884490879502574	(3,20)
0.25000068213032075380794278788	(3,21)
0.25000075897323442425607264086	(3,22)
0.25000083317259728317894312981	(3,23)
0.2500009029421376620842457263	(3,24)
0.2500009665441148713337791666	(3,25)
0.250001022350897945739008016	(3,26)
0.2500010689034791525876199877	(3,27)
0.2500011049645031475801266322	(3,28)
0.2500011295636116817620787302	(3,29)
0.250001142033217660932416224	(3,30)
0.25000000000205713939219734587	(4,1)
0.2500000001660201695017463917	(4,2)
0.25000000127168144942321559083	(4,3)
0.25000000483192117695688194325	(4,4)
0.25000001301153981065659134268	(4,5)
0.25000002850722385649028698092	(4,6)
0.25000005439622705143741949336	(4,7)
0.25000009396074713918224443079	(4,8)
0.25000015049612455911570701921	(4,9)
0.25000022711177533215056044899	(4,10)
0.25000032653416104992446581384	(4,11)
0.25000045092107633381385171519	(4,12)
0.25000060169609873237030802402	(4,13)
0.25000077941121618997354653791	(4,14)
0.25000098364445867282178053936	(4,15)
0.25000121293786475462492960343	(4,16)
0.25000146477937591804702875367	(4,17)
0.25000173563034666195548462705	(4,18)
0.25000202099837023461280834962	(4,19)
0.2500023155531347117998099047	(4,20)
0.25000261328112895622752720146	(4,21)
0.25000290767329567641010972834	(4,22)
0.25000319193825487311567852603	(4,23)
0.250003459232560221599627456	(4,24)
0.2500037028986546313690513964	(4,25)
0.250003916700794786231591641	(4,26)
0.2500040950492359556117327627	(4,27)
0.2500042332034076598963392272	(4,28)
0.2500043274456495448060807009	(4,29)
0.250004375218279330197748633	(4,30)
0.25000000000560067460885545038	(5,1)
0.25000000045199900036860484716	(5,2)
0.25000000346222239047410739376	(5,3)
0.25000001315517033638840816577	(5,4)
0.25000003542463246311571564464	(5,5)
0.25000007761249211003421627471	(5,6)
0.25000014809675909350493907362	(5,7)
0.25000025581343632885247623165	(5,8)
0.25000040973434448664081789674	(5,9)
0.25000061832516749220927078245	(5,10)
0.25000088900904392443304765778	(5,11)
0.25000122766096699267517925831	(5,12)
0.25000163815706988114556236012	(5,13)
0.25000212200061420613764170866	(5,14)
0.25000267804326449520174283695	(5,15)
0.25000330231616105291586427601	(5,16)
0.25000398798057401520331695708	(5,17)
0.25000472540273842050462558358	(5,18)
0.25000550235205934326223270667	(5,19)
0.25000630431647336107810260457	(5,20)
0.25000711492359367747111990468	(5,21)
0.2500079164515766846410110114	(5,22)
0.25000869040963318137284140833	(5,23)
0.2500094181649444249435301023	(5,24)
0.2500100815905715321393511713	(5,25)
0.2500106637078633989226735139	(5,26)
0.2500111492969230050302058997	(5,27)
0.2500115254498849255847881825	(5,28)
0.2500117820440386670729146908	(5,29)
0.250011912115106073738842198	(5,30)
0.25000000001244030018941436525	(6,1)
0.25000000100398677909069546565	(6,2)
0.2500000076903390293083470508	(6,3)
0.25000002922045810775913853635	(6,4)
0.25000007868572332425815161029	(6,5)
0.25000017239406096911166650416	(6,6)
0.25000032895490378311761566361	(6,7)
0.25000056821719760520631450873	(6,8)
0.25000091010959699272777106785	(6,9)
0.25000137343673702412807596416	(6,10)
0.25000197468782279587961251576	(6,11)
0.25000272691363537476618362688	(6,12)
0.25000363872541679188717914686	(6,13)
0.25000471346407979724600102265	(6,14)
0.25000594858100717718981486243	(6,15)
0.25000733526267139918176411781	(6,16)
0.25000885832080979541295526737	(6,17)
0.2500104963583887371633880398	(6,18)
0.25001222220958167899721832519	(6,19)
0.25001400363999260006060266431	(6,20)
0.25001580428190051947753525769	(6,21)
0.25001758476888250349507084319	(6,22)
0.25001930402524824340776709637	(6,23)
0.2500209206586816245731442969	(6,24)
0.250022394399645698650318672	(6,25)
0.2500236875286844229015586708	(6,26)
0.2500247662328601988502277242	(6,27)
0.25002560183520341074409319	(6,28)
0.2500261718461109993981561911	(6,29)
0.250026460792901404405662771	(6,30)
0.25000000002413292177179520949	(7,1)
0.25000000194763262227831995562	(7,2)
0.25000001491847882443337983148	(7,3)
0.25000005668473329487759574649	(7,4)
0.25000015264236995005708924949	(7,5)
0.25000033442720158410550106108	(7,6)
0.25000063813987990796542315145	(7,7)
0.25000110228587391613103535666	(7,8)
0.25000176552575432356637312434	(7,9)
0.25000266434030174733470155183	(7,10)
0.25000383071950700640327350255	(7,11)
0.25000528998424168237151380596	(7,12)
0.25000705884425664127757597227	(7,13)
0.25000914378643701810174139495	(7,14)
0.25001153987332569341863116587	(7,15)
0.2500142300144259867734028645	(7,16)
0.25001718475246510785853149167	(7,17)
0.25002036258452169575048317518	(7,18)
0.2500237108146568726111978944	(7,19)
0.25002716691144573068985934715	(7,20)
0.25003066032159341929086214259	(7,21)
0.2500341146706039855776793705	(7,22)
0.25003745026413526711912405713	(7,23)
0.2500405867899831499352632745	(7,24)
0.2500434461112028811073238298	(7,25)
0.2500459550361216687713699374	(7,26)
0.2500480479511515750941472178	(7,27)
0.2500496692073874137707277615	(7,28)
0.250050775161767976726865475	(7,29)
0.250051335787678927240841384	(7,30)
0.25000000004249721397424802966	(8,1)
0.2500000034297115566294567298	(8,2)
0.25000002627090978523889749185	(8,3)
0.25000009981980668780708525984	(8,4)
0.25000026879786995918226701728	(8,5)
0.25000058891486627097793477785	(8,6)
0.25000112374337294645733067971	(8,7)
0.25000194109151150007259973752	(8,8)
0.25000310904176567417534101085	(8,9)
0.25000469183988899278211372218	(8,10)
0.25000674582587785172631844736	(8,11)
0.25000931559844050522090411491	(8,12)
0.25001243059535841346418167041	(8,13)
0.25001610225501145017329825135	(8,14)
0.25002032189986780840733396141	(8,15)
0.2500250594519820837970442189	(8,16)
0.25003026305482687027204392996	(8,17)
0.25003585963664048490774586965	(8,18)
0.2500417564095884294231734563	(8,19)
0.25004784325816778996815846796	(8,20)
0.25005399593119514692437303235	(8,21)
0.25006007991610435757465890484	(8,22)
0.25006595484369605871364575376	(8,23)
0.25007147924727543301822906	(8,24)
0.250076515483373112490733225	(8,25)
0.2500809346127356427583788541	(8,26)
0.2500846210404138317967005004	(8,27)
0.250087476722610946759091646	(8,28)
0.2500894247651366357640992737	(8,29)
0.250090412263132505323412294	(8,30)
0.25000000006958728245067832283	(9,1)
0.25000000561599893439937063199	(9,2)
0.25000004301743907757294898368	(9,3)
0.25000016345048971705844569646	(9,4)
0.25000044014469108435019863069	(9,5)
0.25000096432279757484198117976	(9,6)
0.2500018400834264925012475079	(9,7)
0.25000317846236706453724986804	(9,8)
0.25000509094740371061773550014	(9,9)
0.2500076827478495192373468677	(9,10)
0.25001104613294342471335982714	(9,11)
0.25001525415229431160847360505	(9,12)
0.2500203550367249238474248647	(9,13)
0.2500263675498443189319178495	(9,14)
0.25003327752068722927720713306	(9,15)
0.25004103573753198924420811641	(9,16)
0.25004955732470117251545230636	(9,17)
0.25005872266025095133235352844	(9,18)
0.2500683798256898119360067027	(9,19)
0.2500783485120824438126790084	(9,20)
0.25008842524294965899848303841	(9,21)
0.25009838971602674248872987582	(9,22)
0.25010801201573245884713513328	(9,23)
0.2501170604083490024604003112	(9,24)
0.2501253094042197977845816944	(9,25)
0.2501325477570334180165995831	(9,26)
0.2501385860702033795562933533	(9,27)
0.2501432636945853457132079988	(9,28)
0.2501464546297720496265494069	(9,29)
0.25014807218182622097327021	(9,30)
0.25000000010766300839951936698	(10,1)
0.25000000868887710785964863744	(10,2)
0.25000006655508076249375309503	(10,3)
0.25000025288494027574216177707	(10,4)
0.25000068097691464084404895482	(10,5)
0.2500014919686499088556466681	(10,6)
0.25000284692055850581160084429	(10,7)
0.25000491762923413510849054537	(10,8)
0.25000787659592044675114338716	(10,9)
0.25001188661583080512047684098	(10,10)
0.25001709047397961963108538099	(10,11)
0.25002360123153490619259475653	(10,12)
0.25003149356368302690791055758	(10,13)
0.25004079656667184151723024589	(10,14)
0.25005148838998073523576641546	(10,15)
0.25006349297212366270878359637	(10,16)
0.25007667906872915262777697029	(10,17)
0.25009086166306280765718292267	(10,18)
0.25010580574621589411396462998	(10,19)
0.25012123235112125006141228029	(10,20)
0.25013682662574441022054039517	(10,21)
0.25015224764046268668149218881	(10,22)
0.25016713954671052656790991504	(10,23)
0.250181143641889874329513994	(10,24)
0.2501939108521525952749841979	(10,25)
0.2502051141220338131765983407	(10,26)
0.2502144601992553176881290869	(10,27)
0.2502217003245805070278693809	(10,28)
0.2502266393796475222108965037	(10,29)
0.250229143108509081997161447	(10,30)
0.25000000015915786606736454425	(11,1)
0.25000001284473816149063663391	(11,2)
0.25000009838816128163811375183	(11,3)
0.25000037383907137700129478678	(11,4)
0.25000100668668394012242263166	(11,5)
0.25000220557603710666244320723	(11,6)
0.25000420860685440045473342065	(11,7)
0.25000726975574341730886527456	(11,8)
0.25001164405028364960562584161	(11,9)
0.25001757218323827587836787779	(11,10)
0.25002526528416779462254749152	(11,11)
0.25003489056302261491737382152	(11,12)
0.25004655850613453779941729911	(11,13)
0.25006031224103728462081489269	(11,14)
0.25007611959557569563256048235	(11,15)
0.25009386826274318141765155789	(11,16)
0.25011336435045058218600578596	(11,17)
0.25013433445051481799362996691	(11,18)
0.25015643120959605846718206898	(11,19)
0.25017924223291862575092314423	(11,20)
0.25020230200574795796769314101	(11,21)
0.25022510638395247614889054914	(11,22)
0.25024712908933544721350573404	(11,23)
0.2502678395529168379222999917	(11,24)
0.2502867213842491170353951439	(11,25)
0.2503032907103541032605362166	(11,26)
0.2503171136258962206160241581	(11,27)
0.2503278220272814186101614254	(11,28)
0.2503351271665221776962153475	(11,29)
0.250338830353468176708723269	(11,30)
0.25000000022664501421835257707	(12,1)
0.25000001829124734246130689916	(12,2)
0.2500001401073577549377153048	(12,3)
0.25000053235690288167237994193	(12,4)
0.25000143354971565021184272322	(12,5)
0.25000314080456618220868082694	(12,6)
0.25000599318907359603881384097	(12,7)
0.25001035238879471075365730184	(12,8)
0.25001658160049544871125586898	(12,9)
0.25002502362911809768149542493	(12,10)
0.25003597920881247183033818445	(12,11)
0.2500496865641438544620077772	(12,12)
0.25006630317874676186894780566	(12,13)
0.25008589064765797746493728681	(12,14)
0.25010840336043388014276740589	(12,15)
0.25013368160051334166351216721	(12,16)
0.25016144945892996204895697724	(12,17)
0.2501913177551603101992323062	(12,18)
0.25022279194304524134074825606	(12,19)
0.25025528476415474450793202809	(12,20)
0.25028813320359653275725258189	(12,21)
0.2503206191128067370513755442	(12,22)
0.25035199269850760230967778514	(12,23)
0.25038149794413892470246801	(12,24)
0.2504083989358756987288229753	(12,25)
0.2504320060145678787145892365	(12,26)
0.2504517006705502824782551931	(12,27)
0.2504669581412445843180189535	(12,28)
0.2504773667606312003411000627	(12,29)
0.250482643241623956106574209	(12,30)
0.25000000031280225008315019048	(13,1)
0.25000002524451468447711277409	(13,2)
0.2500001933680328642416960697	(13,3)
0.2500007347282381431979567488	(13,4)
0.2500019785035929631825641362	(13,5)
0.25000433476399581076991082362	(13,6)
0.25000827148126973635172599374	(13,7)
0.25001428785581702124132723258	(13,8)
0.25002288519457564646373278052	(13,9)
0.25003453669135970028447773663	(13,10)
0.2500496575163335274261194964	(13,11)
0.25006857661491206888137053619	(13,12)
0.25009151154867627022387001531	(13,13)
0.2501185475853711665846265707	(13,14)
0.25014962206742674882718470884	(13,15)
0.25018451486637758096935903947	(13,16)
0.25022284547333018795447440755	(13,17)
0.2502640769937531276466131391	(13,18)
0.2503075270197407637118118636	(13,19)
0.25035238505645010829777355928	(13,20)
0.25039773589371689962190562196	(13,21)
0.25044258805079814711453158557	(13,22)
0.25048590619303086660564152445	(13,23)
0.25052664623417257839863436	(13,24)
0.2505637917060451997117946265	(13,25)
0.250596389904645466304209078	(13,26)
0.2506235863135413165456250867	(13,27)
0.2506446558628251928626223601	(13,28)
0.2506590297038062459595247686	(13,29)
0.250666316361524430158773809	(13,30)
0.25000000042037604966609030522	(14,1)
0.25000003392619289361096515113	(14,2)
0.25000025986800475757733076682	(14,3)
0.25000098740419197130975925749	(14,4)
0.2500026589202605570219568111	(14,5)
0.25000582551564089070336192423	(14,6)
0.25001111611291339175111512572	(14,7)
0.25001920161928808352532877495	(14,8)
0.25003075580011518568202714526	(14,9)
0.25004641467913424819486710077	(14,10)
0.25006673635404830514501181341	(14,11)
0.25009216310656985472806408898	(14,12)
0.2501229875947139837027242719	(14,13)
0.25015932474657419491172486281	(14,14)
0.2502010907368556925226567963	(14,15)
0.25024799013033234990130119606	(14,16)
0.25029951193245740123572631241	(14,17)
0.25035493491048879516979837613	(14,18)
0.25041334215370539513786398846	(14,19)
0.25047364444429449027007697602	(14,20)
0.25053461162724321830214760154	(14,21)
0.25059491081382630304691662781	(14,22)
0.2506531499441164236592054948	(14,23)
0.2507079249831756948092415801	(14,24)
0.2507578688451963202779655824	(14,25)
0.2508017000393432758934594346	(14,26)
0.2508382690167983559950652248	(14,27)
0.2508666002732230071970359311	(14,28)
0.2508859284231494594385244904	(14,29)
0.250895726706944703748627352	(14,30)
0.25000000055214457457976049166	(15,1)
0.25000004456049182700741504731	(15,2)
0.25000034132467800116221084418	(15,3)
0.25000129691028995285688292213	(15,4)
0.25000349237197431827844394284	(15,5)
0.25000765155941494711459923466	(15,6)
0.25001460054953916505213855312	(15,7)
0.25002522058360849247906137639	(15,8)
0.25004039668909144254115637913	(15,9)
0.25006096436865966971498916084	(15,10)
0.25008765683458384388507675768	(15,11)
0.25012105525350458086708441966	(15,12)
0.25016154434607879677793162	(15,13)
0.25020927546479276924482373533	(15,14)
0.25026413896155176454629021651	(15,15)
0.25032574726796092757317959385	(15,16)
0.25039342966152415828921758679	(15,17)
0.25046623919828564147264010638	(15,18)
0.25054297177609971505576987934	(15,19)
0.25062219677299239642763159765	(15,20)
0.25070229820259127186435959827	(15,21)
0.25078152486379834626396728664	(15,22)
0.25085804755444301996412582908	(15,23)
0.2509300210868038673395057579	(15,24)
0.2509956486026135519544534315	(15,25)
0.251053245549349523856681283	(15,26)
0.2511013006571764638210534309	(15,27)
0.2511385313509618648555974519	(15,28)
0.2511639312429993450711002729	(15,29)
0.251176807672274843593584479	(15,30)
0.25000000071087937447578708129	(16,1)
0.25000005737108770138356544641	(16,2)
0.25000043945136822928565235993	(16,3)
0.25000166975650469247983692819	(16,4)
0.25000449638900624468230015387	(16,5)
0.25000985130282346740668898937	(16,6)
0.25001879807899909587495428155	(16,7)
0.25003247134268958434462046966	(16,8)
0.25005201062800747449099656709	(16,9)
0.25007849175666826716731770766	(16,10)
0.25011285891877437355354046541	(16,11)
0.2501558606259821448064926705	(16,12)
0.25020799255168178936767849505	(16,13)
0.25026944998815738721096116061	(16,14)
0.25034009225029137527491888958	(16,15)
0.25041942085653486454615949805	(16,16)
0.25050657274105280978293026427	(16,17)
0.25060032911904745647608183607	(16,18)
0.25069913996485651921548527465	(16,19)
0.25080116339519612466471431909	(16,20)
0.2509043186040447494054264766	(16,21)
0.25100635039717809474750257097	(16,22)
0.25110490284845269145057835552	(16,23)
0.25119759917009636457791925666	(16,24)
0.2512821245763183366920134751	(16,25)
0.2513563087405283812561207928	(16,26)
0.2514182044134040036057623873	(16,27)
0.2514661588879032185998904004	(16,28)
0.2514988752669596508455366605	(16,29)
0.25151546090122037985317103	(16,30)
0.25000000089930562058348222416	(17,1)
0.25000007257791375836387951264	(17,2)
0.25000055593271892540185615543	(17,3)
0.25000211234384430023944197005	(17,4)
0.25000568820807635931822035051	(17,5)
0.25001246250968745277195672389	(17,6)
0.25002378075918664039485764011	(17,7)
0.25004107836137985230281783771	(17,8)
0.25006579696295791077994450841	(17,9)
0.25009929765714335842915982399	(17,10)
0.2501427750766367135418686261	(17,11)
0.25019717638232976442021394734	(17,12)
0.25026312895789618833673688387	(17,13)
0.25034088026033257077291521153	(17,14)
0.25043025277073084044005179303	(17,15)
0.25053061635989330546707738973	(17,16)
0.25064087965563427661273246817	(17,17)
0.25075950120146780657782360867	(17,18)
0.25088452036066480829371842067	(17,19)
0.25101360707750543430146191195	(17,20)
0.25114412879169678850699324447	(17,21)
0.25127323204499046667797169568	(17,22)
0.25139793565267738348427850886	(17,23)
0.25151523176655210428056145889	(17,24)
0.2516221907566421056792231802	(17,25)
0.2517160656084204650725173996	(17,26)
0.2517943914861761309715361806	(17,27)
0.251855076259877597974655937	(17,28)
0.2518964781314527762950489743	(17,29)
0.251917467016297063904218817	(17,30)
0.25000000112006100198823958931	(18,1)
0.25000009039384301099433180425	(18,2)
0.25000069239929177033632529837	(18,3)
0.25000263086780323205050709864	(18,4)
0.25000708451235090205289234545	(18,5)
0.2500155217304533965918545583	(18,6)
0.25002961833082879835342153661	(18,7)
0.25005116209709101029273227579	(18,8)
0.25008194861014630924477545239	(18,9)
0.25012367315789583311330649524	(18,10)
0.25017782375153301037101695506	(18,11)
0.25024558023746261745979503312	(18,12)
0.25032772424765879166108818535	(18,13)
0.25042456428282014048695623258	(18,14)
0.25053587959312648808110808408	(18,15)
0.25066088573802729871769019562	(18,16)
0.25079822380137310193514328957	(18,17)
0.25094597424700851995724104473	(18,18)
0.25110169536087100852782634851	(18,19)
0.25126248517845226447902956483	(18,20)
0.25142506478165556053806872632	(18,21)
0.25158587990692956510601003561	(18,22)
0.25174121697623701961956418228	(18,23)
0.25188732898075844879272144884	(18,24)
0.2520205661473012997845475318	(18,25)
0.2521375060267616548518632311	(18,26)
0.2522350775828406579360013773	(18,27)
0.2523106740383572154815523753	(18,28)
0.2523622496556117637069725965	(18,29)
0.25238839627366994385892454	(18,30)
0.25000000137565376117705018532	(19,1)
0.25000011102130152930931487319	(19,2)
0.25000085040162513855008225339	(19,3)
0.25000323121979479782406447825	(19,4)
0.25000870116602102047637727023	(19,5)
0.2500190637206940149773135004	(19,6)
0.25003637710794979078912584731	(19,7)
0.25006283708339761118409841986	(19,8)
0.25010064898673739342740328691	(19,9)
0.25015189498964037184705929396	(19,10)
0.25021840270326768890369285692	(19,11)
0.25030162127241800278140562198	(19,12)
0.25040251078067029909049064169	(19,13)
0.25052145023986014802278212684	(19,14)
0.25065816866382307649403186837	(19,15)
0.25081170276413443407319064858	(19,16)
0.25098038369407337478496710145	(19,17)
0.25116185405014945205364532571	(19,18)
0.25135311506520870854326728199	(19,19)
0.25155060264217405599872835322	(19,20)
0.25175028963240664609711258758	(19,21)
0.25194781060671346810441318468	(19,22)
0.25213860434791503026328268506	(19,23)
0.25231806845654453266197406797	(19,24)
0.2524817198461025096808756957	(19,25)
0.2526253545452473442311527068	(19,26)
0.2527452001464298468483529613	(19,27)
0.2528380544575638385066193017	(19,28)
0.2529014044256111460055183669	(19,29)
0.252933520193477814832351488	(19,30)
0.2500000016684206115259223068	(20,1)
0.25000013464887220127224085502	(20,2)
0.25000103138421980190451702385	(20,3)
0.25000391888830909443864439319	(20,4)
0.2500105529481545097655180955	(20,5)
0.25002312085806789583979451076	(20,6)
0.25004411886555867397710877932	(20,7)
0.25007621000927598748915335452	(20,8)
0.2501220689357197577184241694	(20,9)
0.25018422088806882075999548906	(20,10)
0.25026488234491724763058774231	(20,11)
0.25036581074180859771536818556	(20,12)
0.25048817034146345900799080278	(20,13)
0.2506324206497969776688163212	(20,14)
0.25079823283577965567017329459	(20,15)
0.25098443844478405500882070781	(20,16)
0.25118901334549499317268468497	(20,17)
0.25140909837338566552313243071	(20,18)
0.25164105658649628042967545801	(20,19)
0.25188056549120962133920983731	(20,20)
0.25212274108699024007005516681	(20,21)
0.25236228917908435447431713149	(20,22)
0.25259367817441429258489234031	(20,23)
0.25281132656226769150270449796	(20,24)
0.2530097975364075581803815735	(20,25)
0.253183992779746017929458984	(20,26)
0.2533293373371429829701776884	(20,27)
0.253441947763250062726197506	(20,28)
0.2535187763514669327644463203	(20,29)
0.253557725209472303790615955	(20,30)
0.25000000200048540536519125588	(21,1)
0.25000016144795907063668860661	(21,2)
0.25000123665998874355288699608	(21,3)
0.25000469886183564620044374209	(21,4)
0.25001265329130740464550032679	(21,5)
0.25002772256973995999577311827	(21,6)
0.25005289974740102997394040049	(21,7)
0.25009137783327330092769061918	(21,8)
0.25014636370734038792690963843	(21,9)
0.25022088504257423252165202566	(21,10)
0.25031759920663357593856901238	(21,11)
0.25043861306075473941498359055	(21,12)
0.2505853221336711825627491803	(21,13)
0.25075827684563364378198966876	(21,14)
0.25095708232948721459838448037	(21,15)
0.2511803369915630157344908382	(21,16)
0.25142561333323457484945777855	(21,17)
0.25168948277946603138191323016	(21,18)
0.25196758440306981909008822554	(21,19)
0.25225473556455915483048533625	(21,20)
0.25254508067974708305771395576	(21,21)
0.25283227265171085386665854311	(21,22)
0.25310968002870107006694397345	(21,23)
0.2533706117388225019390202112	(21,24)
0.253608550363122069374350019	(21,25)
0.2538173843893151173192651022	(21,26)
0.2539916297748561939332893372	(21,27)
0.2541266314609043169241341081	(21,28)
0.2542187362193908285164221964	(21,29)
0.254265429363475055611452345	(21,30)
0.25000000237371941341741680384	(22,1)
0.25000019156958172044914498894	(22,2)
0.25000146738570313729025783313	(22,3)
0.25000557553557161781730505839	(22,4)
0.25001501403033263271301331175	(22,5)
0.25003289478215597665806884048	(22,6)
0.25006276921640755740053838653	(22,7)
0.25010842597153935796035272482	(22,8)
0.25017367005909854520221391276	(22,9)
0.25026209372441240710061863449	(22,10)
0.25037684965841301836295368401	(22,11)
0.25052043715112546208652417504	(22,12)
0.25069451125650394815367227076	(22,13)
0.25089972408445935894976320782	(22,14)
0.25113560599374360706662887563	(22,15)
0.25140049278768069905524328124	(22,16)
0.25169150308372193560239681628	(22,17)
0.25200456791594252202101990708	(22,18)
0.25233451242072567552220553813	(22,19)
0.25267518723636966855337453154	(22,20)
0.25301964510360127922449626198	(22,21)
0.25336035617025886919466369418	(22,22)
0.25368945375999204645405214366	(22,23)
0.25399900093615987353848568205	(22,24)
0.2542812671447269790679193646	(22,25)
0.2545290036098099236467475891	(22,26)
0.2547357060246075699294489366	(22,27)
0.2548958534528145562848120878	(22,28)
0.2550051132332729492789103412	(22,29)
0.255060503040025527909879134	(22,30)
0.25000000278970397974928838994	(23,1)
0.25000022514136137082495249186	(23,2)
0.25000172453890681367668044647	(23,3)
0.25000655262370965809568096353	(23,4)
0.25001764516621317874757584761	(23,5)
0.25003865940373255928790258263	(23,6)
0.2500737690679441885025751142	(23,7)
0.25012742659432137243698767156	(23,8)
0.25020410352942626927891948262	(23,9)
0.2503080211768961333118335254	(23,10)
0.25044288400946985221499109049	(23,11)
0.25061162830761222778439681248	(23,12)
0.25081619787451407369398405998	(23,13)
0.25105735755439817574213782309	(23,14)
0.25133455369839251226907994132	(23,15)
0.25164582874943131644521218711	(23,16)
0.25198779483846091603964930032	(23,17)
0.25235566879273067845478561849	(23,18)
0.25274336835363909125236211968	(23,19)
0.25314366678964676710268544151	(23,20)
0.25354840057163955419142614236	(23,21)
0.25394872245284523586946937456	(23,22)
0.2543353902563281081577874383	(23,23)
0.25469908000598202833778053497	(23,24)
0.2550307108179637800935198147	(23,25)
0.2553217682625166320462544625	(23,26)
0.255564612759121804446346357	(23,27)
0.2557527600085527305495347007	(23,28)
0.2558811214962065851537645059	(23,29)
0.255946194695101281642793978	(23,30)
0.25000000324969618225864302883	(24,1)
0.25000026226474953587907590729	(24,2)
0.25000200889668864442920578011	(24,3)
0.25000763307878470140130318069	(24,4)
0.25002055464890105080780579916	(24,5)
0.25004503384917583985231992764	(24,6)
0.25008593252245961424348271548	(24,7)
0.25014843705950844646377794403	(24,8)
0.25023775593065945561558653194	(24,9)
0.25035880583606703973644310483	(24,10)
0.25051590108191987839999949211	(24,11)
0.25071246071734302395211436626	(24,12)
0.25095074725708603994264272189	(24,13)
0.25123164950459829635623946966	(24,14)
0.2515545201392178855623462741	(24,15)
0.25191707642185797184701686539	(24,16)
0.2523153697050864529904247659	(24,17)
0.25274382651793735445887662709	(24,18)
0.25319536095293588134043882333	(24,19)
0.2536615550351252407606933494	(24,20)
0.25413290082104658438893820874	(24,21)
0.25459909527501535020625773022	(24,22)
0.25504937660812050290582675928	(24,23)
0.25547288883978395572344922335	(24,24)
0.2558590599384155245315845935	(24,25)
0.2561979780884803980223028734	(24,26)
0.256480750470145850159175046	(24,27)
0.2566998294558759546000785493	(24,28)
0.256849292328871762808303915	(24,29)
0.256925062480530276538997252	(24,30)
0.25000000375459799531532525441	(25,1)
0.25000030301253931886081455268	(25,2)
0.25000232101661982919012777782	(25,3)
0.25000881901924598908389297853	(25,4)
0.25002374818230157604668540333	(25,5)
0.25005203061230304493864158444	(25,6)
0.25009928341063381005152889247	(25,7)
0.25017149850582439457851130218	(25,8)
0.25027469309741343551186488102	(25,9)
0.2504145469361753048090139851	(25,10)
0.25059604333657118220542440527	(25,11)
0.25082313073991599467194603356	(25,12)
0.25109842082936451534967321766	(25,13)
0.25142293768042925678378779166	(25,14)
0.25179593028283363945151040463	(25,15)
0.25221475808666545835104094451	(25,16)
0.25267485612509144300972807186	(25,17)
0.25316978288007012887003971051	(25,18)
0.25369135052845294334957098066	(25,19)
0.25422983367804798627668663041	(25,20)
0.25477424931778975629346164468	(25,21)
0.25531269759643426581295410885	(25,22)
0.25583275033268154890613475302	(25,23)
0.25632187195617805019871132996	(25,24)
0.2567678559792478137327057386	(25,25)
0.2571592591830483290445142047	(25,26)
0.2574858155290226078297833165	(25,27)
0.2577388124119058159466079708	(25,28)
0.2579114132575753415928664051	(25,29)
0.257998912603350355851906286	(25,30)
0.25000000430492933830146620682	(26,1)
0.25000034742669031542525340134	(26,2)
0.25000266122009330726091989846	(26,3)
0.25001011166615565792021617201	(26,4)
0.25002722905383012895209651171	(26,5)
0.25005965689268425784784270218	(26,6)
0.25011383546117278644208329775	(26,7)
0.25019663462319045515488353018	(26,8)
0.25031495291842062144503591166	(26,9)
0.25047530154229412627624359531	(26,10)
0.25068339261164894243956316741	(26,11)
0.25094375103179396509140148788	(26,12)
0.25125936834652685038217537862	(26,13)
0.25163141520867013887264099978	(26,14)
0.25205902663400088290586675437	(26,15)
0.25253917110688700635898866537	(26,16)
0.25306661102866387057199924454	(26,17)
0.25363395809610429088055759909	(26,18)
0.25423182313436101939780034979	(26,19)
0.25484905585580996068305273875	(26,20)
0.25547306613721245835607751228	(26,21)
0.25609021485536909579065790483	(26,22)
0.25668625923426903004775418319	(26,23)
0.25724683515690076527918792453	(26,24)
0.2577579570877933854120630403	(26,25)
0.2582065152251470646828444892	(26,26)
0.2585807493197004086805347399	(26,27)
0.2588706792997522711277435326	(26,28)
0.2590684744319737495718100622	(26,29)
0.259168745187634817646933984	(26,30)
0.25000000490080530641191189856	(27,1)
0.25000039551649104278118230683	(27,2)
0.25000302957824850610355831557	(27,3)
0.2500115112897101146003700771	(27,4)
0.25003099799041659572876954401	(27,5)
0.25006791428021509404854688304	(27,6)
0.25012959169910010917560494727	(27,7)
0.25022385061383585367268771353	(27,8)
0.25035854367361740959351049183	(27,9)
0.25054108204302744057335991976	(27,10)
0.25077796652198717966095931391	(27,11)
0.25107434558094657587473668862	(27,12)
0.25143362127970611343916163303	(27,13)
0.25185712204765047743703293628	(27,14)
0.25234385847125762749175998021	(27,15)
0.25289037468925184115440179547	(27,16)
0.25349070389647651510030785385	(27,17)
0.25413643198748898981371560856	(27,18)
0.254816868725642073007294866	(27,19)
0.25551932120020026968765050828	(27,20)
0.25622945992185426813522640278	(27,21)
0.25693176387961726139428266537	(27,22)
0.25761002739422772618713029424	(27,23)
0.25824790878943140989218015544	(27,24)
0.2588294988775314227993596171	(27,25)
0.2593398861136749241808225827	(27,26)
0.2597656950856457269494522194	(27,27)
0.2600955758145971901933828113	(27,28)
0.2603206231518800192304830282	(27,29)
0.260434708325986726682235194	(27,30)
0.25000000554191781453024861226	(28,1)
0.25000044725707752273001085294	(28,2)
0.25000342590062412360271682922	(28,3)
0.25001301716612651594591776321	(28,4)
0.25003505304241871382778335975	(28,5)
0.25007679850082469544524590539	(28,6)
0.25014654396066977199530678831	(28,7)
0.25025313235476195270829358522	(28,8)
0.25040544269352776548592365431	(28,9)
0.25061185412915932059673201248	(28,10)
0.25087971555607746186036711637	(28,11)
0.25121484570375830694502029436	(28,12)
0.25162108748358940972628253373	(28,13)
0.25209993809396884307673684289	(28,14)
0.25265027316779644791337478578	(28,15)
0.25326817921020359591855405321	(28,16)
0.25394690390694703512321600733	(28,17)
0.25467692879841836788167931948	(28,18)
0.25544616353831041812300645501	(28,19)
0.25624025571779305379420809536	(28,20)
0.25704300525199046131907175711	(28,21)
0.25783686779163888669764775408	(28,22)
0.25860352771051518947736345243	(28,23)
0.25932451807517725923007718794	(28,24)
0.25998186275108028378948271549	(28,25)
0.2605587145391830539641269661	(28,26)
0.2610399630462598720021743871	(28,27)
0.2614127869162490488958368042	(28,28)
0.261667127094853954728469014	(28,29)
0.261796060919871196536850999	(28,30)
0.2500000062275218344113030572	(29,1)
0.25000050258832256422278778187	(29,2)
0.25000384972665037128366311241	(29,3)
0.25001462754531786666029831741	(29,4)
0.25003938949658553236923093778	(29,5)
0.25008629922582273919400663032	(29,6)
0.25016467252968842333126876605	(29,7)
0.25028444576985827509804969786	(29,8)
0.25045559535429806696562585834	(29,9)
0.25068753527852681879389818716	(29,10)
0.25098852090037279913286360065	(29,11)
0.25136508704520554002319213115	(29,12)
0.25182154720105318484090396965	(29,13)
0.25235957801847656398998750488	(29,14)
0.2529779096907121639963016738	(29,15)
0.2536721382222826993278213605	(29,16)
0.25443467031236069595931066091	(29,17)
0.25525480582932363683431465841	(29,18)
0.25611895689842923899264460733	(29,19)
0.25701099672765885458301687545	(29,20)
0.25791272570354763917662376756	(29,21)
0.25880443721860286269340329724	(29,22)
0.25966556133302957388008102907	(29,23)
0.26047536088401286542106317084	(29,24)
0.26121365216698897387650738473	(29,25)
0.2618615209322281179178496831	(29,26)
0.2624020042484102355189125463	(29,27)
0.262820709832780776755353104	(29,28)
0.263106346742266679330476054	(29,29)
0.263251144813143374870202145	(29,30)
0.25000000695642636300232821024	(30,1)
0.25000056141410686927896431675	(30,2)
0.25000430032006589420155652994	(30,3)
0.25001633962968063655653080951	(30,4)
0.250043999818943908619743152	(30,5)
0.2500963999468008591978381196	(30,6)
0.25018394589891108993565513029	(30,7)
0.25031773641802399668133653325	(30,8)
0.25050891441861523705742754019	(30,9)
0.25076799376267012090785377963	(30,10)
0.25110419301341834984738302488	(30,11)
0.25152480761382944218947151272	(30,12)
0.25203465044747412600933271864	(30,13)
0.25263558788761702758257016564	(30,14)
0.25332619435063290538542834497	(30,15)
0.2541015432313409131798050654	(30,16)
0.25495314615528278805117695899	(30,17)
0.25586904602034292761103880517	(30,18)
0.25683406262012857646339570316	(30,19)
0.25783018304379393215878673882	(30,20)
0.25883708280922240860248521722	(30,21)
0.2598327580522167874735439793	(30,22)
0.26079424426853696741012597385	(30,23)
0.26169839325696977777412580349	(30,24)
0.26252267717833025275518524427	(30,25)
0.2632459871399388432943207214	(30,26)
0.2638493935246500633804280886	(30,27)
0.2643168364625929191928075843	(30,28)
0.2646357174020653545758302566	(30,29)
0.264797366622554774124237801	(30,30)
0.25000000772699022034400649797	(31,1)
0.25000062360197990703596915335	(31,2)
0.25000477666632022998335731283	(31,3)
0.25001814956422623951018917957	(31,4)
0.25004887362823154511062507421	(31,5)
0.25010707791745676389268813353	(31,6)
0.25020432065912840841695321298	(31,7)
0.25035292930183581442869670481	(31,8)
0.25056527972982391537853490943	(31,9)
0.25085304818638669774658053602	(31,10)
0.25122647096596672473074277887	(31,11)
0.25169364687409137223511793562	(31,12)
0.25225991580529250921851866407	(31,13)
0.25292734361038822787941771613	(31,14)
0.25369433885349760436468805639	(31,15)
0.25455542130970651708294051256	(31,16)
0.25550115540558881442664035952	(31,17)
0.25651825458208118207088463067	(31,18)
0.25758985510853267419409713321	(31,19)
0.25869595053812848582655378168	(31,20)
0.25981397107962614178820562283	(31,21)
0.26091948593669275762510326352	(31,22)
0.26198700135511613075500037768	(31,23)
0.26299082289799243902711645636	(31,24)
0.26390594748378133995690847589	(31,25)
0.2647089490893402009417100703	(31,26)
0.2653788218319438928058734254	(31,27)
0.2658977454607925691628589628	(31,28)
0.2662517411224882929592183938	(31,29)
0.266431189563764813384526792	(31,30)
0.25000000853712273583226556069	(32,1)
0.2500006889832152999052676387	(32,2)
0.2500052774729981496627918418	(32,3)
0.2500200524381945206567489971	(32,4)
0.2500539977002489302015559355	(32,5)
0.25011830416315834990831013762	(32,6)
0.2502257415175096165836479427	(32,7)
0.25038992889947659084966598821	(32,8)
0.25062453826361855170216000464	(32,9)
0.25094246756685042965605247712	(32,10)
0.25135502255676099724024630224	(32,11)
0.25187114590966415352754390135	(32,12)
0.25249673064720389144458456752	(32,13)
0.25323405123517112904141114576	(32,14)
0.25408134068570604771513801242	(32,15)
0.2550325355846732249326175999	(32,16)
0.25607720356680869281129694566	(32,17)
0.25720065973282761528266921546	(32,18)
0.25838427023830778701704862495	(32,19)
0.25960593316731066187492939501	(32,20)
0.26084071918089029985220771565	(32,21)
0.26206164759501725709961028025	(32,22)
0.26324056773019548940319514534	(32,23)
0.26434911077252597306163494654	(32,24)
0.26535967414198898805666117408	(32,25)
0.2662463986001225858244580055	(32,26)
0.2669860981438474733845637705	(32,27)
0.2675591041910086683695312006	(32,28)
0.2679499886835406336906616395	(32,29)
0.268148135462588287939590748	(32,30)
0.25000000938428934004261693466	(33,1)
0.25000075735326211013566360685	(33,2)
0.25000580117327651685906191553	(33,3)
0.25002204229818969669309575976	(33,4)
0.25005935600323927795937281451	(33,5)
0.25013004355848759755466932898	(33,6)
0.25024814144566128916345638937	(33,7)
0.25042861942072573077579218942	(33,8)
0.25068650453860789826668502083	(33,9)
0.25103597195428337295351324262	(33,10)
0.25148944520689820999546192209	(33,11)
0.25205674866177597413215216344	(33,12)
0.25274435279362445692927086472	(33,13)
0.25355474910396852593931387216	(33,14)
0.25448598584250151589944205767	(33,15)
0.25553138861494639223632763889	(33,16)
0.25667948176768734794164168754	(33,17)
0.25791411756192633702531197835	(33,18)
0.25921481103186044036422270672	(33,19)
0.26055726949216987054899705115	(33,20)
0.2619140973030186092734123685	(33,21)
0.26325564903363493836578356827	(33,22)
0.26455099783843884492391373154	(33,23)
0.26576898086548839215473737264	(33,24)
0.26687928000798662806081708976	(33,25)
0.2678534944114804323652929175	(33,26)
0.2686661609659597102880510713	(33,27)
0.2692956806166864810770333926	(33,28)
0.2697251117432611382531761904	(33,29)
0.269942797030057390337597282	(33,30)
0.25000001026552203534103580718	(34,1)
0.25000082847258986585330404944	(34,2)
0.2500063459323971134461432923	(34,3)
0.25002411217277586377663786709	(34,4)
0.25006492976412716106119602123	(34,5)
0.25014225497239345155575081202	(34,6)
0.2502714419566947259557211873	(34,7)
0.25046886528579108193864971167	(34,8)
0.25075096138380021681394892166	(34,9)
0.25113323359124052260161998193	(34,10)
0.25162926762855756678819530124	(34,11)
0.25224980423680444324844981813	(34,12)
0.25300191359672056171097405425	(34,13)
0.25388831185412339811677901031	(34,14)
0.25490685388714346295988973652	(34,15)
0.25605022863984888146205689895	(34,16)
0.2573058743208360557399545839	(34,17)
0.25865612099816872807159314107	(34,18)
0.26007855811308789950332638384	(34,19)
0.26154661466296385019510246566	(34,20)
0.26303033068959452073456440744	(34,21)
0.26449729059407630023696126107	(34,22)
0.26591368194643156256722754737	(34,23)
0.26724543806453413255644258899	(34,24)
0.26845941885703380411781465018	(34,25)
0.2695245823882789862378688087	(34,26)
0.2704130994400901626211483088	(34,27)
0.2711013650976325471075692436	(34,28)
0.2715708651048717223728024432	(34,29)
0.271808860367583127920526178	(34,30)
0.25000001117743467238958913281	(35,1)
0.25000090206792144386786253794	(35,2)
0.2500069096571103701218412601	(35,3)
0.25002625410836084090870180375	(35,4)
0.25007069756515464726959905798	(35,5)
0.2501548914799428838656403679	(35,6)
0.2502955535093720352898427681	(35,7)
0.25051051182364556604645762189	(35,8)
0.25081766105765769860476790362	(35,9)
0.25123387860241773694394800766	(35,10)
0.25177395225643688944863222702	(35,11)
0.25244957026698293910532037799	(35,12)
0.2532684224294069531982750303	(35,13)
0.25423345623945884082536218256	(35,14)
0.25534232530535729896645406437	(35,15)
0.25658705865738611000525202818	(35,16)
0.25795396969536789104189715397	(35,17)
0.25942381282024612810697577842	(35,18)
0.26097218486343914084016681704	(35,19)
0.26257015778672844830863912079	(35,20)
0.26418511923485714540716123556	(35,21)
0.26578178874766624918504101223	(35,22)
0.26732337005113180657924655188	(35,23)
0.26877279404733417768888739128	(35,24)
0.2700940030674649007783992211	(35,25)
0.2712532247721992862997071477	(35,26)
0.2722201838980940410379130585	(35,27)
0.2729692019492925691520438495	(35,28)
0.2734801389600146546355433404	(35,29)
0.27373913755629505704970538	(35,30)
0.25000001211624291206971034103	(36,1)
0.25000097783384408616642350806	(36,2)
0.25000749000801552254832602031	(36,3)
0.25002845921608532442880498397	(36,4)
0.25007663547015261561808840454	(36,5)
0.25016790063899917356925838734	(36,6)
0.25032037603613999367364477537	(36,7)
0.25055338618435031633146840103	(36,8)
0.25088632670986712175829403322	(36,9)
0.25133748920159393320351579519	(36,10)
0.25192289842259479558158183008	(36,11)
0.2526552172974770244634425752	(36,12)
0.25354277254349732991303108481	(36,13)
0.25458874872425820446268959679	(36,14)
0.25579059109603139920246201404	(36,15)
0.25713964825809081121859137379	(36,16)
0.25862107481495266843641772423	(36,17)
0.26021400260402937931537948035	(36,18)
0.26189197715753425524295328741	(36,19)
0.2636236445360126108484779951	(36,20)
0.26537366298946594270246780118	(36,21)
0.26710380445714332103227720661	(36,22)
0.26877420298935331940835544016	(36,23)
0.27034470096491639959248457891	(36,24)
0.27177623964105686989266890839	(36,25)
0.2730322382447977890619177075	(36,26)
0.274079905622892499727967149	(36,27)
0.2748914305151412156231978124	(36,28)
0.2754450008536690985751722692	(36,29)
0.275725609073750579802776416	(36,30)
0.25000001307778870414437351668	(37,1)
0.25000105543478493691417178259	(37,2)
0.25000808441469291538209035675	(37,3)
0.25003071772932109494208926073	(37,4)
0.25008271717937993659110290667	(37,5)
0.25018122482948793260279794453	(37,6)
0.25034579959058421941891423778	(37,7)
0.25059729845763865623701095973	(37,8)
0.25095665417343270941855502087	(37,9)
0.25144360639696412298138051354	(37,10)
0.25207544624767813597183782737	(37,11)
0.25286583416239903676269489188	(37,12)
0.25382374824687868344549582349	(37,13)
0.25495261478489643287100319418	(37,14)
0.25624966451555768222631573561	(37,15)
0.2577055481123866389956268422	(37,16)
0.25930423255735410827284173405	(37,17)
0.26102318745938032974991724818	(37,18)
0.26283385750645463949908471402	(37,19)
0.2647024048018203621941040013	(37,20)
0.26659069335238912396349012356	(37,21)
0.26845747785777326537955896099	(37,22)
0.27025975047717301809446568057	(37,23)
0.27195419262801435336895758511	(37,24)
0.27349867424818136598978585901	(37,25)
0.2748537404727576230377001676	(37,26)
0.2759840254730026359067133391	(37,27)
0.2768595353978453261926387215	(37,28)
0.2774567470092105565916453946	(37,29)
0.277759475672852753181421491	(37,30)
0.25000001405756906606352323631	(38,1)
0.2500011345073336196650689829	(38,2)
0.25000869009349455454095396293	(38,3)
0.25003301907126945770140501861	(38,4)
0.25008891421156004729001346701	(38,5)
0.25019480165224702582984734252	(38,6)
0.25037170510856784052655387053	(38,7)
0.25064204298784277735119519809	(38,8)
0.25102831407118195143266296624	(38,9)
0.25155173317080821307175360877	(38,10)
0.25223088121386520812689780402	(38,11)
0.25308043430174688312635263131	(38,12)
0.25411003333543225676357846511	(38,13)
0.25532334983556821866396184109	(38,14)
0.25671739486998738865035006288	(38,15)
0.25828210698051739263388395645	(38,16)
0.26000024229680512955975452063	(38,17)
0.26184757636801971186587193023	(38,18)
0.26379341338881288443942448381	(38,19)
0.26580138513853573950292713876	(38,20)
0.26783050966418621424293374513	(38,21)
0.26983646894133368054029751307	(38,22)
0.27177305573214097896363336475	(38,23)
0.27359373282094112129069014888	(38,24)
0.27525324289670862457944664729	(38,25)
0.2767092047121440286849029934	(38,26)
0.2779236309291104788898440997	(38,27)
0.278864305393706637374342356	(38,28)
0.2795059625486193352082874861	(38,29)
0.27983121925318878246982156	(38,30)
0.25000001505076889855847667974	(39,1)
0.25000121466289060085171560627	(39,2)
0.25000930406783010242308134751	(39,3)
0.25003535193204126246594730883	(39,4)
0.25009519611144865959282525771	(39,5)
0.25020856438380836900303268564	(39,6)
0.25039796527608170536878666557	(39,7)
0.25068739987310718597248413502	(39,8)
0.25110095421734925770662442005	(39,9)
0.25166133810426711381717246855	(39,10)
0.25238843937741149662197429807	(39,11)
0.25329796296096550419170078678	(39,12)
0.25440022070168596120089246427	(39,13)
0.2556991316767514499443446841	(39,14)
0.25719148322669052946248816612	(39,15)
0.25886649108635990327951191336	(39,16)
0.26070568329709589415858439774	(39,17)
0.26268311789432094842751604703	(39,18)
0.26476592950356766005174365311	(39,19)
0.26691518569578074451171269724	(39,20)
0.26908702085738647171910044936	(39,21)
0.2712340038601147948070304524	(39,22)
0.27330668625850090674116749294	(39,23)
0.27525527028876920214989560676	(39,24)
0.27703133073934634903414604075	(39,25)
0.2785895219593032025359957576	(39,26)
0.2798892010279493436370962961	(39,27)
0.2808959005784309426833628129	(39,28)
0.2815825900442020269043208028	(39,29)
0.281930672155250015683089942	(39,30)
0.25000001605229752987965589038	(40,1)
0.25000129549061647076287554063	(40,2)
0.25000992319075782159387251238	(40,3)
0.25003770435449463906255337263	(40,4)
0.25010153068098302102566543541	(40,5)
0.2502224424828388362632384249	(40,6)
0.25042444549564862245433091323	(40,7)
0.25073313663478669008297325659	(40,8)
0.25117420229162451581532533539	(40,9)
0.25177185941305096196001255245	(40,10)
0.25254731317157258747652249487	(40,11)
0.25351730520500970853939160704	(40,12)
0.25469282302908472347067786897	(40,13)
0.25607803434808842053073567932	(40,14)
0.25766949989582962150949123904	(40,15)
0.2594557056701132124078040194	(40,16)
0.26141694073151191209914552295	(40,17)
0.26352553100336769202464188401	(40,18)
0.2657464236349389331434013166	(40,19)
0.26803810128229613152795970641	(40,20)
0.27035379176350336972615320178	(40,21)
0.27264292640569538696697899283	(40,22)
0.2748527903072272034943005516	(40,23)
0.27693029986952316788402557366	(40,24)
0.27882383745482939935492620786	(40,25)
0.2804850700521951317390429103	(40,26)
0.2818706785610538512990209571	(40,27)
0.2829439269015851863631223902	(40,28)
0.2836760057454536789515634546	(40,29)
0.284047094214215315663693156	(40,30)
0.25000001705682863843772807078	(41,1)
0.25000137656065387602720755163	(41,2)
0.25001054416966395081550009966	(41,3)
0.25004006382800771415893061437	(41,4)
0.25010788423179691819669526645	(41,5)
0.25023636214338427228106827242	(41,6)
0.25045100494201137937708933024	(41,7)
0.2507790100410050995473608719	(41,8)
0.25124766875997698335107600044	(41,9)
0.25188270935526394729423208305	(41,10)
0.25270665774401255497133340323	(41,11)
0.25373729466959153860931120017	(41,12)
0.25498628446851317532608703577	(41,13)
0.2564580432515267464888074627	(41,14)
0.25814890351201398037145608561	(41,15)
0.2600466185103311965149996351	(41,16)
0.26213023407623370486148496362	(41,17)
0.2643703386857430448123009067	(41,18)
0.26672968577931072890886538101	(41,19)
0.26916416616071434159163955903	(41,20)
0.27162409362420630355415603198	(41,21)
0.27405575415950315576321259583	(41,22)
0.27640315845939135476517972404	(41,23)
0.27860992917456463204909741632	(41,24)
0.28062124856505028936175319635	(41,25)
0.2823857890483860813824576615	(41,26)
0.2838575488348338940157268732	(41,27)
0.2849975175632015520859469046	(41,28)
0.2857751027388821110851630984	(41,29)
0.286169256823205200747312927	(41,30)
0.25000001805884316485829636426	(42,1)
0.25000145742759071033946257495	(42,2)
0.25001116359279004331761669199	(42,3)
0.25004241738927256316859315538	(42,4)
0.25011422185664056311655678534	(42,5)
0.25025024688952384243930253488	(42,6)
0.25047749769681045881710421381	(42,7)
0.25082476806658336084838671157	(42,8)
0.25132095001373650161304067955	(42,9)
0.25199327896826705441548017077	(42,10)
0.25286559776668665037361347161	(42,11)
0.253956722963862596720721193	(42,12)
0.25527899318248238922230926641	(42,13)
0.25683707139607081001407301831	(42,14)
0.25862706152828025303201547237	(42,15)
0.26063598518339080368129238573	(42,16)
0.2628416475969083117769852823	(42,17)
0.26521290405678653053839046589	(42,18)
0.26771032014722028235148667395	(42,19)
0.27028720213011040429773331999	(42,20)
0.27289095830694747122103622426	(42,21)
0.27546473875976138121086744663	(42,22)
0.27794928972393994083080609382	(42,23)
0.28028495015816811734193666734	(42,24)
0.28241371198367611728649022274	(42,25)
0.2842812621355208693332016353	(42,26)
0.2858389242147590819891724782	(42,27)
0.2870454203697985482660741241	(42,28)
0.2878683802206869383091289942	(42,29)
0.288285533177099916990469792	(42,30)
0.25000001905267478962114409146	(43,1)
0.25000153763413035850553537076	(43,2)
0.25001177795734626104462726127	(43,3)
0.25004475172911482896183984467	(43,4)
0.25012050771702421423128045853	(43,5)
0.25026401820555950684698358731	(43,6)
0.25050377395103738088474534493	(43,7)
0.25087015196995829770057794599	(43,8)
0.25139363169587489601586776458	(43,9)
0.2521029430876757771264923289	(43,10)
0.25302323465070280747187884861	(43,11)
0.25417434963123268891852639637	(43,12)
0.25556929463235842386497199458	(43,13)
0.25721297660255631147222897019	(43,14)
0.25910127191830015686637115409	(43,15)
0.26122047580856767999917464585	(43,16)
0.26354716262418439361051200612	(43,17)
0.2660484685698736344888588802	(43,18)
0.26868278962089042330507022162	(43,19)
0.27140086941598931927444573159	(43,20)
0.2741472356834843106815149255	(43,21)
0.27686192968297682591643113604	(43,22)
0.27948246149006379162423912394	(43,23)
0.28194591486216004562038694598	(43,24)
0.2841911190327836121894465311	(43,25)
0.2861608012676346636756357336	(43,26)
0.2878036336110800705409230291	(43,27)
0.2890760901994559075545652111	(43,28)
0.2899440379929943337989552522	(43,29)
0.290383993798029762285217283	(43,30)
0.2500000200325575220155835035	(44,1)
0.25000161671493233230060431323	(44,2)
0.25001238369892980246411055623	(44,3)
0.25004705330427195414931768554	(44,4)
0.25012670534421194630557374291	(44,5)
0.25027759619544403333074640521	(44,6)
0.25052968126324633930397087336	(44,7)
0.25091489846632767549549263025	(44,8)
0.25146529218121603997180028913	(44,9)
0.25221106559825766938771038797	(44,10)
0.25317865409389312138432542579	(44,11)
0.25438891256846431926391786647	(44,12)
0.25585550547530162331686043134	(44,13)
0.25758357949564877821800562107	(44,14)
0.25956878586866218450219924014	(44,15)
0.26179670300968356145762205245	(44,16)
0.26424269129337063697430864277	(44,17)
0.26687219195899199831688907265	(44,18)
0.26964146221966237126993958796	(44,19)
0.27249871985533883441969698228	(44,20)
0.27538565359373235206915226242	(44,21)
0.2782392408981679528031731605	(44,22)
0.28099380263053614114460503204	(44,23)
0.28358321457403641583497248757	(44,24)
0.28594318911321493685823152813	(44,25)
0.288013536666839174558337304	(44,26)
0.2897403160071601974425230598	(44,27)
0.2910777856472493368279993275	(44,28)
0.2919900752346584095870914383	(44,29)
0.292452506383263490192860575	(44,30)
0.25000002099267492051814685195	(45,1)
0.25000169420058456857768915013	(45,2)
0.25001297722195180155896152012	(45,3)
0.25004930845300279920477139039	(45,4)
0.25013277795053001482773016678	(45,5)
0.25029090026479639964341858211	(45,6)
0.25055506586083116965290281813	(45,7)
0.25095874197509271960372574354	(45,8)
0.25153550617544330295859525555	(45,9)
0.25231700486369924342146901985	(45,10)
0.25333093388482778045536771311	(45,11)
0.25459913879769481550986746263	(45,12)
0.25613592793031582705177176043	(45,13)
0.25794668210092620423049903293	(45,14)
0.26002683123138841341304882243	(45,15)
0.26236125081000911608673665317	(45,16)
0.26492411140628233770773390458	(45,17)
0.26767919350579668751418226351	(45,18)
0.27058065910245550921740535379	(45,19)
0.27357425183790985240211950771	(45,20)
0.27659887978763379832783191496	(45,21)
0.27958851971901059336537849841	(45,22)
0.28247436901617894619769946317	(45,23)
0.28518716159770792638406933477	(45,24)
0.28765955717226956103632504668	(45,25)
0.2898285092853193447108652983	(45,26)
0.2916375170847689838116086143	(45,27)
0.2930386688739662215687246869	(45,28)
0.2939943925481111971311941987	(45,29)
0.294478838966108841448504995	(45,30)
0.25000002192721044423004839929	(46,1)
0.25000176962166700816210800216	(46,2)
0.25001355493076338346105557941	(46,3)
0.25005150351335335826392375162	(46,4)
0.25013868874782492318472547863	(46,5)
0.25030384981857040275222269414	(46,6)
0.25057977397113567984536643048	(46,7)
0.25100141691874093998192975388	(46,8)
0.25160384839629252933142073101	(46,9)
0.25242011927998987029981792789	(46,10)
0.25347915188383190935289255634	(46,11)
0.25480375548169469287871487602	(46,12)
0.25640886446706794053557917026	(46,13)
0.25830008685755257244624731187	(46,14)
0.26047263649767295106307014792	(46,15)
0.26291070416592212959635822383	(46,16)
0.26558730205998246467533670697	(46,17)
0.26846459421065301226263189482	(46,18)
0.2714947036182782499676863471	(46,19)
0.27462096644427331459187244021	(46,20)
0.27777958521455629466379260411	(46,21)
0.28090161715334621077002502476	(46,22)
0.28391522067337079855056692483	(46,23)
0.28674807280536820900073284209	(46,24)
0.28932986307945850405609528889	(46,25)
0.2915947652876907993108661317	(46,26)
0.2934837879641114082449116635	(46,27)
0.2949469076431185099120738375	(46,28)
0.295944896244924480450513586	(46,29)
0.296450765341154640283945646	(46,30)
0.25000002283039841997133204341	(47,1)
0.25000184251286486025456192054	(47,2)
0.2500141132611622657911013833	(47,3)
0.25005362494286797587767482874	(47,4)
0.25014440126981130924278032544	(47,5)
0.25031636496723453883545631294	(47,6)
0.25060365316877009750133399564	(47,7)
0.25104266004963233615680278773	(47,8)
0.25166989729923660922804165388	(47,9)
0.25251977289555067978127519739	(47,10)
0.25362239409926087321379036263	(47,11)
0.25500150106952678230839684455	(47,12)
0.25667263266700132618751817526	(47,13)
0.25864161585177131417658527425	(47,14)
0.26090345504727256566034491158	(47,15)
0.26344167883686176245121596151	(47,16)
0.26622817967764980521986636396	(47,17)
0.26922355943608952228643383548	(47,18)
0.27237797090303289752433412268	(47,19)
0.27563242420665949779547053924	(47,20)
0.27892050801338695778283872383	(47,21)
0.2821704590313257332922073854	(47,22)
0.28530749979653513098526568114	(47,23)
0.28825635411726800255402420451	(47,24)
0.29094384199771074818053266385	(47,25)
0.2933014515889751982210000859	(47,26)
0.2952677850503354976655030431	(47,27)
0.2967907785042639668200662294	(47,28)
0.2978296038050703061287870684	(47,29)
0.298356171677164913096119835	(47,30)
0.25000002369657510021846092369	(48,1)
0.25000191241708919764828220668	(48,2)
0.25001464871195547901017097106	(48,3)
0.25005565943851338523724689233	(48,4)
0.25014987969499039526037135506	(48,5)
0.25032836723419151791489977716	(48,6)
0.25062655372526010285856270309	(48,7)
0.25108221278072975176320871718	(48,8)
0.25173323880929824108796116991	(48,9)
0.25261534104023984623923756609	(48,10)
0.25375976277588091694463909257	(48,11)
0.25519113645786445917323688458	(48,12)
0.25692558010378083508882254283	(48,13)
0.25896913007330710987732269992	(48,14)
0.26131658942411629624668590203	(48,15)
0.26395085128447138201785058959	(48,16)
0.26684273407131750464218236798	(48,17)
0.26995134158469954050803367066	(48,18)
0.27322493751352614110475399018	(48,19)
0.27660230191025868402957848655	(48,20)
0.28001451754712288296104116672	(48,21)
0.28338711718303402798287771517	(48,22)
0.28664250881604982658822162734	(48,23)
0.28970258504363384718892140281	(48,24)
0.29249141482388767894505546348	(48,25)
0.2949379114690203375969437763	(48,26)
0.2969783699630631510075729706	(48,27)
0.2985587700648430435602306034	(48,28)
0.299636749428643654813275284	(48,29)
0.300183163224497799982351459	(48,30)
0.25000002452022928342507483319	(49,1)
0.25000197888956223375825606074	(49,2)
0.25001515787625152598808350102	(49,3)
0.2500575940555743425365766992	(49,4)
0.25015508916679682560401824683	(49,5)
0.2503397802571159457602278827	(49,6)
0.25064832994706103609790265697	(49,7)
0.25111982349615510275708528808	(49,8)
0.25179347002037965759402452928	(49,9)
0.25270621590500517794285726292	(49,10)
0.25389038441170749798801743097	(49,11)
0.25537145605258232646644747399	(49,12)
0.25716609908930201617499575822	(49,13)
0.25928054849579557482914209399	(49,14)
0.26170941538756968659248136894	(49,15)
0.26443498829253115742244534127	(49,16)
0.26742706416477219563792226091	(49,17)
0.27064332237190517246503446984	(49,18)
0.27403023058778140483809767495	(49,19)
0.27752444885062640553313594881	(49,20)
0.28105467782346762790303920722	(49,21)
0.28454387993385621053342842863	(49,22)
0.28791178771911322673113637303	(49,23)
0.29107760241972379121564810177	(49,24)
0.29396277776887457406488346895	(49,25)
0.2964937792802827734142328458	(49,26)
0.2986047085212955320995736173	(49,27)
0.3002396852883154349658997198	(49,28)
0.301354888594226628524734839	(49,29)
0.301920170019255025473665159	(49,30)
0.25000002529605197044553639141	(50,1)
0.25000204150182480841084040162	(50,2)
0.25001563747215664993575575164	(50,3)
0.25005941632428477224862897962	(50,4)
0.2501599961076456482970520937	(50,5)
0.25035053047591959940816547749	(50,6)
0.25066884148802998213693397308	(50,7)
0.25115524981756004024601920516	(50,8)
0.25185020282367582671238994717	(50,9)
0.25279181201423601619434376931	(50,10)
0.25401341762008020568556734734	(50,11)
0.25554129861585703429396578798	(50,12)
0.25739264113238090538504086975	(50,13)
0.25957386678357208210935994785	(50,14)
0.26207940549039877935856608976	(50,15)
0.26489097600135395002402650922	(50,16)
0.2679774130074923372519821759	(50,17)
0.27129505425713760692509112903	(50,18)
0.2747886760244544330072926847	(50,19)
0.27839294196709853475266764087	(50,20)
0.28203430964773396893631389328	(50,21)
0.28563332119112309257984332308	(50,22)
0.28910718982680979058243787221	(50,23)
0.29237258247109526832772827404	(50,24)
0.29534849015391678099790591775	(50,25)
0.2979590732725483887017365936	(50,26)
0.3001363677629064181602307569	(50,27)
0.3018227417633942742852704155	(50,28)
0.302973000545188027208795729	(50,29)
0.303556050493532397132821229	(50,30)
0.25000002601898453878295752733	(51,1)
0.25000209984562425516577290612	(51,2)
0.2500160843725548278402314759	(51,3)
0.25006111436297715220009175124	(51,4)
0.25016456852360194311034198551	(51,5)
0.25036054780016524761220715013	(51,6)
0.25068795462266231803034952777	(51,7)
0.25118826080267181609210096984	(51,8)
0.25190306742733986269572272197	(51,9)
0.25287157153378695372455230227	(51,10)
0.25412806075509679082943158466	(51,11)
0.25569955778590275485370900284	(51,12)
0.25760373095980288226612680599	(51,13)
0.2598471754305267838186233436	(51,14)
0.26242415193880579885969600472	(51,15)
0.2653158480557228212649043726	(51,16)
0.26849020171709480507712756532	(51,17)
0.27190230060484408943309102212	(51,18)
0.27549534518332445621670532742	(51,19)
0.27920213928262092768625933622	(51,20)
0.28294705086616208774176719312	(51,21)
0.2866483674086423362014645064	(51,22)
0.29022095524487341141669798495	(51,23)
0.29357912036150363081138962672	(51,24)
0.29663955951618437690011518721	(51,25)
0.2993242855753229906639358204	(51,26)
0.3015634099957869274686997767	(51,27)
0.3032976689075591027733350861	(51,28)
0.3044805876439574446686146	(51,29)
0.305080191920070171380104798	(51,30)
0.25000002668426493013507774697	(52,1)
0.25000215353664193278236666745	(52,2)
0.25001649563365960866884317958	(52,3)
0.25006267698656518419778030728	(52,4)
0.25016877629648269602455580303	(52,5)
0.25036976624894109107599037303	(52,6)
0.25070554346676494190191702582	(52,7)
0.25121863905300909804235260472	(52,8)
0.25195171573059007126638055849	(52,9)
0.2529449693591962384133137806	(52,10)
0.2542335592207750033338319524	(52,11)
0.2558451921595938709493954926	(52,12)
0.25779797995361932329979934423	(52,13)
0.26009867714223191535437556345	(52,14)
0.26274138849689893559190018333	(52,15)
0.26570681257411790948810516013	(52,16)
0.26896206199826836714233709446	(52,17)
0.27246107415920727068629809013	(52,18)
0.27614559962335764274766774366	(52,19)
0.27994673109700938955864220462	(52,20)
0.28378691407645159816256331536	(52,21)
0.28758236173643611351097622369	(52,22)
0.29124578122829012757193026007	(52,23)
0.29468930640028795667642195176	(52,24)
0.2978275231426093715209765539	(52,25)
0.3005804684061004538455397099	(52,26)
0.3028764829063568508492843429	(52,27)
0.3046548010975901517184081447	(52,28)
0.305867770564494436101695649	(52,29)
0.306482606650097778648484078	(52,30)
0.25000002728747136607345760407	(53,1)
0.2500022022180212660628433529	(53,2)
0.25001686852203788577331527796	(53,3)
0.25006409380922028790594394889	(53,4)
0.25017259146032308175636102547	(53,5)
0.25037812455647666541946909782	(53,6)
0.25072149113275201728750747013	(53,7)
0.25124618270865161173009032912	(53,8)
0.25199582451687637738476434574	(53,9)
0.25301151793078516417346009825	(53,10)
0.25432921238743482662996939404	(53,11)
0.2559772348325613515205592754	(53,12)
0.25797409886439069574975121809	(53,13)
0.26032670328010538313773665487	(53,14)
0.26302901120753021615746390399	(53,15)
0.26606127765881165876059664586	(53,16)
0.26938986690047711734533798428	(53,17)
0.27296767343341041001317188729	(53,18)
0.27673513341454924985225332629	(53,19)
0.28062178840318937725994039533	(53,20)
0.28454834120766647891918723523	(53,21)
0.28842912469113747328735954801	(53,22)
0.29217488873066923192009555597	(53,23)
0.2956957981193717103002332195	(53,24)
0.29890452518656662836720386506	(53,25)
0.3017193156102190590039413061	(53,26)
0.3040669047903084101761827984	(53,27)
0.3058851657602935921131668272	(53,28)
0.30712537833447172313350565	(53,29)
0.307754023144907716712331193	(53,30)
0.25000002782456313145986654637	(54,1)
0.25000224556365914023676186789	(54,2)
0.25001720053982100491833531542	(54,3)
0.25006535534016064268717351405	(54,4)
0.25017598845929604718926152788	(54,5)
0.25038556673712461251297950439	(54,6)
0.25073569080740518840115664343	(54,7)
0.25127070730908222175382518458	(54,8)
0.2520350984325443557099665881	(54,9)
0.25307077172507753430009681999	(54,10)
0.25441438004276060227352346096	(54,11)
0.25609480229684033231649094481	(54,12)
0.2581309096674182566399029943	(54,13)
0.26052972919590480520872123515	(54,14)
0.26328509771347791945176735408	(54,15)
0.2663768751812682630804127464	(54,16)
0.26977075949465237237717445028	(54,17)
0.27341871663550965513290073604	(54,18)
0.27726001258442455605463032761	(54,19)
0.28122280802417107791104209677	(54,20)
0.28522625440342607972104152657	(54,21)
0.28918301071774117443552110359	(54,22)
0.29300208444791159084948683144	(54,23)
0.29659188747175402143276122245	(54,24)
0.29986338856658517520857767993	(54,25)
0.3027332386851484812314114275	(54,26)
0.3051267440196810114734128465	(54,27)
0.3069805655074496052407515136	(54,28)
0.308245032290666445662864631	(54,29)
0.308885970854233049190270666	(54,30)
0.25000002829191799511186593449	(55,1)
0.25000228328122590677350247311	(55,2)
0.25001748944783709832913528488	(55,3)
0.25006645307154175744504732992	(55,4)
0.25017894438436329894099621084	(55,5)
0.25039204260374737099881946977	(55,6)
0.25074804674073173811779726134	(55,7)
0.25129204750048804644520615853	(55,8)
0.25206927271962776028649915696	(55,9)
0.25312233137529004492853086856	(55,10)
0.25448848830976836516857006636	(55,11)
0.25619710260273312519191836673	(55,12)
0.2582673564378009672190880444	(55,13)
0.26070638829624091561981962252	(55,14)
0.26350792497732722762473702563	(55,15)
0.26665148259499815771925169495	(55,16)
0.27010217917045677838010546603	(55,17)
0.27381117277824602791592922149	(55,18)
0.2777167112894440962303777103	(55,19)
0.28174575400208603194682775032	(55,20)
0.28581610268009879897788404823	(55,21)
0.28983896005538115815296184898	(55,22)
0.29372181771170294167670454094	(55,23)
0.29737156245314690695726246839	(55,24)
0.30069768089950445590402916932	(55,25)
0.303615436498307332865079768	(55,26)
0.3060488919191543974171634787	(55,27)
0.30793365345976817526269205	(55,28)
0.309219223073148331684524563	(55,29)
0.309870858057278639182861163	(55,30)
0.25000002868636587195128369801	(56,1)
0.25000231511488206070408669299	(56,2)
0.25001773328641999946633905942	(56,3)
0.25006737955751910575377237279	(56,4)
0.25018143918615542258201328746	(56,5)
0.25039750823402903303194718062	(56,6)
0.25075847513547240493830551977	(56,7)
0.25131005857149341247400241901	(56,8)
0.25209811567394117660484589652	(56,9)
0.25316584737747855231303313427	(56,10)
0.25455103496941554347404446749	(56,11)
0.25628344269916086103242678558	(56,12)
0.25838251513030140001555646741	(56,13)
0.26085548468993125024552376879	(56,14)
0.26369598521495440103659938588	(56,15)
0.26688324254839456670260292514	(56,16)
0.270381885280263283328835588	(56,17)
0.27414238964916739428609070695	(56,18)
0.2781021443352958744520064678	(56,19)
0.28218709480918288831572325512	(56,20)
0.28631390387516088783906190666	(56,21)
0.29039254536806616349594342494	(56,22)
0.29432923164126622221734918136	(56,23)
0.29802956250569293192323072322	(56,24)
0.30140177378176154364907062279	(56,25)
0.3043599579722923795994646557	(56,26)
0.3068271282921625713908401462	(56,27)
0.3087380009746293751183216398	(56,28)
0.310041379855401092929132536	(56,29)
0.310702041854592996701345401	(56,30)
0.25000002900521837002257917404	(57,1)
0.25000234084766280937257955799	(57,2)
0.25001793039367429675680891459	(57,3)
0.25006812848364532536468919636	(57,4)
0.25018345586182648195012770598	(57,5)
0.2504019263797750623501582312	(57,6)
0.2507669049278454267687649701	(57,7)
0.25132461780108439118767795838	(57,8)
0.25212143080250511579656068762	(57,9)
0.25320102334323921676546083755	(57,10)
0.25460159413178692512420046306	(57,11)
0.25635323487532383188343601065	(57,12)
0.25847560216139178601822058466	(57,13)
0.26097600428573892123407375758	(57,14)
0.26384799987606305447751780918	(57,15)
0.26707058009289257790592373237	(57,16)
0.27060797788347574853303937535	(57,17)
0.27441011834991897550190006057	(57,18)
0.2784136957078014261472343143	(57,19)
0.28254383599383723994847682763	(57,20)
0.28671628144950538999722876416	(57,21)
0.29084001265533104044219729307	(57,22)
0.2948202080210551490123708524	(57,23)
0.29856142712686420315928625377	(57,24)
0.30197089480115456469825960042	(57,25)
0.3049617570840110109970028697	(57,26)
0.3074561789133447480936824209	(57,27)
0.3093881570708627817443863629	(57,28)
0.310705931087742923278558323	(57,29)
0.311373889580086007335797067	(57,30)
0.25000002924629390891952787077	(58,1)
0.25000236030350523503742704302	(58,2)
0.25001807942100275927045162562	(58,3)
0.25006869472586582937830357259	(58,4)
0.25018498061390132290841060022	(58,5)
0.25040526681486026227527156708	(58,6)
0.25077327845125337821737034633	(58,7)
0.2513356256044525290215465859	(58,8)
0.25213905865748485791984956872	(58,9)
0.25322761876460969913083469261	(58,10)
0.25463982020660390424596894034	(58,11)
0.25640600223588092146047519091	(58,12)
0.25854598170335340945314177695	(58,13)
0.26106712422419527951372548745	(58,14)
0.26396293152555315382806759228	(58,15)
0.26721221730679345104171323309	(58,16)
0.27077891537492936073072143517	(58,17)
0.27461253414914932561761783218	(58,18)
0.27864924281750822417193292816	(58,19)
0.28281354792191140352491604875	(58,20)
0.28702049576076550247125511674	(58,21)
0.29117831601697670115538062784	(58,22)
0.2951914054370278788817786148	(58,23)
0.29896353717701042049373514619	(58,24)
0.3024011717367385036393655418	(58,25)
0.3054167396038684340011874688	(58,26)
0.3079317643871456803319333859	(58,27)
0.3098796989299390102537941429	(58,28)
0.311208356119458409778171744	(58,29)
0.311881830991522516204430874	(58,30)
0.25000002940793814282817125912	(59,1)
0.2500023733488965201628350853	(59,2)
0.25001817934573121659518836102	(59,3)
0.25006907439848628361349478084	(59,4)
0.25018600297942890194608605354	(59,5)
0.25040750661813167602714445492	(59,6)
0.25077755197591184694652323657	(59,7)
0.25134300646461234219450061594	(59,8)
0.25215087832722671417982523792	(59,9)
0.25324545126194139352134251051	(59,10)
0.25466545113115827215297365617	(59,11)
0.25644138315198893996170590814	(59,12)
0.25859317161378220877324200926	(59,13)
0.26112822054461297171879737364	(59,14)
0.26403999350140316527115577819	(59,15)
0.26730718518201739279869579637	(59,16)
0.27089352881352332940163464947	(59,17)
0.27474825343178522880286521841	(59,18)
0.27880717620554545964500600667	(59,19)
0.28299438832469925079571390122	(59,20)
0.28722446948208359717030734447	(59,21)
0.29140514590984363262326606351	(59,22)
0.29544029027410973230401349979	(59,23)
0.29923314845483690486033556377	(59,24)
0.302689668485663609752187763	(59,25)
0.3057218010870135375973266381	(59,26)
0.3082506398621586124170734453	(59,27)
0.3102092729457761790861886305	(59,28)
0.311545227159966788009291485	(59,29)
0.312222400693791087634180896	(59,30)
0.25000002948903947106047431182	(60,1)
0.2500023798941257125249491766	(60,2)
0.25001822948069667681835590962	(60,3)
0.25006926489060204739490471233	(60,4)
0.25018651592806898308015844773	(60,5)
0.25040863038826078819544453504	(60,6)
0.25077969611867022355897690696	(60,7)
0.25134670963990953584160313159	(60,8)
0.25215680856859336355677914158	(60,9)
0.25325439829096240808287941769	(60,10)
0.25467831082158615695570244863	(60,11)
0.25645913464130205139574850215	(60,12)
0.2586168479381634998978657379	(60,13)
0.26115887400686821641042514954	(60,14)
0.26407865724797666546729072353	(60,15)
0.26735483264959721102192660678	(60,16)
0.27095103280160817333505561501	(60,17)
0.27481634656804418868014308366	(60,18)
0.27888641450550870150270418151	(60,19)
0.2830851194186657770889745083	(60,20)
0.28732680690159943802564859355	(60,21)
0.29151895060221086254113024238	(60,22)
0.29556516025168841893034038442	(60,23)
0.29936841719053967191758079359	(60,24)
0.3028344123418913522429445727	(60,25)
0.3058748557197678243637359402	(60,26)
0.3084106251861014255741713344	(60,27)
0.3103746258939029765298462697	(60,28)
0.3117142411401045687294721	(60,29)
0.312393270351123710994838752	(60,30)