kdd2222_(sigma,mu)
0.3333331768187520719401929098	(1,1)
0.33332070192031758900235515797	(1,2)
0.33323657922453632293808987336	(1,3)
0.33296570335733730898876106439	(1,4)
0.33234336852645217174647037925	(1,5)
0.3311644012118935078526107545	(1,6)
0.32919467315541890457546124689	(1,7)
0.32618446358243255071198377652	(1,8)
0.32188305237352803561473931614	(1,9)
0.31605386608423858799470038015	(1,10)
0.30848946897085380801935316919	(1,11)
0.29902569287831510231660572991	(1,12)
0.28755423296460831659801294696	(1,13)
0.27403309937679107469125775475	(1,14)
0.25849440544010521787073592592	(1,15)
0.2410490867562987095923140021	(1,16)
0.22188827788338043852372755582	(1,17)
0.20128121822581226115329389322	(1,18)
0.17956971007860371418661528968	(1,19)
0.15715930283186640783096426394	(1,20)
0.13450752154781117047708795627	(1,21)
0.11210958915516078607015633336	(1,22)
0.09048220361937943144403431642	(1,23)
0.07014601971290684602570787729	(1,24)
0.05160754553438595380948344884	(1,25)
0.03534119402162638739690918665	(1,26)
0.02177222800492737544450651382	(1,27)
0.01126130387399306537310003205	(1,28)
0.00409125508483672099713583705	(1,29)
0.00045666523723990190620730047	(1,30)
0.33333317681884388138995210083	(2,1)
0.33332070192772673688193194579	(2,2)
0.33323657928127459746170593488	(2,3)
0.33296570357274661305967074418	(2,4)
0.33234336910542850765074462688	(2,5)
0.33116440247588353558097515982	(2,6)
0.32919467555296303668193636131	(2,7)
0.32618446768593503697135388942	(2,8)
0.32188305885939897544006051254	(2,9)
0.31605387569472808157476420619	(2,10)
0.30848948245779770429547484922	(2,11)
0.29902571093148299436360341483	(2,12)
0.28755425613007710900803689097	(2,13)
0.27403312797333270581823754109	(2,14)
0.25849443948349537378465628216	(2,15)
0.24104912590227882882024432813	(2,16)
0.22188832139941255451825284508	(2,17)
0.20128126499962301794745758825	(2,18)
0.17956975866792606243229081478	(2,19)
0.15715935155510609759656806239	(2,20)
0.13450756861015210796052263572	(2,21)
0.11210963279957888377503767742	(2,22)
0.09048224228789688250589173571	(2,23)
0.07014605220085056944654258273	(2,24)
0.05160757111989491195486615162	(2,25)
0.03534121255439454789814183884	(2,26)
0.02177223994207010142028207133	(2,27)
0.01126131025656873520930149076	(2,28)
0.00409125745526152436964854889	(2,29)
0.00045666550474717970058481818	(2,30)
0.33333317681946687995335950037	(3,1)
0.33332070197800357110692102552	(3,2)
0.33323657966628794475278630839	(3,3)
0.3329657050344663815760296256	(3,4)
0.33234337303423356316137833051	(3,5)
0.33116441105303977238185512958	(3,6)
0.32919469182216667275576237339	(3,7)
0.32618449553139548198725533242	(3,8)
0.32188310287108748968566132829	(3,9)
0.31605394090939353296602144533	(3,10)
0.30848957397723851763523129664	(3,11)
0.29902583343633325319869499423	(3,12)
0.28755441332590800678372105362	(3,13)
0.27403332202327778401776720967	(3,14)
0.25849467049462488339745010197	(3,15)
0.24104939153855011060500783623	(3,16)
0.2218886166900012970181770345	(3,17)
0.20128158239689719056949303145	(3,18)
0.17957008838497838496284828877	(3,19)
0.15715968218099418733616998405	(3,20)
0.13450788796562082383289717971	(3,21)
0.11210992896180870341491094281	(3,22)
0.09048250468474419008611631762	(3,23)
0.07014627265761803176463940404	(3,24)
0.051607744738147425643537886	(3,25)
0.03534133831415713093527885866	(3,26)
0.02177232094521536361715904983	(3,27)
0.01126135356750081532345561766	(3,28)
0.0040912735405103258870840457	(3,29)
0.00045666732000043115746777329	(3,30)
0.33333317682149377449401038815	(4,1)
0.3333207021415767265851023492	(4,2)
0.33323658091890954178256132839	(4,3)
0.33296570979009833133128311541	(4,4)
0.33234338581640414452616023416	(4,5)
0.33116443895838986907191717119	(4,6)
0.32919474475321457476743207269	(4,7)
0.32618458612523484836551815366	(4,8)
0.321883246060987272879451186	(4,9)
0.31605415308221458771801387904	(4,10)
0.30848987173151039777854527537	(4,11)
0.29902623200039020125211864294	(4,12)
0.28755492475581163490172902815	(4,13)
0.2740339533568871411748250654	(4,14)
0.25849542208052505495258655748	(4,15)
0.24105025577677673891967883205	(4,16)
0.22188957740841587017490836347	(4,17)
0.20128261503975635025784470211	(4,18)
0.17957116111103544915764563325	(4,19)
0.15716075786512155463277565796	(4,20)
0.13450892698285206084069124096	(4,21)
0.11211089252132834872616453828	(4,22)
0.09048335838999770717321113127	(4,23)
0.07014698991200736658793924082	(4,24)
0.05160830960430995741032148037	(4,25)
0.03534174747327952929309224653	(4,26)
0.0217725844889551288041027845	(4,27)
0.01126149447969539272963920242	(4,28)
0.00409132587391453898003410196	(4,29)
0.00045667322593328078321413375	(4,30)
0.33333317682621848589776145539	(5,1)
0.33332070252286738514056849277	(5,2)
0.33323658383878302116472462585	(5,3)
0.3329657208755243735954934696	(5,4)
0.33234341561177498873168729458	(5,5)
0.33116450400605689610272990373	(5,6)
0.32919486813607864383356238839	(5,7)
0.32618479730056522595366768516	(5,8)
0.32188357983854527733927126048	(5,9)
0.3160546476602346240199065449	(5,10)
0.3084905658018217277252137929	(5,11)
0.29902716106112546144276685892	(5,12)
0.28755611691076865904091378158	(5,13)
0.2740354250126209348844563564	(5,14)
0.25849717405096972604883881976	(5,15)
0.24105227034769349013121584556	(5,16)
0.22189181688348477134617858964	(5,17)
0.20128502217986627587466070121	(5,18)
0.17957366169371752076484245521	(5,19)
0.15716326535017368207428726164	(5,20)
0.13451134900192475427787859013	(5,21)
0.11211313864961842084548469609	(5,22)
0.09048534844521445611339901439	(5,23)
0.07014866189355163877967499037	(5,24)
0.05160962635883599485581260739	(5,25)
0.03534270126241677997217451054	(5,26)
0.02177319883570709721411176732	(5,27)
0.01126182296050708158696923247	(5,28)
0.00409144786856791428225885179	(5,29)
0.00045668699328828963116370527	(5,30)
0.33333317683533798238983544223	(6,1)
0.33332070325882320056070057863	(6,2)
0.33323658947463552230258404995	(6,3)
0.33296574227228374315224340639	(6,4)
0.3323434731219216391621407064	(6,5)
0.33116462955918287866797832724	(6,6)
0.32919510628622993650273448681	(6,7)
0.32618520490557833404397443655	(6,8)
0.32188422408779955025689980952	(6,9)
0.3160556022839577628353247965	(6,10)
0.30849190548370086283287219178	(6,11)
0.29902895432139595734637048632	(6,12)
0.28755841799835229646034289303	(6,13)
0.27403826559967881671411984573	(6,14)
0.25850055571380120990028280524	(6,15)
0.24105615889997861301468917032	(6,16)
0.22189613956910465826873529906	(6,17)
0.20128966851978725838275579301	(6,18)
0.17957848842516940138864460164	(6,19)
0.15716810543142115026809297852	(6,20)
0.134516024138103065079373481	(6,21)
0.11211747429392121123604422591	(6,22)
0.09048918981851079594627072455	(6,23)
0.070151889310142685632407538	(6,24)
0.05161216809424003379300450293	(6,25)
0.03534454237191885525002947246	(6,26)
0.02177438471983477461754599064	(6,27)
0.01126245703431266075260348966	(6,28)
0.00409168335796980010061857903	(6,29)
0.0004567135687896825834443291	(6,30)
0.33333317685092813717941343089	(7,1)
0.33332070451696997982230642141	(7,2)
0.33323659910935784021888637499	(7,3)
0.33296577885093056236962171967	(7,4)
0.33234357143792589517316743922	(7,5)
0.33116484419761482140597999178	(7,6)
0.32919551341441853934525472927	(7,7)
0.32618590172519701899999108844	(7,8)
0.32188532546365435773166875518	(7,9)
0.31605723426420663272822881753	(7,10)
0.30849419574861423079922395121	(7,11)
0.29903202001724943032560264848	(7,12)
0.28756235187694689414827369962	(7,13)
0.27404312181953962634001422115	(7,14)
0.25850633698492575047773637113	(7,15)
0.24106280679442052433341673492	(7,16)
0.22190352971941016859967815154	(7,17)
0.20129761206382549596046892231	(7,18)
0.17958674044707170473381030622	(7,19)
0.15717638035364729518541795496	(7,20)
0.13452401713438450614672170681	(7,21)
0.11212488693584818810296568092	(7,22)
0.09049575746520328537563495567	(7,23)
0.07015740731344652409573027777	(7,24)
0.05161651380286413413190031858	(7,25)
0.035347690213101073078400255	(7,26)
0.02177641229933681122017812287	(7,27)
0.01126354115427142323575050102	(7,28)
0.00409208599172802319120554086	(7,29)
0.00045675900697091523847084896	(7,30)
0.33333317687541384861889908983	(8,1)
0.33332070649300034261870567086	(8,2)
0.33323661424153887723283824899	(8,3)
0.33296583630093076849314156079	(8,4)
0.33234372585196647543551844164	(8,5)
0.33116518130663517267257172569	(8,6)
0.32919615284675117682287065293	(8,7)
0.3261869961466646276917294233	(8,8)
0.32188705528379250660071092812	(8,9)
0.31605979746053779004916333477	(8,10)
0.30849779286707760569063466551	(8,11)
0.29903683506554604834871501868	(8,12)
0.28756853055601165399140115139	(8,13)
0.27405074922237113820391693482	(8,14)
0.25851541740382904108292600263	(8,15)
0.24107324849853123445781001818	(8,16)
0.22191513740733644489026146899	(8,17)
0.20131008912590673473269408238	(8,18)
0.17959970221602804528133273812	(8,19)
0.15718937827454067273981909159	(8,20)
0.13453657239437488663358422739	(8,21)
0.11213653074781291210204059701	(8,22)
0.09050607409383574023975953838	(8,23)
0.07016607524506911450048660744	(8,24)
0.05162334031934206521499787298	(8,25)
0.03535263509308426484871405254	(8,26)
0.02177959740986801175789796455	(8,27)
0.01126524420192995789476818233	(8,28)
0.00409271849326867394650832109	(8,29)
0.00045683038644212612228521323	(8,30)
0.33333317691153392296084312719	(9,1)
0.3333207094079397160490879821	(9,2)
0.33323663656376341822886319501	(9,3)
0.33296592104827128757703798055	(9,4)
0.33234395363588534662169997768	(9,5)
0.33116567859360627068415684142	(9,6)
0.32919709610807027177129427854	(9,7)
0.32618861059125947290094227433	(9,8)
0.32188960705113701318486873478	(9,9)
0.31606357861263245755911078847	(9,10)
0.30850309926484698398993247981	(9,11)
0.29904393818626400147149562299	(9,12)
0.2875776453826377464427685568	(9,13)
0.27406200134459271735008381969	(9,14)
0.25852881322581026258066917947	(9,15)
0.24108865277466618536595510058	(9,16)
0.22193226209655612995417883967	(9,17)
0.20132849671483177643872781131	(9,18)
0.17961882525240581384570077517	(9,19)
0.15720855501221803242755036092	(9,20)
0.13455509639986458077700243019	(9,21)
0.11215371033144889417817211166	(9,22)
0.09052129579616976183463646377	(9,23)
0.07017886459308781917336117328	(9,24)
0.05163341285724717269881171438	(9,25)
0.03535993137362316934778172674	(9,26)
0.02178429716556725545247192268	(9,27)
0.01126775713808659275039782388	(9,28)
0.00409365178815661718614576345	(9,29)
0.00045693571156315218237020796	(9,30)
0.33333317696230153372167246536	(10,1)
0.33332071350495535482156172644	(10,2)
0.33323666793817621054546772986	(10,3)
0.33296604016269022520942372384	(10,4)
0.33234427379185504556644013045	(10,5)
0.33116637754369719783758314501	(10,6)
0.32919842188975252640689447361	(10,7)
0.32619087974810557875284510445	(10,8)
0.32189319366332573625028372309	(10,9)
0.31606889320754240821409598438	(10,10)
0.30851055772706904227158588547	(10,11)
0.29905392215087017591419660117	(10,12)
0.2875904571049280047824555179	(10,13)
0.27407781745738089079083349486	(10,14)
0.25854764285710152505012994824	(10,15)
0.24111030595817976852938837219	(10,16)
0.22195633408479931322625652855	(10,17)
0.20135437262531067663405342468	(10,18)
0.17964570749910797839791561759	(10,19)
0.15723551338909783476817718652	(10,20)
0.13458113779990741661940515363	(10,21)
0.11217786229045630905414507603	(10,22)
0.09054269575324521204050547822	(10,23)
0.07019684532803652541271357405	(10,24)
0.05164757426655099791232826013	(10,25)
0.03537018970149555680680926855	(10,26)
0.02179090496087150383594498028	(10,27)
0.01127129033296244807362490741	(10,28)
0.0040949640132097223433785317	(10,29)
0.00045708380065793437506399199	(10,30)
0.33333317703096131170668145846	(11,1)
0.33332071904589344873838688845	(11,2)
0.33323671036996364397065076977	(11,3)
0.33296620125699956833082517887	(11,4)
0.33234470678178259971195352872	(11,5)
0.33116732282914947967828919149	(11,6)
0.32920021492925283202085650835	(11,7)
0.32619394865659992864429401607	(11,8)
0.32189804438216493616188015738	(11,9)
0.31607608098977972832697278405	(11,10)
0.30852064509847907501926609226	(11,11)
0.29906742535154095639009932734	(11,12)
0.28760778505679574001860667421	(11,13)
0.27409920922028412316142697357	(11,14)
0.2585731109724417288533095247	(11,15)
0.24113959370237542854449853795	(11,16)
0.22198889422065875804130916083	(11,17)
0.20138937364768096286136932176	(11,18)
0.17968207069811195597706648509	(11,19)
0.15727198055927892059305550422	(11,20)
0.134616365524099916009391694	(11,21)
0.11221053494549317413004945333	(11,22)
0.09057164627342325139234043661	(11,23)
0.07022117082023126965223576996	(11,24)
0.05166673316147712509374781045	(11,25)
0.03538406841282933322685000883	(11,26)
0.02179984493605142898100189545	(11,27)
0.01127607060789551229456139227	(11,28)
0.00409673941803562679963416291	(11,29)
0.00045728416206343165493961009	(11,30)
0.33333317712094413365710759194	(12,1)
0.33332072630763050160275880439	(12,2)
0.33323676597941292688698351362	(12,3)
0.33296641238100461315269677308	(12,4)
0.33234527424217401912287686711	(12,5)
0.33116856168673273085038841417	(12,6)
0.32920256482909408614170313819	(12,7)
0.32619797068463232609708580323	(12,8)
0.32190440163709701928679767112	(12,9)
0.31608550122288908501425526501	(12,10)
0.30853386563016876428334594851	(12,11)
0.29908512288947601621203442776	(12,12)
0.28763049571352543071127674942	(12,13)
0.27412724654042106975919959487	(12,14)
0.25860649166279626378589947097	(12,15)
0.24117798157713829848846154472	(12,16)
0.22203157230820333801534511334	(12,17)
0.20143525232345788215832209343	(12,18)
0.17972973620861487859364700356	(12,19)
0.15731978372387205251171104469	(12,20)
0.13466254529067412459851702099	(12,21)
0.11225336651644830910156518186	(12,22)
0.09060959943496982949809863407	(12,23)
0.07025306155505127944913162842	(12,24)
0.05169185108046564752154782057	(12,25)
0.03540226422286903706811295877	(12,26)
0.02181156597526189568165542702	(12,27)
0.01128233802408781180338294029	(12,28)
0.00409906717186940738034639887	(12,29)
0.00045754685944825758238865955	(12,30)
0.33333317723582039420404923788	(13,1)
0.33332073557830230592149814173	(13,2)
0.33323683697303364919121067467	(13,3)
0.3329666819118605498405678081	(13,4)
0.33234599868940311430702039651	(13,5)
0.33117014327417099226838356649	(13,6)
0.329205564835713256580793928	(13,7)
0.32620310543742999268731021091	(13,8)
0.32191251771750880419606840047	(13,9)
0.31609752778328354350310927549	(13,10)
0.30855074408545389371676061463	(13,11)
0.29910771733153683661557220563	(13,12)
0.28765949080741367697011707928	(13,13)
0.27416304286780513285639141935	(13,14)
0.2586491108833545635662527756	(13,15)
0.24122699482629237050812366577	(13,16)
0.22208606453168630615837479532	(13,17)
0.2014938325960121425459126378	(13,18)
0.17979059962103163976077598008	(13,19)
0.15738082458060292070359920276	(13,20)
0.13472151483522823108315302521	(13,21)
0.11230806206629353253461703559	(13,22)
0.09065806658702602456018952884	(13,23)
0.070293787854071264240974468	(13,24)
0.05172392883811562088854990258	(13,25)
0.03542550231452961852718204399	(13,26)
0.02182653530879910689311720089	(13,27)
0.01129034245619279263856303428	(13,28)
0.00410204008960782176912018713	(13,29)
0.00045788236796129438498118055	(13,30)
0.33333317737925205963382944425	(14,1)
0.33332074715343460397756471079	(14,2)
0.33323692561392625805429710926	(14,3)
0.33296701844156729856994071382	(14,4)
0.33234690321727233331100497555	(14,5)
0.33117211800967449213176247998	(14,6)
0.32920931058604963806345058289	(14,7)
0.32620951661063690118311273381	(14,8)
0.32192265137564662897345673999	(14,9)
0.31611254411910761930572610278	(14,10)
0.30857181865175145065756593035	(14,11)
0.29913592919955767839690341328	(14,12)
0.28769569508847771892498685867	(14,13)
0.27420774003521978612691515762	(14,14)
0.2587023283356781865030232303	(14,15)
0.24128819744379966359355360716	(14,16)
0.22215411008586795637672749498	(14,17)
0.20156698456446351550486407492	(14,18)
0.17986660439248615731840197618	(14,19)
0.15745705274372900750022879206	(14,20)
0.13479515809761250328954484136	(14,21)
0.11237636943548908473222144089	(14,22)
0.09071859691926154049717684723	(14,23)
0.0703446517845809376905986776	(14,24)
0.05176399221705081215440377149	(14,25)
0.03545452593555904028060513985	(14,26)
0.02184523179172695907339359441	(14,27)
0.01130033998991639427018255829	(14,28)
0.00410575329173792800427306221	(14,29)
0.00045830142287748964580847138	(14,30)
0.33333317755494334369060708622	(15,1)
0.33332076133196254361437888837	(15,2)
0.33323703419129884463516157573	(15,3)
0.33296743066122972647650894007	(15,4)
0.3323480111858725314027878906	(15,5)
0.33117453689244646501015447883	(15,6)
0.32921389881795382882208585672	(15,7)
0.32621736978122836267840381304	(15,8)
0.32193506433072858702190478488	(15,9)
0.31613093806159996063549724745	(15,10)
0.30859763364346142363896443019	(15,11)
0.29917048717655516878661349625	(15,12)
0.28774004371669028205206456852	(15,13)
0.27426249263566642975837866728	(15,14)
0.25876751878899822952150425762	(15,15)
0.24136317059170393857733147747	(15,16)
0.22223746705832478327542291924	(15,17)
0.20165659841476899067860589717	(15,18)
0.17995971460701472250394224615	(15,19)
0.1575504382650156276028488324	(15,20)
0.13488537851980517966720465494	(15,21)
0.11246005433297326020618985997	(15,22)
0.0907927552680598007420632675	(15,23)
0.07040696841487287773859569152	(15,24)
0.05181307713537860483715762235	(15,25)
0.03549008561002333183211160323	(15,26)
0.02186813893095711031996693653	(15,27)
0.01131258918382633172452655382	(15,28)
0.0041103028135061874279383583	(15,29)
0.0004588148624965910409741081	(15,30)
0.3333331777665896441747321937	(16,1)
0.33332077841210977906796110213	(16,2)
0.33323716498890917333889253095	(16,3)
0.33296792724123826205458928318	(16,4)
0.33234934589948229571688875563	(16,5)
0.33117745079928113558737796629	(16,6)
0.32921942603530781384485287349	(16,7)
0.32622683012107259923182131065	(16,8)
0.32195001765115830547771625633	(16,9)
0.31615309645656143348862315805	(16,10)
0.30862873195371999393146280885	(16,11)
0.29921211797900768790625328787	(16,12)
0.2877934692291754363218142055	(16,13)
0.27432845188014482046772392695	(16,14)
0.25884605278972468965819349578	(16,15)
0.24145349032343615260078700414	(16,16)
0.22233788755036251772416056184	(16,17)
0.20176455754486606846332818254	(16,18)
0.18007188691214920575331077978	(16,19)
0.15766294334288207998577491315	(16,20)
0.13499407157333576619041913169	(16,21)
0.11256087472519736089280576826	(16,22)
0.09088209931149050189301658761	(16,23)
0.07048204656445933157866294059	(16,24)
0.05187221442244169277526046059	(16,25)
0.03553292806990330283990190253	(16,26)
0.02189573773411260461926454406	(16,27)
0.01132734723672561744398271015	(16,28)
0.00411578417923110578971438688	(16,29)
0.00045943346712061112598573951	(16,30)
0.33333317801782452101917148562	(17,1)
0.33332079868710952023373728596	(17,2)
0.33323732025229657071744493863	(17,3)
0.33296851670685757548486223597	(17,4)
0.33235093027214000503111846409	(17,5)
0.33118090975431117880650850033	(17,6)
0.3292259871224103227801509486	(17,7)
0.32623806002416894775030413388	(17,8)
0.32196776800145339165290490348	(17,9)
0.31617939959768149244182392973	(17,10)
0.3086656472323102073511260269	(17,11)
0.29926153586964491374799588528	(17,12)
0.28785688805710114036781880213	(17,13)
0.2744067489155365661751755517	(17,14)
0.25893927675007175903118795586	(17,15)
0.24156070462136214469419473483	(17,16)
0.22245709207000726968593369468	(17,17)
0.20189271094712189932555748887	(17,18)
0.18020504172741661837084558799	(17,19)
0.15779649334637511594696992893	(17,20)
0.13512309666870290736513328889	(17,21)
0.11268055469217161623697793169	(17,22)
0.0909881563263594854351917737	(17,23)
0.07057116921343267677045649746	(17,24)
0.05194241434554930612917101596	(17,25)
0.03558378501864477665792055216	(17,26)
0.02192849945677147066635527965	(17,27)
0.01134486610343210093496613376	(17,28)
0.00412229095814835035979637918	(17,29)
0.00046016779598688271102003766	(17,30)
0.33333317831216489135310263111	(18,1)
0.33332082244078169562513715888	(18,2)
0.33323750215491222369779220034	(18,3)
0.33296920730963634334117050889	(18,4)
0.33235278648200432223839169262	(18,5)
0.33118496217436350038752175292	(18,6)
0.32923367391236466846481427182	(18,7)
0.32625121665586228125387580407	(18,8)
0.32198856376743959696551912807	(18,9)
0.31621021548267200413010481934	(18,10)
0.30870889582071411329614106088	(18,11)
0.29931943185487751300635712312	(18,12)
0.28793118665302950011642510663	(18,13)
0.27449847768361914490637004147	(18,14)
0.25904849252050655985415274841	(18,15)
0.24168630987963297249813651225	(18,16)
0.22259674335579668130472687528	(18,17)
0.20204284503377624132569797742	(18,18)
0.18036103393418190275960737857	(18,19)
0.15795294738110793791963963966	(18,20)
0.13527424868293296070814341689	(18,21)
0.11282075798489764480763673657	(18,22)
0.09111239972816337418110568261	(18,23)
0.07067557376691902731960205122	(18,24)
0.05202465104949209503865053506	(18,25)
0.03564336184862649774362879472	(18,26)
0.02196687832920892670022986735	(18,27)
0.01136538860339767257093727691	(18,28)
0.00412991331855944586267927573	(18,29)
0.00046102802406474361779000899	(18,30)
0.3333331786529550769222075399	(19,1)
0.33332084994301750424542603018	(19,2)
0.33323771276354054772258861823	(19,3)
0.33297000689612887157322394106	(19,4)
0.33235493561851014662944898078	(19,5)
0.33118965409867180736104704473	(19,6)
0.32924257372606495920311925088	(19,7)
0.32626644945244288704677329412	(19,8)
0.32201264110462421752689964341	(19,9)
0.31624589395878179172088032842	(19,10)
0.30875896853777482319609059063	(19,11)
0.29938646269205548812740578371	(19,12)
0.28801720738948762213576080886	(19,13)
0.27460467751985552601135537796	(19,14)
0.25917493668278436078939696688	(19,15)
0.24183172710497920842801823959	(19,16)
0.22275841993496271006528610636	(19,17)
0.20221665523233711907517552391	(19,18)
0.18054162338723439766756071134	(19,19)
0.15813406873933419638640871342	(19,20)
0.13544922943664810115760170555	(19,21)
0.11298306159232875355596408978	(19,22)
0.09125622566771410284741895528	(19,23)
0.07079643240525715869246650274	(19,24)
0.05211984709093854201347126583	(19,25)
0.03571232644475388298409853272	(19,26)
0.02201130434796386206792554639	(19,27)
0.01138914456786073301090304386	(19,28)
0.00413873659727258119534609127	(19,29)
0.00046202378063410246368879043	(19,30)
0.33333317904331069409824506507	(20,1)
0.33332088144525126843903454985	(20,2)
0.33323795400362352639690030688	(20,3)
0.3329709227762510220296150742	(20,4)
0.33235739732855817669557141761	(20,5)
0.33119502841654777331421880759	(20,6)
0.32925276790752684939693820865	(20,7)
0.32628389761505680393617952364	(20,8)
0.32204021997885777939557015529	(20,9)
0.31628676085945807471200206732	(20,10)
0.3088163224576251625511435094	(20,11)
0.29946323989423754948867975471	(20,12)
0.28811573446658816238210529532	(20,13)
0.27472631578119312047607279565	(20,14)
0.25931975990195923337513222436	(20,15)
0.24199827821692407505194631265	(20,16)
0.22294358983078576434861605949	(20,17)
0.20241571778607996180176018022	(20,18)
0.18074844568852301119636301298	(20,19)
0.15834149566378899237373353644	(20,20)
0.13564961952398253324263957647	(20,21)
0.11316892968127190282426053236	(20,22)
0.09142092999735806226551963678	(20,23)
0.07093483277568560090645360839	(20,24)
0.05222885826405480434053139839	(20,25)
0.03579129821316901386862811242	(20,26)
0.02206217622002434942196514893	(20,27)
0.01141634707175904587950199735	(20,28)
0.00414883990132291347569049738	(20,29)
0.00046316399155260760555055021	(20,30)
0.33333317948606354465867350048	(21,1)
0.33332091717601305290959408965	(21,2)
0.33323822762520368501889030596	(21,3)
0.33297196159398648726185322459	(21,4)
0.33236018946903209405110778873	(21,5)
0.33120112410890919784883508387	(21,6)
0.32926433038563823873410786414	(21,7)
0.32630368764919079472042015959	(21,8)
0.32207150027983375832361726514	(21,9)
0.31633311225055302133562256648	(21,10)
0.30888137284429630036383696448	(21,11)
0.29955031894963584542707444404	(21,12)
0.28822748010283324564158750625	(21,13)
0.27486427083469657721440574401	(21,14)
0.25948400672341018289152006604	(21,15)
0.24218716287973210607039980985	(21,16)
0.22315358488557755175062295713	(21,17)
0.20264146224473312968837551317	(21,18)
0.18098298370914782760075683331	(21,19)
0.15857671289434925334412742672	(21,20)
0.13587685093048073788502602685	(21,21)
0.11337968829634883580219719917	(21,22)
0.09160768593574970140409582496	(21,23)
0.07109175929085525974494205386	(21,24)
0.05235245891836217113008349097	(21,25)
0.03588083747564335256731634044	(21,26)
0.02211985454746801425562453476	(21,27)
0.01144718879624775631650072073	(21,28)
0.00416029475871517767472577451	(21,29)
0.0004644567270846663648181308	(21,30)
0.3333331799837086550620479183	(22,1)
0.33332095733665467135612343006	(22,2)
0.33323853517019489918935101334	(22,3)
0.33297312920313492858704224637	(22,4)
0.33236332777287145024364736979	(22,5)
0.33120797551941963418081219624	(22,6)
0.32927732629213233984625370639	(22,7)
0.32632593100052886544625010737	(22,8)
0.32210665808723729851742081349	(22,9)
0.3163852089033779629055184659	(22,10)
0.30895448540587920147110313433	(22,11)
0.29964818897083089068054360579	(22,12)
0.28835307128056367487377313924	(22,13)
0.27501931573550894441419649049	(22,14)
0.25966859619690180443465519046	(22,15)
0.24239943629369389007383303426	(22,16)
0.22338957616036842137005329236	(22,17)
0.20289514512445489802122865112	(22,18)
0.18124654033925627856678675066	(22,19)
0.15884102445978894857110151675	(22,20)
0.13613218086723256971632490156	(22,21)
0.11361650120041149275179403225	(22,22)
0.09181752275385906396553927338	(22,23)
0.07126807529392878091244815331	(22,24)
0.0524913279652544680804707496	(22,25)
0.03598143536674743028168283573	(22,26)
0.02218465533807404885949509315	(22,27)
0.01148183856639188593987207012	(22,28)
0.00417316383444846478514151493	(22,29)
0.00046590905711052261000619885	(22,30)
0.33333318053835448307394061255	(23,1)
0.33332100209733130245366850174	(23,2)
0.33323887794161061745703112068	(23,3)
0.33297443055049141682311035625	(23,4)
0.33236682553511773993283424786	(23,5)
0.33121561166922975811460653483	(23,6)
0.32929181066225645762539978403	(23,7)
0.32635072183232449753705309365	(23,8)
0.32214584216052104807868959512	(23,9)
0.3164432710990234005368076969	(23,10)
0.30903596901340006059889127182	(23,11)
0.29975726296575981985663740776	(23,12)
0.28849303728883843370822777716	(23,13)
0.27519210288861475580617051518	(23,14)
0.25987430367107041768847948647	(23,15)
0.24263598833132710769934159411	(23,16)
0.22365255082856346140399076502	(23,17)
0.20317782517243330502230909531	(23,18)
0.18154021290361077350373864904	(23,19)
0.15913552813858265170430857292	(23,20)
0.13641666721602991906178253271	(23,21)
0.11388034720798038586616184386	(23,22)
0.09205130578295570955874716075	(23,23)
0.07146450633371987495243665055	(23,24)
0.05264603575826293823928433706	(23,25)
0.03609350436363132415803692543	(23,26)
0.02225684392325350680149510196	(23,27)
0.01152043810658130665139077996	(23,28)
0.00418749972738488796504324082	(23,29)
0.00046752691545781147661763428	(23,30)
0.33333318115167713177113018051	(24,1)
0.33332105159330650578490797402	(24,2)
0.33323925697526858927750241333	(24,3)
0.33297586956842743637101036313	(24,4)
0.33237069332422628281564833646	(24,5)
0.33122405562686248244442490415	(24,6)
0.3293078272399895836777658078	(24,7)
0.32637813498158683517815134478	(24,8)
0.32218917071102467150103779353	(24,9)
0.31650747385047391609261962684	(24,10)
0.3091260690049744358794053206	(24,11)
0.29987786889040608427102442328	(24,12)
0.28864779826668781794822405204	(24,13)
0.27538314994160437512075554001	(24,14)
0.26010174404804737455105687658	(24,15)
0.24289752434568857097854593655	(24,16)
0.22394329091998373708662429421	(24,17)
0.20349034061069812279535379254	(24,18)
0.18186486962256525225673780171	(24,19)
0.15946109195973668534181700297	(24,20)
0.13673114593422051641209030835	(24,21)
0.11417199932612451037954345258	(24,22)
0.09230971801543134103747976028	(24,23)
0.07168162477130130406899210726	(24,24)
0.05281703201701059825745232428	(24,25)
0.03621736956867080654918334293	(24,26)
0.02233662935921950840484794254	(24,27)
0.01156309905362311570258022731	(24,28)
0.00420334386263856096721618949	(24,29)
0.00046931497500254436043787927	(24,30)
0.33333318182487923308205409999	(25,1)
0.33332110592163407442987325331	(25,2)
0.33323967301438129162085782249	(25,3)
0.33297744907842675389921469565	(25,4)
0.33237493872281751945480462384	(25,5)
0.33123332394234780915445321744	(25,6)
0.32932540740506333747392927677	(25,7)
0.32640822412356610956449012101	(25,8)
0.32223672850293588611813530005	(25,9)
0.3165779426112031293034479373	(25,10)
0.30922496117123837271177303495	(25,11)
0.30001024161102905988075070778	(25,12)
0.28881765490973933570312440536	(25,13)
0.27559282710811897542294864911	(25,14)
0.26035135673380073181816932131	(25,15)
0.24318454791888913629211763387	(25,16)
0.2242623542098303168965551257	(25,17)
0.20383328867162550042168034539	(25,18)
0.18222112843846958066163075187	(25,19)
0.15981833305969489584068121308	(25,20)
0.13707621071969130482933636901	(25,21)
0.11449200597686360502473820106	(25,22)
0.09259324353733856050155759338	(25,23)
0.07191983591559496236024374058	(25,24)
0.05300463494808180956348850336	(25,25)
0.03635326085446900841364620255	(25,26)
0.02242415938110567488175413005	(25,27)
0.01160990026444224675198883519	(25,28)
0.00422072549311364060658009983	(25,29)
0.00047127653507255884470455124	(25,30)
0.33333318255865401252405403127	(26,1)
0.33332116513825801589273130666	(26,2)
0.33324012648734825920515295514	(26,3)
0.33297917070677662225411593053	(26,4)
0.33237956610109424696685173889	(26,5)
0.33124342615265100026697952903	(26,6)
0.32934456923514526928037521482	(26,7)
0.32644102016739932162698514999	(26,8)
0.32228856431921803759958476452	(26,9)
0.31665474952375902283435703879	(26,10)
0.30933274649711432356841250945	(26,11)
0.30015451587633605894084635172	(26,12)
0.28900277946893343532462055592	(26,13)
0.27582134608067765814143799103	(26,14)
0.26062339247282623335435201178	(26,15)
0.24349734576727860215756442095	(26,16)
0.22461005749260136937037446833	(26,17)
0.20420700768235327573235490482	(26,18)
0.18260933847374866740585232973	(26,19)
0.16020759916120538114852813293	(26,20)
0.13745219519163127220650111887	(26,21)
0.11484067453700624173948298473	(26,22)
0.09290215300058440175117781926	(26,23)
0.0721793658617374995236817585	(26,24)
0.05320902169898567122813208979	(26,25)
0.03650130596939421008903496202	(26,26)
0.02251951597301529682488485037	(26,27)
0.01166088545195650008683199573	(26,28)
0.00423966082262927586332962483	(26,29)
0.00047341342255543034800262696	(26,30)
0.33333318335315493028486835223	(27,1)
0.33332122925556255047680982235	(27,2)
0.3332406174889945298518697203	(27,3)
0.33298103481334158782557488223	(27,4)
0.33238457642541777358604907763	(27,5)
0.33125436436383937362575666287	(27,6)
0.32936531671352195480595292844	(27,7)
0.32647652990063186768119910472	(27,8)
0.32234468882055592590007453202	(27,9)
0.31673791025000626871388736607	(27,10)
0.30944944671856544860714602469	(27,11)
0.30031072037840402995277816116	(27,12)
0.28920320814290020036916300366	(27,13)
0.27606875065889991946706128611	(27,14)
0.26091790221802933223135666883	(27,15)
0.2438359749777688909105172056	(27,16)
0.22498646243608406001132276875	(27,17)
0.20461156190911536317889043648	(27,18)
0.1830295643411624190072414904	(27,19)
0.16062895289651796129977201816	(27,20)
0.13785915780299509560772119618	(27,21)
0.11521805739661764854061213276	(27,22)
0.09323649131378263961170325367	(27,23)
0.07246025118315611615411075904	(27,24)
0.05343022026443721770387949673	(27,25)
0.036661524690222717468306313	(27,26)
0.02262271160986593783232557681	(27,27)
0.01171606117903669322980738275	(27,28)
0.00426015226174988552176196254	(27,29)
0.00047572590796613173587553507	(27,30)
0.33333318420797120640215802643	(28,1)
0.3333212982403969635193754951	(28,2)
0.33324114576544541239529995372	(28,3)
0.33298304043414219679386776801	(28,4)
0.33238996710398539154072028059	(28,5)
0.33126613291423246366754259935	(28,6)
0.32938763909034660201597833358	(28,7)
0.32651473489645281173369358644	(28,8)
0.32240507281926899164123934347	(28,9)
0.31682738141570353912358204616	(28,10)
0.30957500074047600470091644771	(28,11)
0.300478772964570153856612126	(28,12)
0.2894188349445406546793964567	(28,13)
0.27633490919355657371212233528	(28,14)
0.2612347281567069299933979735	(28,15)
0.24420025271602001523198716345	(28,16)
0.22539136417386527524253104799	(28,17)
0.20504672933405426468159376532	(28,18)
0.183481573487891448615431132	(28,19)
0.16108215915944926112769595234	(28,20)
0.13829686966517261614530399159	(28,21)
0.11562394070551857578830942854	(28,22)
0.09359606770351696231202600591	(28,23)
0.07276233060612976345989013891	(28,24)
0.05366810294726707889239211406	(28,25)
0.03683382409655208347364447961	(28,26)
0.02273368621941613771449856872	(28,27)
0.01177539523654353909105982064	(28,28)
0.00428218782600392769292327786	(28,29)
0.00047821263756891992175785914	(28,30)
0.33333318512210947034878980494	(29,1)
0.33332137201259470492071673987	(29,2)
0.3332417107027861036147991611	(29,3)
0.33298518523830265987606739902	(29,4)
0.33239573187112631006370653235	(29,5)
0.33127871812185208677494947505	(29,6)
0.32941151040375590831975088715	(29,7)
0.32655559069447089290517396508	(29,8)
0.32246964598538630733534000265	(29,9)
0.3169230586950563249242474873	(29,10)
0.30970926195193400220810094377	(29,11)
0.30065847704933531719525478927	(29,12)
0.28964940710549064425029801813	(29,13)
0.27661950892612421692565528347	(29,14)
0.26157349698891496629660906847	(29,15)
0.2445897485190231924138812264	(29,16)
0.22582428276362942530572650576	(29,17)
0.20551199250376284909503694022	(29,18)
0.18396482672073279138135685567	(29,19)
0.16156667563666762408192013107	(29,20)
0.13876480543263776366154041965	(29,21)
0.11605783594714927323529121338	(29,22)
0.09398044827139359249808215142	(29,23)
0.07308523877367876483082208521	(29,24)
0.05392238145917095158337580853	(29,25)
0.03701799502938061875470800088	(29,26)
0.02285230490502373345165377533	(29,27)
0.01183881542727070385027543675	(29,28)
0.00430574068463588856859959994	(29,29)
0.00048087058247474002544235263	(29,30)
0.33333318609398171880007170538	(30,1)
0.33332145044400156719701046473	(30,2)
0.33324231131961974216429460995	(30,3)
0.33298746549979886852762140331	(30,4)
0.3324018607113764787979929014	(30,5)
0.33129209811870955791257387147	(30,6)
0.32943688916568103351362376682	(30,7)
0.32659902626332104571211378953	(30,8)
0.32253829599805744497161212386	(30,9)
0.31702477555490869900051699036	(30,10)
0.30985199646676856083250611191	(30,11)
0.30084951926398973381893469912	(30,12)
0.2898945220675109503871978506	(30,13)
0.27692205228532578003834030723	(30,14)
0.26193361553268206282254461002	(30,15)
0.24500377925931019047383773349	(30,16)
0.22628445761014074824465553741	(30,17)
0.20600653255805147488692156988	(30,18)
0.18447847202747826016658676906	(30,19)
0.16208164663600288027787905368	(30,20)
0.13926213736369831469809206854	(30,21)
0.1165189744496077703796448079	(30,22)
0.09438895114597854267433114552	(30,23)
0.07342840218346207028257742	(30,24)
0.05419260372900857814536181338	(30,25)
0.03721370978354889162783979804	(30,26)
0.02297835646149577042934673117	(30,27)
0.0119062087732419554316474591	(30,28)
0.00433076886640846353795793729	(30,29)
0.00048369500545172106825331443	(30,30)
0.33333318712139971283772134718	(31,1)
0.33332153335802353468098196239	(31,2)
0.33324294626360502591921345982	(31,3)
0.33298987608431487873638099924	(31,4)
0.33240833982416117205477492455	(31,5)
0.33130624277374256583718044634	(31,6)
0.32946371821580002953891642739	(31,7)
0.32664494375102612490321136137	(31,8)
0.32261086815171848197596724066	(31,9)
0.31713230267264055465960398644	(31,10)
0.31000288230927999236832280714	(31,11)
0.30105146837097673169356825889	(31,12)
0.29015362609597364269142497331	(31,13)
0.27724185518479586476099045074	(31,14)
0.26231426870959105196309618664	(31,15)
0.24544140684357592295646776638	(31,16)
0.22677084492420555079478927608	(31,17)
0.20652922651728898407362532547	(31,18)
0.18502134177772962863615669252	(31,19)
0.162625900297188218478874846	(31,20)
0.13978773264172199013491762308	(31,21)
0.11700630491384232636116051086	(31,22)
0.09482064430197555454427298935	(31,23)
0.07379103736166759024568416392	(31,24)
0.05447815246833707982885862309	(31,25)
0.03742052107059220039954372949	(31,26)
0.02311155270787644065141740362	(31,27)
0.01197742115924039965362772042	(31,28)
0.00435721512727034149609707145	(31,29)
0.00048667944599407056874897359	(31,30)
0.3333331882015758929651906636	(32,1)
0.33332162052970062893156214422	(32,2)
0.3332436138120218355295580157	(32,3)
0.33299241045139185462067409179	(32,4)
0.33241515162958034315960031579	(32,5)
0.33132111370548434899159097835	(32,6)
0.32949192474569150064000809731	(32,7)
0.3266932185266554164491631009	(32,8)
0.32268716542264723663354509309	(32,9)
0.31724534803619122627682254115	(32,10)
0.31016150955711115816474039779	(32,11)
0.30126377545920589679111645803	(32,12)
0.29042601453658094225294203474	(32,13)
0.27757804734844392890954385749	(32,14)
0.26271441994301551080541308506	(32,15)
0.24590143868367767680492168359	(32,16)
0.22728211826083489030810391277	(32,17)
0.20707864787595481612290941643	(32,18)
0.18559195335394093007308401986	(32,19)
0.16319794923733481888084915668	(32,20)
0.14034015400872354618854164688	(32,21)
0.11751849400840171646450005221	(32,22)
0.09527434609155098433962682354	(32,23)
0.07417215131155047484582355156	(32,24)
0.05477824552530764888353091907	(32,25)
0.03763786227500228098593664492	(32,26)
0.02325152865223497227778038633	(32,27)
0.01205225742072842045706148362	(32,28)
0.00438500698294674454692342933	(32,29)
0.00048981572399594172713327944	(32,30)
0.33333318933113083486995000325	(33,1)
0.3333217116863086013500752759	(33,2)
0.3332443118763790421301919787	(33,3)
0.33299506067192333883617047802	(33,4)
0.33242227481544177804165712569	(33,5)
0.33133666438478280636535230553	(33,6)
0.32952142049379519179816431858	(33,7)
0.32674369951432497242302725608	(33,8)
0.32276694899757827587809363527	(33,9)
0.31736355772872233439934650161	(33,10)
0.3103273814448543611864775671	(33,11)
0.30148577542523964299301760897	(33,12)
0.29071083372180992498453696976	(33,13)
0.27792957467178529036603015917	(33,14)
0.26313281397920634899982292638	(33,15)
0.24638243095219220477603364778	(33,16)
0.22781667215072190057786781257	(33,17)
0.20765307051825965008630507517	(33,18)
0.18618851322994810442658957039	(33,19)
0.1637959946493090761487576144	(33,20)
0.14091766372975991363143247449	(33,21)
0.11805393004873012561034382594	(33,22)
0.09574862850454718182056762752	(33,23)
0.0745705442513647412698330743	(33,24)
0.05509193803905702738057441278	(33,25)
0.03786504901303386848525347739	(33,26)
0.02339784349453380389457125297	(33,27)
0.01213048187949359820569235849	(33,28)
0.00441405690771332971866256711	(33,29)
0.00049309396217380970084194369	(33,30)
0.333333190506107210231439257	(34,1)
0.33332180650848559187141987672	(34,2)
0.33324503801104243647663732949	(34,3)
0.33299781746091309492385308455	(34,4)
0.33242968442531697677430155465	(34,5)
0.33135284032707836481512614965	(34,6)
0.32955210211024842183770306258	(34,7)
0.3267962098179477174466739253	(34,8)
0.32284993926186483941489924899	(34,9)
0.31748651739420350973147751832	(34,10)
0.31049991642319164012683524311	(34,11)
0.30171668973341285643605187827	(34,12)
0.29100708451821551851761707087	(34,13)
0.27829520360835425482939971135	(34,14)
0.26356798211836313577653474426	(34,15)
0.24688269460787718037477111041	(34,16)
0.22837262880894629489674094684	(34,17)
0.20825047593882115570732317645	(34,18)
0.18680892447967673687069383702	(34,19)
0.16441793383610486166620348571	(34,20)
0.14151823087231983614933651932	(34,21)
0.11861072974689429578972019513	(34,22)
0.09624182314562325166260117217	(34,23)
0.07498481463212227068019874789	(34,24)
0.055418126387445140401874496	(34,25)
0.03810128198914491969775694869	(34,26)
0.02354998246456755841941716401	(34,27)
0.01221181932547876719925069175	(34,28)
0.00444426269879854131225374346	(34,29)
0.00049650262717577081469115719	(34,30)
0.333333191721990155385674696	(35,1)
0.3333219046318759104134384591	(35,2)
0.33324578942582271482484856029	(35,3)
0.33300067022526746391489797086	(35,4)
0.33243735198700667004241760819	(35,5)
0.33136957937290163474517190443	(35,6)
0.32958385168905703478206694522	(35,7)
0.32685054763237968617813006943	(35,8)
0.32293581724029744930428370245	(35,9)
0.31761375437369370253166003755	(35,10)
0.31067845115918493342658815341	(35,11)
0.30195563043558306943570397496	(35,12)
0.29131362748975225623373872733	(35,13)
0.27867352755044417631468833083	(35,14)
0.2640182498189705828276113414	(35,15)
0.24740030414870833737613833281	(35,16)
0.22894784787377107551403161227	(35,17)
0.2088685637177030297402287197	(35,18)
0.18745079766341991915060827479	(35,19)
0.16506137112860581569313057275	(35,20)
0.14213954185014027928011023654	(35,21)
0.11918674798516676872058220921	(35,22)
0.09675202988741241877970872099	(35,23)
0.0754133664011514134667734819	(35,24)
0.05575555390163056544763417095	(35,25)
0.03834565113107814664026920176	(35,26)
0.02370735948286327282037872231	(35,27)
0.01229595643837647892383860295	(35,28)
0.00447550800404483963805586675	(35,29)
0.00050002858911121636946724197	(35,30)
0.33333319297373388721045125361	(36,1)
0.3333220056492779774711038061	(36,2)
0.33324656300242424460865230568	(36,3)
0.33300360712624528555423448908	(36,4)
0.33244524568040255741616259799	(36,5)
0.33138681205437739765649740243	(36,6)
0.32961653746339913515821733283	(36,7)
0.32690648743376255606316741511	(36,8)
0.32302422647918071370492735706	(36,9)
0.31774474049539163399799447641	(36,10)
0.31086224445389758703554666047	(36,11)
0.30220160541852471594536676964	(36,12)
0.29162918963591823366544490031	(36,13)
0.27906297515311510314903057277	(36,14)
0.26448174661436461254943762066	(36,15)
0.24793310902202933648949630483	(36,16)
0.22953993909692565411685530113	(36,17)
0.20950476516509124486422078052	(36,18)
0.18811146500351601949775753657	(36,19)
0.16572363209827740756059910153	(36,20)
0.14277901414607514366437725783	(36,21)
0.11977959053446373877509389914	(36,22)
0.09727712812994018940764225091	(36,23)
0.07585441845310595683152428329	(36,24)
0.05610281830176155683840095044	(36,25)
0.03859714097063688222329644615	(36,26)
0.02386932062342437238501129083	(36,27)
0.01238254363774363853650671086	(36,28)
0.00450766300866540878777049722	(36,29)
0.000503657199031778529710798	(36,30)
0.33333319425579434132624969556	(37,1)
0.33332210911327827363547580154	(37,2)
0.33324735531461561336261940985	(37,3)
0.33300661515603762194543991952	(37,4)
0.33245333054332640623006164132	(37,5)
0.33140446204463592716238855508	(37,6)
0.32965001465817894819803360642	(37,7)
0.32696378143898250734532941127	(37,8)
0.32311477535371060358595015235	(37,9)
0.31787889549475965462601344641	(37,10)
0.31105048204400509502607244414	(37,11)
0.30245352483419507767017687292	(37,12)
0.29195237264706255119212226613	(37,13)
0.27946182053001322423657401401	(37,14)
0.2649564182561176780820111998	(37,15)
0.24847874759321480254150393672	(37,16)
0.23014627787537447580544996591	(37,17)
0.2101562600170167272115309441	(37,18)
0.18878799772596310401412279945	(37,19)
0.16640178094083519952181530468	(37,20)
0.14343381309426959788547530596	(37,21)
0.12038662960668655880258032698	(37,22)
0.09781479056818197227769545139	(37,23)
0.07630601618619879557423147105	(37,24)
0.05645838078922476689927780757	(37,25)
0.03885463722354405854159754181	(37,26)
0.02403514834838805679692756111	(37,27)
0.0124711973456750600269720352	(37,28)
0.00454058527517979226361328413	(37,29)
0.00050737238369652286553978817	(37,30)
0.33333319556216754381879252426	(38,1)
0.33332221453934799185820774819	(38,2)
0.33324816265194347984190177686	(38,3)
0.33300968022779960654072938298	(38,4)
0.33246156871352464592048122277	(38,5)
0.33142244668615256878486170928	(38,6)
0.32968412649227799974860006736	(38,7)
0.32702216132130483516403294847	(38,8)
0.32320703978016854694070685599	(38,9)
0.31801559103431021213956590098	(38,10)
0.31124228224461439082512336006	(38,11)
0.30271020865544227854385070866	(38,12)
0.29228166260292355860378133816	(38,13)
0.27986819522941545083200164761	(38,14)
0.2654400409748191709016193687	(38,15)
0.24903466354658191292186942997	(38,16)
0.23076402348376608385739099023	(38,17)
0.2108199960303780818358985326	(38,18)
0.18947722641002689188766900454	(38,19)
0.16709264087233190010117938637	(38,20)
0.14410087156844696301540883608	(38,21)
0.12100502209898086173512643457	(38,22)
0.09836249934212655139046306488	(38,23)
0.07676604505830564184205913188	(38,24)
0.05682057671266641824498180348	(38,25)
0.03911693450856049986677083693	(38,26)
0.02420406647614924212706749038	(38,27)
0.01256150264151812010147282877	(38,28)
0.00457412072891882220797586231	(38,29)
0.00051115675676324447443915477	(38,30)
0.33333319688643336534436898469	(39,1)
0.33332232140937405496106926369	(39,2)
0.33324898104677271663397806889	(39,3)
0.33301278727831045624823811689	(39,4)
0.33246991970460337332805873217	(39,5)
0.33144067759317790714203781512	(39,6)
0.32971870532132178198163320964	(39,7)
0.32708134016645448470092631379	(39,8)
0.32330056630803773549739557278	(39,9)
0.31815415528610386068914174305	(39,10)
0.31143670238132571339720575058	(39,11)
0.30297039528742069879178236758	(39,12)
0.29261544102466354632341310602	(39,13)
0.28028010187939348185586947417	(39,14)
0.26593023772557966433743240649	(39,15)
0.24959812456554997268746160368	(39,16)
0.23139013983704115078337400556	(39,17)
0.21149271129359086887444951353	(39,18)
0.19017576415475514951744028194	(39,19)
0.16779281734589746600151708557	(39,20)
0.14477691239106530541217022325	(39,21)
0.12163173035822647476062653846	(39,22)
0.09891756441741062510093973843	(39,23)
0.07723224601549215362760055927	(39,24)
0.05718762770760190592277547966	(39,25)
0.03938274513343276367801477372	(39,26)
0.0243752458363813410718603944	(39,27)
0.01265301628376566528634778898	(39,28)
0.00460810477987492761850113414	(39,29)
0.00051499174536551270604237439	(39,30)
0.33333319822180424675726592034	(40,1)
0.33332242917559134125830003369	(40,2)
0.33324980630439892534128389499	(40,3)
0.33301592038229755941417032606	(40,4)
0.33247834071331204865272425938	(40,5)
0.33145906132259856544085524475	(40,6)
0.32975357391022026465955606747	(40,7)
0.32714101465074279838294035109	(40,8)
0.32339487556292677152520530454	(40,9)
0.3182938780337540037915081318	(40,10)
0.31163274595079503666682238947	(40,11)
0.30323275115323373503275170259	(40,12)
0.29295199717559956001560230939	(40,13)
0.28069542937240567741675877986	(40,14)
0.26642449626348352166974228518	(40,15)
0.25016624311366454679854673316	(40,16)
0.23202141858450944894301688945	(40,17)
0.21217095903897219103531014645	(40,18)
0.19088003233998731381783152804	(40,19)
0.16849872386602250681956689766	(40,20)
0.1454584732478843206789712958	(40,21)
0.12226354526609498151903520979	(40,22)
0.09947714401983297857527416606	(40,23)
0.07770223264473380011343344792	(40,24)
0.05755765519306660951569247229	(40,25)
0.03965070886338752000487507633	(40,26)
0.02454781055774715664903376165	(40,27)
0.01274527007017938269276175694	(40,28)
0.00464236357015627510282126693	(40,29)
0.00051885773086380718595663742	(40,30)
0.33333319956117842927296093196	(41,1)
0.33332253726487843174467762311	(41,2)
0.33325063403594471996305764553	(41,3)
0.33301906287732887020629320696	(41,4)
0.33248678695523024282516378429	(41,5)
0.33147750010679609346164243868	(41,6)
0.32978854682327538441644963959	(41,7)
0.32720086742033358124970932343	(41,8)
0.32348946600722450654494898864	(41,9)
0.31843401624486720215117049644	(41,10)
0.31182937044082905684346163215	(41,11)
0.30349588116132502094230808321	(41,12)
0.29328954149173748992582864262	(41,13)
0.28111196944226174784390124551	(41,14)
0.2669201888735923886205671636	(41,15)
0.25073599911445534537178724182	(41,16)
0.23265450431050000686989095414	(41,17)
0.21285113471489476182829873256	(41,18)
0.19158628873038073774666786339	(41,19)
0.16920661014821931519607134216	(41,20)
0.14614193386449528172586607768	(41,21)
0.12289711141911461486535750109	(41,22)
0.10003826692414915228137709999	(41,23)
0.0781735098833701471073918619	(41,24)
0.05792869509362403988580401945	(41,25)
0.03991940357692451133539599987	(41,26)
0.02472084492702798733175124416	(41,27)
0.01283777450341644152897989734	(41,28)
0.00467671533489897538842277794	(41,29)
0.00052273420240058027156669684	(41,30)
0.33333320089719717051417797042	(42,1)
0.33332264508337502275047625542	(42,2)
0.33325145969371924474031567736	(42,3)
0.3330221974980566249736216578	(42,4)
0.33249521202558603471817044701	(42,5)
0.33149589264136037474538571249	(42,6)
0.32982343191830048404459155992	(42,7)
0.32726056964843552970625642225	(42,8)
0.32358381798176821115314725347	(42,9)
0.31857380005945830194411720817	(42,10)
0.31202549573349356541955810051	(42,11)
0.30375833995205280856893984976	(42,12)
0.29362622001030803608995450866	(42,13)
0.28152743447052107752964879025	(42,14)
0.26741459356126241001180918887	(42,15)
0.25130426430652317568711104498	(42,16)
0.23328592159281244337285935304	(42,17)
0.21352950505019650256718496776	(42,18)
0.19229065764455064675016124525	(42,19)
0.16991259234550246200305831775	(42,20)
0.14682354517595931465000061879	(42,21)
0.12352895415468064457668064286	(42,22)
0.10059785637676174928888787294	(42,23)
0.07864349410038825926789661528	(42,24)
0.05829871364131067651616457431	(42,25)
0.04018735670370727375787303933	(42,26)
0.02489340075198461763026744249	(42,27)
0.01293002272600025985535931878	(42,28)
0.00471097186321628068834105037	(42,29)
0.00052659992174511420142702587	(42,30)
0.33333320222230538133474133063	(43,1)
0.33332275202137539922672738466	(43,2)
0.3332522786086916861785481114	(43,3)
0.33302530651848642015112024476	(43,4)
0.33250356828164181093520101495	(43,5)
0.33151413491987490580151566088	(43,6)
0.32985803192998525242071970609	(43,7)
0.32731978374513673234205142305	(43,8)
0.3236773979885380148096307067	(43,9)
0.31871243913504495842696397537	(43,10)
0.31222001300794862246352168004	(43,11)
0.30401864381185274578000594916	(43,12)
0.29396012965296194349220026792	(43,13)
0.2819394763452034786050655513	(43,14)
0.26790491649174133769964989789	(43,15)
0.25186782803104410970590156576	(43,16)
0.23391210364896850483961883497	(43,17)
0.21420223882064228573259861019	(43,18)
0.19298916188797483540865391937	(43,19)
0.17061268503972842423516069108	(43,20)
0.14749946019817863600999438652	(43,21)
0.12415550815312085532505108156	(43,22)
0.101152755413498338030535131	(43,23)
0.07910953434916233591453689389	(43,24)
0.05866562409991459257494556717	(43,25)
0.04045305733052109965260624803	(43,26)
0.02506450515457137630466456984	(43,27)
0.01302149468542969974772797279	(43,28)
0.00474494004463137737758046233	(43,29)
0.00053043309778620262166995161	(43,30)
0.33333320352881507773024719378	(44,1)
0.33332285745844908850544025487	(44,2)
0.33325308602970445804380456252	(44,3)
0.33302837190085048318784428083	(44,4)
0.33251180724282739935560603866	(44,5)
0.33153212110743312832468386479	(44,6)
0.32989214612668199768983521873	(44,7)
0.3273781661927892980162525395	(44,8)
0.32376966317153945776166371671	(44,9)
0.31884912928491351897224614838	(44,10)
0.31241179405383382159396267921	(44,11)
0.30427528313554566812773169372	(44,12)
0.29428933421026486879519595122	(44,13)
0.28234570618240162660758403532	(44,14)
0.26838831545347996142225160625	(44,15)
0.25242342419228770135230067874	(44,16)
0.2345294222819507906735973214	(44,17)
0.21486543900768542376237988714	(44,18)
0.19367775612813073702811073004	(44,19)
0.17130283467569871813689439143	(44,20)
0.14816576629025333004421616554	(44,21)
0.12477314732800796486263117902	(44,22)
0.10169975331781582340608465656	(44,23)
0.07956893457796111461596940552	(44,24)
0.05902730424349231654149301458	(44,25)
0.04071496885365878255452720348	(44,26)
0.02523316871621672580379679837	(44,27)
0.01311166148759347144165818615	(44,28)
0.00477842348546354780434807428	(44,29)
0.00053421156892038783262735871	(44,30)
0.33333320480897100797750355994	(45,1)
0.3333229607687370570747253167	(45,2)
0.33325387716403062430881586584	(45,3)
0.33303137544958382379815140553	(45,4)
0.33251988000458515103276055174	(45,5)
0.33154974444407531831041888081	(45,6)
0.32992557202389943208758726214	(45,7)
0.3274353704783326844549247326	(45,8)
0.32386006595064150147238259883	(45,9)
0.31898305934251430078507440221	(45,10)
0.31259970090109273947983472168	(45,11)
0.30452673531078310843936756162	(45,12)
0.29461188086577040900016808367	(45,13)
0.2827437147111458142881033305	(45,14)
0.2688619241075096239222990723	(45,15)
0.25296775911797669794864748833	(45,16)
0.23513421882194308625420110442	(45,17)
0.21551517602360019976549849514	(45,18)
0.19435236137364644547939217283	(45,19)
0.17197895409929306673596689856	(45,20)
0.14881851848107009406325509548	(45,21)
0.12537821570210252690904345797	(45,22)
0.10223561295166157128975874356	(45,23)
0.0800189765735169354059949453	(45,24)
0.0593816144123402847485929246	(45,25)
0.04097154204978999006115768367	(45,26)
0.0253983938928148891185518191	(45,27)
0.01319998989447701733824600348	(45,28)
0.00481122417882693368241710789	(45,29)
0.00053791299149194786814451401	(45,30)
0.33333320605501778785295665847	(46,1)
0.33332306132636961045642870116	(46,2)
0.33325464721886326036936527246	(46,3)
0.333034298968837942936559276	(46,4)
0.33252773766171964730241510998	(46,5)
0.33156689816896061496804117366	(46,6)
0.32995810713708039248724338936	(46,7)
0.32749105009273314171216271546	(46,8)
0.32394805876123105700979685464	(46,9)
0.31911341818213539475512630257	(46,10)
0.31278259566821152155152050887	(46,11)
0.3047714778934283447139575053	(46,12)
0.29492581709134906351337153485	(46,13)
0.28313109311381133545691086105	(46,14)
0.26932287677575124231895239193	(46,15)
0.25349754003553231923923161561	(46,16)
0.23572283574873027654008557049	(46,17)
0.21614752166443726014137325598	(46,18)
0.19500890020624465785287992786	(46,19)
0.17263695784794079181213264035	(46,20)
0.14945377352090276430498227442	(46,21)
0.12596705895477065206672285738	(46,22)
0.10275709868099862589958737425	(46,23)
0.08045694340434958967415893882	(46,24)
0.05972641596284795392749295347	(46,25)
0.04122122843243848122621442523	(46,26)
0.02555918361388751307210877056	(46,27)
0.01328594692044171333822212786	(46,28)
0.00484314421126586421912434804	(46,29)
0.00054151503236906785613921457	(46,30)
0.33333320725926785672631274018	(47,1)
0.333323158510950537918210698	(47,2)
0.33325539144331206125813386389	(47,3)
0.33303712442191975074042154256	(47,4)
0.33253533173691842962762335239	(47,5)
0.33158347645581356910394095817	(47,6)
0.32998955075571943035416100767	(47,7)
0.32754486156682975226707458633	(47,8)
0.32403309885115187129313149265	(47,9)
0.31923940182395652949419273289	(47,10)
0.31295935052800239590267636475	(47,11)
0.30500800193891016368968169495	(47,12)
0.29522920774069246546868044491	(47,13)
0.28350545410857375556714860851	(47,14)
0.26976833351434252031880309187	(47,15)
0.25400950387257497935324106829	(47,16)
0.23629164867100740135139914346	(47,17)
0.21675858344332818739365039879	(47,18)
0.19564333240507803295275649738	(47,19)
0.1732727978325964035963507521	(47,20)
0.15006762431000797115528411355	(47,21)
0.12653605631857178260238327992	(47,22)
0.10326100461077292968475966132	(47,23)
0.08088014312444580095953182579	(47,24)
0.06005958992284228538690108602	(47,25)
0.0414624937576865113755485267	(47,26)
0.0257145499781073237252178644	(47,27)
0.01336900448013977736708854773	(47,28)
0.00487398748859778682331546423	(47,29)
0.00054499556368944893343249465	(47,30)
0.33333320841416955477869230498	(48,1)
0.33332325171305103123398042003	(48,2)
0.3332561051704747534884691987	(48,3)
0.33303983409101393347698538117	(48,4)
0.3325426146100312212031073786	(48,5)
0.33159937535001278295222685219	(48,6)
0.33001970572055190063934071031	(48,7)
0.32759646751232655234636911082	(48,8)
0.32411465308553365742609962761	(48,9)
0.31936022055032459993395318605	(48,10)
0.3131288576883246608388151607	(48,11)
0.30523482535230651787407779586	(48,12)
0.29552015216505319353597301717	(48,13)
0.28386445305697475739492899485	(48,14)
0.27019550521407499828146793818	(48,15)
0.25450044608556852616959812334	(48,16)
0.23683709833397537796699344234	(48,17)
0.21734453895152544828948473355	(48,18)
0.19625169059778856840692761616	(48,19)
0.17388249904515071508497658696	(48,20)
0.15065623435116123806795285128	(48,21)
0.12708165249803548411072391244	(48,22)
0.10374418283993914587546008436	(48,23)
0.08128593249437546863832652558	(48,24)
0.06037905566123949774045680289	(48,25)
0.04169383154068583173001383242	(48,26)
0.02586352295605218475206129299	(48,27)
0.01344864404041638283815883477	(48,28)
0.00490356146326934295582579258	(48,29)
0.00054833285777858190715212332	(48,30)
0.3333332095123746167319487114	(49,1)
0.3333233403396565143115760602	(49,2)
0.33325678385914786389876260441	(49,3)
0.3330424107355356276284727326	(49,4)
0.33254953994366464082420563743	(49,5)
0.33161449369762320403120837812	(49,6)
0.33004838018542256024992699737	(49,7)
0.327645539636462706956552091	(49,8)
0.32419220270979826918496403519	(49,9)
0.31947510595963675363894587495	(49,10)
0.31329003928452547986722588691	(49,11)
0.30545050611914378904980491262	(49,12)
0.29579680117435422457873637561	(49,13)
0.28420580887859925056407384603	(49,14)
0.27060167846886300513640350595	(49,15)
0.25496724921925099038261979125	(49,16)
0.2373557223253111986561456757	(49,17)
0.21790166989325604525589593551	(49,18)
0.19683011557131962515851340648	(49,19)
0.17446219492392905460425445961	(49,20)
0.1512158718718458247008386651	(49,21)
0.12760038928248750890144647958	(49,22)
0.10420357144610987749381431751	(49,23)
0.08167174047601500488621846299	(49,24)
0.06068278938007955415600647948	(49,25)
0.04191377644400208578866099968	(49,26)
0.02600515901069275534577850563	(49,27)
0.01352436122835123203424286009	(49,28)
0.0049316788454561122997873867	(49,29)
0.00055150578023538782077018998	(49,30)
0.3333332105468043803823085893	(50,1)
0.33332342381950975509808251222	(50,2)
0.33325742313474319693530726037	(50,3)
0.3330448377474671051720210036	(50,4)
0.33255606310066792977170224008	(50,5)
0.33162873405671455918738263199	(50,6)
0.33007538934552084380873748254	(50,7)
0.32769176169903210515590569188	(50,8)
0.32426524802135856553337397468	(50,9)
0.31958331788457228535761078497	(50,10)
0.31344185708090914392381217316	(50,11)
0.30565365527964413155468257569	(50,12)
0.29605737366781872485952236559	(50,13)
0.28452732455619262695812707458	(50,14)
0.27098423995483075484836739388	(50,15)
0.25540691090149298429797811938	(50,16)
0.23784418615189777420653715355	(50,17)
0.21842639544299519315948546469	(50,18)
0.19737489087817056390108265581	(50,19)
0.17500816201260744449998542589	(50,20)
0.15174294326438420747861828228	(50,21)
0.12808893652715139391944426472	(50,22)
0.10463622191145905944089282598	(50,23)
0.08203509125875479428960304262	(50,24)
0.06096884223833971807924840329	(50,25)
0.04212091739976056151355799486	(50,26)
0.02613854954671455268203948725	(50,27)
0.01359567034790778600231080225	(50,28)
0.00495815928025297767724179189	(50,29)
0.00055449397919301506470710193	(50,30)
0.33333321151071401890091392796	(51,1)
0.33332350160829449223881306892	(51,2)
0.33325801882898296721868696043	(51,3)
0.33304709930205723192184778444	(51,4)
0.33256214154915267375249284296	(51,5)
0.33164200358145614739230949673	(51,6)
0.33010055711395161978550157651	(51,7)
0.3277348323809093749351518711	(51,8)
0.32433331290130099278884793258	(51,9)
0.31968415110257830433233757333	(51,10)
0.31358332188020144402054255837	(51,11)
0.30584294951141021998621954789	(51,12)
0.29630017276121783106570934095	(51,13)
0.28482690701824737721299039695	(51,14)
0.271340700067077636091858197	(51,15)
0.25581657098343616805060432301	(51,16)
0.23829931336554794419497767434	(51,17)
0.21891530458009186053895693951	(51,18)
0.19788247638037126846480572287	(51,19)
0.17551685355447795163547566698	(51,20)
0.15223402549865561415517827422	(51,21)
0.12854412218261261727337656246	(51,22)
0.10503932570666950589422875809	(51,23)
0.08237362657937289903185405492	(51,24)
0.06123535792029165793258489389	(51,25)
0.0423139103299866063621278117	(51,26)
0.02626282910132976427300933533	(51,27)
0.01366210875848642218513931206	(51,28)
0.00498283097360882964362989927	(51,29)
0.0005572780687971583867594232	(51,30)
0.33333321239775412419941033513	(52,1)
0.33332357319360528869627633665	(52,2)
0.33325856701795786711860423599	(52,3)
0.33304918050230550243689319718	(52,4)
0.33256773525080528653783524043	(52,5)
0.33165421486973138310485666282	(52,6)
0.33012371772909168886170238991	(52,7)
0.32777446803406649295471349	(52,8)
0.32439594915865708248191555506	(52,9)
0.31977694176847412375932082906	(52,10)
0.3137135025427474820133126061	(52,11)
0.30601714318927818194588191966	(52,12)
0.29652360124267676379148955771	(52,13)
0.28510258619211594164848311638	(52,14)
0.27166871556840974866005067944	(52,15)
0.25619353754312323349002936332	(52,16)
0.23871811442528499644342943738	(52,17)
0.21936518706572220489003616464	(52,18)
0.19834954038388637077854603387	(52,19)
0.17598493167443674614494534774	(52,20)
0.15268589717209840841477531233	(52,21)
0.12896296106202139182906070671	(52,22)
0.10541023975791001449541229433	(52,23)
0.08268512710461408337203847062	(52,24)
0.06148058946654620688085289455	(52,25)
0.04249149033341807019319325644	(52,26)
0.02637718319172940971031826997	(52,27)
0.01372324107000939066207980015	(52,28)
0.00500553225015324927440882937	(52,29)
0.00055983980499997037517131513	(52,30)
0.33333321320202899447483643273	(53,1)
0.33332363809965140795138835639	(53,2)
0.33325906405814830464854666094	(53,3)
0.3330510675157130440282040933	(53,4)
0.3325728070284139524303121768	(53,5)
0.33166528676537150771366186974	(53,6)
0.33014471727585860361935343747	(53,7)
0.32781040528422424672200007483	(53,8)
0.32445274064170807634664106254	(53,9)
0.31986107350177437074767774111	(53,10)
0.3138315345210359966853018108	(53,11)
0.306175079796253304694728946	(53,12)
0.29672617619566227817481552552	(53,13)
0.28535253302899114514933150853	(53,14)
0.27196611101422252979004824321	(53,15)
0.2565353114822384860994603665	(53,16)
0.23909781399643798600269772035	(53,17)
0.21977306274079200947693231711	(53,18)
0.19877299003031605997734583442	(53,19)
0.17640929781523389287771832554	(53,20)
0.1530955678753409165788261755	(53,21)
0.12934268204802537486659209593	(53,22)
0.10574651053297022743770648146	(53,23)
0.0829675326548485332097859268	(53,24)
0.0617029151932637524851971503	(53,25)
0.04265248321236876310959570342	(53,26)
0.02648085573773603430621258914	(53,27)
0.01377866311098648807866353871	(53,28)
0.00502611302673865703283449457	(53,29)
0.00056216225184388139320140414	(53,30)
0.33333321391815101207260818776	(54,1)
0.33332369589164517354952879907	(54,2)
0.33325950662002945705732053146	(54,3)
0.33305274770186047951983415732	(54,4)
0.33257732290874007892173244766	(54,5)
0.33167514510656298949931655922	(54,6)
0.33016341510488235562938018894	(54,7)
0.32784240345876333832261027934	(54,8)
0.32450330707311080583340295095	(54,9)
0.31993598306481092654934700389	(54,10)
0.31393662782003827586531006808	(54,11)
0.30631570256601095830679424083	(54,12)
0.29690654263622109835318918037	(54,13)
0.28557507631254189249614464255	(54,14)
0.27223089873017096553262360623	(54,15)
0.25683960945990305503713215884	(54,16)
0.23943587640272879430338228611	(54,17)
0.22013620884050021128999521282	(54,18)
0.19914999963048293059463947152	(54,19)
0.17678712111225538248205975379	(54,20)
0.1534603055688889504647183509	(54,21)
0.12968075345722813587874609082	(54,22)
0.10604589649665183192376253503	(54,23)
0.08321896105889852256589078239	(54,24)
0.0619008535342182159220533126	(54,25)
0.04279581621988469215808057003	(54,26)
0.02657315598250474325555034806	(54,27)
0.01382800562830146700075136159	(54,28)
0.00504443618637198824452791724	(54,29)
0.00056422993650561603035961729	(54,30)
0.33333321454129053768386875135	(55,1)
0.33332374617982849092942242546	(55,2)
0.33325989171890543029896626622	(55,3)
0.33305420972946610887243156194	(55,4)
0.33258125243711584217931704325	(55,5)
0.33168372341253239545274981267	(55,6)
0.33017968513461272778974911481	(55,7)
0.32787024681430477724679423476	(55,8)
0.32454730756845609505840269855	(55,9)
0.3200011655719205879964773652	(55,10)
0.31402807429973055495363700482	(55,11)
0.30643806424532355442501085444	(55,12)
0.29706348602165450279711478863	(55,13)
0.28576871807548194596655101953	(55,14)
0.27246129713412961392166132964	(55,15)
0.25710438492454946914713345418	(55,16)
0.23973002896649065456827089227	(55,17)
0.2204521850416222493015298911	(55,18)
0.19947803664558689939919403718	(55,19)
0.17711586441221159274679119749	(55,20)
0.1537776616866376634388239543	(55,21)
0.12997490629879305775398741387	(55,22)
0.10630638870216303068133408086	(55,23)
0.08343772544408863058852480685	(55,24)
0.06207307665139042152598147465	(55,25)
0.04292052791538766285959660594	(55,26)
0.02665346483924024077963176042	(55,27)
0.0138709376801958325404485483	(55,28)
0.005060378838226139374228243	(55,29)
0.00056602899148536404152226864	(55,30)
0.33333321506722079318904686512	(56,1)
0.33332378862309494659033816056	(56,2)
0.33326021674264642534047960083	(56,3)
0.33305544368168649284328861491	(56,4)
0.33258456896044137069305270593	(56,5)
0.33169096350124993850788926778	(56,6)
0.33019341702260423451873192033	(56,7)
0.32789374654043880008882894243	(56,8)
0.32458444380114222345454788483	(56,9)
0.3200561791748124899073749576	(56,10)
0.31410525424297017278251150936	(56,11)
0.30654133587387548361425320488	(56,12)
0.29719594349948567057097241379	(56,13)
0.28593214746274402498238672208	(56,14)
0.27265574721105865140559828129	(56,15)
0.25732784702454697241823925273	(56,16)
0.23997828299395520629020776203	(56,17)
0.22071885598195089509758457385	(56,18)
0.19975488504584290364357164375	(56,19)
0.1773933076653538001321379633	(56,20)
0.15404549370535055453418327838	(56,21)
0.13022315518545368237986562335	(56,22)
0.10652622930441152206271008775	(56,23)
0.08362234978164673634882762298	(56,24)
0.06221842267241493766107118143	(56,25)
0.04302577702615861313600049969	(56,26)
0.02672124059779476150575425301	(56,27)
0.01390716968707947695580481108	(56,28)
0.00507383345059230454805862262	(56,29)
0.0005675472824581984581820813	(56,30)
0.33333321549235725766384515568	(57,1)
0.33332382293216911261206681208	(57,2)
0.33326047947603507426023832299	(57,3)
0.33305644114854400236444512662	(57,4)
0.33258724987558429311385269665	(57,5)
0.33169681603161146171939772858	(57,6)
0.33020451719358324290104478908	(57,7)
0.32791274251841303761229456652	(57,8)
0.32461446278012922341822267734	(57,9)
0.3201006491746831905557610073	(57,10)
0.31416764211954228156717651032	(57,11)
0.30662481448915089790885912758	(57,12)
0.2973030137786743448400616534	(57,13)
0.28606425289607079997516254661	(57,14)
0.27281292696856549884901021715	(57,15)
0.25750847720024560950739169491	(57,16)
0.24017895218693875544279918946	(57,17)
0.22093441101748934946625038738	(57,18)
0.199978665803626951131622844	(57,19)
0.17761756844797068410321902426	(57,20)
0.15426198494540883268958116523	(57,21)
0.13042381667941886439426828568	(57,22)
0.1067039278025348464494539245	(57,23)
0.0837715825255870879223097246	(57,24)
0.0623359064273778069758333883	(57,25)
0.04311085022227760894434214561	(57,26)
0.02677602393162303875568200617	(57,27)
0.01393645610833265522828387669	(57,28)
0.00508470884494728028554298663	(57,29)
0.00056877452045300934805287872	(57,30)
0.33333321581379115859909421903	(58,1)
0.3333238488723093276996579665	(58,2)
0.33326067812146366511476655988	(58,3)
0.33305719530550087921761842003	(58,4)
0.33258927684054713029792027185	(58,5)
0.33170124096435036014469396002	(58,6)
0.33021290971340299410809555349	(58,7)
0.32792710481615820472727747303	(58,8)
0.32463715921119421068656419363	(58,9)
0.32013427151764752028911086277	(58,10)
0.31421481148560100011053047026	(58,11)
0.3066879296753109972315696952	(58,12)
0.29738396551941345094448005944	(58,13)
0.28616413241254126680309820377	(58,14)
0.2729317637219744597147716356	(58,15)
0.25764504328421417438937727655	(58,16)
0.24033066828898387320126689696	(58,17)
0.22109738101164446835074358906	(58,18)
0.20014785430785377859226891585	(58,19)
0.17778711940163930986950707197	(58,20)
0.15442566139680020638030750236	(58,21)
0.13057552488221554733988150546	(58,22)
0.10683827484251662736679160887	(58,23)
0.08388440820295055479791729655	(58,24)
0.06242472857300903135021271595	(58,25)
0.04317516872389853300269332136	(58,26)
0.02681744215282462062310991453	(58,27)
0.01395859771714302439191118095	(58,28)
0.00509293104075069805978654874	(58,29)
0.00056970235718683965308365714	(58,30)
0.33333321602931670261189965999	(59,1)
0.33332386626550524762760047473	(59,2)
0.33326081131576242906932156594	(59,3)
0.33305770097734533539574861129	(59,4)
0.33259063594616030443750961879	(59,5)
0.33170420793678705916045187253	(59,6)
0.33021853699961514628131245288	(59,7)
0.32793673490380471138439228634	(59,8)
0.32465237741668859698576779503	(59,9)
0.32015681563653341892346048046	(59,10)
0.31424643896680373585163867468	(59,11)
0.30673024888709450985583747324	(59,12)
0.29743824415334682933255407155	(59,13)
0.28623110206863213958554573153	(59,14)
0.27301144408036071949403983897	(59,15)
0.2577366109624037908501466755	(59,16)
0.24043239380278189925879485294	(59,17)
0.22120665198150952068027068463	(59,18)
0.20026129451827604142164133147	(59,19)
0.17790080240770223333117206913	(59,20)
0.15453540539518131129689302269	(59,21)
0.13067724410610977935375875769	(59,22)
0.10692835343606144678056809931	(59,23)
0.08396005683454914780673344797	(59,24)
0.06248428300906632174346780902	(59,25)
0.04321829367187301445855532746	(59,26)
0.02684521267082276563699840011	(59,27)
0.01397344344960300871163411951	(59,28)
0.0050984439421403912815089157	(59,29)
0.00057032446255781299203322767	(59,30)
0.33333321613745175614747497888	(60,1)
0.33332387499214680213514655817	(60,2)
0.33326087814297998694716014225	(60,3)
0.33305795468671057060135582454	(60,4)
0.33259131784647599208176354093	(60,5)
0.33170569654743461704683537876	(60,6)
0.33022136036111305839843065514	(60,7)
0.32794156657679541818119133182	(60,8)
0.32466001279345630752079629904	(60,9)
0.32016812660897735380455805136	(60,10)
0.31426230728307996694093026028	(60,11)
0.30675148149264437209206163847	(60,12)
0.29746547706250691396873879601	(60,13)
0.28626470232166200656970949329	(60,14)
0.2730514215290252616411614675	(60,15)
0.25778255247649590626439821332	(60,16)
0.24048343164620695590468493169	(60,17)
0.22126147545902620311371220382	(60,18)
0.20031820971228943948273449836	(60,19)
0.17795783934937280033245044945	(60,20)
0.15459046600558297379943520784	(60,21)
0.13072827849508208085010357644	(60,22)
0.10697354747876868466268113905	(60,23)
0.08399801108793379934424005933	(60,24)
0.06251416250948536638222772571	(60,25)
0.04323993020561936893793233244	(60,26)
0.02685914561852848923060459165	(60,27)
0.0139808918087314568877146758	(60,28)
0.00510120985934292974195724092	(60,29)
0.00057063658348593704517555074	(60,30)