kdd1311_(sigma,mu)
0.02084760656130132692192416677	(1,1)
0.02084682634560588980917912558	(1,2)
0.02084156507250329994313569183	(1,3)
0.0208246237239054212020473962	(1,4)
0.02078570113023385786082658164	(1,5)
0.02071196515490762752833138465	(1,6)
0.02058877274951351348978625722	(1,7)
0.0204005056652442196019801375	(1,8)
0.02013148315143635805670798511	(1,9)
0.01976690923081173802053585976	(1,10)
0.01929381028095629540241308494	(1,11)
0.01870191875777789272368301532	(1,12)
0.01798446096800349843077804115	(1,13)
0.01713881074677684430136783735	(1,14)
0.01616697655318826009111936327	(1,15)
0.01507589661611407102511103978	(1,16)
0.01387752503566815106281928805	(1,17)
0.01258870081157950594050015541	(1,18)
0.0112308012334483900458312708	(1,19)
0.0098291905157504511878182594	(1,20)
0.00841248357947700786170945841	(1,21)
0.0070116530774759314679899296	(1,22)
0.00565901477245011661912068285	(1,23)
0.0043871318969630818566891989	(1,24)
0.00322768291019311201661278963	(1,25)
0.00221033894844976581760101203	(1,26)
0.00136169716025968242689142568	(1,27)
0.00070431402330605380408545263	(1,28)
0.00025587874734223223620759294	(1,29)
0.00002856114478987494519732244	(1,30)
0.02096216246094189365995606619	(2,1)
0.02096137795802262569931273183	(2,2)
0.02095608777463848848300492488	(2,3)
0.02093905333466368537151753917	(2,4)
0.02089991686440416582396595457	(2,5)
0.02082577571569964550159610562	(2,6)
0.02070190637774152548739296312	(2,7)
0.02051260478068135737244368179	(2,8)
0.02024210400937782054230504497	(2,9)
0.01987552678384366096854649012	(2,10)
0.01939982819266377230286918704	(2,11)
0.01880468427244591917373289061	(2,12)
0.01808328410906653692614354741	(2,13)
0.01723298710717411700077830379	(2,14)
0.01625581276226697109512621023	(2,15)
0.01515873742832949788836701444	(2,16)
0.01395378089239574960838097664	(2,17)
0.01265787468323782513309324862	(2,18)
0.011292513557017593539519527	(2,19)
0.00988320110257309705275151991	(2,20)
0.00845870947758852138487051642	(2,21)
0.00705018152710476633226541435	(2,22)
0.0056901105862496722156356678	(2,23)
0.00441123881979316378121241588	(2,24)
0.00324541875732426076551500348	(2,25)
0.00222248457546158676480845531	(2,26)
0.0013691795717178865447394267	(2,27)
0.00070818416961224759031119569	(2,28)
0.0002572847795174023601072983	(2,29)
0.00002871808587518223289200906	(2,30)
0.02119280713586781647992194463	(3,1)
0.02119201400109360129910722637	(3,2)
0.02118666561002861691859800331	(3,3)
0.02116944374077810317396248108	(3,4)
0.02112987665347540639281741033	(3,5)
0.02105491973264991496233479252	(3,6)
0.02092968746534101660907231578	(3,7)
0.02073830299057010258348171383	(3,8)
0.02046482591070467397233464746	(3,9)
0.02009421525206722374563611457	(3,10)
0.01961328257126830841638345213	(3,11)
0.01901159031170509705309899188	(3,12)
0.01828225262028180277433462633	(3,13)
0.01742259984879872075876566349	(3,14)
0.01643467371489770077888241644	(3,15)
0.01532552733489193684439718137	(3,16)
0.0141073127507275756643807052	(3,17)
0.01279714778946331899352774454	(3,18)
0.01141676371400357379240070168	(3,19)
0.00999194472818589841880518293	(3,20)
0.00855177956768493187221837678	(3,21)
0.00712775373906834550817206	(3,22)
0.00575271809733203261043740473	(3,23)
0.00445977506403260387321612341	(3,24)
0.00328112763619375204349280158	(3,25)
0.00224693824958835561729750589	(3,26)
0.00138424445201903904775249022	(3,27)
0.00071597621402117309198193224	(3,28)
0.00026011564512174319245944342	(3,29)
0.00002903406662284837253567081	(3,30)
0.02154249608502142109233912354	(4,1)
0.02154168986293377093894946908	(4,2)
0.02153625321944051770000528334	(4,3)
0.02151874717655262193699544161	(4,4)
0.02147852720295426122082048629	(4,5)
0.02140233343747924548276869148	(4,6)
0.02127503474556181168892343867	(4,7)
0.02108049228715314881158345197	(4,8)
0.02080250263799806370743056414	(4,9)
0.02042577664020141816972425865	(4,10)
0.01993690823591053374995650591	(4,11)
0.01932528764765927810155640809	(4,12)
0.01858391540926720679436834232	(4,13)
0.01771007783182329761067795939	(4,14)
0.01670585033463615502257319902	(4,15)
0.01557840242793839636897657184	(4,16)
0.0143400866828781865411051731	(4,17)
0.01300830339260359588802956223	(4,18)
0.01160514240739409111724472041	(4,19)
0.01015681338967958441493628251	(4,20)
0.00869288505445225573495335606	(4,21)
0.007245362428905112003568575	(4,22)
0.00584763841069966786408817714	(4,23)
0.0045333616085873330240505041	(4,24)
0.00333526636057678979220322455	(4,25)
0.00228401276974320673002139655	(4,26)
0.00140708448792458600942622661	(4,27)
0.00072778981416334733529391817	(4,28)
0.00026440754843681610680899077	(4,29)
0.00002951312806170100746437559	(4,30)
0.02201540002593317144150668047	(5,1)
0.02201457610430048802841578909	(5,2)
0.02200902010645580472790935451	(5,3)
0.02199112974146893439319739651	(5,4)
0.02195002679152555540065007526	(5,5)
0.02187216029330114488823340617	(5,6)
0.02174206692982066906205082106	(5,7)
0.02154325355788062354729957463	(5,8)
0.02125916103568290231612055098	(5,9)
0.02087416456437823071326292426	(5,10)
0.02037456379279618372442053974	(5,11)
0.01974951604666974476715558364	(5,12)
0.01899186823095082494643798046	(5,13)
0.01809884712405649043409807827	(5,14)
0.01707257375666593228594280428	(5,15)
0.01592037508627956270032377994	(5,16)
0.01465487491540109661386379794	(5,17)
0.01329385557539323529335800561	(5,18)
0.01185989189212485230911885006	(5,19)
0.01037976892691568238467058493	(5,20)
0.00888370451062615121172074654	(5,21)
0.00740440624293796248673824357	(5,22)
0.00597600003334112268749370802	(5,23)
0.0046328730896207179675336132	(5,24)
0.00340847825662146925283771345	(5,25)
0.00233414859528241991516628374	(5,26)
0.00143797097930547834830367934	(5,27)
0.00074376527564741076905530411	(5,28)
0.00027021145794870721651146926	(5,29)
0.00003016095901254002437236361	(5,30)
0.02261663210863493651175169896	(6,1)
0.0226157856822575902227992506	(6,2)
0.02261007792688910529539266343	(6,3)
0.022591698901344279824334111	(6,4)
0.0225494732587410696044465195	(6,5)
0.02246947990424178373555873301	(6,6)
0.02233583315829678220036916576	(6,7)
0.02213158939263273489757172346	(6,8)
0.02183973718819834784920751155	(6,9)
0.02144422500506416523999428455	(6,10)
0.02093097833583240899020169693	(6,11)
0.02028885842890913033311709516	(6,12)
0.01951051691487899767664937706	(6,13)
0.01859310495344033648715802473	(6,14)
0.01753880165561289096857760835	(6,15)
0.01635513426041416805521945297	(6,16)
0.0150550715211737461075742618	(6,17)
0.01365688159310951841180056605	(6,18)
0.01218375598153402217364140359	(6,19)
0.01066321136048774601706876069	(6,20)
0.00912629085631692181962850084	(6,21)
0.00760659528116678242752485899	(6,22)
0.00613918240757773909805729133	(6,23)
0.00475937836303748809588381402	(6,24)
0.00350154932842919754260583015	(6,25)
0.0023978837646380268653120185	(6,26)
0.00147723527476435123778532575	(6,27)
0.00076407393693628062814436067	(6,28)
0.00027758960992589505583739307	(6,29)
0.00003098450563543666486751934	(6,30)
0.02335196444189208798788925577	(7,1)
0.02335109048635179721114894253	(7,2)
0.02334519709202372644971687767	(7,3)
0.0233262203075139782260491047	(7,4)
0.02328262132042702892763373245	(7,5)
0.02320002627124897065369679675	(7,6)
0.02306203282788429554918971766	(7,7)
0.02285114631667876525829317557	(7,8)
0.02254980209460341477594625586	(7,9)
0.02214142665516942320853609843	(7,10)
0.02161148787564857096339358864	(7,11)
0.02094848493096888040471608866	(7,12)
0.02014483071926074449630356292	(7,13)
0.01919758406775390290201696164	(7,14)
0.01810899532535147263237015743	(7,15)
0.01688683692523905533658596589	(7,16)
0.01554449977051571900837372294	(7,17)
0.01410084645408924536052839057	(7,18)
0.01257982292750893873604050392	(7,19)
0.01100984081851033599850226847	(7,20)
0.00942295270057581701529335033	(7,21)
0.00785385179710372729046804761	(7,22)
0.00633873545512948368312782613	(7,23)
0.00491407790386929299480571017	(7,24)
0.00361536204928434041432570987	(7,25)
0.00247582215962408983113251171	(7,26)
0.00152524917353014305861909175	(7,27)
0.00078890801371122387328571635	(7,28)
0.00028661181418228808513904976	(7,29)
0.00003199155881518527315715736	(7,30)
0.02422760528662832252011006127	(8,1)
0.02422669853945513927795758678	(8,2)
0.02422058401947545795074884863	(8,3)
0.02420089520878589577162701409	(8,4)
0.02415566035086642151024726969	(8,5)
0.02406996627611567528783765191	(8,6)
0.02392679525017636532960634886	(8,7)
0.0237079962460808619566323761	(8,8)
0.02339534569937449178202172815	(8,9)
0.02297164845408558977372671424	(8,10)
0.0224218274422078797611891059	(8,11)
0.02173395075997232285314456515	(8,12)
0.0209001472100402319433745312	(8,13)
0.01991736596882417708508379127	(8,14)
0.0187879426152283433723067838	(8,15)
0.01751994203631244505737057139	(8,16)
0.01612725834657142015166453815	(8,17)
0.01462946250102683846955321797	(8,18)
0.01305139928739801359499577268	(8,19)
0.01142254636768929388559005971	(8,20)
0.00977615852339393761949554271	(8,21)
0.00814822978152072045810417986	(8,22)
0.00657631424289729721196768219	(8,23)
0.00509825284188252800583273276	(8,24)
0.00375085765565357547243872191	(8,25)
0.00256860755756475110839669684	(8,26)
0.00158240887504852954161500373	(8,27)
0.00081847227103639817650325852	(8,28)
0.00029735242210456756591862228	(8,29)
0.00003319041536793604888220896	(8,30)
0.02525010399566267188605888058	(9,1)
0.0252491589398283078739429815	(9,2)
0.02524278609094568813779133366	(9,3)
0.02522226545974340096117519617	(9,4)
0.02517511950740536125209409064	(9,5)
0.02508580502704726919019989139	(9,6)
0.02493658536804443120658929561	(9,7)
0.02470854277573242355236959152	(9,8)
0.02438268400639116162081159794	(9,9)
0.02394108783856121169071172882	(9,10)
0.02336804084115318770747669158	(9,11)
0.02265110788135089953106164122	(9,12)
0.02178208636125800887805950327	(9,13)
0.0207577979569653621284984257	(9,14)
0.01958067849196878213390303296	(9,15)
0.01825913521154905456610746044	(9,16)
0.01680765075981582861451382344	(9,17)
0.01524662415817072532137188811	(9,18)
0.01360195056144927349626857285	(9,19)
0.01190435302270347427131926471	(9,20)
0.01018849042681462714972184917	(9,21)
0.00849187567706900514972484748	(9,22)
0.00685364670175117803375443988	(9,23)
0.00531323951722534967248309103	(9,24)
0.00390901714692451291377115175	(9,25)
0.00267691045138426573708466493	(9,26)
0.0016491267728976453657437599	(9,27)
0.00085297974426580542596321026	(9,28)
0.0003098887634669930778587848	(9,29)
0.00003458970307324020030758476	(9,30)
0.02642641737485489599535839365	(10,1)
0.02642542821820170239005223789	(10,2)
0.02641875798189823284700390882	(10,3)
0.02639727976221728130695975099	(10,4)
0.02634793376948847397756795799	(10,5)
0.02625445151501129072296553518	(10,6)
0.02609826877500733499125551074	(10,7)
0.02585958523102453976234113289	(10,8)
0.02551852175988163353484891423	(10,9)
0.02505632158872583334787976886	(10,10)
0.02445653915753955992069570064	(10,11)
0.02370616065388928302856085992	(10,12)
0.02279660280476487245298847991	(10,13)
0.02172454151970741790382559437	(10,14)
0.0204925291637635093400455037	(10,15)
0.01910936828684792299551967931	(10,16)
0.01759022015307426948170825298	(10,17)
0.01595643793868388941177338662	(10,18)
0.01423512649400014125101597758	(10,19)
0.01245844256417448692644989285	(10,20)
0.0106626608071561789736990413	(10,21)
0.00888704133176529965144439355	(10,22)
0.0071725433475896147400058845	(10,23)
0.00556043648261303047639399375	(10,24)
0.00409086607928583064869419856	(10,25)
0.00280143111776038450267053068	(10,26)
0.00172583323470085410611082778	(10,27)
0.00089265261553224633657601188	(10,28)
0.00032430145392854297938157313	(10,29)
0.00003619841437842375030337952	(10,30)
0.0277641160312043172537998186	(11,1)
0.02776307667622038214511029404	(11,2)
0.02775606793490854398816147551	(11,3)
0.02773349972907141285500252152	(11,4)
0.02768164952123647159961352584	(11,5)
0.02758342328570356688856726851	(11,6)
0.02741931486874264243774825481	(11,7)
0.02716851950786737990394427317	(11,8)
0.02681014999342528819610240914	(11,9)
0.02632449894498211143513028414	(11,10)
0.0256942881689584952593907607	(11,11)
0.02490584618265091128023229264	(11,12)
0.02395015773791379113417653445	(11,13)
0.022823734443683098508449648	(11,14)
0.02152926314591083695148359171	(11,15)
0.02007599824870176167524126305	(11,16)
0.01847987523461126507934062684	(11,17)
0.01676333477760037558338184023	(11,18)
0.01495485950286649889258389687	(11,19)
0.01308823807341841978213999351	(11,20)
0.01120158331522888766010197655	(11,21)
0.00933614199968283981615577988	(11,22)
0.0075349432037646280038303093	(11,23)
0.0058413394576444353417919011	(11,24)
0.00429749984912633639642224237	(11,25)
0.00294291667158996848681796432	(11,26)
0.00181298697535963266509355292	(11,27)
0.0009377275257701767337537926	(11,28)
0.00034067631169138347741417441	(11,29)
0.00003802611958861730717244368	(11,30)
0.02927165483435621718105558245	(12,1)
0.0292705588355967913092923916	(12,2)
0.0292631681255156788555182105	(12,3)
0.02923936998187835259241620661	(12,4)
0.02918469403329437231789596805	(12,5)
0.02908111475592361958823435147	(12,6)
0.02890806322368565966101756614	(12,7)
0.02864360148296901315252142988	(12,8)
0.02826570522450473489397626564	(12,9)
0.02775359512185562324407024128	(12,10)
0.02708905454313488436299787311	(12,11)
0.02625767145132401534360545021	(12,12)
0.02524994519850559295095173693	(12,13)
0.02406220447608713653582930466	(12,14)
0.02269729067165548493723250736	(12,15)
0.02116497095700957646751816912	(12,16)
0.01948205714813152812129977527	(12,17)
0.01767221921670783147904455394	(12,18)
0.01576549572212826055118491475	(12,19)
0.01379751677495683934901174452	(12,20)
0.01180846784276278312979399454	(12,21)
0.00984183420283554496156884831	(12,22)
0.00794297562662827018197062143	(12,23)
0.0061575885206416319161271115	(12,24)
0.00453011791912745040006980432	(12,25)
0.00310218420835034348463781912	(12,26)
0.00191108916236243816898827075	(12,27)
0.00098846280975435910041162889	(12,28)
0.00035910697098539738693899604	(12,29)
0.00004008325773429698200643263	(12,30)
0.0309586030639855682355282493	(13,1)
0.03095744357444280343586700893	(13,2)
0.03094962472403380550503352682	(13,3)
0.03092444797283241421690265149	(13,4)
0.03086660473391770431278825579	(13,5)
0.03075702544244950617802074697	(13,6)
0.03057395008242172783955851376	(13,7)
0.03029417085903639867615015962	(13,8)
0.02989438953751319414695304736	(13,9)
0.02935262632828646584298228505	(13,10)
0.028649614349644905545488549	(13,11)
0.02777011378819859460610570218	(13,12)
0.02670408292244154133876772542	(13,13)
0.02544764905950038156038197506	(13,14)
0.02400383091361722174660074739	(13,15)
0.02238297465896410956785801629	(13,16)
0.0206028783448834710460172027	(13,17)
0.01868859301011665389656164521	(13,18)
0.01667190305802892999365584298	(13,19)
0.01459050261404913799792189947	(13,20)
0.01248689804094514092492437874	(13,21)
0.01040707893460907615210488698	(13,22)
0.00839901022511613263337194037	(13,23)
0.006511006016956944808598833	(13,24)
0.00479005117933167271817138629	(13,25)
0.00328013922470114009897583834	(13,26)
0.00202069460186596702488683553	(13,27)
0.00104514421713975652464109867	(13,28)
0.00037969694451507232176881308	(13,29)
0.0000423813658760039896071653	(13,30)
0.0328357398385518750463570653	(14,1)
0.03283450954991854954382193905	(14,2)
0.03282621327703122177613059564	(14,3)
0.03279949923372326689542851229	(14,4)
0.03273812415387301633940689218	(14,5)
0.03262185433225743767607946658	(14,6)
0.0324276017697516304425907546	(14,7)
0.03213074312721840516093959398	(14,8)
0.03170656049204160569343207809	(14,9)
0.03113173692987940077731193272	(14,10)
0.03038583672322536319544957955	(14,11)
0.02945270025424139035058353304	(14,12)
0.02832168670133413454765290193	(14,13)
0.026988703972574295388558824	(14,14)
0.02545697433645902978566643062	(14,15)
0.02373749563883409592080501124	(14,16)
0.02184917130261985537258201938	(14,17)
0.01981859688848081704254541399	(14,18)
0.01767950617992508764249910511	(14,19)
0.01547189484655948911943734673	(14,20)
0.01324085404296694594445692027	(14,21)
0.01103515916997109096213984424	(14,22)
0.00890566988787068432863592299	(14,23)
0.00690360585829106359536129554	(14,24)
0.00507876825584106007899018144	(14,25)
0.00347777962037576068840507563	(14,26)
0.00214241404132653911664200696	(14,27)
0.00110808603851160475009366959	(14,28)
0.00040256001650936021934264037	(14,29)
0.00004493312207026066839294856	(14,30)
0.03491496217365289063951740333	(15,1)
0.03491365325749491228369691892	(15,2)
0.03490482677272640757784274619	(15,3)
0.03487640546114533429435641837	(15,4)
0.03481110805753370624803171508	(15,5)
0.03468740810194155579386727658	(15,6)
0.03448074306374824317501727272	(15,7)
0.03416491817972787194816199481	(15,8)
0.03371364010126003362190882924	(15,9)
0.03310210896147592639771218482	(15,10)
0.03230859413537486854674122468	(15,11)
0.03131591896846629962273498271	(15,12)
0.03011278313940054218510692478	(15,13)
0.0286948579894898533141474774	(15,14)
0.0270655998277557875291097469	(15,15)
0.02523673848268495397404073318	(15,16)
0.02322841266483968807514787356	(15,17)
0.02106893936371187362184064196	(15,18)
0.01879422079125192066437849883	(15,19)
0.01644680853559377155226577117	(15,20)
0.01407465984592381273320804313	(15,21)
0.01172963463149955146875444837	(15,22)
0.0094657932139099451047483669	(15,23)
0.00733756363174074470633577836	(15,24)
0.00539785301138827550763352406	(15,25)
0.00369617998785644877051024575	(15,26)
0.00227690433676404699856929298	(15,27)
0.00117762595816204672945589315	(15,28)
0.00042781835757674614545746082	(15,29)
0.00004775213409537673642745849	(15,30)
0.03720900599199522293508908351	(16,1)
0.03720761004890820835271855806	(16,2)
0.03719819671278755187330707299	(16,3)
0.03716788576174175172733922816	(16,4)
0.0370982470869780870277707212	(16,5)
0.03696632351881319740350762309	(16,6)
0.0367459208656834980353881325	(16,7)
0.03640910592869849864872227785	(16,8)
0.03592784325630698518308127542	(16,9)
0.0352756943921093573633067622	(16,10)
0.03442949970889989620598633149	(16,11)
0.03337096284383954585277943057	(16,12)
0.03208806132627763492736696063	(16,13)
0.03057621412105334707190026845	(16,14)
0.02883914721617056984408227974	(16,15)
0.02688941160988605940913698277	(16,16)
0.02474852348735656366054724436	(16,17)
0.02244671328465442724481913811	(16,18)
0.02002228789863704590571114664	(16,19)
0.01752062766171026909922560455	(16,20)
0.01499285602659500257760968915	(16,21)
0.01249423443229604422833950634	(16,22)
0.01008234689510103260360792595	(16,23)
0.00781514797865017572099118962	(16,24)
0.00574895360023638212395199598	(16,25)
0.00393645645270087364574192656	(16,26)
0.00242484665424109614389887697	(16,27)
0.00125411372440331147923029098	(16,28)
0.0004555983951306517970231577	(16,29)
0.00005085247774999624755136699	(16,30)
0.03973102335910624319205587838	(17,1)
0.03972953138136557210608851461	(17,2)
0.03971947045253459388189739714	(17,3)
0.03968707428547961883681503677	(17,4)
0.03961264506896239892066905593	(17,5)
0.03947164702553660339114506185	(17,6)
0.03923608592334339857944411243	(17,7)
0.03887611130768898274394317837	(17,8)
0.03836176743256732512488917727	(17,9)
0.03766481124523775279633133133	(17,10)
0.03676051172628619203979848902	(17,11)
0.03562934469214320212284310133	(17,12)
0.03425850093654746259545231439	(17,13)
0.03264313323861535221887769247	(17,14)
0.03078727900867893453106212714	(17,15)
0.02870440968553802273814344549	(17,16)
0.02641757476210292977398534501	(17,17)
0.02395912667415990944259370388	(17,18)
0.02137003181569250088937480716	(17,19)
0.01869879168443328625164075805	(17,20)
0.01600001568233372727331544595	(17,21)
0.01333270255625710166291283951	(17,22)
0.01075830016376290705875956766	(17,23)
0.00833862266323622397752971437	(17,24)
0.00613371002786186136430536612	(17,25)
0.00419971683652632734967683323	(17,26)
0.00258691565181376213925493882	(17,27)
0.00133789516392526144734601518	(17,28)
0.00048602499462124733555824372	(17,29)
0.00005424804673688561128354161	(17,30)
0.0424940803997070095237737113	(18,1)
0.04249248275056406267731632525	(18,2)
0.04248170924621473105049550151	(18,3)
0.04244701863245415397369825674	(18,4)
0.0423673182526918290545822346	(18,5)
0.04221633555347153350564235087	(18,6)
0.04196409628069548387974685416	(18,7)
0.04157864175986189899507819624	(18,8)
0.04102790596863550125243684208	(18,9)
0.04028166476248590026310879751	(18,10)
0.03931346508847559359119423124	(18,11)
0.03810244166177896194564361121	(18,12)
0.03663493254475195628823710246	(18,13)
0.03490581330225731786272933257	(18,14)
0.03291948161289059469487830896	(18,15)
0.03069043985502968255177371914	(18,16)
0.02824344149866063324355763139	(18,17)
0.02561318717980984005753998809	(18,18)
0.02284357706042083147523761288	(18,19)
0.01998654639087982797152086553	(18,20)
0.01710053004622580705090397695	(18,21)
0.01424861826965035293539908506	(18,22)
0.01149647917640681571702990975	(18,23)
0.00891013321474729912759629068	(18,24)
0.00655367045000571314003653352	(18,25)
0.0044870031636464930030026999	(18,26)
0.00276374397369875532722868242	(18,27)
0.00142929378331140349423695222	(18,28)
0.00051921476714993887816204502	(18,29)
0.0000579518052033104507327652	(18,30)
0.04551063975980415195358593432	(19,1)
0.0455089261702695437309669143	(19,2)
0.04549737084450738307335188788	(19,3)
0.04546016283017629507293948006	(19,4)
0.04537467915999916310606391384	(19,5)
0.04521274202779102136059594406	(19,6)
0.04494220555176974397259416863	(19,7)
0.04452879975236805629763637817	(19,8)
0.04393814665923320769524087636	(19,9)
0.04313785426953497558204499539	(19,10)
0.04209958897630386230763566083	(19,11)
0.04080102649882877360809333562	(19,12)
0.03922758550675786459719360787	(19,13)
0.03737385701692580328826697487	(19,14)
0.0352446559562709203036799386	(19,15)
0.03285563843323170766387935978	(19,16)
0.030233448381345726197630287	(19,17)
0.02741537925282342159692077573	(19,18)
0.02444855912980146086103803435	(19,19)
0.02138868973040666797530582275	(19,20)
0.01829839012241485222735026615	(19,21)
0.01524521348296587104343035797	(19,22)
0.0122994191524484381229069283	(19,23)
0.00953159199232474389256568317	(19,24)
0.00701020642401379476755740809	(19,25)
0.0047992335197150439392823659	(19,26)
0.00295588638170606690581136517	(19,27)
0.00152859219778963275813852083	(19,28)
0.00055526931804236072948223845	(19,29)
0.00006197503390344245434302879	(19,30)
0.04879207668686700893786271564	(20,1)
0.04879023626909662769602564031	(20,2)
0.04877782570326744040564807155	(20,3)
0.0487378639028937418293318272	(20,4)
0.04864605398340705095352669283	(20,5)
0.04847213433674086285259601258	(20,6)
0.04818158451846678800818850959	(20,7)
0.04773760839962712667702797457	(20,8)
0.04710330314814202476448273088	(20,9)
0.04624391242029716790776638421	(20,10)
0.04512905633731853507244285389	(20,11)
0.04373482993228955149609169497	(20,12)
0.04204566610029416729065189905	(20,13)
0.0400558687054687992144726272	(20,14)
0.03777073609172550290786881241	(20,15)
0.03520721415337066230188537487	(20,16)
0.03239404035939061717669332709	(20,17)
0.02937136443537040743709277651	(20,18)
0.02618985636918310136910165072	(20,19)
0.02290933656030922112201752946	(20,20)
0.01959698490897735413973012963	(20,21)
0.01632520428075497787364777212	(20,22)
0.01316922822289377951586333245	(20,23)
0.01020457253411258523792039869	(20,24)
0.00750443513234304883408906095	(20,25)
0.00513714877179308330249064632	(20,26)
0.00316378692697324004411035241	(20,27)
0.00163601515094872765121543358	(20,28)
0.00059426907803125463424418859	(20,29)
0.00006632664165382944032801788	(20,30)
0.05234825804105833598811484445	(21,1)
0.05234627931650350481814692822	(21,2)
0.05233293610908381887320837124	(21,3)
0.0522899713177928037619476855	(21,4)
0.05219126276927709794872902193	(21,5)
0.05200427691191707301711435338	(21,6)
0.05169190504805733616738329159	(21,7)
0.05121459895984709532654232634	(21,8)
0.05053270755378181138788957834	(21,9)
0.04960890480054476652165653729	(21,10)
0.04841059258996043629734173086	(21,11)
0.04691216083299363390920768134	(21,12)
0.04509699166615673279757030655	(21,13)
0.04295910505839984378292529112	(21,14)
0.04050435919090554714445823493	(21,15)
0.03775113994424983248077259661	(21,16)
0.03473049854096298811630050628	(21,17)
0.03148572337983974041133691275	(21,18)
0.02807135968692229461031024744	(21,19)
0.0245517170847873243433070165	(21,20)
0.02099892896521512493721454998	(21,21)
0.01749064733828585092843648587	(21,22)
0.0141074717067192661567358757	(21,23)
0.01093021999721234309862590883	(21,24)
0.0080371536180082569948467022	(21,25)
0.00550126762020359901099178402	(21,26)
0.00338775130967763111516140345	(21,27)
0.00175171524014002225861093391	(21,28)
0.00063626812298333929967386846	(21,29)
0.00007101258744603379752207326	(21,30)
0.05618719571141935385865882573	(22,1)
0.05618506665163481912996890637	(22,2)
0.05617070969348160038578201943	(22,3)
0.05612448077409376835722028332	(22,4)
0.05601827383867515169862650038	(22,5)
0.05581708634675233713879903011	(22,6)
0.0554809977148164732152575383	(22,7)
0.05496747152329971223528269346	(22,8)
0.05423387555049164850697636825	(22,9)
0.05324010098232343508018023411	(22,10)
0.05195115446144193832944704506	(22,11)
0.05033959483714557662760674135	(22,12)
0.04838769115814095760088662518	(22,13)
0.04608918982144828558242651285	(22,14)
0.04345059656935516643791101536	(22,15)
0.04049190238874713506913163215	(22,16)
0.03724670997642433252196016752	(22,17)
0.03376174754257385425319411288	(22,18)
0.03009578734333084419971692074	(22,19)
0.02631801544151642956989001048	(22,20)
0.02250592495577942273881249065	(22,21)
0.01874282600711867899682869726	(22,22)
0.01511508074137310675725328666	(22,23)
0.01170918078012539699911792847	(22,24)
0.0086087873378442633198884627	(22,25)
0.00589185157967713745891879349	(22,26)
0.0036279254201751503188573663	(22,27)
0.00187576186507299576893306996	(22,28)
0.00068129017107954990667734541	(22,29)
0.00007603543435286750714316119	(22,30)
0.06031477330704513664479040945	(23,1)
0.06031248138525614967154485446	(23,2)
0.06029702620741059496277519961	(23,3)
0.06024726121118404016543659764	(23,4)
0.06013293133241432158045656598	(23,5)
0.05991635995912408199815135425	(23,6)
0.05955458206392754802425995776	(23,7)
0.05900182787906553895212545161	(23,8)
0.05821224296025050954290369416	(23,9)
0.05714271617346104644989052702	(23,10)
0.05575567821540579298321589853	(23,11)
0.05402173082332127414792948639	(23,12)
0.0519219716409890522414798619	(23,13)
0.04944989212286195230730356569	(23,14)
0.04661274561306214046403080612	(23,15)
0.04343230889698600111084828052	(23,16)
0.03994499151505179264780480415	(23,17)
0.03620128086525661798639281229	(23,18)
0.03226454522675836428589472101	(23,19)
0.02820924891379872975521262124	(23,20)
0.02411866167805159303194784192	(23,21)
0.02008216656882483025239932257	(23,22)
0.01619228572796649988097753947	(23,23)
0.0125415517249920263832588565	(23,24)
0.00921935335175330521543752042	(23,25)
0.00630888012258679734227958161	(23,26)
0.00388428021236436016224008978	(23,27)
0.00200813348046761045454550672	(23,28)
0.0007293257875191384251522493	(23,29)
0.00008139403862329356753341783	(23,30)
0.06473453804490230756775831034	(24,1)
0.06473207029688760411396482639	(24,2)
0.06471542948119932202804584876	(24,3)
0.06466184697085385374971971106	(24,4)
0.06453874783802751535363575201	(24,5)
0.06430556929871717034766102903	(24,6)
0.06391606158964678876125144994	(24,7)
0.063320968740605491600369642	(24,8)
0.06247096618860886841013739154	(24,9)
0.0613197160011695960239249201	(24,10)
0.05982689007012124418042323272	(24,11)
0.05796100836399843300028865945	(24,12)
0.0557019442351463975243499371	(24,13)
0.0530429623699143979604963398	(24,14)
0.04999217701178486399464873664	(24,15)
0.04657334751037016251152138542	(24,16)
0.04282596318485789328641692874	(24,17)
0.03880460743646237071822240572	(24,18)
0.034577629148532839684833939	(24,19)
0.03022518482352371451610673829	(24,20)
0.02583674512546752257264754479	(24,21)
0.02150818267265690605629165837	(24,22)
0.01733857302949241042863373863	(24,23)
0.01342684771539748532024583422	(24,24)
0.00986843729281248503210017085	(24,25)
0.00675203540749499855964908682	(24,26)
0.00415660255808878934937426732	(24,27)
0.00214871297264997832518519553	(24,28)
0.00078033073166840766298193789	(24,29)
0.0000870833667212143471480478	(24,30)
0.06944754730028620013442119675	(25,1)
0.06944489039365608801401526744	(25,2)
0.06942697404001637484932805591	(25,3)
0.06936928459501435162975435687	(25,4)
0.06923675160607279323099332722	(25,5)
0.06898570815574859854937278579	(25,6)
0.06856637306626420730413154667	(25,7)
0.06792574509323082029014800641	(25,8)
0.06701077644446431270251488305	(25,9)
0.06577167460605530973457109246	(25,10)
0.06416516928629004675414974742	(25,11)
0.06215757700263944788240351793	(25,12)
0.05972750080028443019844315664	(25,13)
0.05686801751279532688888770577	(25,14)
0.05358822966179637183373098104	(25,15)
0.0499140923119377746585920906	(25,16)
0.04588846472015960722870361979	(25,17)
0.04157037943045236332759381871	(25,18)
0.03703356413610593016779069224	(25,19)
0.03236429076342219740551686281	(25,20)
0.02765865890925278227467940821	(25,21)
0.02301944491747549728467195932	(25,22)
0.01855266248396497417737279761	(25,23)
0.01436398578742329682438624574	(25,24)
0.01055518273658684107382715819	(25,25)
0.00722069564766559649437406208	(25,26)
0.00444449150012312715595924008	(25,27)
0.00229728585864265268407640386	(25,28)
0.00083422533706266533068297997	(25,29)
0.00009309442807036135944013785	(25,30)
0.07445225969672682817829205549	(26,1)
0.07444940000814772145360363812	(26,2)
0.07443011625530402702166551131	(26,3)
0.07436802414960937425246915285	(26,4)
0.0742253782700007259417209907	(26,5)
0.07395518502974712559414474999	(26,6)
0.07350388026458143930244653041	(26,7)
0.07281445380870312058449263905	(26,8)
0.07182987804839707871786810123	(26,9)
0.07049667656500738054071413193	(26,10)
0.06876845471633837213440491831	(26,11)
0.06660920848413212578823934674	(26,12)
0.06399623288384103459471553651	(26,13)
0.06092246766012265942869006368	(26,14)
0.05739814573410183805718578373	(26,15)
0.05345164749680420400816248304	(26,16)
0.04912950888482146726467683096	(26,17)
0.04449557959153074340011575592	(26,18)
0.03962937562901609635926740242	(26,19)
0.03462371371541365617444042862	(26,20)
0.02958175022377354749018030748	(26,21)
0.0246135723882088540869249891	(26,22)
0.01983250314460598539576640133	(26,23)
0.01535128373401130424818275346	(26,24)
0.01127829147197977891452929344	(26,25)
0.00771393608569605402273823669	(26,26)
0.00474735926204360325701966982	(26,27)
0.00245354097374165919022020999	(26,28)
0.00089089480236252442289099511	(26,29)
0.00009941430986653064450638783	(26,30)
0.07974446245107015413357563744	(27,1)
0.07974138615134820185290433018	(27,2)
0.07972064175070801487044798554	(27,3)
0.07965384680108568469978693506	(27,4)
0.07950039881394191282002004563	(27,5)
0.07920975183675442475598166065	(27,6)
0.07872430388886336949903086467	(27,7)
0.07798276944785907306143145083	(27,8)
0.07692388287213716614562376044	(27,9)
0.075490254848378845314476878	(27,10)
0.07363218722853439577684193599	(27,11)
0.07131124460694340126208957848	(27,12)
0.06850338590492714907100649381	(27,13)
0.06520147736322845788922302351	(27,14)
0.06141703961299004461638752101	(27,15)
0.05718112423105112019181116706	(27,16)
0.05254426617310481105190965769	(27,17)
0.04757551332378351185958708868	(27,18)
0.04236058813421088416631208437	(27,19)
0.03699928412188869420467306896	(27,20)
0.03160223794083724362387412909	(27,21)
0.02628724325264667870926684936	(27,22)
0.02117528486750133122105721501	(27,23)
0.01638647132178203159665373159	(27,24)
0.01203603326303930690194904354	(27,25)
0.00823053659081458871172995756	(27,26)
0.00506443639953813600801552307	(27,27)
0.00261707332522407826811344872	(27,28)
0.00095019027511925663582104869	(27,29)
0.00010602630071020075723249968	(27,30)
0.08531722894744240950517259579	(28,1)
0.08531392209460879251552947736	(28,2)
0.08529162303799139494886299462	(28,3)
0.08521982262589828442487030691	(28,4)
0.08505487778033585310511095712	(28,5)
0.08474246286848490684160764219	(28,6)
0.08422068178372767290527808069	(28,7)
0.08342370635518477931792848321	(28,8)
0.08228577509000418354671837544	(28,9)
0.08074535909490886455178240451	(28,10)
0.07874928241990698940568063017	(28,11)
0.07625657527042612048810808309	(28,12)
0.07324184333525047176579443801	(28,13)
0.06969795654663187843747693661	(28,14)
0.06563789592385370232675175252	(28,15)
0.0610956457834027765775088516	(28,16)
0.05612607666027912940551703773	(28,17)
0.05080382646779011575918449624	(28,18)
0.04522124775320335319169759695	(28,19)
0.03948554167471151527016759271	(28,20)
0.03371523997070451324272378788	(28,21)
0.02803622194738543018574389118	(28,22)
0.02257746367919097937131936187	(28,23)
0.01746671245987066635588826816	(28,24)
0.01282626383888576168815533976	(28,25)
0.00876899498791355429161749922	(28,26)
0.00539478053027986036523079141	(28,27)
0.00278738881524945107656869781	(28,28)
0.0010119306190014237455650385	(28,29)
0.00011291009076984998417533769	(28,30)
0.09116090260710849033732223935	(29,1)
0.09115735124775057262949125184	(29,2)
0.09113340345073014109762736901	(29,3)
0.0910562947230521162105078312	(29,4)
0.09087915779245282287074296301	(29,5)
0.09054366008801625360910264907	(29,6)
0.08998335551131517743243542544	(29,7)
0.0891276071694680354005558291	(29,8)
0.08790590239980535123206761634	(29,9)
0.08625235040597805655330617824	(29,10)
0.08411012987510569553304291895	(29,11)
0.08143564304163600161669403769	(29,12)
0.07820213728023730617198113356	(29,13)
0.07440257757830805786663182355	(29,14)
0.07005159324643544804298735285	(29,15)
0.06518637764201279846884574928	(29,16)
0.05986648584789133893429216643	(29,17)
0.05417254576223983439380110991	(29,18)
0.04820396575735588964941216762	(29,19)
0.04207578020664306533052853888	(29,20)
0.0359148175162363228312361391	(29,21)
0.02985540085475466987612830817	(29,22)
0.0240347991313033565444762074	(29,23)
0.01858863685430216161273767212	(29,24)
0.01364644997912837913771977454	(29,25)
0.00932754530918269299775846278	(29,26)
0.00573728812615698420101848315	(29,27)
0.00296391055869089161363814249	(29,28)
0.00107590476301326173455943006	(29,29)
0.00012004203704552559558172612	(29,30)
0.09726310478631830816591397417	(30,1)
0.09725929506538865914432461442	(30,2)
0.09723360510779002400038192399	(30,3)
0.09715088736141393370644506174	(30,4)
0.09696086812292517564522511456	(30,5)
0.09660098249193222559474140045	(30,6)
0.09599998102659541726142355044	(30,7)
0.09508215547506407985086137913	(30,8)
0.09377199143268680901194738695	(30,9)
0.09199902037139965546653016163	(30,10)
0.08970261667337319820969869272	(30,11)
0.08683647193082956104596328894	(30,12)
0.08337248313392443866164341933	(30,13)
0.07930381613654600196369050416	(30,14)
0.07464695115527448477423279784	(30,15)
0.06944258024970528602974141558	(30,16)
0.0637553021419872917241429778	(30,17)
0.05767213965548765320943668848	(30,18)
0.05129998093399832567009873029	(30,19)
0.04476210950500189544898000009	(30,20)
0.03819403418272996362180421733	(30,21)
0.03173885462381992861380656996	(30,22)
0.02554240203050040397719051899	(30,23)
0.01974837980677737902675255347	(30,24)
0.01449370064470513782510081658	(30,25)
0.00990418021021569960506276316	(30,26)
0.00609070888035898076965587039	(30,27)
0.0031459865354333057721352429	(30,28)
0.00114187453599794104742727466	(30,29)
0.00012739548281987500542666719	(30,30)
0.1036087656086822052448975011	(31,1)
0.10360468388791000747717472412	(31,2)
0.10357715981229345624957972936	(31,3)
0.10348853706516875594069479031	(31,4)
0.10328495620629959341653975407	(31,5)
0.10289939842677051220178585022	(31,6)
0.10225556232169338603672305079	(31,7)
0.10127241143875821209026484974	(31,8)
0.09986918616000426914156024309	(31,9)
0.09797063308506862428874950576	(31,10)
0.095512173838131608034498998	(31,11)
0.09244471899194510367369373589	(31,12)
0.08873883683246582676294209828	(31,13)
0.0843880142965743956733514599	(31,14)
0.07941079890407287864491022284	(31,15)
0.07385168257112445803209945429	(31,16)
0.06778067408804761314272484902	(31,17)
0.06129159752674306149103838388	(31,18)
0.05449923873707327693875735322	(31,19)
0.04753553210442276424890968389	(31,20)
0.04054502808044568858473629617	(31,21)
0.03367990541229457977523311195	(31,22)
0.02709479101643406235987157409	(31,23)
0.0209416288720209038353635596	(31,24)
0.01536480313862172474542548828	(31,25)
0.01049667681282640438009402443	(31,26)
0.00645366217284985969344642986	(31,27)
0.00333289832183366392432668311	(31,28)
0.00120957789146763706878019386	(31,29)
0.00013494112057236057837998288	(31,30)
0.11018017736590696685610284674	(32,1)
0.11017581035075198517615256431	(32,2)
0.11014636251848055131914541721	(32,3)
0.11005154626582423416324040558	(32,4)
0.10983374171482956768537688456	(32,5)
0.10942126046162772397387045874	(32,6)
0.10873250761216866502810759024	(32,7)
0.10768086996120082336780015354	(32,8)
0.10618010876392826905846047032	(32,9)
0.10414998953395020091800444645	(32,10)
0.10152184500685379798501459203	(32,11)
0.0982437478973470143649011426	(32,12)
0.09428497370672253104661166204	(32,13)
0.08963946467303378611719828432	(32,14)
0.08432806441795888260576452216	(32,15)
0.07839937498685114123403246006	(32,16)
0.07192918570538258654778827599	(32,17)
0.06501852553879669105942988876	(32,18)
0.05779048538951421621552846099	(32,19)
0.05038603318979774687948818542	(32,20)
0.0429590951014879867574399005	(32,21)
0.03567119735035025141450227142	(32,22)
0.02868595647169012676848704243	(32,23)
0.02216367609199506855183453344	(32,24)
0.016256263281939380311211428	(32,25)
0.0111026252365875714669263002	(32,26)
0.00682465515741762314636327348	(32,27)
0.00352387064585095765454023978	(32,28)
0.00127873242774467671835493483	(32,29)
0.00014264738762698174587236497	(32,30)
0.11695707048708747302259457402	(33,1)
0.11695240536193262161240922179	(33,2)
0.11692094736476922927159078301	(33,3)
0.116819659513770340892882351	(33,4)
0.11658699317836180314918051967	(33,5)
0.11614638277481670673760681205	(33,6)
0.11541070798498022257819285754	(33,7)
0.11428754120481287971349197374	(33,8)
0.1126849427520963548383934731	(33,9)
0.11051751403224575341126716137	(33,10)
0.10771237685610854160558485931	(33,11)
0.10421472385691297189200130711	(33,12)
0.09999258811477893893826654636	(33,13)
0.09504051459220300845629748962	(33,14)
0.08938188235313837803945837638	(33,15)
0.08306972006552716208469472724	(33,16)
0.07618596828538881266193005212	(33,17)
0.06883925733865313701604489776	(33,18)
0.0611613750600740569492944278	(33,19)
0.05330268170540654303455219376	(33,20)
0.04542678151451756252836137089	(33,21)
0.03770477849181372214855116301	(33,22)
0.03030943021853866118694696037	(33,23)
0.02340947450396388352619704917	(33,24)
0.01716434857656319635694094877	(33,25)
0.01171945907334260672667370594	(33,26)
0.00720210198981561877860236367	(33,27)
0.00371808150897571319816456666	(33,28)
0.0013490391080410268909899092	(33,29)
0.00015048088377258786646886116	(33,30)
0.12391671217519591679745176942	(34,1)
0.12391173674618589650433383222	(34,2)
0.12387818636942223233728224134	(34,3)
0.12377016233954237149379305554	(34,4)
0.12352202722410950712012640109	(34,5)
0.12305214110327820277638634511	(34,6)
0.1222676385118829092285098374	(34,7)
0.12107005343395410946571776163	(34,8)
0.11936153815661026213836113891	(34,9)
0.11705136241473146912513635582	(34,10)
0.11406233083741018907839797546	(34,11)
0.11033672924815939936975691389	(34,12)
0.1058414130064380107909150668	(34,13)
0.10057168921430527650626759027	(34,14)
0.09455371990781872951249545151	(34,15)
0.0878452796722798240779683381	(34,16)
0.08053482691478333550709608255	(34,17)
0.07273897771620888569087993239	(34,18)
0.06459858813577051599928065364	(34,19)
0.0562737406759808810316084645	(34,20)
0.04793798394651184235000054889	(34,21)
0.03977218846224701527793558699	(34,22)
0.03195835941930700933004214063	(34,23)
0.02467369759693803266927268166	(34,24)
0.01808513331564459085858187431	(34,25)
0.01234448705562999777357576417	(34,26)
0.00758434371679545168277064241	(34,27)
0.00391467261924469806768171883	(34,28)
0.00142018608578728636582273026	(34,29)
0.00015840680018661712022510779	(34,30)
0.13103402772252975954222974694	(35,1)
0.13102873056714432518137927324	(35,2)
0.13099301079811331401040968505	(35,3)
0.13087800276716299293254469495	(35,4)
0.13061383042283510717059583056	(35,5)
0.13011359521138028378053072843	(35,6)
0.12927848173537422202777921118	(35,7)
0.12800377799982987002383282562	(35,8)
0.12618553854537745483987315533	(35,9)
0.12372755157985257675071865388	(35,10)
0.12054821564343272930481280173	(35,11)
0.11658689917489008291976890701	(35,12)
0.11180935841041984597242865837	(35,13)
0.10621183235559751133417431474	(35,14)
0.09982351889305471341882015964	(35,15)
0.09270725669815324109447875006	(35,16)
0.08495837982021505515911950206	(35,17)
0.07670185718253582752935453186	(35,18)
0.06808795848493619334951540538	(35,19)
0.05928678464593956013580722328	(35,20)
0.0504820547495286005120813796	(35,21)
0.04186454996902807336703495694	(35,22)
0.03362558307569295978446277491	(35,23)
0.02595080038655137636676767019	(35,24)
0.01901454460832941920019277542	(35,25)
0.01297492518008670710650118548	(35,26)
0.0079696683554183539974104044	(35,27)
0.00411275988599799148486502755	(35,28)
0.0014918525431997846106029874	(35,29)
0.0001663893493128965228627709	(35,30)
0.13828174431087524902388666661	(36,1)
0.13827611493298967685021970111	(36,2)
0.1382381550065484435628653106	(36,3)
0.13811593527543420311665887817	(36,4)
0.13783520352062424258325136705	(36,5)
0.13730363362685551523843591276	(36,6)
0.13641627322296667065200437463	(36,7)
0.13506197608779126584453334455	(36,8)
0.13313052935458263755008822087	(36,9)
0.13052010974904313532810091728	(36,10)
0.12714463959541263916154999984	(36,11)
0.1229405759399412654399622271	(36,12)
0.11787266760282778957751908816	(36,13)
0.11193826353207389319815587709	(36,14)
0.10516985235457107129139192764	(36,15)
0.09763564949488813635115286429	(36,16)
0.08943820845462028353746478258	(36,17)
0.08071119528385346892751136534	(36,18)
0.0716146074952254087231279811	(36,19)
0.06232882206872532023995878359	(36,20)
0.05304791071070002517987830998	(36,21)
0.04397266232851449606115083384	(36,22)
0.03530370953465283683029282581	(36,23)
0.02723508080442793171173732655	(36,24)
0.01994840831666961892046666669	(36,25)
0.01360792857582365604066776337	(36,26)
0.00835633071396651205320997562	(36,27)
0.00431144374008657698271709058	(36,28)
0.00156371245624850605502886551	(36,29)
0.00017439218594648498420530695	(36,30)
0.14563055682672916454791458703	(37,1)
0.14562458581557429169414234894	(37,2)
0.14558432228585126806270852915	(37,3)
0.14545468672751436474810527143	(37,4)
0.14515692755970284257759815663	(37,5)
0.14459314011556702769838894453	(37,6)
0.14365206860906688309912217972	(37,7)
0.14221596656779384024691271873	(37,8)
0.14016820677417311583919302307	(37,9)
0.13740124653281892080504858592	(37,10)
0.13382448186952923999301841148	(37,11)
0.12937148115055277663821851058	(37,12)
0.12400608945886165125384949726	(37,13)
0.11772694950626411662156077989	(37,14)
0.11057009381922871933979929004	(37,15)
0.1026094169119693634565020186	(37,16)
0.09395501609455694697202122462	(37,17)
0.08474957035700378434850400968	(37,18)
0.07516308260336337111506888192	(37,19)
0.06538642045176315010232930465	(37,20)
0.05562414307335852020686812186	(37,21)
0.04608709520301443255702535976	(37,22)
0.03698519346397388976078939681	(37,23)
0.0285207401606683012653271496	(37,24)
0.02088249396237388681091881808	(37,25)
0.01424062245740015973189915247	(37,26)
0.00874257154092696327885825074	(37,27)
0.00450981906329105641173653015	(37,28)
0.00163543820694380364029702725	(37,29)
0.00018237881067099118560372766	(37,30)
0.15304931491273671024884187858	(38,1)
0.15304299410383920336539355645	(38,2)
0.15300037192930316350476643273	(38,3)
0.15286314348018287730257397279	(38,4)
0.1525479510832540334806709693	(38,5)
0.1519511810591644202127500403	(38,6)
0.15095513123766073942532603814	(38,7)
0.14943531398530905638770799555	(38,8)
0.14726856611899590280834229543	(38,9)
0.1443415416015511936170794241	(38,10)
0.14055908119738473021044599244	(38,11)
0.13585190390671060002470652165	(38,12)
0.13018306524171128016573188808	(38,13)
0.12355268839726173112647456977	(38,14)
0.11600059705209049931466805452	(38,15)
0.10760665168525422537659506278	(38,16)
0.09848879261523265048067250414	(38,17)
0.08879899337726063803617306263	(38,18)
0.07871749802507236796467666887	(38,19)
0.06844583209619414458216007952	(38,20)
0.05819912690463891285511941831	(38,21)
0.04819828083065926341676377174	(38,22)
0.03866241086167852236271195498	(38,23)
0.02980194153775315366568274415	(38,24)
0.02181255774914463329510616424	(38,25)
0.01487013157138152330945829669	(38,26)
0.00912663563596173438130058703	(38,27)
0.00470698453715478445352439519	(38,28)
0.00170670397394093134132440335	(38,29)
0.00019031294794595320084580656	(38,30)
0.1605052301582145255115402604	(39,1)
0.16049855279408736128572786586	(39,2)
0.16045352642090229200420202641	(39,3)
0.16030855856652775404815359041	(39,4)
0.15997559730258595646309493204	(39,5)
0.15934521258512606765261256141	(39,6)
0.15829313920793620471577982029	(39,7)
0.15668803542446097251846920378	(39,8)
0.15440010832103044667533184234	(39,9)
0.15131015047362381351267543879	(39,10)
0.14731844040714221068109433351	(39,11)
0.14235290327654221289663507459	(39,12)
0.13637592786509688481428688708	(39,13)
0.12938930423236669845861138256	(39,14)
0.12143688407064764358756212855	(39,15)
0.11260475983488636130806386936	(39,16)
0.10301898306930281209232678569	(39,17)
0.09284106355963953831378561299	(39,18)
0.08226167545114462656844339261	(39,19)
0.07149311836766338032016913792	(39,20)
0.06076112797072344897264948149	(39,21)
0.05029660317275940564508043505	(39,22)
0.04032773080692998964974841058	(39,23)
0.03107286510717254782697948721	(39,24)
0.02273438295891675436747118994	(39,25)
0.01549360763141055578165370808	(39,26)
0.00950678861427035812120992411	(39,27)
0.00490205125298541198962397306	(39,28)
0.00177718884437146803085510591	(39,29)
0.0001981588924965119892539038	(39,30)
0.16796410202083745500505385766	(40,1)
0.1679570629089132553066541137	(40,2)
0.16790959733567396310750491177	(40,3)
0.16775677753598435618038784201	(40,4)
0.16740578979686628504923181791	(40,5)
0.16674130599373789555553442957	(40,6)
0.1656324103254185666357429362	(40,7)
0.16394082468398282638943660723	(40,8)
0.16153006289923440336808451372	(40,9)
0.15827502567181705693829102773	(40,10)
0.15407144493283843709315612671	(40,11)
0.1488445230531640213969639927	(40,12)
0.14255611149259331387944690044	(40,13)
0.13520984968860926502149799065	(40,14)
0.12685383908176441913296852606	(40,15)
0.11758064370227224577873992651	(40,16)
0.107524657721714249263313957	(40,17)
0.09685712345258994483317508644	(40,18)
0.08577928259828655570075730573	(40,19)
0.07451427059176551527912591559	(40,20)
0.06329840545982630619333411954	(40,21)
0.05237248258929101747964649193	(40,22)
0.04197358283910243252787116611	(40,23)
0.03232775951971161924283174279	(40,24)
0.02364381711154863992656454619	(40,25)
0.01610825433474017754545733797	(40,26)
0.00988133208024158047728820492	(40,27)
0.00509415045975151178753426124	(40,28)
0.00184657960291098088739557952	(40,29)
0.00020588181914197603458677402	(40,30)
0.17539056077919975947815346613	(41,1)
0.1753831564442674008277999661	(41,2)
0.17533322824964603705137657815	(41,3)
0.17517248124461530372745893947	(41,4)
0.17480329502685631361300494897	(41,5)
0.17410438974205949426078964441	(41,6)
0.17293814318388143082208149347	(41,7)
0.17115929194032936227360522984	(41,8)
0.16862462551317480782107708553	(41,9)
0.16520315127015267038858401024	(41,10)
0.16078609321915305336385394012	(41,11)
0.15529601662266601104674499151	(41,12)
0.14869436921482761875983994311	(41,13)
0.14098681469945410957667698204	(41,14)
0.13222590598778383859587024546	(41,15)
0.12251088629280382643892546827	(41,16)
0.11198468128451732456338553771	(41,17)
0.10082841140411228203749888644	(41,18)
0.08925396768487138304639167449	(41,19)
0.07749532587715100815490365417	(41,20)
0.06579930911571378833434040327	(41,21)
0.05441645487401873068622040327	(41,22)
0.04359251905667730929952538662	(41,23)
0.03356098869809245092421325739	(41,24)
0.0245368054204555471127553667	(41,25)
0.01671134965806586571004031002	(41,26)
0.01024861703436812336573420502	(41,27)
0.00528244036314913624951087652	(41,28)
0.00191457316769226897248691278	(41,29)
0.00021344805273579244682606877	(41,30)
0.18274832554906575225236752725	(42,1)
0.18274055437729449820117820196	(42,2)
0.18268815269094143806083307496	(42,3)
0.18251944362327694787320356703	(42,4)
0.18213197968162866964768611702	(42,5)
0.18139850598777459542421128418	(42,6)
0.18017467235498337282430076041	(42,7)
0.17830821683745645060705129777	(42,8)
0.17564920799100388738538718126	(42,9)
0.17206078866368480494658192217	(42,10)
0.16742973679232189083767627965	(42,11)
0.16167607965694327004704107374	(42,12)
0.15476099647724745046757170366	(42,13)
0.14669233858679646458511539534	(42,14)
0.13752728714958849944788724479	(42,15)
0.12737193468905595993683475662	(42,16)
0.11637787924663995611153588369	(42,17)
0.10473620947673679092810668749	(42,18)
0.09266948813208821219643574777	(42,19)
0.08042247641951379912858104437	(42,20)
0.06825236959924494953669684766	(42,21)
0.05641924372486209120703580549	(42,22)
0.04517727024802704340302459253	(42,23)
0.03476707354748351337257251955	(42,24)
0.02540942022407204794472562096	(42,25)
0.01730026523699672888932021888	(42,26)
0.01060705540567436724860878737	(42,27)
0.00546611192543198003520406358	(42,28)
0.00198087865610531225846367028	(42,29)
0.00022082529640169602541794916	(42,30)
0.19000047515917085433171646311	(43,1)
0.18999233753069584895647679516	(43,2)
0.18993746492699500370585821696	(43,3)
0.18976080221629996642021010536	(43,4)
0.18935508064550937365684963154	(43,5)
0.18858707947026708029137625046	(43,6)
0.18730573544731428531082597943	(43,7)
0.18535181274311889598537350687	(43,8)
0.18256869854470812551553954726	(43,9)
0.178813731245398922073924675	(43,10)
0.17396932765656406087183835254	(43,11)
0.16795308827825924329179031314	(43,12)
0.1607260579153007013850553073	(43,13)
0.15229842341800845125234084364	(43,14)
0.14273214119123172868672611052	(43,15)
0.13214028045123025208927796954	(43,16)
0.12068319939490531791022491961	(43,17)
0.1085619851284524946865257652	(43,18)
0.09600983205790101725348683694	(43,19)
0.08328217111781324522434788878	(43,20)
0.07064638116927176475920729998	(43,21)
0.05837182598042310120728910944	(43,22)
0.0467207955912871414343290503	(43,23)
0.03594072828638118773179940998	(43,24)
0.02625788621802451158929939848	(43,25)
0.01787248273674599953327093031	(43,26)
0.01095512966731291168983752362	(43,27)
0.00564439365007802470179837122	(43,28)
0.00204521907619892853388570418	(43,29)
0.00022798281767334973708584883	(43,30)
0.19710972947819793326851427851	(44,1)
0.1971012278852043389984482816	(44,2)
0.19704390117923753934707121671	(44,3)
0.19685933908124918244790179498	(44,4)
0.19643548517409475038718067271	(44,5)
0.19563319631479913378903859396	(44,6)
0.19429474961654990096347483122	(44,7)
0.19225399974886860606487035103	(44,8)
0.18934772974715027321846765366	(44,9)
0.18542756556790994873989948386	(44,10)
0.18037167060869932499226846702	(44,11)
0.17409534032274226183089745695	(44,12)
0.16655961528690444542065752509	(44,13)
0.15777714637678038055791682153	(44,14)
0.14781477777557471573882377374	(44,15)
0.13679263511823823449974559191	(44,16)
0.12487986686292741077359102701	(44,17)
0.11228752524909936411622723744	(44,18)
0.09925933142149165733309919825	(44,19)
0.08606120862680379768376054721	(44,20)
0.07297047605453099512067184514	(44,21)
0.06026548920858620421944016579	(44,22)
0.04821632568053503832550524534	(44,23)
0.0370768912795930643961178666	(44,24)
0.02707860144950719450850594868	(44,25)
0.01842560721747191759872507743	(44,26)
0.01129140055297301630183772093	(44,27)
0.00581655536669132554988802612	(44,28)
0.0021073326508400035525176724	(44,29)
0.00023489159342474670257410392	(44,30)
0.20403873861470401693050947788	(45,1)
0.20402987776199049503866827355	(45,2)
0.20397012868735923168679438198	(45,3)
0.20377776947283075407984296805	(45,4)
0.20333601870466784919955279415	(45,5)
0.20249989018961859488974051766	(45,6)
0.2011050949647174424804475686	(45,7)
0.19897868386578751642416519913	(45,8)
0.19595095174607860996486515573	(45,9)
0.19186793650194576012199186504	(45,10)
0.18660367803928772190455864063	(45,11)
0.18007129735374962791150379206	(45,12)
0.17223195426861529836652958861	(45,13)
0.16310086906761387947415364348	(45,14)
0.15274984746413852417811280876	(45,15)
0.14130609915328617207482603804	(45,16)
0.12894753131185122028373178828	(45,17)
0.11589506143299526899553463182	(45,18)
0.10240276597627421469782169225	(45,19)
0.08874682126448403519337818832	(45,20)
0.07521419016313605811119959986	(45,21)
0.06209188147751679761180961783	(45,22)
0.04965739884191132914298031479	(45,23)
0.03817075041991850314835223234	(45,24)
0.02786815415879805131017832791	(45,25)
0.01895737758295549301419560267	(45,26)
0.01161451294439510846396601544	(45,27)
0.00598191105874651889389214641	(45,28)
0.00216697379165189162886018408	(45,29)
0.00024152441557830822800179466	(45,30)
0.21075037727724202886041762224	(46,1)
0.21074116416237146281548117096	(46,2)
0.21067903991138268559027306688	(46,3)
0.21047903560194875765453788289	(46,4)
0.21001973759842846375980237173	(46,5)
0.20915043312572274922211323785	(46,6)
0.20770040215934540455275107362	(46,7)
0.20549003977999440966945881555	(46,8)
0.20234330812886185828383049564	(46,9)
0.198100813876516089367124066	(46,10)
0.19263262480321723906905072729	(46,11)
0.18584982513828130458732953582	(46,12)
0.17771380799538947726663446085	(46,13)
0.16824244183879788474749918954	(46,14)
0.1575125249872229630635388986	(46,15)
0.14565832293089796124162392545	(46,16)
0.1328664051290377786882808887	(46,17)
0.11936738566610057267935376741	(46,18)
0.10542545748780858590931260491	(46,19)
0.09132674947793955132658591183	(46,20)
0.07736752003576988500171804826	(46,21)
0.06384305336470697359901311392	(46,22)
0.05103789088941110013854419975	(46,23)
0.03921776325063837733794336687	(46,24)
0.02862333565967264427111212129	(46,25)
0.01946567427376877337156918737	(46,26)
0.01192320004435144253259387798	(46,27)
0.00613982079927498600881176493	(46,28)
0.00222391374783805453582634634	(46,29)
0.0002478559604746886527271961	(46,30)
0.2172080414831353715771000778	(47,1)
0.21719848545349299118021803942	(47,2)
0.21713404906164735758847548214	(47,3)
0.2169266026646272316599336427	(47,4)
0.21645022401987840000277242955	(47,5)
0.21554862822484049345584857754	(47,6)
0.21404484153209751203703809864	(47,7)
0.2117527944801235014215092167	(47,8)
0.20849031182640446150761650617	(47,9)
0.20409275809432070575202693776	(47,10)
0.19842640079202456455941242148	(47,11)
0.19140043039473837009571637819	(47,12)
0.18297657536701761782462907386	(47,13)
0.17317540139877451101629401309	(47,14)
0.16207868448214731964184174475	(47,15)
0.14982765862688384819734990753	(47,16)
0.13661739181611502141854728476	(47,17)
0.12268795589828334624355182661	(47,18)
0.10831335395812013520417524942	(47,19)
0.09378930683651617094184320788	(47,20)
0.07942097118448848604790785891	(47,21)
0.0655114924594457258205597715	(47,22)
0.0523520386310175294493364775	(47,23)
0.04021367214377170784096272043	(47,24)
0.02934114953857386687308607222	(47,25)
0.01994852442456097382139075145	(47,26)
0.01221628598432404570487188676	(47,27)
0.00628969187710693671641653298	(47,28)
0.00227794096122100417031968795	(47,29)
0.00025386282547479554435041487	(47,30)
0.22337594474136697916602125163	(48,1)
0.22336605752574191390400976938	(48,2)
0.22329938808445806668470455074	(48,3)
0.22308475427497521049376877176	(48,4)
0.22259188010230222086336256587	(48,5)
0.22165910143254476980687486003	(48,6)
0.22010341088054163302365594776	(48,7)
0.21773250905183651058596168312	(48,8)
0.21435831845321328520758442425	(48,9)
0.2098111822569778662642494779	(48,10)
0.20395375891971652890134735624	(48,11)
0.19669349174224861942395760748	(48,12)
0.18799253230975198801037575915	(48,13)
0.17787416020717869988154424117	(48,14)
0.16642506549838941359631634301	(48,15)
0.1537933021383713243297710728	(48,16)
0.14018220401577284924823277879	(48,17)
0.12584099124816225067294917871	(48,18)
0.1110531038609702984457524814	(48,19)
0.09612343575963614851570120887	(48,20)
0.08136559816510036115938004347	(48,21)
0.06709015078379682669090264061	(48,22)
0.05359445756870798275324576263	(48,23)
0.04115451494750511026721376963	(48,24)
0.03001881752091858823077737411	(48,25)
0.0204041047492590287558975458	(48,26)
0.01249268704174436641090169995	(48,27)
0.00643097920886274253270607553	(48,28)
0.00232886116322033001823411951	(48,29)
0.00025952353684472580044087582	(48,30)
0.22921941080757958126045157941	(49,1)
0.229209206520261130704424556	(49,2)
0.22914039920429975846989149525	(49,3)
0.2289188844112401525666098094	(49,4)
0.22841021852707485533432652583	(49,5)
0.22744758953953687446271322366	(49,6)
0.22584221919482323737003048362	(49,7)
0.22339585595022409523320778473	(49,8)
0.21991479452031099223872811843	(49,9)
0.21522460840439509425149995115	(49,10)
0.20918455633859370315776404968	(49,11)
0.20170048292435895643281451111	(49,12)
0.19273503436190002839221531357	(49,13)
0.18231418633604584978874429373	(49,14)
0.1705294288092596310343159011	(49,15)
0.15753542441823552080342574208	(49,16)
0.14354347088813883852806969116	(49,17)
0.12881155684124839967791212686	(49,18)
0.11363212062644235737144053746	(49,19)
0.09831875439230424025987779694	(49,20)
0.08319303690343818456431508331	(49,21)
0.06857246569439969343204524246	(49,22)
0.0547601543394261196766148294	(49,23)
0.04203663158994115704520794661	(49,24)
0.03065378240209371450092627869	(49,25)
0.02083074244828259164617399392	(49,26)
0.01275141165847617555418667861	(49,27)
0.00656318513980949366993577149	(49,28)
0.00237649725217415652922157235	(49,29)
0.00026481853326215807181947933	(49,30)
0.23470516011671941216416126589	(50,1)
0.23469465523254699893478933189	(50,2)
0.23462382113161657378688096062	(50,3)
0.23439578299365783712791903391	(50,4)
0.23387214665776412585327626114	(50,5)
0.23288122159405397754002314268	(50,6)
0.23122876356178958629235961302	(50,7)
0.22871088910766667627481752202	(50,8)
0.22512857802581194625756955617	(50,9)
0.22030291556726485350300948451	(50,10)
0.21408998682666124627336888654	(50,11)
0.20639418653708722580677902556	(50,12)
0.19717870914017711018187279476	(50,13)
0.18647217271089075273667728268	(50,14)
0.17437070130232669106779831185	(50,15)
0.16103529184898033553471404445	(50,16)
0.14668483478502059720909740315	(50,17)
0.13158563850524139253794313116	(50,18)
0.11603863781276538857268555423	(50,19)
0.10036559521095158115015424905	(50,20)
0.08489552993250361601584973698	(50,21)
0.06995237493147963380402002428	(50,22)
0.05584453451865949382934399613	(50,23)
0.04285666717620565529139337575	(50,24)
0.03124370847159802721773682564	(50,25)
0.02122691444932991052264134838	(50,26)
0.01299155946099471203513520501	(50,27)
0.00668585874042074663151908362	(50,28)
0.00242068899055552307805721957	(50,29)
0.00026973012939909003270895883	(50,30)
0.23980158704060295229510274446	(51,1)
0.23979080033991924043677861312	(51,2)
0.23971806608738684132617539535	(51,3)
0.23948391225639921212986113354	(51,4)
0.23894624141668504120102872937	(51,5)
0.23792879096080896715277910465	(51,6)
0.23623219656092755828222264916	(51,7)
0.23364730431018249767204984362	(51,8)
0.22997012902158164549648916697	(51,9)
0.22501757744745168641588666152	(51,10)
0.2186428024288843955910420809	(51,11)
0.21074889665743343788135329482	(51,12)
0.20129963743290892244914144497	(51,13)
0.19032619484859846310238021111	(51,14)
0.17792910943806582373622511076	(51,15)
0.16427537549868052904368380311	(51,16)
0.14959103737795498418518896811	(51,17)
0.13415020773480619790994008091	(51,18)
0.11826175556550158436942476712	(51,19)
0.10225503607412764941734261862	(51,20)
0.08646594529818082734422148699	(51,21)
0.07122432655315213390529176483	(51,22)
0.05684340645525665053430932707	(51,23)
0.04361157214375894586170306154	(51,24)
0.03178647987313452663388121736	(51,25)
0.02159124529932258564331080078	(51,26)
0.01321231948444340949606222207	(51,27)
0.00679859470556708616606677311	(51,28)
0.00246129256146750800525363013	(51,29)
0.00027424246400574374745244092	(51,30)
0.2444790251926033316316257992	(52,1)
0.24446797767562140393479254221	(52,2)
0.24439348487103638736129997551	(52,3)
0.24415367115232520428838550727	(52,4)
0.24360301217047579738375738999	(52,5)
0.24256101534543436239016369092	(52,6)
0.24082358155754564913451862338	(52,7)
0.23817668737720676839175289626	(52,8)
0.23441176787056140438582831415	(52,9)
0.22934188767426089383651285223	(52,10)
0.22281752258632957818574381067	(52,11)
0.2147406089382699700742343157	(52,12)
0.20507552185101945080900990371	(52,13)
0.19385585640339317002756347017	(52,14)
0.18118630096238701995248370363	(52,15)
0.16723944929089636450227878747	(52,16)
0.15224799556979302877886126104	(52,17)
0.13649327748920782272379561177	(52,18)
0.12029147908773369981002150923	(52,19)
0.10397892452669680674905751359	(52,20)
0.08789778995712926797088342698	(52,21)
0.07238328453436831455547212238	(52,22)
0.05775298182789902137853397696	(52,23)
0.04429860004884547802536307048	(52,24)
0.03228019734336285569562408516	(52,25)
0.02192250402136258195809401408	(52,26)
0.01341296779856141375647628623	(52,27)
0.00690103196034558537715185361	(52,28)
0.00249818002255451783601822395	(52,29)
0.00027834143677087360227655416	(52,30)
0.2487099981084440498033277169	(53,1)
0.24869871287913786309012591336	(53,2)
0.24862261730530911026999935223	(53,3)
0.24837764513713387878986705688	(53,4)
0.2478151490009480835439348685	(53,5)
0.24675078221643116263650466402	(53,6)
0.24497613341701789237311539019	(53,7)
0.24227274780577328163802034791	(53,8)
0.23842789904518141789434528907	(53,9)
0.23325117073176593720967154719	(53,10)
0.22659062914605149400429592288	(53,11)
0.21834719690449139547471702043	(53,12)
0.20848584214328694154285444638	(53,13)
0.19704242200876276526021963594	(53,14)
0.18412545472944760536003442059	(53,15)
0.16991267727795399462913184537	(53,16)
0.15464286765703362116271794814	(53,17)
0.13860394949867443771846846579	(53,18)
0.12211874992989268657534768611	(53,19)
0.10552989622397439938475077744	(53,20)
0.08918521852381197358859705136	(53,21)
0.07342473082342832864803740866	(53,22)
0.05856987361311417097269135738	(53,23)
0.04491530354811494238783240056	(53,24)
0.03272317375978843220243778922	(53,25)
0.02221960023880159322480711007	(53,26)
0.01359286472452793884346438665	(53,27)
0.00699285207125655816625427262	(53,28)
0.00253123869337771769755391448	(53,29)
0.00028201463799129722852208251	(53,30)
0.25246945276920371274228552995	(54,1)
0.25245795488945069835514706216	(54,2)
0.2523804255289946647490604819	(54,3)
0.25213083881722435522767804225	(54,4)
0.25155775387624162823021658555	(54,5)
0.25047337719729975681049214617	(54,6)
0.2486654423075665236103276328	(54,7)
0.24591153568784281701135394241	(54,8)
0.24199521847004696877749775344	(54,9)
0.23672297681033367993339297011	(54,10)
0.22994074580686148047608073531	(54,11)
0.22154857334956470866789312406	(54,12)
0.21151199644471932306456691809	(54,13)
0.1998689370585044763762124235	(54,14)
0.18673137863345520217314268029	(54,15)
0.17228169033055861373665098942	(54,16)
0.15676411031034806154040958315	(54,17)
0.14047245382956743593670596926	(54,18)
0.12373547095578118348218910616	(54,19)
0.10690138836600600762913474937	(54,20)
0.09032303822737558732321594502	(54,21)
0.07434466463814143316806421164	(54,22)
0.05929109213506791203482430529	(54,23)
0.0454595291164067045529631236	(54,24)
0.03311392890621912692252893922	(54,25)
0.02248157985046618712345155886	(54,26)
0.01375145181917670490241747834	(54,27)
0.00707377755435257775961726509	(54,28)
0.0025603705095914573002710595	(54,29)
0.00028525127477319090145539242	(54,30)
0.25573497359827700185462243021	(55,1)
0.25572328991360593203166909688	(55,2)
0.25564450777409009171370961351	(55,3)
0.25539088911137609621507359142	(55,4)
0.25480855240329794851561351881	(55,5)
0.2537066931678670968430556583	(55,6)
0.25186967842585037621970224194	(55,7)
0.24907163987669069770093478679	(55,8)
0.24509290257916766615074961354	(55,9)
0.23973725900138360679406515783	(55,10)
0.23284880071882659971042687743	(55,11)
0.2243268358881302267424937709	(55,12)
0.21413742787322738665039003679	(55,13)
0.20232033420160917982019483393	(55,14)
0.18899059576034129785963303035	(55,15)
0.17433465264564604289936527973	(55,16)
0.15860152700406703203666304137	(55,17)
0.14209018149579319566473715801	(55,18)
0.12513452585454951330335032762	(55,19)
0.10808764902501301490861183228	(55,20)
0.09130671091670554694164337476	(55,21)
0.07513959975191592011636835758	(55,22)
0.0599140398318435177836126622	(55,23)
0.04592941100729302343370558062	(55,24)
0.03345118383456816819273870937	(55,25)
0.02270762051831242585554891418	(55,26)
0.01388824878780909361933848396	(55,27)
0.0071435701636534941678158923	(55,28)
0.00258549137412191308782782109	(55,29)
0.00028804209713168081554258844	(55,30)
0.25848697475616016704567326416	(56,1)
0.25847513369506896287093926182	(56,2)
0.25839529045599687728691444087	(56,3)
0.2581382567680896100462987091	(56,4)
0.25754808403377205048608496552	(56,5)
0.25643141800368356547597987936	(56,6)
0.25456977566733457004136545499	(56,7)
0.25173436556252443064032342266	(56,8)
0.24770277743701346465884019918	(56,9)
0.24227653142580268990998814953	(56,10)
0.23529817111509323076525378836	(56,11)
0.22666639586683781119732628299	(56,12)
0.21634773601821421051673935053	(56,13)
0.20438352643227294403801707929	(56,14)
0.19089141895178525939597685928	(56,15)
0.17606131852917105614199866299	(56,16)
0.1601463085532930428221220658	(56,17)
0.14344971090674863214026391918	(56,18)
0.12630979404992028014799614822	(56,19)
0.10908374321438467546596010152	(56,20)
0.09213235290705642108100228974	(56,21)
0.07580656047079494077514408998	(56,22)
0.06043650532460990003135899408	(56,23)
0.04632336491980557693622263648	(56,24)
0.03373385516651151056020843361	(56,25)
0.02289702720270196184370699098	(56,26)
0.01400285046985559253563230314	(56,27)
0.00720202923399964603484016742	(56,28)
0.00260653053215581954563826971	(56,29)
0.00029037932697215942672547508	(56,30)
0.26070886877325596772637261196	(57,1)
0.26069690012264566208034433457	(57,2)
0.26061619662144911726432600872	(57,3)
0.26035639429587693758650016945	(57,4)
0.25975986880944518340610916571	(57,5)
0.25863119909346855403982759902	(57,6)
0.25674959246977843047900357699	(57,7)
0.25388388961661543418990237431	(57,8)
0.24980946646145735186379574233	(57,9)
0.24432600706128433813651939952	(57,10)
0.23727480901162124614543336516	(57,11)
0.22855408997076550454983399855	(57,12)
0.21813077297440323024811676905	(57,13)
0.20604748673776847344445275428	(57,14)
0.19242401402577034036608635367	(57,15)
0.17745307993272183977720554992	(57,16)
0.1613910664121186323512714761	(57,17)
0.14454482891348876456519550507	(57,18)
0.12725616181132477438884168225	(57,19)
0.10988555648916732778310051356	(57,20)
0.09279673339780179826963342848	(57,21)
0.07634307693901082361065483405	(57,22)
0.06085665731782714998954434137	(57,23)
0.04664008178510078574834986739	(57,24)
0.03396104963932468134593238513	(57,25)
0.02304922795227146023148347176	(57,26)
0.01409492402362204179459675821	(57,27)
0.00724899014297363750320823842	(57,28)
0.00262342999322958665278472505	(57,29)
0.00029225659254139860767020459	(57,30)
0.26238720979892546755724437054	(58,1)
0.2623751444587313042442298873	(58,2)
0.26229378903653888089681460711	(58,3)
0.26203188860044655634971142611	(58,4)
0.26143054896753434219461037354	(58,5)
0.26029278300453862047294502624	(58,6)
0.25839604828089066864760490425	(58,7)
0.25550739227504558175919953541	(58,8)
0.25140051548327915429178329351	(58,9)
0.24587371421056809468926727614	(58,10)
0.23876734716249537603612653004	(58,11)
0.22997927398596450892469222303	(58,12)
0.21947672366528635822925964991	(58,13)
0.20730331432409120509774204653	(58,14)
0.19358045192132768905767648795	(58,15)
0.17850300521487312412360026755	(58,16)
0.16232985935124564909134604801	(58,17)
0.14537054715825504699837834515	(58,18)
0.12796953030052949077928530173	(58,19)
0.11048979678946376978674459143	(58,20)
0.09329727211147792407539000914	(58,21)
0.0767471803360025838657866405	(58,22)
0.06117303879290641557571639434	(58,23)
0.04687852203256900518040355392	(58,24)
0.0341320591585185482588452244	(58,25)
0.02316377012593841189553559263	(58,26)
0.01416420641786722131086528493	(58,27)
0.00728432294683950088130857425	(58,28)
0.00263614402016713193934801274	(58,29)
0.00029366887053993681508924288	(58,30)
0.26351181000205330887439094916	(59,1)
0.26349967972262633994954066051	(59,2)
0.26341788645376119328113683103	(59,3)
0.26315457687793186036490615425	(59,4)
0.26255000397840591584394032355	(59,5)
0.26140612891245389422267841145	(59,6)
0.25949923433793877761871687296	(59,7)
0.25659516395563328080669898661	(59,8)
0.25246649407967883305257908705	(59,9)
0.24691059072994488121727299387	(59,10)
0.23976718460508577597812340386	(59,11)
0.23093389829006604356035822383	(59,12)
0.22037817027394281891734539899	(59,13)
0.20814428747398183771223588342	(59,14)
0.19435475003289846923114709251	(59,15)
0.1792058695632070798692572225	(59,16)
0.16295821407171976992227723458	(59,17)
0.1459231143518272434680562346	(59,18)
0.12844682119558517180930418684	(59,19)
0.11089399514305514338790744822	(59,20)
0.09363203671254199207933117371	(59,21)
0.07701739844464477281605132804	(59,22)
0.06138456188659654200478518814	(59,23)
0.04703791063759666590159280783	(59,24)
0.03424635657673502826819212273	(59,25)
0.02324031719463715309324824224	(59,26)
0.01421050231938961754807227849	(59,27)
0.00730793123582155779252331844	(59,28)
0.0026446387011162372642240967	(59,29)
0.00029461243769678881248360022	(59,30)
0.26407582793156042066104602602	(60,1)
0.26406366503774901330744846055	(60,2)
0.26398165186957760123856556524	(60,3)
0.26371763458423569254273357095	(60,4)
0.26311143785534500332092373662	(60,5)
0.26196449467117562978891309806	(60,6)
0.26005249769552636593772674655	(60,7)
0.25714068623275558898224594365	(60,8)
0.25300107232673709694739613644	(60,9)
0.24743055531467159743354794526	(60,10)
0.24026855127044701504669775612	(60,11)
0.23141256474331635216491066087	(60,12)
0.22083014065638214082932086641	(60,13)
0.20856590310666815632166298669	(60,14)
0.19474290297506175957021692513	(60,15)
0.17955817745468029400235500804	(60,16)
0.16327314022750778771172563947	(60,17)
0.14620002500234526294485189541	(60,18)
0.1286859804252714230586134171	(60,19)
0.11109650573522014768951996053	(60,20)
0.09379974046292013595514907635	(60,21)
0.07715275198088304923874655237	(60,22)
0.06149050377046712016110675098	(60,23)
0.04711773319401249305355514285	(60,24)
0.03430359237451647153154372016	(60,25)
0.02327864624037184887669948229	(60,26)
0.01423368244740585955820552825	(60,27)
0.00731975124459052416154550709	(60,28)
0.0026488916175171060244990912	(60,29)
0.00029508483322741136993177326	(60,30)