kdd3311_(sigma,mu)
-0.16666666789027511848348111386	(1,1)
-0.16666666789027510279667951457	(1,2)
-0.16666666789027499701497350368	(1,3)
-0.16666666789027465639689079806	(1,4)
-0.16666666789027387382995679747	(1,5)
-0.16666666789027239131477239797	(1,6)
-0.16666666789026991444224472357	(1,7)
-0.16666666789026612919617091688	(1,8)
-0.1666666678902607203037033606	(1,9)
-0.16666666789025339028100458107	(1,10)
-0.16666666789024387828400203722	(1,11)
-0.16666666789023197787628835566	(1,12)
-0.16666666789021755286785794235	(1,13)
-0.16666666789020055045776842036	(1,14)
-0.16666666789018101102754882176	(1,15)
-0.1666666678901590740753201004	(1,16)
-0.16666666789013497994692670576	(1,17)
-0.16666666789010906720265670365	(1,18)
-0.16666666789008176564840125941	(1,19)
-0.16666666789005358525006152816	(1,20)
-0.16666666789002510133134490484	(1,21)
-0.16666666788999693661986253857	(1,22)
-0.16666666788996974084741917788	(1,23)
-0.16666666788994416872137787788	(1,24)
-0.16666666788992085716009011299	(1,25)
-0.16666666788990040272322625271	(1,26)
-0.16666666788988334016570595766	(1,27)
-0.1666666678898701230018362388	(1,28)
-0.1666666678898611068859794545	(1,29)
-0.166666667889856536501020318	(1,30)
-0.1666667659596391321243204089	(2,1)
-0.16666676595962771210519180735	(2,2)
-0.16666676595955070283735290537	(2,3)
-0.16666676595930273227481760929	(2,4)
-0.1666667659587330221731130585	(2,5)
-0.16666676595765374851981958464	(2,6)
-0.16666676595585058098736966684	(2,7)
-0.1666667659530949152490058267	(2,8)
-0.16666676594915723215709266185	(2,9)
-0.16666676594382096302197988631	(2,10)
-0.16666676593689621300312179409	(2,11)
-0.16666676592823269617817801126	(2,12)
-0.16666676591773126617346563417	(2,13)
-0.1666667659053534840407854211	(2,14)
-0.16666676589112874786436097442	(2,15)
-0.1666667658751586127913892718	(2,16)
-0.1666667658576180512717709258	(2,17)
-0.16666676583875353599317714105	(2,18)
-0.1666667658188779665181698884	(2,19)
-0.16666676579836259892020842547	(2,20)
-0.1666667657776262697271881305	(2,21)
-0.16666676575712232543374753031	(2,22)
-0.16666676573732377147576660055	(2,23)
-0.16666676571870723536097666077	(2,24)
-0.16666676570173639405446042196	(2,25)
-0.1666667656868455432665346978	(2,26)
-0.16666676567442398473395761078	(2,27)
-0.1666667656648018769409096014	(2,28)
-0.1666667656582381362772976247	(2,29)
-0.166666765654910891872858764	(2,30)
-0.16666743558906886471197630884	(3,1)
-0.16666743558882476336077832535	(3,2)
-0.16666743558717870076658532226	(3,3)
-0.16666743558187836384384127836	(3,4)
-0.16666743556970088832318619991	(3,5)
-0.166667435546631562062263619	(3,6)
-0.16666743550808910490306545954	(3,7)
-0.16666743544918713354514001141	(3,8)
-0.16666743536501971323114176149	(3,9)
-0.16666743525095772744261147221	(3,10)
-0.16666743510294221474752002427	(3,11)
-0.16666743491776085508198775096	(3,12)
-0.16666743469329443574682396393	(3,13)
-0.16666743442872136291928406477	(3,14)
-0.16666743412467005437057530521	(3,15)
-0.16666743378331127668527341515	(3,16)
-0.16666743340838507878330286993	(3,17)
-0.16666743300515981019669591368	(3,18)
-0.16666743258032367359144246354	(3,19)
-0.16666743214181221709055805867	(3,20)
-0.1666674316985779937483478508	(3,21)
-0.1666674312603111794634934636	(3,22)
-0.16666743083712213423845826723	(3,23)
-0.16666743043919861857703631463	(3,24)
-0.16666743007645156080635934424	(3,25)
-0.16666742975816385965710811649	(3,26)
-0.1666674294926566728780907623	(3,27)
-0.1666674292869869874106822508	(3,28)
-0.1666674291466890171753069441	(3,29)
-0.166667429075570184162991744	(3,30)
-0.16666963638969725934962207436	(4,1)
-0.16666963638786681174609001763	(4,2)
-0.16666963637552344984043311021	(4,3)
-0.16666963633577770980125849122	(4,4)
-0.16666963624446223936307434898	(4,5)
-0.16666963607147184991746735119	(4,6)
-0.16666963578245283899761802361	(4,7)
-0.16666963534076366129270512387	(4,8)
-0.16666963470961622682560088521	(4,9)
-0.16666963385429832474764599021	(4,10)
-0.16666963274437330423805680695	(4,11)
-0.16666963135575339065365431335	(4,12)
-0.16666962967254787332176237017	(4,13)
-0.16666962768859666660786758636	(4,14)
-0.16666962540861301972383860854	(4,15)
-0.16666962284887585825659608207	(4,16)
-0.16666962003743165520969971426	(4,17)
-0.1666696170137870053524147056	(4,18)
-0.16666961382809528505754780735	(4,19)
-0.16666961053986294977339090414	(4,20)
-0.16666960721622218256396138999	(4,21)
-0.16666960392983583260569606532	(4,22)
-0.16666960075651702871841243148	(4,23)
-0.16666959777265879717755467864	(4,24)
-0.16666959505257788474454797814	(4,25)
-0.16666959266588139382281959097	(4,26)
-0.1666695906749645780183607648	(4,27)
-0.166669589132743227260767728	(4,28)
-0.166669588080714698872042591	(4,29)
-0.166669587547428225071969813	(4,30)
-0.16667483869458523736551407726	(5,1)
-0.1666748386863617851675474678	(5,2)
-0.16667483863090811060757361705	(5,3)
-0.166674838452346768951937369	(5,4)
-0.16667483804210376982156644427	(5,5)
-0.16667483726492894644559914853	(5,6)
-0.16667483596648551597526329623	(5,7)
-0.1666748339821587735453563873	(5,8)
-0.16667483114667634264404288876	(5,9)
-0.16667482730409293567223045925	(5,10)
-0.16667482231767293561080401677	(5,11)
-0.16667481607920519841069363315	(5,12)
-0.1666748085173062923091777205	(5,13)
-0.16667479960431001962952536107	(5,14)
-0.16667478936140072068276157227	(5,15)
-0.16667477786172295422964330047	(5,16)
-0.16667476523128741725652598387	(5,17)
-0.1666747516475886009081355077	(5,18)
-0.16667473733594949860985925817	(5,19)
-0.16667472256370831707404316318	(5,20)
-0.16667470763245722505081207765	(5,21)
-0.16667469286862953843946378777	(5,22)
-0.16667467861280559337239373921	(5,23)
-0.16667466520816565673083034342	(5,24)
-0.1666746529885580097059166842	(5,25)
-0.16667464226667005694922235028	(5,26)
-0.16667463332278907875841914946	(5,27)
-0.1666746263946170856987339031	(5,28)
-0.166674621668562092308633211	(5,29)
-0.166674619272867804274628456	(5,30)
-0.16668505883628540081561235119	(6,1)
-0.1666850588090583573569584487	(6,2)
-0.16668505862545668431965347132	(6,3)
-0.1666850580342576466860204967	(6,4)
-0.16668505667598364314151534586	(6,5)
-0.16668505410283546361286239509	(6,6)
-0.16668504980382138121070039878	(6,7)
-0.16668504323392316096561540847	(6,8)
-0.16668503384594951434519321398	(6,9)
-0.1666850211235967050926395079	(6,10)
-0.16668500461417082280155144644	(6,11)
-0.16668498395942972098433938321	(6,12)
-0.16668495892307478809263477462	(6,13)
-0.16668492941356057897485909698	(6,14)
-0.16668489550108797185863358636	(6,15)
-0.16668485742789537013655091458	(6,16)
-0.16668481561125169573658617963	(6,17)
-0.16668477063887187369223594184	(6,18)
-0.16668472325680629298344805968	(6,19)
-0.16668467435018582705463769327	(6,20)
-0.16668462491751890848072031105	(6,21)
-0.16668457603952304071514320866	(6,22)
-0.16668452884371743882654415242	(6,23)
-0.16668448446619549578809181272	(6,24)
-0.16668444401212704701072482735	(6,25)
-0.16668440851660519278138081745	(6,26)
-0.16668437890744788145448754073	(6,27)
-0.1666843559714907198918540029	(6,28)
-0.1666843403257677253412476635	(6,29)
-0.166684332394776978790246307	(6,30)
-0.16670290320694065864578265264	(7,1)
-0.16670290313335894614621464711	(7,2)
-0.16670290263717120727889883043	(7,3)
-0.16670290103944239727653632453	(7,4)
-0.16670289736867707157595391028	(7,5)
-0.16670289041469134778469020019	(7,6)
-0.16670287879652856313614283494	(7,7)
-0.16670286104128703157208290189	(7,8)
-0.16670283567021282174524488214	(7,9)
-0.1667028012880562467606563562	(7,10)
-0.16670275667151387341016048384	(7,11)
-0.1667027008525866903681555215	(7,12)
-0.16670263319287983929546684788	(7,13)
-0.16670255344524201110032020842	(7,14)
-0.16670246179967732553625145313	(7,15)
-0.1667023589111360751892743194	(7,16)
-0.16670224590757370257865616075	(7,17)
-0.16670212437752541966458802855	(7,18)
-0.16670199633733919211327267111	(7,19)
-0.16670186417910291443119175933	(7,20)
-0.16670173060115310237463132903	(7,21)
-0.16670159852382480107590108772	(7,22)
-0.16670147099376168185801346257	(7,23)
-0.16670135108062257263581459525	(7,24)
-0.16670124177037335570113639746	(7,25)
-0.16670114585952597416124704727	(7,26)
-0.16670106585467181488350774935	(7,27)
-0.1667010038814557390087282328	(7,28)
-0.1667009616067583242957899254	(7,29)
-0.1667009401773138917845807	(7,30)
-0.16673161866807029805494560041	(8,1)
-0.16673161849606230565575072124	(8,2)
-0.16673161733615109884745517314	(8,3)
-0.16673161360122760502565677484	(8,4)
-0.16673160502028331759652775977	(8,5)
-0.16673158876435075168335768979	(8,6)
-0.16673156160527981977908508561	(8,7)
-0.16673152010003105450926928181	(8,8)
-0.16673146079195972391273280853	(8,9)
-0.16673138041973433241210769415	(8,10)
-0.16673127612411691064960579416	(8,11)
-0.1667311456428510350290758	(8,12)
-0.16673098748435777624302324046	(8,13)
-0.16673080107181149563089723062	(8,14)
-0.16673058685041957455702101685	(8,15)
-0.16673034635230849329836200935	(8,16)
-0.16673008221525395978546073574	(8,17)
-0.16672979815350397539144705767	(8,18)
-0.16672949888104163379487201383	(8,19)
-0.16672918998972589704638350269	(8,20)
-0.16672887778674073045671407426	(8,21)
-0.16672856909758759251243008059	(8,22)
-0.16672827104239383668617989538	(8,23)
-0.16672799079451281071132387441	(8,24)
-0.16672773533120823570352407484	(8,25)
-0.16672751118661104133899341597	(8,26)
-0.16672732421709508346867010948	(8,27)
-0.1667271793887419975432860441	(8,28)
-0.1667270805956764131353661502	(8,29)
-0.166727030516789895643778753	(8,30)
-0.16677514641343419401025514139	(9,1)
-0.16677514605284040716844533369	(9,2)
-0.16677514362122812778745501934	(9,3)
-0.16677513579141879154623626237	(9,4)
-0.16677511780253194391963331293	(9,5)
-0.1667750837240253402137573361	(9,6)
-0.16677502678859237274541136946	(9,7)
-0.16677493977857788773691787537	(9,8)
-0.16677481544803760246488782047	(9,9)
-0.16677464696081748750978746531	(9,10)
-0.16677442832414915303548278728	(9,11)
-0.16677415479728962038977081907	(9,12)
-0.16677382325568296882083097349	(9,13)
-0.16677343249295030140725220152	(9,14)
-0.16677298344564627184170236177	(9,15)
-0.16677247932904089530414133679	(9,16)
-0.16677192567604809129825772856	(9,17)
-0.16677133027565529346408987684	(9,18)
-0.16677070301162187873795779135	(9,19)
-0.16677005560661002114407546785	(9,20)
-0.16676940128109286633356202748	(9,21)
-0.16676875434016520764517028429	(9,22)
-0.16676812970459402374486581308	(9,23)
-0.16676754240495018285383770212	(9,24)
-0.16676700705935123326946821963	(9,25)
-0.16676653735614865824203595032	(9,26)
-0.16676614556278101175824184076	(9,27)
-0.1667658420809966394013484915	(9,28)
-0.1667656350667744138955469463	(9,29)
-0.166765530130621817087114694	(9,30)
-0.16683817601516064754787081205	(10,1)
-0.16683817532076123976703315742	(10,2)
-0.16683817063817926117140588275	(10,3)
-0.1668381555602362334007321036	(10,4)
-0.166838120918885038543772986	(10,5)
-0.16683805529373247209035450643	(10,6)
-0.16683794565321748607196803724	(10,7)
-0.16683777809891923036955607564	(10,8)
-0.16683753867857004995804224072	(10,9)
-0.16683721422995998547631610925	(10,10)
-0.16683679321620228681259509949	(10,11)
-0.16683626651287408068869465135	(10,12)
-0.1668356281093654202717652185	(10,13)
-0.16683487569029607114845959975	(10,14)
-0.16683401106794587349951261622	(10,15)
-0.16683304044307053332875436521	(10,16)
-0.16683197447895457579750051376	(10,17)
-0.16683082818174967251141413658	(10,18)
-0.16682962058868719976784674767	(10,19)
-0.16682837427424977861552330863	(10,20)
-0.16682711469245197919289789402	(10,21)
-0.16682586938065221750510976524	(10,22)
-0.16682466705647337239685240386	(10,23)
-0.16682353664418145593667749729	(10,24)
-0.16682250627005932332126605874	(10,25)
-0.16682160226778975382232571431	(10,26)
-0.16682084823458065127467225792	(10,27)
-0.1668202641767527854083594292	(10,28)
-0.1668198657798682229419697327	(10,29)
-0.166819663833371812007516853	(10,30)
-0.16692619611323426000889638546	(11,1)
-0.16692619486408762201684997584	(11,2)
-0.16692618644064899949811216008	(11,3)
-0.16692615931713705655268195167	(11,4)
-0.16692609700134272431463493979	(11,5)
-0.16692597894954450987344251312	(11,6)
-0.16692578172019372602679760364	(11,7)
-0.16692548031328620395070776424	(11,8)
-0.16692504963348632529087503564	(11,9)
-0.16692446600892273951001435281	(11,10)
-0.16692370869443333820173484692	(11,11)
-0.1669227612880743908166358831	(11,12)
-0.16692161299296013858801877079	(11,13)
-0.16692025966285228886188835088	(11,14)
-0.16691870457911378681696643947	(11,15)
-0.16691695891827826604288626528	(11,16)
-0.16691504188304287508578509716	(11,17)
-0.16691298048434664485891198048	(11,18)
-0.16691080897766153934550497176	(11,19)
-0.16690856797198107146015268068	(11,20)
-0.16690630324453259480549163165	(11,21)
-0.16690406430730101427795086777	(11,22)
-0.16690190278245081791771970568	(11,23)
-0.16689987065219528288765664771	(11,24)
-0.16689801845423998603317856956	(11,25)
-0.16689639349641565705584364368	(11,26)
-0.16689503816344893338506229358	(11,27)
-0.1668939883850725622336447313	(11,28)
-0.1668932723280496795465416935	(11,29)
-0.166892909365491799970988342	(11,30)
-0.16704553805123649509372264495	(12,1)
-0.16704553592638141532885936668	(12,2)
-0.1670455215977327091556609953	(12,3)
-0.16704547545944485556589825246	(12,4)
-0.16704536945769903510587520524	(12,5)
-0.16704516864732842202203690277	(12,6)
-0.16704483315490794648192344863	(12,7)
-0.16704432045807878919879334494	(12,8)
-0.16704358787573744161594361603	(12,9)
-0.16704259515315051047471214105	(12,10)
-0.1670413070205937803307505066	(12,11)
-0.16703969560408176958802067547	(12,12)
-0.16703774257223820325066956899	(12,13)
-0.16703544091418746577895351248	(12,14)
-0.16703279625908864786790493327	(12,15)
-0.16702982766790180870841906659	(12,16)
-0.16702656785126110905972527679	(12,17)
-0.16702306279284276262114163894	(12,18)
-0.16701937078414796713321684631	(12,19)
-0.1670155609029107319840983105	(12,20)
-0.16701171099214701836389736692	(12,21)
-0.16700790521903513674585855586	(12,22)
-0.16700423131136166792510405055	(12,23)
-0.16700077758338887336674013868	(12,24)
-0.16699762987214104565673479955	(12,25)
-0.16699486850896210977129287233	(12,26)
-0.16699256544970824397088175917	(12,27)
-0.166990781680284228306338303	(12,28)
-0.1669895650027944962793958018	(12,29)
-0.166988948291917115535974842	(12,30)
-0.16720340872361678698393848194	(13,1)
-0.16720340527432666855510545305	(13,2)
-0.16720338201454941309824347202	(13,3)
-0.16720330711806199239241694917	(13,4)
-0.16720313504529682211672027302	(13,5)
-0.16720280907086964414035727962	(13,6)
-0.1672022644715580121474880327	(13,7)
-0.16720143222839992378503919228	(13,8)
-0.16720024307182834724044816504	(13,9)
-0.16719863168136630973329183205	(13,10)
-0.16719654084229418580149910703	(13,11)
-0.16719392536144989047673116575	(13,12)
-0.16719075555312896894829654911	(13,13)
-0.16718702012367905486796314159	(13,14)
-0.16718272830914597704787123136	(13,15)
-0.16717791115310250200379577976	(13,16)
-0.16717262185005699558950783932	(13,17)
-0.16716693512176349125451152806	(13,18)
-0.16716094563729124185715860108	(13,19)
-0.16715476553072924927678743203	(13,20)
-0.1671485211108144959281189848	(13,21)
-0.16714234889267078386352527492	(13,22)
-0.16713639111160204936260563663	(13,23)
-0.16713079090124196613231299873	(13,24)
-0.16712568733248187731853685353	(13,25)
-0.16712121051507801579527396059	(13,26)
-0.16711747696069199884095148395	(13,27)
-0.1671145853947381139906319827	(13,28)
-0.1671126131855069689150591877	(13,29)
-0.1671116135335680547324958	(13,30)
-0.16740790898518761440713450062	(14,1)
-0.16740790360409617845790121806	(14,2)
-0.16740786731751239912297939933	(14,3)
-0.16740775047481970794427114954	(14,4)
-0.16740748203238124184683813306	(14,5)
-0.16740697349789287402426771502	(14,6)
-0.16740612390631321152781435876	(14,7)
-0.1674048255993591484469296142	(14,8)
-0.16740297054159445996955919253	(14,9)
-0.16740045687854966850346281328	(14,10)
-0.16739719542761598538189020695	(14,11)
-0.16739311579167791842927948756	(14,12)
-0.16738817179900078089580984202	(14,13)
-0.16738234600048380671353432779	(14,14)
-0.16737565299599160425330986892	(14,15)
-0.16736814141330867813848361167	(14,16)
-0.16735989442387226404899638938	(14,17)
-0.16735102874583344069810288382	(14,18)
-0.16734169215382293814298295224	(14,19)
-0.1673320595825671541848559373	(14,20)
-0.16732232797482156474187125248	(14,21)
-0.16731271007989669655616914982	(14,22)
-0.16730342745479379795321598544	(14,23)
-0.16729470295374191173168753517	(14,24)
-0.16728675301255772065597230639	(14,25)
-0.16727978004128773783621552253	(14,26)
-0.16727396523227165443971127269	(14,27)
-0.1672694620719007321575992594	(14,28)
-0.1672663908142098505874444188	(14,29)
-0.167264834134638754575174956	(14,30)
-0.16766803418204918668344660767	(15,1)
-0.16766802606959076720134274955	(15,2)
-0.16766797136446085927274964671	(15,3)
-0.16766779521431519696306692117	(15,4)
-0.16766739051607611860413727882	(15,5)
-0.16766662386471858344273091285	(15,6)
-0.16766534305952990545483282652	(15,7)
-0.16766338582459910714741106056	(15,8)
-0.16766058934091884532281727558	(15,9)
-0.16765680014504243781105658541	(15,10)
-0.16765188392619920743216558081	(15,11)
-0.16764573475188402074749782313	(15,12)
-0.16763828327202427726869747312	(15,13)
-0.16762950349360727312095704517	(15,14)
-0.16761941777962583547673306118	(15,15)
-0.16760809980564598154161102811	(15,16)
-0.16759567530036630938249583368	(15,17)
-0.16758232049846434961591416435	(15,18)
-0.16756825833945630193623189854	(15,19)
-0.16755375254967051626422156467	(15,20)
-0.16753909984038890716815653689	(15,21)
-0.16752462053896763911892766942	(15,22)
-0.16751064803743733495156566222	(15,23)
-0.1674975174919543798975708803	(15,24)
-0.16748555423499852226514090928	(15,25)
-0.16747506237005338154039731265	(15,26)
-0.16746631400639852578891958463	(15,27)
-0.1674595395611815196138360412	(15,28)
-0.1674549195093457308061322072	(15,29)
-0.167452577901866217511714745	(15,30)
-0.16799365369142356619384939038	(16,1)
-0.16799364182014535692856803818	(16,2)
-0.16799356176801716768383773951	(16,3)
-0.16799330400108207760080800266	(16,4)
-0.16799271179353573665678215064	(16,5)
-0.16799158993693349434724929522	(16,6)
-0.16798971573253365570197441905	(16,7)
-0.16798685176537919816634395563	(16,8)
-0.16798275987071503347952969955	(16,9)
-0.16797721563973738014840672723	(16,10)
-0.16797002277639623901300862469	(16,11)
-0.16796102661295167331610599999	(16,12)
-0.16795012612077880439970402116	(16,13)
-0.16793728381437760116588148264	(16,14)
-0.16792253303859267418583848839	(16,15)
-0.1679059822476172916706331157	(16,16)
-0.16788781602353195567376723016	(16,17)
-0.16786829273450557689552764033	(16,18)
-0.16784773888999978478984113424	(16,19)
-0.16782654040368916266948680846	(16,20)
-0.16780513111605362368119683481	(16,21)
-0.16778397905046020127065625014	(16,22)
-0.16776357097333314867699004518	(16,23)
-0.16774439589690673995277145183	(16,24)
-0.1677269282002644428461360394	(16,25)
-0.16771161105099988964177195524	(16,26)
-0.1676988407876299649307011437	(16,27)
-0.1676889528748233728329863996	(16,28)
-0.1676822099733404925024013555	(16,29)
-0.1676787925784310362622495	(16,30)
-0.16839546679924032504166632776	(17,1)
-0.1683954498766476140621655533	(17,2)
-0.16839533576181474021378136516	(17,3)
-0.16839496831399117466319399115	(17,4)
-0.16839412412334656844593062381	(17,5)
-0.16839252493297217670303903085	(17,6)
-0.16838985332231698401024519344	(17,7)
-0.16838577093880691651344945335	(17,8)
-0.16837993843704064288526644455	(17,9)
-0.16837203619175723145665335129	(17,10)
-0.16836178479784047231062541998	(17,11)
-0.16834896436276530966487416913	(17,12)
-0.16833343163693047300232805838	(17,13)
-0.16831513411549890311877174183	(17,14)
-0.1682941203789074958846907733	(17,15)
-0.16827054611216760176533932703	(17,16)
-0.16824467544654992756814943236	(17,17)
-0.16821687748992203154167742828	(17,18)
-0.16818761814104854195631878528	(17,19)
-0.16815744750530133131274507811	(17,20)
-0.16812698343190473725960549815	(17,21)
-0.16809689186528849963462915837	(17,22)
-0.16806786483718397820140798085	(17,23)
-0.16804059701673749076258256482	(17,24)
-0.1680157617813184903471606997	(17,25)
-0.16799398777203886125767999604	(17,26)
-0.16797583685887293053715799157	(17,27)
-0.167961784365972198750747515	(17,28)
-0.16795220230450265759330273	(17,29)
-0.167947346234465384687498346	(17,30)
-0.16888493278890158955735387434	(18,1)
-0.1688849092195896521677435608	(18,2)
-0.1688847502837416776627236509	(18,3)
-0.16888423851403888256030508917	(18,4)
-0.16888306275796169073789868059	(18,5)
-0.16888083549016578072757225956	(18,6)
-0.16887711467839734181241320599	(18,7)
-0.1688714292119831523379039052	(18,8)
-0.16886330672144393539679687873	(18,9)
-0.16885230248383130964983991543	(18,10)
-0.16883802803034765725200052846	(18,11)
-0.1688201780583915902132188315	(18,12)
-0.16879855430430836723577854256	(18,13)
-0.16877308515688902646803157462	(18,14)
-0.1687438399814892639529099681	(18,15)
-0.1687110373720078707411475656	(18,16)
-0.16867504683966953570060891083	(18,17)
-0.16863638376659761527294703018	(18,18)
-0.16859569777916732206038353675	(18,19)
-0.16855375501113334450146787704	(18,20)
-0.16851141501085112070849308544	(18,21)
-0.16846960328488257490898855567	(18,22)
-0.16842928065052277266323062911	(18,23)
-0.1683914106859528462131492065	(18,24)
-0.16835692661755513410254164484	(18,25)
-0.16832669897270438726508171941	(18,26)
-0.16830150525989000015133167308	(18,27)
-0.1682820028253808805286731287	(18,28)
-0.1682687058867562237887735596	(18,29)
-0.168261967568119782308914248	(18,30)
-0.16947417374963962280334898386	(19,1)
-0.16947414159754764245448945919	(19,2)
-0.16947392478524598721180289608	(19,3)
-0.16947322665634319557310836273	(19,4)
-0.16947162276206579963586953768	(19,5)
-0.16946858449588626849903243537	(19,6)
-0.16946350895739445608475007131	(19,7)
-0.16945575369741830950406254765	(19,8)
-0.16944467474526395577456479611	(19,9)
-0.16942966612966135768281648414	(19,10)
-0.16941019899170864174201125028	(19,11)
-0.16938585836296615350109479024	(19,12)
-0.16935637575316087902066033515	(19,13)
-0.169321655862360793938807861	(19,14)
-0.16928179599757463807759084017	(19,15)
-0.16923709712149406101889058051	(19,16)
-0.16918806587221443156251568653	(19,17)
-0.16913540734205064573008451774	(19,18)
-0.16908000886219193098416631456	(19,19)
-0.16902291547833867510244682794	(19,20)
-0.16896529819330120005217909208	(19,21)
-0.16890841637342269452884074954	(19,22)
-0.16885357595115025428132777525	(19,23)
-0.1688020851985803031631054591	(19,24)
-0.16875520989665931425490923491	(19,25)
-0.16871412968903033987466394619	(19,26)
-0.1686798973003794564264541993	(19,27)
-0.1686534021314643020262864167	(19,28)
-0.1686353395323157416975077389	(19,29)
-0.168626186815620837173718702	(19,30)
-0.17017584932279055068454250704	(20,1)
-0.17017580627448414632457000532	(20,2)
-0.17017551598557737620387721798	(20,3)
-0.17017458126676850308569204812	(20,4)
-0.17017243384084361508077465219	(20,5)
-0.17016836601448553260676697201	(20,6)
-0.17016157071725916792206480839	(20,7)
-0.17015118810880329557058241882	(20,8)
-0.17013635661144449049754378605	(20,9)
-0.17011626596193712478854696222	(20,10)
-0.17009020971385106201674856767	(20,11)
-0.17005763458007925584039938193	(20,12)
-0.17001818409657079008967678158	(20,13)
-0.16997173431904834744925869802	(20,14)
-0.1699184196289721183957405312	(20,15)
-0.16985864720659523904655336334	(20,16)
-0.1697930992997281747757454957	(20,17)
-0.16972272303991745369543342221	(20,18)
-0.16964870819086638076684771905	(20,19)
-0.16957245381388966165284058483	(20,20)
-0.16949552536260738650121137906	(20,21)
-0.16941960414251566009748866851	(20,22)
-0.1693464313700121631310199025	(20,23)
-0.16927774923165443567266528378	(20,24)
-0.16921524138149562746788091176	(20,25)
-0.16916047523580708164549286914	(20,26)
-0.1691148482507741864191591569	(20,27)
-0.1690795401235845252077820363	(20,28)
-0.1690554725643084594067171214	(20,29)
-0.169043277965656209117627694	(20,30)
-0.17100300337139745498629095682	(21,1)
-0.17100294670134764178040019994	(21,2)
-0.17100256455685306986932097456	(21,3)
-0.17100133407039591896119085158	(21,4)
-0.17099850716841975085954795383	(21,5)
-0.17099315230606724985340553206	(21,6)
-0.17098420725679977363646381126	(21,7)
-0.1709705405973876512980936544	(21,8)
-0.17095101906482007981174173915	(21,9)
-0.17092457759970052716930246852	(21,10)
-0.17089028866149819259136343606	(21,11)
-0.17084742733316737812404146816	(21,12)
-0.17079552884763052361562432498	(21,13)
-0.17073443547618326276609889611	(21,14)
-0.17066433021325475517577892329	(21,15)
-0.17058575535001928351161447641	(21,16)
-0.17049961481124806876398986852	(21,17)
-0.17040715998218558947158961538	(21,18)
-0.17030995961387099768532761562	(21,19)
-0.17020985520397627866461494687	(21,20)
-0.17010890394995180844853804425	(21,21)
-0.17000931191868298768952928314	(21,22)
-0.16991336044547679659162856262	(21,23)
-0.16982332895710140118452802803	(21,24)
-0.16974141741843109759758368117	(21,25)
-0.16966967145381422179232787579	(21,26)
-0.1696099129256119563422880311	(21,27)
-0.1695636784000991749216116335	(21,28)
-0.1695321675300361461739865003	(21,29)
-0.16951620296273499450833233	(21,30)
-0.17196888336324668226107786174	(22,1)
-0.17196880990212471969394552517	(22,2)
-0.1719683145304511885020954516	(22,3)
-0.17196671946346248401312588319	(22,4)
-0.17196305501066062044216111108	(22,5)
-0.17195611373612437499714929994	(22,6)
-0.17194451900756706441030306643	(22,7)
-0.17192680488814431235779761175	(22,8)
-0.17190150370704972806368265055	(22,9)
-0.17186723715365582546926395503	(22,10)
-0.17182280641994770277036960477	(22,11)
-0.17176727680984670671598760156	(22,12)
-0.17170005237500356679899010523	(22,13)
-0.17162093654134621678158938943	(22,14)
-0.17153017535310276464355543382	(22,15)
-0.17142848084957747386885960916	(22,16)
-0.17131703314823562470948886751	(22,17)
-0.17119746095938256371217918336	(22,18)
-0.17107180141521684808848342523	(22,19)
-0.17094244117081502530478482462	(22,20)
-0.17081204164833133874946075038	(22,21)
-0.17068345198951057865679485958	(22,22)
-0.17055961372225735180430768012	(22,23)
-0.1704434613288323800251626219	(22,24)
-0.17033782284604828658645668167	(22,25)
-0.17024532437120522738201399077	(22,26)
-0.1701683019429875629547818015	(22,27)
-0.1701087237690903577849169991	(22,28)
-0.1700681252324787716251830682	(22,29)
-0.170047558565943369440956106	(22,30)
-0.17308673407881178162073666563	(23,1)
-0.17308664018586125342890378565	(23,2)
-0.1730860070365303451919563471	(23,3)
-0.173083968341475622574998622	(23,4)
-0.1730792847571217082921247861	(23,5)
-0.1730704131947275849105281879	(23,6)
-0.17305559460320685687543843922	(23,7)
-0.17303295635041398908265842482	(23,8)
-0.17300062451409513394054851004	(23,9)
-0.17295684073428344114863498333	(23,10)
-0.17290007783721432414088514837	(23,11)
-0.17282914827930959854891400713	(23,12)
-0.17274329962872293691275753747	(23,13)
-0.17264229182824701614042469245	(23,14)
-0.17252645186144661564539196294	(23,15)
-0.17239670263081268946693406031	(23,16)
-0.17225456427344575684983010249	(23,17)
-0.17210212767835549832311869833	(23,18)
-0.17194200150587307193540522098	(23,19)
-0.17177723541969394946500005977	(23,20)
-0.17161122341754216959521024974	(23,21)
-0.17144759200883431024566582893	(23,22)
-0.17129007849659648342233154079	(23,23)
-0.17114240477608277868668467736	(23,24)
-0.17100815190002948980721610428	(23,25)
-0.17089064024324344936248593003	(23,26)
-0.1707928195052056972143527529	(23,27)
-0.1707171720987782518386344908	(23,28)
-0.170665632757157922813010319	(23,29)
-0.170639526503867831512182232	(23,30)
-0.1743695680718929068994268186	(24,1)
-0.17436944961247173653876169684	(24,2)
-0.17436865080470595416054151333	(24,3)
-0.17436607871221168799969460168	(24,4)
-0.17436016979239580167573020657	(24,5)
-0.17434897745840562071201364163	(24,6)
-0.17433028306411026097913608789	(24,7)
-0.17430172544770722488466072082	(24,8)
-0.17426094311003482035570045541	(24,9)
-0.17420572222762838436060187184	(24,10)
-0.17413414309758447923650517608	(24,11)
-0.17404471737152493395808293313	(24,12)
-0.17393650863378843015491338649	(24,13)
-0.17380922955633909901711776625	(24,14)
-0.17366331001546525730569881288	(24,15)
-0.1734999321252992784008915465	(24,16)
-0.17332103002059474909118839149	(24,17)
-0.17312925425493367079925013516	(24,18)
-0.17292790269717368562580818973	(24,19)
-0.17272082163626828719621286146	(24,20)
-0.17251228229531523389138224662	(24,21)
-0.17230683900679873671455125495	(24,22)
-0.17210917586521702637438628276	(24,23)
-0.17192394876097748377394916632	(24,24)
-0.17175562937125624549094810633	(24,25)
-0.17160835703610303517520779216	(24,26)
-0.1714858035959775914828313372	(24,27)
-0.1713910553242477467425240256	(24,28)
-0.1713265151529853434697578265	(24,29)
-0.17129382753358563551111131	(24,30)
-0.17582991609999417154843880787	(25,1)
-0.17582976842939846933224689635	(25,2)
-0.17582877264307413342665203233	(25,3)
-0.17582556631120292973332541673	(25,4)
-0.17581820042540145824367073738	(25,5)
-0.1758042487149708169760748832	(25,6)
-0.17578094632031145009681693675	(25,7)
-0.17574535179332985299568203396	(25,8)
-0.17569452502833765620047700104	(25,9)
-0.17562571257432106933608196191	(25,10)
-0.17553653096512299077035593413	(25,11)
-0.17542513835607486024442051103	(25,12)
-0.1752903849818704873264803406	(25,13)
-0.17513193381424473906809967164	(25,14)
-0.17495034429758955168942052336	(25,15)
-0.17474711409838144433327918635	(25,16)
-0.1745246762686941453183690881	(25,17)
-0.17428635188567110672397625778	(25,18)
-0.17403626084788005385430445904	(25,19)
-0.17377919585015197416210694573	(25,20)
-0.1735204664230013960086552848	(25,21)
-0.17326572117829555837895810096	(25,22)
-0.17302075699688871220098306336	(25,23)
-0.1727913238548592979592768496	(25,24)
-0.17258293340982953923956255272	(25,25)
-0.17240067850139176317461473705	(25,26)
-0.1722490695239833633942520566	(25,27)
-0.1721318923651409926082731204	(25,28)
-0.172052091398668096072745294	(25,29)
-0.172011679971794523599022518	(25,30)
-0.17747956148197341975627856549	(26,1)
-0.17747937943665952925891755983	(26,2)
-0.17747815185315202622326784456	(26,3)
-0.1774741991773748362704732218	(26,4)
-0.17746511883446962251331916498	(26,5)
-0.17744792020945015101412596849	(26,6)
-0.1774191960310974758402002275	(26,7)
-0.17737532277027498393935571165	(26,8)
-0.17731268091798692025799331596	(26,9)
-0.1772278845058754882784374635	(26,10)
-0.17711800814353394776164522421	(26,11)
-0.17698079935220817430848843727	(26,12)
-0.17681486422688188894009301822	(26,13)
-0.17661981555125395016936684296	(26,14)
-0.17639637442528625735353329862	(26,15)
-0.17614641913912289723254020301	(26,16)
-0.1758729782331420371648633815	(26,17)
-0.17558016813429321293189535751	(26,18)
-0.17527307912595160775165898105	(26,19)
-0.1749576163733264427022728418	(26,20)
-0.17464030502694607437987597276	(26,21)
-0.17432806989500279654170760618	(26,22)
-0.17402800075680737534459074972	(26,23)
-0.17374711414156496581984095372	(26,24)
-0.17349212146825654060655759822	(26,25)
-0.17326921204179815834075738538	(26,26)
-0.1730838577573173115444705395	(26,27)
-0.1729406446934712454282319774	(26,28)
-0.1728431352502019571358847733	(26,29)
-0.172793763219722718182276708	(26,30)
-0.17932926301138098784712095826	(27,1)
-0.17932904090868839951675367668	(27,2)
-0.17932754320904473162852019047	(27,3)
-0.179322720816842024142140696	(27,4)
-0.17931164265552199589743746687	(27,5)
-0.17929066063698274790061983609	(27,6)
-0.17925561932456690609685279605	(27,7)
-0.17920210133405103787256903285	(27,8)
-0.1791256973054307953971839711	(27,9)
-0.17902228733662595867970991837	(27,10)
-0.17888831933062102510456170451	(27,11)
-0.17872106901724927104106080489	(27,12)
-0.17851886668503943951763825589	(27,13)
-0.17828127703036932433192689089	(27,14)
-0.17800922100959680579773863394	(27,15)
-0.17770503202688933395523544597	(27,16)
-0.17737244292535016374692651673	(27,17)
-0.17701650468128713265548862138	(27,18)
-0.17664344198801630619696169537	(27,19)
-0.1762604546302249200339363403	(27,20)
-0.17587547635027774474297995448	(27,21)
-0.17549690458567071191268952218	(27,22)
-0.17513331496159408904883732263	(27,23)
-0.1747931738555844186748162222	(27,24)
-0.17448456093423437738296540006	(27,25)
-0.17421491158917128561964939752	(27,26)
-0.1739907869848884126766167202	(27,27)
-0.173817677260177151717130486	(27,28)
-0.1736998415197306006455148449	(27,29)
-0.173640186750860425672756202	(27,30)
-0.18138847163572751435449383013	(28,1)
-0.18138820328316922782101285505	(28,2)
-0.18138639371079914008999955329	(28,3)
-0.18138056716403439592654296439	(28,4)
-0.18136718242067841758961256523	(28,5)
-0.18134183248645907333852674044	(28,6)
-0.18129949865470829422135737448	(28,7)
-0.18123484818592494742143171906	(28,8)
-0.18114256208414137467311013617	(28,9)
-0.18101767695942704334471538737	(28,10)
-0.18085592308070700546642241119	(28,11)
-0.18065403977681968900128519268	(28,12)
-0.18041004963294363360426632178	(28,13)
-0.18012347464091517445637534151	(28,14)
-0.17979548061352639239567241739	(28,15)
-0.1794289405817908499185282713	(28,16)
-0.17902841318281354609982266053	(28,17)
-0.17860003768907828856982048392	(28,18)
-0.17815135273523583776344434198	(28,19)
-0.17769105040313486603653679794	(28,20)
-0.17722868068877663930815101003	(28,21)
-0.17677432324314112794091784804	(28,22)
-0.17633824361565471286703696594	(28,23)
-0.17593055020034465069289711714	(28,24)
-0.17556086601104708894282840217	(28,25)
-0.17523802670026608004125673973	(28,26)
-0.1749698133069150867247184657	(28,27)
-0.1747627254425227173305425896	(28,28)
-0.1746217982816087289892368861	(28,29)
-0.174550464972306575435671194	(28,30)
-0.18366504658714613557027112848	(29,1)
-0.18366472530226983574101251077	(29,2)
-0.18366255879692015372260238447	(29,3)
-0.1836555830237511221435421864	(29,4)
-0.18363955852770113188926760355	(29,5)
-0.18360921000917585354007193455	(29,6)
-0.1835585314397587866825454838	(29,7)
-0.18348114396363344063634474954	(29,8)
-0.18337069035362655529155437975	(29,9)
-0.1832212466303141425471145074	(29,10)
-0.1830277290084409067734378481	(29,11)
-0.18278627305893453708412377317	(29,12)
-0.18249456226959556943556329445	(29,13)
-0.18215208531008829382843706076	(29,14)
-0.18176030528711635583936272343	(29,15)
-0.1813227298723260321732833485	(29,16)
-0.18084487789499768844376688921	(29,17)
-0.18033414511438390875834339792	(29,18)
-0.17979957863905747668830841768	(29,19)
-0.17925157510876687734535472125	(29,20)
-0.17870152173761374313661343571	(29,21)
-0.17816140133563255891876665548	(29,22)
-0.17764338247065767291761409641	(29,23)
-0.17715941426135838241503925651	(29,24)
-0.17672084235790734861163414984	(29,25)
-0.17633805902009859686680481063	(29,26)
-0.1760201963961527398932408587	(29,27)
-0.1757748686117300272872618939	(29,28)
-0.175607965438213851044070568	(29,29)
-0.175523498307235161232977575	(29,30)
-0.18616497700337796274718391203	(30,1)
-0.18616459564510609466647327583	(30,2)
-0.18616202405424004866888737222	(30,3)
-0.18615374403025904192857833537	(30,4)
-0.18613472377160319377809576358	(30,5)
-0.1860987028346695101661912557	(30,6)
-0.18603855548842839733637296422	(30,7)
-0.18594671743170316863433166424	(30,8)
-0.18581565655377696869402531599	(30,9)
-0.18563836443640799214317616907	(30,10)
-0.18540884215716881751480591972	(30,11)
-0.18512255225974538559033602342	(30,12)
-0.18477680904516822475747108639	(30,13)
-0.18437108195638365888666636788	(30,14)
-0.18390719182233833545100883464	(30,15)
-0.18338938677975327608506973918	(30,16)
-0.18282429313505267708242716226	(30,17)
-0.18222074534276844003703041588	(30,18)
-0.18158950763489661009345331475	(30,19)
-0.18094290669178426740723886859	(30,20)
-0.18029439939707246862013127229	(30,21)
-0.17965810181972351912608736181	(30,22)
-0.17904830515610648570499231877	(30,23)
-0.17847900182901271569715439614	(30,24)
-0.17796344090290571548253105578	(30,25)
-0.17751372716829700362904907794	(30,26)
-0.17714047338477368437030787	(30,27)
-0.1768525108418738230255725887	(30,28)
-0.1766566600065616804874370288	(30,29)
-0.176557560778341975562462365	(30,30)
-0.18889211529733526448224849099	(31,1)
-0.18889166630956004146669577415	(31,2)
-0.1888886386823725568386480411	(31,3)
-0.1888788903777947588515405406	(31,4)
-0.1888564976861585150533520901	(31,5)
-0.18881409146883472289430304685	(31,6)
-0.18874328642774277183233632693	(31,7)
-0.18863518585189731924086043336	(31,8)
-0.18848093902632915586471140973	(31,9)
-0.18827232351050375770941454264	(31,10)
-0.18800232050279225231144902171	(31,11)
-0.18766564929021943292179894099	(31,12)
-0.18725922705000052403539253962	(31,13)
-0.18678252348356311316096941275	(31,14)
-0.18623778598875698717361716468	(31,15)
-0.18563011989708194802594296313	(31,16)
-0.18496741884666582863949400084	(31,17)
-0.18426015142319486767963678776	(31,18)
-0.18352102045277632045033105555	(31,19)
-0.1827645195670475676729039598	(31,20)
-0.18200641701461477068113023665	(31,21)
-0.18126319877414907027016262223	(31,22)
-0.1805515019521930758040362855	(31,23)
-0.17988756577861538407747246767	(31,24)
-0.17928672208996256600384226538	(31,25)
-0.17876294097220347570661594528	(31,26)
-0.178328441120697381873242399	(31,27)
-0.1779933691884373009949391309	(31,28)
-0.1777655484080771132208627462	(31,29)
-0.177650294300897061893757987	(31,30)
-0.19184792860944000562843888913	(32,1)
-0.19184740407747655843587838236	(32,2)
-0.19184386704561076801818299698	(32,3)
-0.19183247865157245010772843072	(32,4)
-0.1918063190157638491367354705	(32,5)
-0.19175678097831283340900287668	(32,6)
-0.19167407340876081325822035185	(32,7)
-0.19154781376714722990023025092	(32,8)
-0.19136768317443015296242737105	(32,9)
-0.19112411107684054735053536172	(32,10)
-0.19080895156213672032099541829	(32,11)
-0.19041611052342146032330409177	(32,12)
-0.18994208309563590252345764563	(32,13)
-0.18938636471681459327465151469	(32,14)
-0.18875170687662237076147413804	(32,15)
-0.18804419956906175943620233326	(32,16)
-0.18727317552894114026073147954	(32,17)
-0.1864509449437965218729756533	(32,18)
-0.18559238179434118636687489632	(32,19)
-0.18471439276873016612893108753	(32,20)
-0.18383530576337480039449288116	(32,21)
-0.18297421690321532675189664016	(32,22)
-0.18215033302272586440600728524	(32,23)
-0.18138234142706371713406798639	(32,24)
-0.18068783162367633959967049604	(32,25)
-0.18008278580611833114920773155	(32,26)
-0.1795811473048369371733441293	(32,27)
-0.1791944698601411162839420609	(32,28)
-0.1789316459592368356902716805	(32,29)
-0.178798709820027568051010732	(32,30)
-0.19503127460365372753890134556	(33,1)
-0.19503066632393819159641563943	(33,2)
-0.19502656457150886638816291308	(33,3)
-0.19501335801383494466199901507	(33,4)
-0.19498302256137107646837845615	(33,5)
-0.19492557908431407240387286303	(33,6)
-0.19482967927882246722946840172	(33,7)
-0.1946832963344887553228569069	(33,8)
-0.19447448927908541730811714185	(33,9)
-0.19419220228138418158487753476	(33,10)
-0.19382705391997802698552114887	(33,11)
-0.19337206777898482733811440165	(33,12)
-0.19282329590471072161538779167	(33,13)
-0.19218029143337765597160364127	(33,14)
-0.19144639618975678020905082024	(33,15)
-0.19062882256206025638709824248	(33,16)
-0.1897385250158255040488520475	(33,17)
-0.18878987322176371361604926874	(33,18)
-0.1878001537846115042053386878	(33,19)
-0.18678893908165088654647581208	(33,20)
-0.18577736848439016915387383998	(33,21)
-0.18478738880745961597099931646	(33,22)
-0.18384099760653301802619591236	(33,23)
-0.18295952600566056068046384574	(33,24)
-0.18216298854019751601830737374	(33,25)
-0.18146951760516158730184018231	(33,26)
-0.1808948908715447686310701366	(33,27)
-0.1804521524934509840043568082	(33,28)
-0.1801513236717566169239328441	(33,29)
-0.179999195350967543438551452	(33,30)
-0.19843820764335458123547894909	(34,1)
-0.19843750720651280044758109148	(34,2)
-0.19843278403028144547571383236	(34,3)
-0.19841757677340996290135355835	(34,4)
-0.19838264641591158064829836008	(34,5)
-0.1983165046565576421255937561	(34,6)
-0.19820609116958298041997242236	(34,7)
-0.19803757309272087161053892825	(34,8)
-0.19779723076696474559340576069	(34,9)
-0.19747238447667598661260418519	(34,10)
-0.19705230918216174355759666217	(34,11)
-0.19652907964724841543341085964	(34,12)
-0.19589828846208397511002044593	(34,13)
-0.19515958524393141937705711397	(34,14)
-0.19431699690397770585169383877	(34,15)
-0.19337900539895466337424678816	(34,16)
-0.19235837897194751835983953672	(34,17)
-0.1912717729935559350444511496	(34,18)
-0.19013913443912801946033383367	(34,19)
-0.18898295745375723210475294395	(34,20)
-0.187827444867404802950427044	(34,21)
-0.18669763150240078647818155134	(34,22)
-0.18561852029438348920383325079	(34,23)
-0.18461427306939464792697721403	(34,24)
-0.18370748616822143602886915487	(34,25)
-0.18291856891232941284077386762	(34,26)
-0.1822652318137258053274879564	(34,27)
-0.1817620826187327898657648439	(34,28)
-0.1814203223792462966341047695	(34,29)
-0.181247530904148402352551221	(34,30)
-0.20206182100841391998967033656	(35,1)
-0.2020610198955216152245584127	(35,2)
-0.20205561785401237979855969779	(35,3)
-0.20203822499114424968343404486	(35,4)
-0.20199827522637667487410386118	(35,5)
-0.20192263221567790418937883859	(35,6)
-0.20179636706103000203106880448	(35,7)
-0.20160367765138332574485136654	(35,8)
-0.20132890831099682571815848624	(35,9)
-0.20095761720024031158872908897	(35,10)
-0.2004776294092791195876301392	(35,11)
-0.19988000797748929773972576992	(35,12)
-0.1991598750746486396951160508	(35,13)
-0.19831702254928575286207992147	(35,14)
-0.19735626515076682309876932499	(35,15)
-0.19628750981911705776503547764	(35,16)
-0.19512553814068973473914637211	(35,17)
-0.19388952320506549782710626733	(35,18)
-0.1926023233122458737067119037	(35,19)
-0.1912896104385427391643744667	(35,20)
-0.18997889933237997504785435395	(35,21)
-0.18869854320216200666645689767	(35,22)
-0.18747675511161218096422877909	(35,23)
-0.18634070231847349647947916302	(35,24)
-0.18531570626315647473153815837	(35,25)
-0.18442456609684852389239331223	(35,26)
-0.1836870104873491096814346	(35,27)
-0.1831192722837918643305043302	(35,28)
-0.1827337741145896465384095275	(35,29)
-0.182538910200096917414307019	(35,30)
-0.20589213029511193546830441508	(36,1)
-0.20589121998662210751236407642	(36,2)
-0.20588508163464079414378996273	(36,3)
-0.20586531825269205474546428506	(36,4)
-0.205819924596828204233368436	(36,5)
-0.20573397752581468209647804533	(36,6)
-0.20559052334890621448943230861	(36,7)
-0.20537162824574302702232431687	(36,8)
-0.20505954459075895442299570172	(36,9)
-0.20463793251515576688166907106	(36,10)
-0.20409306449596404915238280356	(36,11)
-0.20341493374418667487106111321	(36,12)
-0.20259818705515959604181402151	(36,13)
-0.20164281114481791340386498551	(36,14)
-0.20055451851797664364358197087	(36,15)
-0.19934480314674161896254385156	(36,16)
-0.19803066470407036215782834373	(36,17)
-0.19663402883728389194014637863	(36,18)
-0.19518091585326875530205511288	(36,19)
-0.19370042781512844849089152298	(36,20)
-0.19222363242280032575704188199	(36,21)
-0.1907824208935378546960299427	(36,22)
-0.18940840770201307071219830322	(36,23)
-0.18813192495290272185705706129	(36,24)
-0.18698114631122807784272364411	(36,25)
-0.18598135765951873425877700477	(36,26)
-0.185154376263231821152825666	(36,27)
-0.1845181086779670421168547706	(36,28)
-0.1840862305705204972671201962	(36,29)
-0.183867969003087401989216714	(36,30)
-0.20991600248466001056460914936	(37,1)
-0.20991497458109418066243407912	(37,2)
-0.2099080432835560587361005505	(37,3)
-0.20988572708326097703179259555	(37,4)
-0.20983447108805557805595292391	(37,5)
-0.20973742869739764567850934431	(37,6)
-0.20957546777610810596015853876	(37,7)
-0.20932836342805197129852237292	(37,8)
-0.20897612385501455721750811133	(37,9)
-0.20850037968399192863045562996	(37,10)
-0.20788575324880636912838294977	(37,11)
-0.20712111577776699190194847141	(37,12)
-0.20620064020350298427930296552	(37,13)
-0.20512456729199090652043837763	(37,14)
-0.2038996232008368257947633477	(37,15)
-0.20253905559514702174764858831	(37,16)
-0.20106228937188676055877460373	(37,17)
-0.19949423698653025458408603948	(37,18)
-0.19786432731898472722212238017	(37,19)
-0.19620533690615138189037611604	(37,20)
-0.19455211595529537608687835575	(37,21)
-0.1929402987283124884388667943	(37,22)
-0.19140507548397308732996595746	(37,23)
-0.18998008433010246438712489542	(37,24)
-0.18869645972012960377830945008	(37,25)
-0.1875820533246701037427153039	(37,26)
-0.1866608252325122686768754707	(37,27)
-0.1859523904813343837224801554	(37,28)
-0.1854716983866793587986845456	(37,29)
-0.185228819828274721530513413	(37,30)
-0.21411713438626321559700956753	(38,1)
-0.21411598073935878460538816821	(38,2)
-0.21410820155560487289687661282	(38,3)
-0.21408315569834563787191155808	(38,4)
-0.21402563148778530658161406381	(38,5)
-0.2139167264360237434239888457	(38,6)
-0.21373498130080374407795049595	(38,7)
-0.21345772637213710778347248029	(38,8)
-0.21306257962850255850345883864	(38,9)
-0.21252901733868710365953072279	(38,10)
-0.21183992109834498352559965539	(38,11)
-0.21098299502064213949088325635	(38,12)
-0.20995194642772025124788992985	(38,13)
-0.20874733524455560971197179988	(38,14)
-0.20737702161139253917361719814	(38,15)
-0.20585617572561108327419921762	(38,16)
-0.20420685403571598189805148849	(38,17)
-0.20245718567571575826948626974	(38,18)
-0.20064024639973576685429783649	(38,19)
-0.19879271948391543957221054931	(38,20)
-0.19695345161040484731595014899	(38,21)
-0.19516200677707777100976378766	(38,22)
-0.19345730524199198455841151633	(38,23)
-0.19187641136245991373097726531	(38,24)
-0.19045350834917773857510774329	(38,25)
-0.18921907341607016088399901988	(38,26)
-0.18819924652108103486812748	(38,27)
-0.1874153715518403653812785378	(38,28)
-0.1868836809214174668558005448	(38,29)
-0.186615092705495566725867042	(38,30)
-0.2184760832722450449630467692	(39,1)
-0.21847479612483318964087664764	(39,2)
-0.21846611675179749297305262634	(39,3)
-0.21843817289567220280965567767	(39,4)
-0.21837399413588377026363028027	(39,5)
-0.21825249618265941384221876755	(39,6)
-0.21804975158146617512805711596	(39,7)
-0.2177405003732734372506366841	(39,8)
-0.21729983300694884319734235415	(39,9)
-0.21670495540788028114990392523	(39,10)
-0.21593692647768761684021203255	(39,11)
-0.21498224606708555330433802429	(39,12)
-0.21383417094981233552711587715	(39,13)
-0.21249365033112473994871199188	(39,14)
-0.21096980118840978372036850786	(39,15)
-0.20927988444316532947981335453	(39,16)
-0.20744879002839709465588595154	(39,17)
-0.2055080851305989046739673829	(39,18)
-0.2034947180364049036059206854	(39,19)
-0.20144949454658402453376297125	(39,20)
-0.19941545211715552795516418539	(39,21)
-0.1974362492342353506338498526	(39,22)
-0.19555466724037050931247196925	(39,23)
-0.19381129378795107583934251868	(39,24)
-0.19224342659349046806800860992	(39,25)
-0.19088420783175932243545057264	(39,26)
-0.1897619766314498948230531409	(39,27)
-0.1888998114607748866885842265	(39,28)
-0.1883152260871385832293539647	(39,29)
-0.188019981614901107830015904	(39,30)
-0.22297035154400541813991671672	(40,1)
-0.22296892367647656652960572863	(40,2)
-0.22295929543625301369161136279	(40,3)
-0.22292829691484264048951677078	(40,4)
-0.22285710411030089031938413505	(40,5)
-0.22272233391182653006720719869	(40,6)
-0.22249745978077026299843754696	(40,7)
-0.22215449714783114331376607685	(40,8)
-0.2216658830085383442906905838	(40,9)
-0.22100644809091847830155472564	(40,10)
-0.2201553569342801799388688216	(40,11)
-0.21909787679002191381171709247	(40,12)
-0.21782683560243005675729788435	(40,13)
-0.21634364578120329033965642238	(40,14)
-0.21465880426882511929229914509	(40,15)
-0.21279182707484236035809587081	(40,16)
-0.21077063124732877798816549741	(40,17)
-0.20863043053721383429523651013	(40,18)
-0.20641225426055513549141103349	(40,19)
-0.20416122567912139737188442911	(40,20)
-0.20192474369734512668536168374	(40,21)
-0.19975070075619880003339237698	(40,22)
-0.19768584461289139947642230002	(40,23)
-0.19577435818167908728853845473	(40,24)
-0.19405669603016903497105644415	(40,25)
-0.19256868377500726705398772452	(40,26)
-0.1913408611111455042424804877	(40,27)
-0.190398032295789795412780157	(40,28)
-0.1897589797551698769648621996	(40,29)
-0.189436296145851121958275055	(40,30)
-0.22757452621917241775832209605	(41,1)
-0.22757295109998544392839690202	(41,2)
-0.22756232995464077687649769952	(41,3)
-0.22752813504324468379106844784	(41,4)
-0.22744960303241622420301523882	(41,5)
-0.22730094630896762990151374759	(41,6)
-0.22705292134765690712242698761	(41,7)
-0.22667469849910971116480131166	(41,8)
-0.22613594941905737873344136482	(41,9)
-0.22540903814722928794769238618	(41,10)
-0.22447117503597096589005579165	(41,11)
-0.22330637587364224889089454835	(41,12)
-0.22190706776714316634869888456	(41,13)
-0.22027520256397455823664303064	(41,14)
-0.21842277801147839910762764489	(41,15)
-0.21637172226306103235635046341	(41,16)
-0.21415316065409963907504604367	(41,17)
-0.21180614462568909556540448209	(41,18)
-0.20937597129920147159715063227	(41,19)
-0.20691225120536201557518202436	(41,20)
-0.20446688800831943649840897626	(41,21)
-0.20209211926444707024841005473	(41,22)
-0.19983873650149073966615554538	(41,23)
-0.1977545633557532661569164168	(41,24)
-0.19588322946429890501615630988	(41,25)
-0.1942632412683735514345370905	(41,26)
-0.1929273227466823905992603576	(41,27)
-0.1919019810719543749807978212	(41,28)
-0.1912072441709211630337887906	(41,29)
-0.190856517871768084890677121	(41,30)
-0.23226047293488982310353983792	(42,1)
-0.23225874487221401232292983215	(42,2)
-0.23224709244621850367761611739	(42,3)
-0.23220957765237289437008789985	(42,4)
-0.23212342315772698504467473664	(42,5)
-0.23196034495871120178956520712	(42,6)
-0.23168828035290381116981784975	(42,7)
-0.23127345084042746469637954987	(42,8)
-0.23068266750529159438094923854	(42,9)
-0.22988575172507526057516466851	(42,10)
-0.22885791311226290919392101969	(42,11)
-0.2275819070826575580803406002	(42,12)
-0.22604979355789964675483847263	(42,13)
-0.22426414061273239446075434142	(42,14)
-0.22223856252799199457218929807	(42,15)
-0.21999754564076222152004868812	(42,16)
-0.21757558797445718998914505274	(42,17)
-0.21501574782007464207158936317	(42,18)
-0.21236775066525275951300965396	(42,19)
-0.20968583490107251900991727569	(42,20)
-0.20702652146581610867692902639	(42,21)
-0.2044464732596214888441557854	(42,22)
-0.20200057319356008678133473421	(42,23)
-0.1997403036229144801905071076	(42,24)
-0.19771246308102832338068002859	(42,25)
-0.19595821537661835464037120482	(42,26)
-0.1945124354024224823401010883	(42,27)
-0.1934032970258270909633224415	(42,28)
-0.1926520407630726795718148383	(42,29)
-0.192272860880557305404121864	(42,30)
-0.2369975830438562900444508139	(43,1)
-0.23699569733511978039432999142	(43,2)
-0.23698298192364228458913975933	(43,3)
-0.23694204523190540938760648717	(43,4)
-0.23684803430360540345675266465	(43,5)
-0.23667009306646833197022799115	(43,6)
-0.236373255852529320895466193	(43,7)
-0.23592071097829278096732663223	(43,8)
-0.23527633290150952953563455872	(43,9)
-0.23440734190940947706695888937	(43,10)
-0.23328691486098562616184487131	(43,11)
-0.23189654813118938557446274369	(43,12)
-0.23022797293821890975820248104	(43,13)
-0.22828444895557061301437011497	(43,14)
-0.22608131459560882140561844905	(43,15)
-0.22364574555504899555805806101	(43,16)
-0.2210157558085538954821024986	(43,17)
-0.21823855316800921815135828372	(43,18)
-0.21536842151609337916273471948	(43,19)
-0.21246433468187214152382899167	(43,20)
-0.20958750954718321016865057095	(43,21)
-0.20679908147609832435684010718	(43,22)
-0.20415804134367610633774889174	(43,23)
-0.20171952027654580925066662091	(43,24)
-0.19953345531721095888547092713	(43,25)
-0.19764362399187586893093337433	(43,26)
-0.1960870025641540076440696442	(43,27)
-0.1948933830154088102512167204	(43,28)
-0.1940851766821466673377610809	(43,29)
-0.193677335853307293490932448	(43,30)
-0.24175307126348483628951976931	(44,1)
-0.24175102433935730706478653157	(44,2)
-0.24173722187901385081357808694	(44,3)
-0.24169278587467866371117423369	(44,4)
-0.24159074105511515521881137341	(44,5)
-0.2413976021316224434944422903	(44,6)
-0.24107543766017228798982406974	(44,7)
-0.24058434048211424183148346455	(44,8)
-0.23988519392155786541647234877	(44,9)
-0.23894257814889279574460420971	(44,10)
-0.23772762087329240468226777798	(44,11)
-0.23622057108971529945833993906	(44,12)
-0.234412873599407734208351439	(44,13)
-0.23230855148502010084411775969	(44,14)
-0.22992476362078698557573446969	(44,15)
-0.22729148748821158573348851579	(44,16)
-0.22445037083478267793478234273	(44,17)
-0.22145288282812707714044446981	(44,18)
-0.2183579612131742541716653896	(44,19)
-0.21522938640874804969715892298	(44,20)
-0.21213311347198824676127746239	(44,21)
-0.20913476255864524607313701676	(44,22)
-0.20629741726028243075682351817	(44,23)
-0.20367981956466590154366551917	(44,24)
-0.2013349910105095474218035077	(44,25)
-0.19930925998977105633626875627	(44,26)
-0.1976416396072291557382558976	(44,27)
-0.1963634802098917258891028659	(44,28)
-0.1954983143642921943183092968	(44,29)
-0.195061817043775734100463496	(44,30)
-0.24649232024966960238634841302	(45,1)
-0.24649010980884692976173502028	(45,2)
-0.24647520478641386500130570753	(45,3)
-0.24642721957934996791049686568	(45,4)
-0.24631702660780445701942001571	(45,5)
-0.24610847491659932168856599183	(45,6)
-0.24576062784911173762557774958	(45,7)
-0.24523044492696705648009170846	(45,8)
-0.24447578753831376942295372943	(45,9)
-0.24345857775048060734864534985	(45,10)
-0.24214789420827692379390430129	(45,11)
-0.24052276040818953413481361901	(45,12)
-0.23857437963896424020867096169	(45,13)
-0.23630760439292924011612373695	(45,14)
-0.23374149590498468211156842208	(45,15)
-0.23090892330086779608578001905	(45,16)
-0.22785525636000610184248468567	(45,17)
-0.22463630255263412954890103768	(45,18)
-0.22131571075759993548508808587	(45,19)
-0.21796209976793661341224521597	(45,20)
-0.21464616653010792193415492496	(45,21)
-0.21143799236102438966736344534	(45,22)
-0.20840470618769319215594315496	(45,23)
-0.20560859540472425806323946908	(45,24)
-0.20310568936244390374867233341	(45,25)
-0.2009447865457751704723833469	(45,26)
-0.1991668587872015625752258719	(45,27)
-0.1978047452267635499191421658	(45,28)
-0.1968830433855083208032104646	(45,29)
-0.196418111478043236722406074	(45,30)
-0.25117926743011858992870086662	(46,1)
-0.25117689256121737911001291445	(46,2)
-0.25116087883541777675831845983	(46,3)
-0.25110932470396056454153929526	(46,4)
-0.25099093857780571681570080888	(46,5)
-0.2507668900369410159709598415	(46,6)
-0.25039322330108855914463711208	(46,7)
-0.24982375331616362056817678332	(46,8)
-0.24901331432594803965484803479	(46,9)
-0.24792117472822977581333066269	(46,10)
-0.2465143813030679040250083588	(46,11)
-0.244770763856072534756093795	(46,12)
-0.24268133037972642744422432694	(46,13)
-0.24025182068575725130153683174	(46,14)
-0.23750326274613431254798302761	(46,15)
-0.23447148099914028303377000762	(46,16)
-0.23120562213902409262835553188	(46,17)
-0.22776587035890433537088961487	(46,18)
-0.22422060160933739055230336036	(46,19)
-0.22064326307787789748672376641	(46,20)
-0.21710925727217026234467040719	(46,21)
-0.21369306644538028511676375968	(46,22)
-0.21046578551335251527627683399	(46,23)
-0.20749315509461083949377957307	(46,24)
-0.20483411426062709644909220217	(46,25)
-0.20253983440414946123399826209	(46,26)
-0.2006531559453155286843138618	(46,27)
-0.1992083288592714024887585716	(46,28)
-0.1982309538497824676371146111	(46,29)
-0.197738029668001591913166968	(46,30)
-0.25577682847213058818506142837	(47,1)
-0.25577428975905225485485443325	(47,2)
-0.25575717127087408779935405407	(47,3)
-0.25570206094681516282085395643	(47,4)
-0.25557551115832319269015215072	(47,5)
-0.25533602255672384488922645516	(47,6)
-0.25493663369565906248439827167	(47,7)
-0.25432803209313739655620967135	(47,8)
-0.25346204679996453321341512895	(47,9)
-0.25229532048101354929822786523	(47,10)
-0.25079290275306913567290992729	(47,11)
-0.24893147100134515858801908993	(47,12)
-0.24670188407438184058413114597	(47,13)
-0.24411081668974096586918209111	(47,14)
-0.24118130749771691715003685282	(47,15)
-0.23795217040995202744254391644	(47,16)
-0.23447634715719642783405448341	(47,17)
-0.23081839543494326590031404225	(47,18)
-0.22705139031625808466786508042	(47,19)
-0.22325355384762242805881933644	(47,20)
-0.21950491678667875049319965289	(47,21)
-0.21588426539376085452447647245	(47,22)
-0.21246654987283954372699474764	(47,23)
-0.20932084631745094727008182471	(47,24)
-0.2065088855397760478758220711	(47,25)
-0.20408409991405112725092838512	(47,26)
-0.2020910979299164276152766979	(47,27)
-0.2005654555335625584885720773	(47,28)
-0.1995337105415680509467116613	(47,29)
-0.199013457114277337449052472	(47,30)
-0.26024735089868530249680563929	(48,1)
-0.26024465050598023670276279882	(48,2)
-0.26022644185413764463224340174	(48,3)
-0.26016782237358917353448316682	(48,4)
-0.26003321715000223321208075897	(48,5)
-0.25977849413321994582933713652	(48,6)
-0.25935372851181240344805147311	(48,7)
-0.25870652735790128726579113788	(48,8)
-0.25778576483447798661135710522	(48,9)
-0.25654551006914381091735794588	(48,10)
-0.25494886785539925024827271961	(48,11)
-0.25297141328340177049549240687	(48,12)
-0.25060390075646980360892736513	(48,13)
-0.24785397506165865006468347042	(48,14)
-0.2447467064053215248186989893	(48,15)
-0.24132389993561071080452893436	(48,16)
-0.23764227093924312530989379091	(48,17)
-0.23377070326368279434544266528	(48,18)
-0.22978689737649416819138206063	(48,19)
-0.22577375195013832884960071306	(48,20)
-0.22181580735361008952598972425	(48,21)
-0.21799602062082500797320784417	(48,22)
-0.21439305620318455104520965033	(48,23)
-0.21107918380724636150374894775	(48,24)
-0.20811878981619576205833903271	(48,25)
-0.20556744268539884195304808269	(48,26)
-0.2034714097558167602719864936	(48,27)
-0.2018675026410147393481980754	(48,28)
-0.2007831270684396705109594908	(48,29)
-0.200236425863936589720707509	(48,30)
-0.2645530906253849058487034428	(49,1)
-0.26455023236044026482213737276	(49,2)
-0.26453095922056536556663999415	(49,3)
-0.26446891327183762916172806883	(49,4)
-0.26432644266100008938076467576	(49,5)
-0.26405684553443898773912334399	(49,6)
-0.26360730591216320004769287169	(49,7)
-0.26292242823018340706167318424	(49,8)
-0.26194821120231403418095575181	(49,9)
-0.26063622727721113842435595347	(49,10)
-0.25894770628889831599787101006	(49,11)
-0.2568571792885618069489513463	(49,12)
-0.25435533813440321015387690015	(49,13)
-0.25145081854227122751185420137	(49,14)
-0.24817071784793642988204208464	(49,15)
-0.24455979944762982089386003776	(49,16)
-0.24067848890851145831220236949	(49,17)
-0.23659990297240571747536803138	(49,18)
-0.23240624682433338057316783231	(49,19)
-0.22818495237067309728169629849	(49,20)
-0.22402490987613878961143296397	(49,21)
-0.22001307849083489432755158322	(49,22)
-0.21623166690098331727643806262	(49,23)
-0.21275597413300642705844985365	(49,24)
-0.20965288960160075474107239778	(49,25)
-0.20697998176765329156691137144	(49,26)
-0.2047850605548763886169561722	(49,27)
-0.2031060789063723797656461188	(49,28)
-0.2019712392233706757123790001	(49,29)
-0.2013991853859550286649909	(49,30)
-0.26865670358722304803947628816	(50,1)
-0.26865369293651102107590481898	(50,2)
-0.2686333923054506819426644931	(50,3)
-0.26856803901405537629222695764	(50,4)
-0.26841797667851985761826624355	(50,5)
-0.26813402377034286974729377364	(50,6)
-0.26766057581566962801972345103	(50,7)
-0.26693934376462101382237015944	(50,8)
-0.26591355978503344791548062988	(50,9)
-0.26453240120149149335300559997	(50,10)
-0.26275530991553660361177737606	(50,11)
-0.26055583851815766576069612099	(50,12)
-0.25792465418251556955674548056	(50,13)
-0.2548713885259472121713241666	(50,14)
-0.25142513452484681247899886696	(50,15)
-0.24763354436432141476242742835	(50,16)
-0.2435606473663312909271331178	(50,17)
-0.23928365300652767398238134367	(50,18)
-0.23488910315568516749949785251	(50,19)
-0.23046877463419975507849095205	(50,20)
-0.22611570764051458734415714066	(50,21)
-0.22192066068359616030400822655	(50,22)
-0.2179691893681322640274149111	(50,23)
-0.2143394371647851691173093506	(50,24)
-0.21110062948496824161148294308	(50,25)
-0.20831218931476349247502150314	(50,26)
-0.2060233474107133549935071074	(50,27)
-0.204273100975398111628991771	(50,28)
-0.203090376807570648444670038	(50,29)
-0.20249427203296984405511528	(50,30)
-0.27252174417349383299137280892	(51,1)
-0.27251858831064377214245204637	(51,2)
-0.27249730856078605265867215193	(51,3)
-0.27242880366310490679478318726	(51,4)
-0.27227150727184849114008336374	(51,5)
-0.27197387564734408751370926698	(51,6)
-0.27147764905097914203608675644	(51,7)
-0.27072178543538447103130559116	(51,8)
-0.26964688864755648079310722035	(51,9)
-0.26819986679361573730669964547	(51,10)
-0.266338477436763325881112194	(51,11)
-0.26403536675099019615891263814	(51,12)
-0.26128120996292361600092096164	(51,13)
-0.25808662246868909124142453255	(51,14)
-0.25448263314334660677878936173	(51,15)
-0.25051967602919964528616933365	(51,16)
-0.24626523378086353268506025627	(51,17)
-0.24180042138085463896970256797	(51,18)
-0.2372159023831051839651532366	(51,19)
-0.23260756619648410435317861497	(51,20)
-0.2280723641293827657946448017	(51,21)
-0.22370461891476586884314307946	(51,22)
-0.21959301036791362036562677177	(51,23)
-0.21581832290068536164093874929	(51,24)
-0.21245193826173252479072677121	(51,25)
-0.20955498076653438778420201642	(51,26)
-0.207177976216948528844760178	(51,27)
-0.2053608674359936212087391287	(51,28)
-0.2041332331738703988347395532	(51,29)
-0.203514576371181592561976025	(51,30)
-0.27611316190318328080403061269	(52,1)
-0.27610986966726872355841410482	(52,2)
-0.27608767040005526035855024784	(52,3)
-0.27601620577082984471598439307	(52,4)
-0.27585211590894618348106983468	(52,5)
-0.27554163928709015109550089015	(52,6)
-0.27502402422929895302613597691	(52,7)
-0.27423564697727837560643329286	(52,8)
-0.27311464997308038379559736287	(52,9)
-0.27160582163323050590772540339	(52,10)
-0.26966535452725556806527129918	(52,11)
-0.2672650660447192868294147182	(52,12)
-0.26439566621165365257712612219	(52,13)
-0.26106872421268418566174280709	(52,14)
-0.25731711627007629672784838517	(52,15)
-0.25319391365837999605592989079	(52,16)
-0.24876985825860388159636956133	(52,17)
-0.24412973696530800396274675307	(52,18)
-0.23936807422165458349156980231	(52,19)
-0.23458459729037486921032714761	(52,20)
-0.22987989280707921877641334591	(52,21)
-0.22535158228839084018199489627	(52,22)
-0.22109122376162736404681030971	(52,23)
-0.21718202245483698522551382106	(52,24)
-0.2136973259847462068504836173	(52,25)
-0.21069980064838138326580367963	(52,26)
-0.2082411387503450387352590384	(52,27)
-0.2063621295233971256291696932	(52,28)
-0.2050929317769014302503633815	(52,29)
-0.204453407681288314941374486	(52,30)
-0.27939778766007138969165138915	(53,1)
-0.27939436950321467683629502934	(53,2)
-0.27937132119579322954372405578	(53,3)
-0.27929712371002773164929978258	(53,4)
-0.27912676126214643705315647358	(53,5)
-0.27880442505183080147237920959	(53,6)
-0.27826706388972018167761348503	(53,7)
-0.27744867330323562217997023636	(53,8)
-0.27628512881248294118052569697	(53,9)
-0.27471927119328759194257197687	(53,10)
-0.2727058620976981880499342066	(53,11)
-0.27021597249214698737695485443	(53,12)
-0.26724036733730100977924585559	(53,13)
-0.26379152146168678201607306075	(53,14)
-0.25990404120092334792656592764	(53,15)
-0.25563345334489616611100154722	(53,16)
-0.25105352230871184073916617497	(53,17)
-0.2462524285052128146009304708	(53,18)
-0.24132825264529338185500403268	(53,19)
-0.23638424494334895921877164651	(53,20)
-0.23152431699876301382826634779	(53,21)
-0.2268490957372145564687949293	(53,22)
-0.22245275034595832487499066944	(53,23)
-0.21842067212886143672246141972	(53,24)
-0.21482797500840606031349150378	(53,25)
-0.21173870316608509785678344805	(53,26)
-0.2092055852065215604286485096	(53,27)
-0.2072701578024733225513574147	(53,28)
-0.2059630890494177954657073476	(53,29)
-0.205304554961779923910611021	(53,30)
-0.28234480087083059178045742704	(54,1)
-0.28234126877500213763685422332	(54,2)
-0.28231745221919380014089776573	(54,3)
-0.28224078194585464336665912897	(54,4)
-0.28206474394751935237207263946	(54,5)
-0.28173167739343831282119700681	(54,6)
-0.28117645155411978355119792254	(54,7)
-0.28033091031615522624252613293	(54,8)
-0.27912888271907850514592978317	(54,9)
-0.27751145500148315521192223559	(54,10)
-0.2754321055049115065053193645	(54,11)
-0.27286124504367294402739675407	(54,12)
-0.26978970670389436898982055361	(54,13)
-0.26623080488974757925883725706	(54,14)
-0.26222073097154346249457475579	(54,15)
-0.25781724988591120981357505899	(54,16)
-0.25309687129015009094043853268	(54,17)
-0.24815084834852310281972427625	(54,18)
-0.24308047230986407833897336414	(54,19)
-0.23799216411612444440746686766	(54,20)
-0.23299281819200879011883491871	(54,21)
-0.22818574818391453217269561	(54,22)
-0.22366744865977705051777702493	(54,23)
-0.21952524961048927348172742125	(54,24)
-0.21583582419415004679929995953	(54,25)
-0.21266442684839256724300166041	(54,26)
-0.2100646915057160625146123195	(54,27)
-0.2080788041677035747463190761	(54,28)
-0.2067378729636603955358616261	(54,29)
-0.206062343801490463736826615	(54,30)
-0.2849261692509845084308795278	(55,1)
-0.28492253661468588660586178171	(55,2)
-0.28489804215291607211179506424	(55,3)
-0.28481918989542023011020131109	(55,4)
-0.28463814388699374981652830742	(55,5)
-0.28429560939114603953732871762	(55,6)
-0.28372462158233554701983188698	(55,7)
-0.28285512769467727786860715834	(55,8)
-0.28161915461185525993950786732	(55,9)
-0.27995624638638750414412714269	(55,10)
-0.27781875782659330030144016635	(55,11)
-0.27517652901975331458926042081	(55,12)
-0.27202046739357288706623206589	(55,13)
-0.26836464369691235266705207101	(55,14)
-0.26424666296286377301276708272	(55,15)
-0.25972627752514993542920906289	(55,16)
-0.25488242724450931815270356051	(55,17)
-0.2498090781448135936828563853	(55,18)
-0.24461034860508682553194533392	(55,19)
-0.23939544414862819514829806782	(55,20)
-0.2342738712943372825535896029	(55,21)
-0.2293512892299244933682338436	(55,22)
-0.22472621577311426079841582664	(55,23)
-0.22048766146070379475833462391	(55,24)
-0.21671364554073621688638375907	(55,25)
-0.21347046256715070089557990128	(55,26)
-0.2108125207386715716481998815	(55,27)
-0.2087825585537511527049108099	(55,28)
-0.207412056682249483441178425	(55,29)
-0.206721688530619049961404642	(55,30)
-0.28711705315904051632598608711	(56,1)
-0.28711333465538287800214790889	(56,2)
-0.28708826122376871765285305787	(56,3)
-0.28700754544008039699438636209	(56,4)
-0.28682222239857533684872944522	(56,5)
-0.28647160216020002609861195792	(56,6)
-0.28588715413679111235352258576	(56,7)
-0.28499720715272636475896966411	(56,8)
-0.2837322516324462985427337349	(56,9)
-0.28203051892038174709314887808	(56,10)
-0.27984341074165462722401314194	(56,11)
-0.27714028835858549651672926984	(56,12)
-0.27391213306002904014882090685	(56,13)
-0.27017367282992506220121269151	(56,14)
-0.26596373094372272022304075859	(56,15)
-0.26134376606813791119634279017	(56,16)
-0.25639479915466088058628849607	(56,17)
-0.25121311408580557983096186347	(56,18)
-0.2459052393678710988143227274	(56,19)
-0.24058274893355875183945402068	(56,20)
-0.235357365579124110324179087	(56,21)
-0.23033673334494569843468473778	(56,22)
-0.22562107720858696688679677725	(56,23)
-0.22130082116365694046316876011	(56,24)
-0.21745511259538188430641636955	(56,25)
-0.21415111434144294981675316955	(56,26)
-0.2114438781875878973939625383	(56,27)
-0.20937659980595570603110327	(56,28)
-0.2079810667542610979328134784	(56,29)
-0.207278139108036934904051832	(56,30)
-0.28889616718084969464714939064	(57,1)
-0.28889237858934269432786410651	(57,2)
-0.28886683258354686178955760236	(57,3)
-0.28878459573612280853222441813	(57,4)
-0.28859578170024471079852699268	(57,5)
-0.28823856189205993936576424994	(57,6)
-0.28764312814111157171279236763	(57,7)
-0.28673648924317101992304396969	(57,8)
-0.28544788332439347451600408022	(57,9)
-0.28371447322456841331630792604	(57,10)
-0.28148688709614128149785778018	(57,11)
-0.27873410116472197087670655563	(57,12)
-0.27544716398057140647872915254	(57,13)
-0.27164134755399521415673537235	(57,14)
-0.26735647682684981409207649306	(57,15)
-0.26265540922352852824283333631	(57,16)
-0.2576208680235784874113856868	(57,17)
-0.25235102956836730304365840453	(57,18)
-0.24695438655766168138120526417	(57,19)
-0.24154443946544129438403223417	(57,20)
-0.23623471024269209963461816141	(57,21)
-0.23113445068783096468068952769	(57,22)
-0.22634526527541053224864148423	(57,23)
-0.22195871712089966329095537376	(57,24)
-0.2180548600914678047825559428	(57,25)
-0.21470155240852687645776593954	(57,26)
-0.2119543594238364354953308796	(57,27)
-0.2098568402203664973737915554	(57,28)
-0.2084410253684123872885290607	(57,29)
-0.20772792225708206553436908	(57,30)
-0.29024609230292329424076592931	(58,1)
-0.29024225031804552033777494651	(58,2)
-0.29021634430260131329324603855	(58,3)
-0.29013294870480716076209073458	(58,4)
-0.28994147524600118716062472787	(58,5)
-0.28957922801515515344934632689	(58,6)
-0.28897542583811500967302483408	(58,7)
-0.28805607248532999197007427255	(58,8)
-0.28674945315635676786502766873	(58,9)
-0.28499191847202917545445226996	(58,10)
-0.28273350987790242012258397315	(58,11)
-0.27994291373307695603761106847	(58,12)
-0.27661123398283902587689488879	(58,13)
-0.27275416158380191107622496398	(58,14)
-0.26841228888615109390641645184	(58,15)
-0.26364954244256421889503570748	(58,16)
-0.25854994453272204030577233019	(58,17)
-0.2532131134735766764770385342	(58,18)
-0.24774903645797122370628993691	(58,19)
-0.24227267763202288470225742307	(58,20)
-0.23689892367564326946609889353	(58,21)
-0.23173824383736976647536659298	(58,22)
-0.22689328521786351477849345781	(58,23)
-0.22245647007296387477508880161	(58,24)
-0.2185085343449361583822350621	(58,25)
-0.21511785812003195518153997801	(58,26)
-0.2123403910524595587168317852	(58,27)
-0.2102199633265289542674691078	(58,28)
-0.2087887862361260736425502386	(58,29)
-0.208067976421626348929800045	(58,30)
-0.29115353291016473268227372499	(59,1)
-0.2911496549304665801900809323	(59,2)
-0.2911235062168623271893446642	(59,3)
-0.29103932945721871790923867262	(59,4)
-0.29084606318324205811578086265	(59,5)
-0.29048042682880984973940684191	(59,6)
-0.28987098340437839659246480083	(59,7)
-0.28894305943006817509887209701	(59,8)
-0.28762429821996588663150949298	(59,9)
-0.28585050370188334527768914387	(59,10)
-0.28357132305795247750380034575	(59,11)
-0.28075524890822400598500960809	(59,12)
-0.27739342455118533428011954214	(59,13)
-0.27350182554895901112635939754	(59,14)
-0.2691215636850464495600118868	(59,15)
-0.26431728796437035297693156914	(59,16)
-0.25917389741059433474199132747	(59,17)
-0.25379198256625116935782935463	(59,18)
-0.24828253722459673391960430999	(59,19)
-0.24276151032394533421921650485	(59,20)
-0.23734470572115598501073333574	(59,21)
-0.23214340984957866884368654009	(59,22)
-0.22726096869385335781144667579	(59,23)
-0.2227903795272276400639698544	(59,24)
-0.21881283402483688574498055063	(59,25)
-0.21539706029681010093135753228	(59,26)
-0.2125992637431175808454283775	(59,27)
-0.2104634545527638920914160156	(59,28)
-0.20902196374210335684769741	(59,29)
-0.208295980178351620783025485	(59,30)
-0.29160951384218407902342735795	(60,1)
-0.29160561774425236896719987579	(60,2)
-0.29157934686696175256568543879	(60,3)
-0.29149477690511314364624925981	(60,4)
-0.29130060821134231384762865882	(60,5)
-0.29093326594412893937459009117	(60,6)
-0.29032098304405537909206339123	(60,7)
-0.28938874521811640554653677971	(60,8)
-0.28806387284202995669318490424	(60,9)
-0.28628189492260076551867080691	(60,10)
-0.28399226056918861577495632656	(60,11)
-0.28116336538881502222981807879	(60,12)
-0.27778637309706872932385337759	(60,13)
-0.27387740317250552527508855703	(60,14)
-0.26947782949061219973630000891	(60,15)
-0.26465266522232761179180229785	(60,16)
-0.25948725101611004977805447529	(60,17)
-0.25408266682638058169974821027	(60,18)
-0.24855041284942321832681212673	(60,19)
-0.24300693313780195908893351493	(60,20)
-0.23756849235249145977351543728	(60,21)
-0.23234678718706241495047904258	(60,22)
-0.22744551420572671162561935871	(60,23)
-0.22295795886181693970901888028	(60,24)
-0.21896554099400352673334507231	(60,25)
-0.2155371627500704130161168546	(60,26)
-0.2127291572578809301601093906	(60,27)
-0.2105856244826803972024515882	(60,28)
-0.2091389550683070273784991765	(60,29)
-0.208410373809205735472567959	(60,30)