kuu1321_(sigma,mu)
-1.71433037731811200034e-9	(1,1)
-1.540021674242424934526e-8	(1,2)
-4.261141476758087838081e-8	(1,3)
-8.299339631065393421697e-8	(1,4)
-1.3593630876076808482403e-7	(1,5)
-2.0049576498819257370189e-7	(1,6)
-2.7530953991948083292864e-7	(1,7)
-3.5852590520922863071552e-7	(1,8)
-4.4775944938102457923551e-7	(1,9)
-5.4008841084576603129338e-7	(1,10)
-6.321039357265302905712e-7	(1,11)
-7.2001659597765454601132e-7	(1,12)
-7.9981946272981102213308e-7	(1,13)
-8.6750063563288010688156e-7	(1,14)
-9.1929204477357267668495e-7	(1,15)
-9.5193621754067043760568e-7	(1,16)
-9.6294910906869668852212e-7	(1,17)
-9.508554636744934377425e-7	(1,18)
-9.1537375386368970780188e-7	(1,19)
-8.5753056855204455695908e-7	(1,20)
-7.7968920881212186364053e-7	(1,21)
-6.8548380758669411568192e-7	(1,22)
-5.7965795778488359055715e-7	(1,23)
-4.6781492934907876910295e-7	(1,24)
-3.5609434229146862659962e-7	(1,25)
-2.5079691493143781318202e-7	(1,26)
-1.5798398300531992087029e-7	(1,27)
-8.308138912011275759242e-8	(1,28)
-3.051776973462318364453e-8	(1,29)
-3.42513897232956718025e-9	(1,30)
-1.550665826431394566903e-8	(2,1)
-1.3929981138421727553074e-7	(2,2)
-3.8543366872417759878346e-7	(2,3)
-7.5070141096829696618475e-7	(2,4)
-1.22958672739320594632508e-6	(2,5)
-1.81354733515873730776971e-6	(2,6)
-2.49026147275747263296021e-6	(2,7)
-3.24297966399502808589336e-6	(2,8)
-4.05012509726277385411529e-6	(2,9)
-4.88526950268488948753348e-6	(2,10)
-5.71757870647373729358695e-6	(2,11)
-6.51277612363782655619153e-6	(2,12)
-7.23461781122377948806427e-6	(2,13)
-7.84681486683758881364274e-6	(2,14)
-8.31528392353288752465861e-6	(2,15)
-8.61056014202379163840074e-6	(2,16)
-8.71017459471828045288761e-6	(2,17)
-8.60078318144699214017208e-6	(2,18)
-8.27983945587117379284948e-6	(2,19)
-7.75662929568021151309655e-6	(2,20)
-7.05252955161494758738725e-6	(2,21)
-6.20041213110173746853784e-6	(2,22)
-5.24318433170827039609741e-6	(2,23)
-4.23152947196509317389017e-6	(2,24)
-3.22098229725573772486489e-6	(2,25)
-2.26853471393033210128687e-6	(2,26)
-1.4290133220480762003325e-6	(2,27)
-7.5149648219674821731671e-7	(2,28)
-2.7604252003745466553258e-7	(2,29)
-3.098142457719978207773e-8	(2,30)
-4.350772143807835881329e-8	(3,1)
-3.9083968221706736651214e-7	(3,2)
-1.08142840108609384938887e-6	(3,3)
-2.10627635095887433890206e-6	(3,4)
-3.4499061397425703873902e-6	(3,5)
-5.08835023221466764193722e-6	(3,6)
-6.98703678728415289424119e-6	(3,7)
-9.09897086281976469664048e-6	(3,8)
-0.00001136361318225435585943372	(3,9)
-0.00001370681246796041631807032	(3,10)
-0.00001604205558749600317974734	(3,11)
-0.00001827317092073924345603078	(3,12)
-0.00002029846704853248502366679	(3,13)
-0.00002201612658172043923600047	(3,14)
-0.00002333052053529833872119148	(3,15)
-0.0000241589786040448644384902	(3,16)
-0.00002443845949247065041038686	(3,17)
-0.00002413152405887462740119204	(3,18)
-0.00002323102874055229225981895	(3,19)
-0.00002176302843501609764888876	(3,20)
-0.00001978750204087471146627101	(3,21)
-0.00001739668030828824759741295	(3,22)
-0.00001471095025718241200797851	(3,23)
-0.00001187251589084282064252421	(3,24)
-9.03719253431354723232507e-6	(3,25)
-6.36488347738273267666384e-6	(3,26)
-4.00941641970970680770719e-6	(3,27)
-2.10849089447495679750442e-6	(3,28)
-7.7449868890282868390988e-7	(3,29)
-8.692527015865148331523e-8	(3,30)
-8.655712401126706810302e-8	(4,1)
-7.7756218186474096055604e-7	(4,2)
-2.15146480727366572812576e-6	(4,3)
-4.19036465422678388295417e-6	(4,4)
-6.86346976354761476355076e-6	(4,5)
-0.00001012309707783445896650054	(4,6)
-0.00001390046628432592364773789	(4,7)
-0.00001810208131607756315629724	(4,8)
-0.00002260749969821071626899639	(4,9)
-0.0000272691980306171333744151	(4,10)
-0.00003191505933478123366008607	(4,11)
-0.00003635375165160398691084863	(4,12)
-0.00004038296224864308354621856	(4,13)
-0.00004380012891101490050212628	(4,14)
-0.00004641500256400207304531885	(4,15)
-0.00004806311673756949478732921	(4,16)
-0.0000486190579449618149581612	(4,17)
-0.00004800834872767103980208747	(4,18)
-0.00004621678442814953416137568	(4,19)
-0.00004329620747314280541225842	(4,20)
-0.00003936594976286108273690127	(4,21)
-0.00003460950494828306699788152	(4,22)
-0.00002926637956760481941847624	(4,23)
-0.00002361948077575301272972621	(4,24)
-0.00001797879147612294616301389	(4,25)
-0.00001266242448330787548171457	(4,26)
-7.97640353159162245667118e-6	(4,27)
-4.19466543377803384248356e-6	(4,28)
-1.54079919211030751400509e-6	(4,29)
-1.7293037429842553777488e-7	(4,30)
-1.4591758947225449143489e-7	(5,1)
-1.31081063843850741011212e-6	(5,2)
-3.62692911317823657922432e-6	(5,3)
-7.06409640707070940727612e-6	(5,4)
-0.00001157040273165494429347287	(5,5)
-0.00001706546239046059366913707	(5,6)
-0.00002343332265707051452967427	(5,7)
-0.00003051636346047690847307683	(5,8)
-0.00003811153696642911776733232	(5,9)
-0.00004597014121290394166290177	(5,10)
-0.00005380201414365515619619796	(5,11)
-0.00006128460216023633619227799	(5,12)
-0.00006807684298511535580977175	(5,13)
-0.00007383725819356997786210035	(5,14)
-0.00007824513275562750200560964	(5,15)
-0.00008102322270676678287286977	(5,16)
-0.00008196012623128298188747106	(5,17)
-0.00008093031478589183756463904	(5,18)
-0.00007790987049425994929233779	(5,19)
-0.00007298621688233111419764827	(5,20)
-0.00006636054633957687592066606	(5,21)
-0.00005834220619253728254432248	(5,22)
-0.00004933495808493664374550032	(5,23)
-0.00003981571440404811160718677	(5,24)
-0.00003030701795402392006523775	(5,25)
-0.0000213451053309746361783115	(5,26)
-0.00001344582596924626064476182	(5,27)
-7.070935421007654555521e-6	(5,28)
-2.59731738702352435081806e-6	(5,29)
-2.9150766376555200723606e-7	(5,30)
-2.2324522500844319277254e-7	(6,1)
-2.00546223191006990528616e-6	(6,2)
-5.54898543632977836997673e-6	(6,3)
-0.00001080764558250179310239749	(6,4)
-0.00001770202129545371879625442	(6,5)
-0.00002610912190086960689659694	(6,6)
-0.00003585153725251886018636469	(6,7)
-0.00004668810383343666828430452	(6,8)
-0.00005830815155952162839191621	(6,9)
-0.00007033115863930216680846235	(6,10)
-0.00008231317076233528735614796	(6,11)
-0.00009376067936186934406469756	(6,12)
-0.00010415186647769311054480934	(6,13)
-0.00011296429044538979272209465	(6,14)
-0.0001197072938228526020393528	(6,15)
-0.00012395674744300729747250698	(6,16)
-0.00012538927666815880748558679	(6,17)
-0.00012381290413177584500787685	(6,18)
-0.00011919111971179093968592522	(6,19)
-0.00011165775765210347515854406	(6,20)
-0.00010152069838999905496559112	(6,21)
-0.00008925326767021191985437238	(6,22)
-0.00007547320453807581291694768	(6,23)
-0.00006091012386985610771787217	(6,24)
-0.00004636341208697355164229243	(6,25)
-0.00003265337240236590489457896	(6,26)
-0.00002056909507741577830918387	(6,27)
-0.00001081690438843529675324152	(6,28)
-3.97328818034798258636995e-6	(6,29)
-4.4593799122191520602109e-7	(6,30)
-3.2050547467503361827833e-7	(7,1)
-2.879172980660103717449e-6	(7,2)
-7.96648667846876284188977e-6	(7,3)
-0.00001551616091760897395423318	(7,4)
-0.00002541416714851977180099761	(7,5)
-0.00003748391897533319364121465	(7,6)
-0.00005147069208808939084730633	(7,7)
-0.00006702822201854739852144262	(7,8)
-0.00008371044452399309878512605	(7,9)
-0.00010097100294548121223929351	(7,10)
-0.00011817247022358285502508093	(7,11)
-0.00013460628291741508077131204	(7,12)
-0.00014952325359309605841706553	(7,13)
-0.00016217333076963463830793325	(7,14)
-0.00017185213671298342753250015	(7,15)
-0.00017795085472314501040556689	(7,16)
-0.00018000536616719256174036267	(7,17)
-0.00017774023429032938386915622	(7,18)
-0.0001711032429809206189127971	(7,19)
-0.00016028673037398658733699706	(7,20)
-0.00014573287431746025380318096	(7,21)
-0.0001281213155797759149044248	(7,22)
-0.00010833893953764164122760865	(7,23)
-0.00008743315004577720378319704	(7,24)
-0.00006655142220279580388453498	(7,25)
-0.00004687117870226039269664362	(7,26)
-0.00002952497818275108265139002	(7,27)
-0.00001552654157729490983191759	(7,28)
-5.70321823693764218501335e-6	(7,29)
-6.400935905327704246724e-7	(7,30)
-4.3981591527980204098617e-7	(8,1)
-3.95096553931188773036192e-6	(8,2)
-0.00001093206701301352322774389	(8,3)
-0.0000212921550824482354027927	(8,4)
-0.00003487474058443361904742825	(8,5)
-0.00005143747436524238170909549	(8,6)
-0.00007063076142240906528894767	(8,7)
-0.00009197936560614537722421718	(8,8)
-0.00011487107540854532042493711	(8,9)
-0.00013855603396700641237351895	(8,10)
-0.00016215940711844943970241711	(8,11)
-0.00018470875795688463505323538	(8,12)
-0.00020517594267620740471629449	(8,13)
-0.00022253169787776456187157241	(8,14)
-0.00023580952523152955510460381	(8,15)
-0.0002441741632246240425264439	(8,16)
-0.00024698901489866378205977292	(8,17)
-0.00024387648614854759967617537	(8,18)
-0.00023476534457148563940788263	(8,19)
-0.00021991994207671446115812771	(8,20)
-0.00019994740659732666177292697	(8,21)
-0.00017578059734038230580290072	(8,22)
-0.00014863658829523406930577404	(8,23)
-0.00011995252020896593239113488	(8,24)
-0.00009130265240259005310285775	(8,25)
-0.00006430216762151555870188716	(8,26)
-0.00004050457274847420327629095	(8,27)
-0.00002130027057216046395248822	(8,28)
-7.82397756728131134305008e-6	(8,29)
-8.7811151790489903796051e-7	(8,30)
-5.8320925439778699216968e-7	(9,1)
-5.23910015429520523860951e-6	(9,2)
-0.00001449625091599159405805224	(9,3)
-0.00002823403071160335944300304	(9,4)
-0.00004624490615983814918544539	(9,5)
-0.00006820746339277306432085071	(9,6)
-0.00009365803840015781024843694	(9,7)
-0.00012196631678355677270029792	(9,8)
-0.00015232030445468412730149471	(9,9)
-0.00018372545063304729310364737	(9,10)
-0.00021502147084100874626483133	(9,11)
-0.00024491868419595006332679015	(9,12)
-0.00027205361590984189374816751	(9,13)
-0.00029506143176885947616753228	(9,14)
-0.00031266069436052503717701843	(9,15)
-0.00032374418433360235352903946	(9,16)
-0.00032746830985850086983702972	(9,17)
-0.00032333308139754175423721511	(9,18)
-0.00031124484047393204125629086	(9,19)
-0.00029155491018343468787405689	(9,20)
-0.00026506901558883922676671936	(9,21)
-0.00023302456720108695186568833	(9,22)
-0.00019703551582803497589167132	(9,23)
-0.00015900723792168054566048382	(9,24)
-0.00012102654569967500414512757	(9,25)
-0.00008523419108741880809378717	(9,26)
-0.00005368893241281693410080291	(9,27)
-0.00002823319383089209539333039	(9,28)
-0.00001037047177815079804767821	(9,29)
-1.16390779715804192755088e-6	(9,30)
-7.523266556787324379983e-7	(10,1)
-6.75831973428782391098917e-6	(10,2)
-0.00001869983042282067572783552	(10,3)
-0.00003642123355645739009788964	(10,4)
-0.0000596547740955325084421488	(10,5)
-0.00008798574592490640061135226	(10,6)
-0.00012081587590955608271375957	(10,7)
-0.00015733183506917838219539808	(10,8)
-0.0001964858514900489583649858	(10,9)
-0.00023699459889595323378620754	(10,10)
-0.00027736094099172643222574062	(10,11)
-0.00031592087144002155118523304	(10,12)
-0.00035091532208554844363497115	(10,13)
-0.00038058368873852984289268295	(10,14)
-0.00040327323983610297264532424	(10,15)
-0.0004175563182651280901867621	(10,16)
-0.00042234567434257339398793434	(10,17)
-0.00041699756939058574537049646	(10,18)
-0.00040139257183262474156883144	(10,19)
-0.00037598524248086230966859865	(10,20)
-0.00034181608511342998362357072	(10,21)
-0.00030048204365776774261403009	(10,22)
-0.00025406520485903293322312969	(10,23)
-0.00020502291153472105582677415	(10,24)
-0.0001560458817390956650282673	(10,25)
-0.00010989384894447356299060132	(10,26)
-0.00006922041344978244009811777	(10,27)
-0.00003640001746335533567345016	(10,28)
-0.00001337010289467203209881988	(10,29)
-1.50055563815320207622973e-6	(10,30)
-9.4807086808730293778748e-7	(11,1)
-8.51673383148437958933529e-6	(11,2)
-0.00002356524329631995400175029	(11,3)
-0.00004589745986954567274934601	(11,4)
-0.00007517589518721569211676152	(11,5)
-0.00011087779795823436022315269	(11,6)
-0.00015224897918589365400014384	(11,7)
-0.00019826410930319024959055921	(11,8)
-0.00024760228747108335489492748	(11,9)
-0.00029864567316228816758324674	(11,10)
-0.00034950695774247308383679745	(11,11)
-0.00039808862381320224696530984	(11,12)
-0.00044217356991960563836214122	(11,13)
-0.00047954311093413755211184512	(11,14)
-0.00050811497449753400872191425	(11,15)
-0.0005260910687356780418456642	(11,16)
-0.00053210281777172997990718592	(11,17)
-0.00052534099072099668335963707	(11,18)
-0.00050565732132343479434549378	(11,19)
-0.00047362684084453860174965662	(11,20)
-0.00043056261234541600036058719	(11,21)
-0.00037847823025799898236715806	(11,22)
-0.00031999771223429989564665187	(11,23)
-0.00025821687533114764355450064	(11,24)
-0.00019652454621822556922427576	(11,25)
-0.00013839561093127490630296123	(11,26)
-0.00008717062214286766199853054	(11,27)
-0.00004583819398213235269195371	(11,28)
-0.00001683657698056367135080944	(11,29)
-1.88959042212393421760658e-6	(11,30)
-1.17026783434181830995124e-6	(12,1)
-0.00001051277879514897689421674	(12,2)
-0.00002908816199082797171581251	(12,3)
-0.0000566542745546302540572603	(12,4)
-0.00009279442927805368167879238	(12,5)
-0.0001368631387845720560989372	(12,6)
-0.00018792907037338378654598854	(12,7)
-0.00024472600600971575676234276	(12,8)
-0.0003056226868431768597376718	(12,9)
-0.00036862117309026305135723335	(12,10)
-0.00043139086009610034498395989	(12,11)
-0.0004913417878185869489574376	(12,12)
-0.00054573670735511892828929186	(12,13)
-0.00059183695046990382034021462	(12,14)
-0.00062707295210901848983885122	(12,15)
-0.00064922675877438030911088195	(12,16)
-0.00065661141730180794662457067	(12,17)
-0.00064823107813761138785570375	(12,18)
-0.00062390612931622695822527921	(12,19)
-0.00058434971276971887482294362	(12,20)
-0.0005311854170321764550771176	(12,21)
-0.00046690050002373346701953738	(12,22)
-0.00039473426777516402000506431	(12,23)
-0.00031850674061304161591562396	(12,24)
-0.00024239797140548493509153696	(12,25)
-0.00017069285718817624324487929	(12,26)
-0.00010750959029813580364898646	(12,27)
-0.00005653171890352230358213324	(12,28)
-0.00002076395393614437997198187	(12,29)
-2.33034198163469022269613e-6	(12,30)
-1.41739987497193353176308e-6	(13,1)
-0.00001273282090702826119015418	(13,2)
-0.00003523086174181530886709168	(13,3)
-0.00006861819470833793836284354	(13,4)
-0.00011238999060073722233809795	(13,5)
-0.00016576413347082613359541136	(13,6)
-0.00022761205901659359134939828	(13,7)
-0.00029639931230801730731490624	(13,8)
-0.00037014902568833828447698903	(13,9)
-0.00044644000305546260787558132	(13,10)
-0.00052244807225758371892455652	(13,11)
-0.00059503510891295503763518875	(13,12)
-0.00066088506033559016811190636	(13,13)
-0.00071668092703878746390763246	(13,14)
-0.00075931156059553928955325311	(13,15)
-0.00078609286943341580726791467	(13,16)
-0.00079498507691990458992516377	(13,17)
-0.00078478641266629326069231053	(13,18)
-0.000755284235960181847763809	(13,19)
-0.00070734709730153964605982088	(13,20)
-0.00064294545487903581389297655	(13,21)
-0.00056509431728861795690734925	(13,22)
-0.00047771748356094676612280894	(13,23)
-0.00038543971116406341796058641	(13,24)
-0.00029331944842558275048788302	(13,25)
-0.00020654013815827676431421067	(13,26)
-0.00013008203967400275203783508	(13,27)
-0.00006839866406530547581192218	(13,28)
-0.00002512207207712556607511281	(13,29)
-2.81942130296523616291567e-6	(13,30)
-1.68647649484059475376726e-6	(14,1)
-0.00001514999581191322939761467	(14,2)
-0.00004191900943286085734859657	(14,3)
-0.0000816444359152132907590756	(14,4)
-0.00013372540681283142989566473	(14,5)
-0.00019723089404064476774459563	(14,6)
-0.00027081732258524329062024964	(14,7)
-0.00035265778029670423140598419	(14,8)
-0.00044039856465852490070289375	(14,9)
-0.00053115700091476909761189702	(14,10)
-0.00062157085541735226809650841	(14,11)
-0.00070790458056264511684210533	(14,12)
-0.00078621156263684851943022142	(14,13)
-0.00085254512459073917325565232	(14,14)
-0.00090320494627992677023528249	(14,15)
-0.00093500047739060579725278586	(14,16)
-0.00094550941997550579268097121	(14,17)
-0.00093330788325411600871131316	(14,18)
-0.00089814959562063347656338678	(14,19)
-0.00084107459934217306927521627	(14,20)
-0.00076443292061028169187476377	(14,21)
-0.00067181536023322550099639511	(14,22)
-0.00056789118417176111423975453	(14,23)
-0.00045816040463601262327379306	(14,24)
-0.00034863580054285625782394577	(14,25)
-0.00024547614479999152044417062	(14,26)
-0.0001545967089017541426369238	(14,27)
-0.00008128558702502553277156794	(14,28)
-0.00002985450014322221142455527	(14,29)
-3.35049098835984227862449e-6	(14,30)
-1.97309383336214241434017e-6	(15,1)
-0.00001772474257749960043172876	(15,2)
-0.00004904314140088196003661862	(15,3)
-0.00009551979113980343694006872	(15,4)
-0.00015645143664350806149852677	(15,5)
-0.00023074824396136662368778303	(15,6)
-0.00031683728420702314041858548	(15,7)
-0.00041257962864137465561492409	(15,8)
-0.00051521951357628131573015164	(15,9)
-0.00062138191688954587790713083	(15,10)
-0.00072713064805991380748532716	(15,11)
-0.0008280930741390713742754138	(15,12)
-0.0009196504724239690251013539	(15,13)
-0.00099718545271359379920112294	(15,14)
-0.00105637073744727021342788574	(15,15)
-0.00109347762297537515259985825	(15,16)
-0.00110567836372973866550109631	(15,17)
-0.00109131503482736020933371334	(15,18)
-0.00105010840619087744804258839	(15,19)
-0.00098328399464589263153802144	(15,20)
-0.00089359846388435728533446135	(15,21)
-0.00078525738279753268829337831	(15,22)
-0.00066372430886666573722745887	(15,23)
-0.00053543040256709871376271749	(15,24)
-0.00040740244484065270414176386	(15,25)
-0.00028683442819429062121128763	(15,26)
-0.00018063316481844580446831154	(15,27)
-0.00009497113699321388334204278	(15,28)
-0.00003487986784996535647267831	(15,29)
-3.9144149313968731061773e-6	(15,30)
-2.27169908810752116089575e-6	(16,1)
-0.00002040717907539890399935433	(16,2)
-0.00005646523603957936023265765	(16,3)
-0.00010997543253166073787739984	(16,4)
-0.0001801277399861536159239369	(16,5)
-0.00026566665246315079705548785	(16,6)
-0.00036477990145868653670803574	(16,7)
-0.0004750028971612525060600683	(16,8)
-0.00059316020417412438690252539	(16,9)
-0.00071536291684700686229704395	(16,10)
-0.00083707589761015082088140087	(16,11)
-0.0009532619221851816150307305	(16,12)
-0.00105860151866809356150812773	(16,13)
-0.00114777854916849805949721263	(16,14)
-0.00121581330679004284941898845	(16,15)
-0.00125841801634613315970765954	(16,16)
-0.00127234494286478758216457854	(16,17)
-0.00125569542021341368287418372	(16,18)
-0.00120815931760583347202401848	(16,19)
-0.00113115874233381577043765086	(16,20)
-0.00102787678474571416745077167	(16,21)
-0.00090316121143520050291231697	(16,22)
-0.00076330335521132143648384278	(16,23)
-0.00061570306569533036160956465	(16,24)
-0.00046844048551632629176678104	(16,25)
-0.00032978370001477987011831346	(16,26)
-0.0002076672360777329108428368	(16,27)
-0.00010917944924516948013361628	(16,28)
-0.00004009679080522581876643974	(16,29)
-4.49981133628051115195482e-6	(16,30)
-2.57602914963044999201561e-6	(17,1)
-0.00002314104233860028773313046	(17,2)
-0.00006402961655026443524539812	(17,3)
-0.00012470814670570364865455206	(17,4)
-0.00020425766032530149670486628	(17,5)
-0.00030125353821244413310277134	(17,6)
-0.00041363911880526935214423714	(17,7)
-0.0005386172047414576662070979	(17,8)
-0.00067258370384718047242161623	(17,9)
-0.00081112485948015339239558324	(17,10)
-0.00094909394149497365812137179	(17,11)
-0.00108077537878267822463914685	(17,12)
-0.00120013489401838702956509669	(17,13)
-0.00130114423231916869155243389	(17,14)
-0.00137815964304238673926619808	(17,15)
-0.00142632544691704313602050812	(17,16)
-0.0014419687277392223371590558	(17,17)
-0.00142294910509217089795766846	(17,18)
-0.00136892901134332680324744253	(17,19)
-0.00128153487137475841204049049	(17,20)
-0.00116438764863162079763296312	(17,21)
-0.00102299162970775555295236396	(17,22)
-0.00086448208526306549621591676	(17,23)
-0.0006972444536413887456011511	(17,24)
-0.00053042882529715156361807719	(17,25)
-0.00037339274939967931786247723	(17,26)
-0.0002351119287460329681430393	(17,27)
-0.00012360167127495481321306001	(17,28)
-0.00004539177990427549609680004	(17,29)
-5.09394055546256357439217e-6	(17,30)
-2.87964881263464707368434e-6	(18,1)
-0.00002586852343299062104590978	(18,2)
-0.00007157632870568367622687478	(18,3)
-0.00013940639024089118310830916	(18,4)
-0.00022833090109747394503164125	(18,5)
-0.00033675621263138640361368365	(18,6)
-0.00046238129535875240597684481	(18,7)
-0.00060207629624147893450776372	(18,8)
-0.00075180836564621987144997707	(18,9)
-0.00090663881384762074492665362	(18,10)
-0.00106080938427989198887652261	(18,11)
-0.0012079265568499086771098663	(18,12)
-0.00134124219397023407972827113	(18,13)
-0.00145401762487224549937312802	(18,14)
-0.00153994766131638629744587112	(18,15)
-0.00159361226384482941574463318	(18,16)
-0.00161091768463895573574952515	(18,17)
-0.00158948666155660009834717254	(18,18)
-0.00152895899985626901813533596	(18,19)
-0.00143116958743136151626446846	(18,20)
-0.00130018004904936368947505926	(18,21)
-0.00114215198842012846512367873	(18,22)
-0.00096506296313044814725650413	(18,23)
-0.00077827972479591105296250866	(18,24)
-0.0005920155829417171906369702	(18,25)
-0.00041670890213667469607560029	(18,26)
-0.00026236684375922523624964975	(18,27)
-0.0001379219482254879032045255	(18,28)
-0.00005064878578837243136186422	(18,29)
-5.68377627053697454628549e-6	(18,30)
-3.17649031393127084131756e-6	(19,1)
-0.00002853511424562361254870492	(19,2)
-0.0000789545515474128266410604	(19,3)
-0.00015377640907640623193751554	(19,4)
-0.00025186630578316478801138087	(19,5)
-0.00037146497362116559309544861	(19,6)
-0.00051003183321922334071054194	(19,7)
-0.00066411083879171926184989974	(19,8)
-0.00082924866864375405750533504	(19,9)
-0.00099999189272906215370023115	(19,10)
-0.00116998279219769642242070671	(19,11)
-0.00133216365266200087530020264	(19,12)
-0.00147908757522376807365238008	(19,13)
-0.00160332138797938685310372642	(19,14)
-0.00169791447567593205686354914	(19,15)
-0.00175689763807827128504812445	(19,16)
-0.00177576961645693800131572414	(19,17)
-0.00175192653717859817810619426	(19,18)
-0.00168499161237927976633369215	(19,19)
-0.00157700891282390328484370309	(19,20)
-0.0014324753037237636929485178	(19,21)
-0.00125819771574009060980086846	(19,22)
-0.00106297753022193735665033336	(19,23)
-0.00085713857891936870606183585	(19,24)
-0.00065192871291124017309794714	(19,25)
-0.00045883587530580215323755442	(19,26)
-0.000288867191206865871316533	(19,27)
-0.00015184318720486951322677771	(19,28)
-0.00005575865980768322878941199	(19,29)
-6.25706717270564935421841e-6	(19,30)
-3.46130165195761859550263e-6	(20,1)
-0.00003109363483634756712412642	(20,2)
-0.00008603374073924688942066013	(20,3)
-0.00016756394175199272843340625	(20,4)
-0.00027444740434205039026522345	(20,5)
-0.00040476552918558673093179915	(20,6)
-0.00055574715193198991998134762	(20,7)
-0.00072362213027663792625041688	(20,8)
-0.00090353221155970771093902421	(20,9)
-0.00108952830867247015998834016	(20,10)
-0.00127467568735409210656516166	(20,11)
-0.00145127775432098358426735025	(20,12)
-0.00161121620161642270456697616	(20,13)
-0.00174639157945180401831842242	(20,14)
-0.00184923546750573469646850957	(20,15)
-0.00191325480395571131722915588	(20,16)
-0.00193356191633264614925253958	(20,17)
-0.00190734130545923286510882561	(20,18)
-0.00183420668813581879570553531	(20,19)
-0.00171640907025924856172350902	(20,20)
-0.00155886802154221237123452422	(20,21)
-0.00136901272614303150887159906	(20,22)
-0.00115643535642716194108015753	(20,23)
-0.00093237530054210694237211489	(20,24)
-0.00070906726500762666750397366	(20,25)
-0.00049899798032084640938106038	(20,26)
-0.00031412419651489663374277535	(20,27)
-0.0001651082912427846163588123	(20,28)
-0.00006062695000167336667978979	(20,29)
-6.80321172550241156058193e-6	(20,30)
-3.72994220446564290254802e-6	(21,1)
-0.00003350688903500342195642398	(21,2)
-0.00009271097637462110658751241	(21,3)
-0.00018056853020743385804122101	(21,4)
-0.00029574585169736270467305985	(21,5)
-0.00043617356345609536784280522	(21,6)
-0.00059886214352594266012391886	(21,7)
-0.00077974388029485622242009875	(21,8)
-0.00097357683822044368891076284	(21,9)
-0.00117394235045009348369673053	(21,10)
-0.00137335928534648609452795189	(21,11)
-0.00156352658998332084619427353	(21,12)
-0.00173569155725103600324757037	(21,13)
-0.00188112639502117721144107307	(21,14)
-0.00199168167561356622107042688	(21,15)
-0.00206037377165257658524338567	(21,16)
-0.00208195586906536527620727197	(21,17)
-0.00205341959524322301305050534	(21,18)
-0.00197437715354346050727788519	(21,19)
-0.00184728193264511093596774013	(21,20)
-0.00167745807982808490471302	(21,21)
-0.00147292521972622882222731164	(21,22)
-0.0012440217746701516924422244	(21,23)
-0.0010028474949449152221463024	(21,24)
-0.00076256122006496750307479577	(21,25)
-0.00053658220559331937912911982	(21,26)
-0.00033775157838116145395485379	(21,27)
-0.00017751407102300719327251191	(21,28)
-0.00006517900805939435430193442	(21,29)
-7.31383116181050255545557e-6	(21,30)
-3.97950656360859301960937e-6	(22,1)
-0.00003574877687826088306759294	(22,2)
-0.00009891404098647863461588035	(22,3)
-0.00019264951456168602348857934	(22,4)
-0.00031553124593960748422688022	(22,5)
-0.00046534921571075879362342558	(22,6)
-0.00063891004950607853658243009	(22,7)
-0.00083186808576426774391670089	(22,8)
-0.00103862293644230926488082141	(22,9)
-0.0012523173145291539175362122	(22,10)
-0.00146496001798705651295954866	(22,11)
-0.00166768632306203550409707718	(22,12)
-0.00185115290391436502837247903	(22,13)
-0.00200604838849475599540655588	(22,14)
-0.00212368561143879222409107023	(22,15)
-0.00219662934219349290344938178	(22,16)
-0.00221930530250222511198784211	(22,17)
-0.00218853372237096956825745754	(22,18)
-0.00210393397267288513391179649	(22,19)
-0.00196815571920036924701335399	(22,20)
-0.00178690567484179155140271505	(22,21)
-0.00156875596462528774048248106	(22,22)
-0.00132473861534993902174562424	(22,23)
-0.00106774889242416946068083178	(22,24)
-0.00081179641158849322833733131	(22,25)
-0.00057115573907919320925595396	(22,26)
-0.00035947657119265478004288509	(22,27)
-0.00018891703511407699068747101	(22,28)
-0.00006936211463797063473271883	(22,29)
-7.78300792820381106560898e-6	(22,30)
-4.2082954425250440950163e-6	(23,1)
-0.00003780403325698341434216311	(23,2)
-0.00010460069640288198912811853	(23,3)
-0.00020372462466937036327159721	(23,4)
-0.00033366882145165050289166976	(23,5)
-0.0004920936780180915699565879	(23,6)
-0.00067561778918455975866683643	(23,7)
-0.0008796389476940516311282083	(23,8)
-0.00109822584171257853597553546	(23,9)
-0.00132411634402469083505006255	(23,10)
-0.00154884881412496430562173767	(23,11)
-0.00176303934625663144327409303	(23,12)
-0.00195680172807817751394793809	(23,13)
-0.00212028977990403054600027654	(23,14)
-0.00224432570058276493820534635	(23,15)
-0.00232106500964085880645435323	(23,16)
-0.00234464031911743107555271521	(23,17)
-0.00231172364321279370515352493	(23,18)
-0.00222195071843414408993039897	(23,19)
-0.00207816056067205305778328969	(23,20)
-0.00188641821545210306344209339	(23,21)
-0.00165580679044587832855214464	(23,22)
-0.00139799448963062587769899726	(23,23)
-0.0011266015167051554388772811	(23,24)
-0.00085640857164362585274303723	(23,25)
-0.00060246177924048064290940606	(23,26)
-0.00037913728855495281359010426	(23,27)
-0.00019923200442996785299786399	(23,28)
-0.00007314497065554718758507712	(23,29)
-8.2072286038845397151533e-6	(23,30)
-4.41567581753738595138583e-6	(24,1)
-0.00003966697154358106241999092	(24,2)
-0.00010975520747322685420094431	(24,3)
-0.00021376320963389064409293445	(24,4)
-0.00035010836009589625116132682	(24,5)
-0.00051633284198878450974209576	(24,6)
-0.00070888350870326543860363206	(24,7)
-0.00092292364280124266986981381	(24,8)
-0.00115221934974562692688546604	(24,9)
-0.00138913844297873031354269918	(24,10)
-0.0016247896588098072254925824	(24,11)
-0.00184931574168594572160407741	(24,12)
-0.00205233678736092226977711861	(24,13)
-0.0022235221009862786401773475	(24,14)
-0.00235325184425532536293060655	(24,15)
-0.00243331601435556436224853384	(24,16)
-0.00245758960906801052935913712	(24,17)
-0.00242262040234335511203614783	(24,18)
-0.00232807003753615267920671757	(24,19)
-0.00217695976570537108527347589	(24,20)
-0.00197568797004010413922881942	(24,21)
-0.00173380589092486902908883184	(24,22)
-0.00146355863515863611689938881	(24,23)
-0.00117921851031048536708002519	(24,24)
-0.00089625508516025099796060534	(24,25)
-0.00063039967294962120598088839	(24,26)
-0.00039667022793084257835026141	(24,27)
-0.0002084255477144652252601151	(24,28)
-0.00007651528763529276404093995	(24,29)
-8.5851135481301835587847e-6	(24,30)
-4.60187917526966516716058e-6	(25,1)
-0.00004133967120272827572095229	(25,2)
-0.00011438332734776445390653315	(25,3)
-0.00022277647101777204357473465	(25,4)
-0.00036486819507785452181782054	(25,5)
-0.00053809370863574993828669266	(25,6)
-0.00073874419514375484328052339	(25,7)
-0.00096177016197121529415371651	(25,8)
-0.00120066308536717400298810158	(25,9)
-0.0014474550318164388243184227	(25,10)
-0.00169286539912343783365423803	(25,11)
-0.00192660885249731834370896389	(25,12)
-0.00213786043828766194119355782	(25,13)
-0.00231585474135485731481146818	(25,14)
-0.00245057808440320477113311198	(25,15)
-0.00253349840023325501521437368	(25,16)
-0.00255826844880889734084186738	(25,17)
-0.00252133577489705085679862165	(25,18)
-0.00242239764940283228930339855	(25,19)
-0.00226465074647131131900373319	(25,20)
-0.00205480219317138502948330939	(25,21)
-0.00180282898793470864895399951	(25,22)
-0.00152149439479879597431500576	(25,23)
-0.00122565055621466695134145717	(25,24)
-0.00093137428076081352215784941	(25,25)
-0.000654996289220361045633445	(25,26)
-0.00041209226164053000037609908	(25,27)
-0.00021650652036552001035459609	(25,28)
-0.00007947631475185320281364726	(25,29)
-8.91702724975309399034393e-6	(25,30)
-4.76778091090546045389082e-6	(26,1)
-0.00004282999607873053524892559	(26,2)
-0.00011850681425420515359116486	(26,3)
-0.00023080678358413024828500303	(26,4)
-0.00037801772035467980983840905	(26,5)
-0.00055747859428645216211270247	(26,6)
-0.00076534026489441402237508862	(26,7)
-0.00099636120957502199654808664	(26,8)
-0.00124378495391687253758109692	(26,9)
-0.00149934057466806218503338862	(26,10)
-0.00175339661687140693661092491	(26,11)
-0.00199528296399040834503289438	(26,12)
-0.00221377620803126461950168867	(26,13)
-0.0023977240087649301657418737	(26,14)
-0.00253676522941342352924953645	(26,15)
-0.00262208769003398100734827954	(26,16)
-0.00264715621219664905187447549	(26,17)
-0.002608341567285387264048368	(26,18)
-0.00250538640237919059567887678	(26,19)
-0.00234165664111718603301447375	(26,20)
-0.00212414480264988499923360088	(26,21)
-0.00186321307358585567311258555	(26,22)
-0.00157208642395673627686596983	(26,23)
-0.00126612724106857168652891542	(26,24)
-0.0009619408728223298107973191	(26,25)
-0.0006763746830542783373101554	(26,26)
-0.00042548092115261231153896587	(26,27)
-0.00022351570582688870141861455	(26,28)
-0.00008204303624869115599525167	(26,29)
-9.20465168178028517529965e-6	(26,30)
-4.91469181792704752852108e-6	(27,1)
-0.00004414972130313775147867029	(27,2)
-0.00012215824881476517791086803	(27,3)
-0.00023791760136440304562950779	(27,4)
-0.0003896608586454407932499486	(27,5)
-0.00057464075004050178279622805	(27,6)
-0.00078888209228271824991124236	(27,7)
-0.00102697062805308143278001381	(27,8)
-0.00128192674378278739601276231	(27,9)
-0.00154520700321778299900467583	(27,10)
-0.00180686493788247126697364602	(27,11)
-0.00205588602861952738144393139	(27,12)
-0.00228069195563448766818617763	(27,13)
-0.00246978823424505338311995131	(27,14)
-0.00261250986353835728268284644	(27,15)
-0.00269980414471552254770402745	(27,16)
-0.0027249805114635089686261975	(27,17)
-0.00268435543123364814782004387	(27,18)
-0.00257772656526666114035656146	(27,19)
-0.00240862374257084082156128892	(27,20)
-0.00218430330264892621083248309	(27,21)
-0.0019154747347590670687138238	(27,22)
-0.00161577174784222828334341922	(27,23)
-0.00130100150601481151586349405	(27,24)
-0.00098822373990803888279310494	(27,25)
-0.00069472439605081951295875276	(27,26)
-0.00043695570774964323591066104	(27,27)
-0.00022951599480832297931532226	(27,28)
-0.00008423856592550680585641358	(27,29)
-9.4505817462782794808437e-6	(27,30)
-5.044179579344252936634e-6	(28,1)
-0.00004531292971199487263267968	(28,2)
-0.00012537659706950148569489966	(28,3)
-0.00024418481606276096830048048	(28,4)
-0.00039992190802089651544683461	(28,5)
-0.00058976348881521412293710138	(28,6)
-0.00080962135316740065640777253	(28,7)
-0.00105392608993194251438494524	(28,8)
-0.00131549755104144330061536083	(28,9)
-0.00158554756700082500267435013	(28,10)
-0.0018538473606139972467233396	(28,11)
-0.0021090749239789983808217164	(28,12)
-0.0023393369296198555072646477	(28,13)
-0.00253283791630510982606364933	(28,14)
-0.00267864925223546529243692407	(28,15)
-0.00276751443473819940224973702	(28,16)
-0.00279261788538032140741303335	(28,17)
-0.00275024295817551604514119896	(28,18)
-0.00264025173082329414246067116	(28,19)
-0.00246633349290769827836235096	(28,20)
-0.00223598889430906592703663277	(28,21)
-0.00196024002237071507460427535	(28,22)
-0.00165308054029242235325933792	(28,23)
-0.0013307019119014446001888815	(28,24)
-0.00101054962936862591049920594	(28,25)
-0.00071027591706296591070752065	(28,26)
-0.00044666201644249964275246375	(28,27)
-0.00023458393579077671911230117	(28,28)
-0.00008609104458070100022791829	(28,29)
-9.6579771251534163093032e-6	(28,30)
-5.15792740516055712365262e-6	(29,1)
-0.00004633474195553540162149381	(29,2)
-0.00012820369679426563158883502	(29,3)
-0.00024968991367371860293918265	(29,4)
-0.00040893433355712917390856239	(29,5)
-0.00060304365540919145786611946	(29,6)
-0.00082782833044644444714568461	(29,7)
-0.00107757955049708052783272812	(29,8)
-0.00134493689033073396831442824	(29,9)
-0.00162089235744849636769734658	(29,10)
-0.00189496423239701744931233802	(29,11)
-0.00215555623503628615996704965	(29,12)
-0.00239049604128020112361169631	(29,13)
-0.00258772449993548944115494844	(29,14)
-0.00273608594842146374935997189	(29,15)
-0.00282615365726229543652473128	(29,16)
-0.00285101500725369557404268942	(29,17)
-0.00280693996967734134843338677	(29,18)
-0.00269386409375698644061361376	(29,19)
-0.00251563256143048410764219696	(29,20)
-0.00227997296669309247479737585	(29,21)
-0.00199818866752347205824543209	(29,22)
-0.00168458898980742239352446322	(29,23)
-0.00135569462525777152276269185	(29,24)
-0.00102927423731632514658354912	(29,25)
-0.00072328032244584246898976491	(29,26)
-0.00045475831480500769568371352	(29,27)
-0.00023880299403705637164697607	(29,28)
-0.00008763116422297323235883918	(29,29)
-9.83028443002897987376686e-6	(29,30)
-5.25762959702323735730246e-6	(30,1)
-0.00004723037833255875411720286	(30,2)
-0.00013068166166945944636833176	(30,3)
-0.00025451491871544131981117302	(30,4)
-0.00041683248671517574657608614	(30,5)
-0.0006146794140677412363061516	(30,6)
-0.00084377514657168292398826178	(30,7)
-0.00109828541591604755272729401	(30,8)
-0.00137068743595522324206454105	(30,9)
-0.00165177543888126306082297505	(30,10)
-0.0019308407962804564437095794	(30,11)
-0.00219604247449134295569840948	(30,12)
-0.00243496126019962846165961728	(30,13)
-0.0026353076919031218398160963	(30,14)
-0.00278573199880302705928241264	(30,15)
-0.00287666759900648800039007557	(30,16)
-0.00290113031612484543306938135	(30,17)
-0.0028553949136663353294339205	(30,18)
-0.00273947902178969350599430493	(30,19)
-0.00255738093563160469680629876	(30,20)
-0.00231703990889875484551128327	(30,21)
-0.00203001259720114441576381236	(30,22)
-0.00171088421676512589331248561	(30,23)
-0.00137645509910751077364370793	(30,24)
-0.00104476064650975319458224393	(30,25)
-0.00073399408505029250074905532	(30,26)
-0.0004614065706794481902784162	(30,27)
-0.00024225851625338569496661745	(30,28)
-0.00008889031808676735553729153	(30,29)
-9.97102954764553892478409e-6	(30,30)
-5.34491966631654044552861e-6	(31,1)
-0.00004801451305929173375781453	(31,2)
-0.00013285109458804504134264312	(31,3)
-0.00025873891435550684124655604	(31,4)
-0.00042374590570690134851533341	(31,5)
-0.00062486184226205029548398366	(31,6)
-0.00085772422128895390752692607	(31,7)
-0.00111638551348696408565788305	(31,8)
-0.00139317625361703308047962325	(31,9)
-0.00167871221354968186919419099	(31,10)
-0.001962080704253948551217512	(31,11)
-0.00223122191762036596821854868	(31,12)
-0.00247349811123635740103752947	(31,13)
-0.00267641912700503745171586356	(31,14)
-0.00282847044236830120942323138	(31,15)
-0.00291997286416807847264505312	(31,16)
-0.0029438936734612682375726136	(31,17)
-0.00289652901011166287000736122	(31,18)
-0.0027779866629737383769013291	(31,19)
-0.0025924159222663382579067133	(31,20)
-0.00234795434216335698844939429	(31,21)
-0.00205638708757803246054553028	(31,22)
-0.00173253984440714969532153618	(31,23)
-0.00139344832699802431743053891	(31,24)
-0.00105736427274747751392235085	(31,25)
-0.00074266845647175724509329238	(31,26)
-0.00046676555510120471974649967	(31,27)
-0.00024503420500783496245638249	(31,28)
-0.00008989930464768682085464247	(31,29)
-0.0000100836721306640187364449	(31,30)
-5.42132490429096072608268e-6	(32,1)
-0.00004870086616253429015719213	(32,2)
-0.00013474995844865228859558899	(32,3)
-0.00026243584306891883737595275	(32,4)
-0.0004297957131225709789505852	(32,5)
-0.00063376961736759871321259897	(32,6)
-0.00086992097544761223090371893	(32,7)
-0.00113219958954385133299817895	(32,8)
-0.00141280293226688723948196541	(32,9)
-0.00170218510416210787897090614	(32,10)
-0.00198924925667186100461497578	(32,11)
-0.00226173950403062997273479338	(32,12)
-0.00250682444867834042202012295	(32,13)
-0.0027118393292680134467639913	(32,14)
-0.0028651308715174705978395781	(32,15)
-0.00295693153371656236347721921	(32,16)
-0.00298018068492887639137847808	(32,17)
-0.00293121084072721417203660295	(32,18)
-0.00281022742036436566753134633	(32,19)
-0.00262152910288806164916960763	(32,20)
-0.0023734400967990078310982864	(32,21)
-0.00207795221382428583613410151	(32,22)
-0.00175010025291615129708475664	(32,23)
-0.0014071160867760886258527858	(32,24)
-0.00106742311938178698242402238	(32,25)
-0.00074954258021552864342919616	(32,26)
-0.00047098649147749927144449378	(32,27)
-0.00024720982540944814701943814	(32,28)
-0.00009068748387831507362455162	(32,29)
-0.00001017151082276017748609566	(32,30)
-5.48824113011578962321715e-6	(33,1)
-0.00004930197663542074773449507	(33,2)
-0.00013641294848657246670283845	(33,3)
-0.00026567328410517522135031421	(33,4)
-0.00043509261339204912100331179	(33,5)
-0.0006415660626999124082461143	(33,6)
-0.00088058977391213322815182757	(33,7)
-0.00114602002426167751524246119	(33,8)
-0.00142993298012305286419513826	(33,9)
-0.00172263558231540780375866864	(33,10)
-0.00201286406299709258279992565	(33,11)
-0.00228818618461897657542363146	(33,12)
-0.00253559860036206234122742212	(33,13)
-0.00274228482143287324900634163	(33,14)
-0.00289647572940183177716443181	(33,15)
-0.00298833692106375426470882918	(33,16)
-0.00301079822331683710844499039	(33,17)
-0.00296024197398101600129244213	(33,18)
-0.0028369780246677449675881766	(33,19)
-0.0026454531930647858403558331	(33,20)
-0.00239416817140176954439898329	(33,21)
-0.00209530217768095252805372575	(33,22)
-0.00176407147965207286753519128	(33,23)
-0.00141786953669600599684122895	(33,24)
-0.00107525209817073849543469573	(33,25)
-0.00075483946407948060262515975	(33,26)
-0.00047421050345074851741970373	(33,27)
-0.00024885985672293390706002984	(33,28)
-0.00009128228036303819337971227	(33,29)
-0.00001023762739975095764539562	(33,30)
-5.54692200692983580273525e-6	(34,1)
-0.00004982910646065268698486525	(34,2)
-0.00013787122670398450292243927	(34,3)
-0.0002685119361918504017514029	(34,4)
-0.00043973604530140181074127802	(34,5)
-0.00064839789699162674841512495	(34,6)
-0.00088993220713437996398071195	(34,7)
-0.00115810959119848606402111649	(34,8)
-0.00144489502176340869590702787	(34,9)
-0.00174046077936889061045812099	(34,10)
-0.00203339106199638785356571594	(34,11)
-0.00231109436803300068615194377	(34,12)
-0.00256041428006865206437356084	(34,13)
-0.00276840256608063384154927538	(34,14)
-0.00292319436512597295386079077	(34,15)
-0.00301490734767892107361946688	(34,16)
-0.00303647804933466257958357266	(34,17)
-0.00298435057064166705745701578	(34,18)
-0.00285894527403533773450937797	(34,19)
-0.00266485606955195345847227714	(34,20)
-0.00241075119630645337108180849	(34,21)
-0.00210898034255043815128173156	(34,22)
-0.00177491693735063596015271076	(34,23)
-0.0014260856938543475560223622	(34,24)
-0.00108114030137855418954885741	(34,25)
-0.00075876402882427581275641001	(34,26)
-0.00047656736955080761177109251	(34,27)
-0.00025005283077134493980402649	(34,28)
-0.00009170893858273578677593009	(34,29)
-0.0000102848592070835605154158	(34,30)
-5.59847832057032590423877e-6	(35,1)
-0.00005029223413062968268392951	(35,2)
-0.00013915240393071211319528271	(35,3)
-0.0002710055825327636504605342	(35,4)
-0.00044381412442883093963326261	(35,5)
-0.00065439514883093948218144469	(35,6)
-0.00089812697213294795324851538	(35,7)
-0.00116870129918450809928876332	(35,8)
-0.00145798059493547122332501763	(35,9)
-0.00175601323161654198730727581	(35,10)
-0.00205124420795602690091276387	(35,11)
-0.00233093753976571465638111889	(35,12)
-0.00258180013063134249353879782	(35,13)
-0.00279076942371438638827182166	(35,14)
-0.00294590239865525773905088732	(35,15)
-0.00303728540922735132967546374	(35,16)
-0.00305787597812540721500134741	(35,17)
-0.00300419045695306630932826967	(35,18)
-0.00287676502944432656453684808	(35,19)
-0.00268033971385404372961102999	(35,20)
-0.00242374236134434992644246827	(35,21)
-0.00211947818914074678790221063	(35,22)
-0.00178305644466964862633150663	(35,23)
-0.00143210658410452541233127271	(35,24)
-0.00108535030647046886261103897	(35,25)
-0.00076150258802901211432434778	(35,26)
-0.00047817517928419727292170946	(35,27)
-0.00025085114437676780001558064	(35,28)
-0.00009199045232688208511879718	(35,29)
-0.00001031579114068967197661432	(35,30)
-5.64388366322971349431826e-6	(36,1)
-0.00005070010570443846317270403	(36,2)
-0.00014028068108476737623587093	(36,3)
-0.00027320136586996966326803708	(36,4)
-0.00044740409341536986392499533	(36,5)
-0.00065967182005055588399541879	(36,6)
-0.00090533078173482849223649353	(36,7)
-0.00117799957297363355155362163	(36,8)
-0.00146944561878548108178014289	(36,9)
-0.00176960264063545731875800765	(36,10)
-0.00206678751405425268325794658	(36,11)
-0.00234813256434266632583924784	(36,12)
-0.00260022224501752381005398867	(36,13)
-0.00280989483773342073936363167	(36,14)
-0.00296514450172022661136088599	(36,15)
-0.0030560407752177547576599255	(36,16)
-0.00307557461644680987284732219	(36,17)
-0.0030203437203443746848542998	(36,18)
-0.00289100459864534993736054097	(36,19)
-0.00269244232870221287100199433	(36,20)
-0.00243363722803628636831440614	(36,21)
-0.00212723680751033137671008414	(36,22)
-0.00178886740269339726972311487	(36,23)
-0.00143624012529362001391134954	(36,24)
-0.00108811880154766035516377112	(36,25)
-0.00076322325919482913759233816	(36,26)
-0.00047914057649256576618498795	(36,27)
-0.00025131118093428816766158837	(36,28)
-0.00009214760773814844864576409	(36,29)
-0.00001033276038608809713255829	(36,30)
-5.68398390319402090589864e-6	(37,1)
-0.00005106031987603098395384771	(37,2)
-0.00014127708453900532599737629	(37,3)
-0.00027514024683010989470070563	(37,4)
-0.0004505730724243243506169115	(37,5)
-0.00066432699182815892280781642	(37,6)
-0.00091167988162306093888995971	(37,7)
-0.00118618222522099311999704309	(37,8)
-0.00147951285001907000494630811	(37,9)
-0.00178149882472575417400754263	(37,10)
-0.00208033848894487292804598152	(37,11)
-0.00236304357340305237699678796	(37,12)
-0.00261608844774353682088881906	(37,13)
-0.00282622542721494088878854536	(37,14)
-0.00298139919897034161530276975	(37,15)
-0.00307167507946353578528416279	(37,16)
-0.00309008821426211969241775135	(37,17)
-0.00303332539326762833078761659	(37,18)
-0.00290216713164978675053593492	(37,19)
-0.00270164234138540275754844583	(37,20)
-0.00244087726071720874126580944	(37,21)
-0.00213264990429386531547051584	(37,22)
-0.00179268725675922697570409189	(37,23)
-0.00143876205152362812027215313	(37,24)
-0.00108965800616952164808444724	(37,25)
-0.0007640769371032139068119162	(37,26)
-0.00047955935807812126039509854	(37,27)
-0.00025148361938532846109591166	(37,28)
-0.00009219909532905627311517574	(37,29)
-0.00001033786890645524473173994	(37,30)
-5.71950859347965829954499e-6	(38,1)
-0.00005137943045993702942268727	(38,2)
-0.00014215974968045770652845555	(38,3)
-0.00027685755613139083109571778	(38,4)
-0.00045337896332433805566705065	(38,5)
-0.00066844615748352405204933494	(38,6)
-0.00091729187859467699976368773	(38,7)
-0.001193402833590089932843114	(38,8)
-0.00148837484477047391030922713	(38,9)
-0.00179193527994972348782499956	(38,10)
-0.00209217228626750622131238664	(38,11)
-0.00237598666521590455722970501	(38,12)
-0.00262975347698876342441184758	(38,13)
-0.00284015055607886919592073526	(38,14)
-0.00299508470364530275985990142	(38,15)
-0.00308462788231079731978852498	(38,16)
-0.00310186860198120331600354245	(38,17)
-0.00304358921174115886960578611	(38,18)
-0.00291069705480644668413535099	(38,19)
-0.00270836338521152965000289441	(38,20)
-0.00244585425302009526834494697	(38,21)
-0.00213606760345701861194619942	(38,22)
-0.00179481663539342900833707192	(38,23)
-0.00143991838914710492295947082	(38,24)
-0.00109015751622369004573646088	(38,25)
-0.00076419856857817254570554021	(38,26)
-0.00047951726413761862453380244	(38,27)
-0.00025141384451280283635116025	(38,28)
-0.00009216165938871436420273447	(38,29)
-0.00001033300013714806644655069	(38,30)
-5.75108307040727104934508e-6	(39,1)
-0.00005166305507481021046531594	(39,2)
-0.00014294422161817823224826403	(39,3)
-0.00027838358018726523950195607	(39,4)
-0.00045587140856188264100267296	(39,5)
-0.00067210263590645904056059018	(39,6)
-0.00092226767946512449442069616	(39,7)
-0.00119979326181557907557094623	(39,8)
-0.0014961971000321258576930181	(39,9)
-0.00180111295743009360464790831	(39,10)
-0.0021025261068469937887788699	(39,11)
-0.00238723489159349397460962448	(39,12)
-0.0026415244856397539145242474	(39,13)
-0.00285200824818350541725839018	(39,14)
-0.00300656512046880162911213855	(39,15)
-0.00309528301472532414580809183	(39,16)
-0.00311131151683927300997441941	(39,17)
-0.00305153376246871350729192477	(39,18)
-0.00291698588475529192133609624	(39,19)
-0.00271297964389007031696026802	(39,20)
-0.00244891509216837169444311453	(39,21)
-0.0021378005520193942017437072	(39,22)
-0.00179552275456474406967263456	(39,23)
-0.00143992815317921957625224241	(39,24)
-0.00108978632134868343989425469	(39,25)
-0.0007637085519484943720907552	(39,26)
-0.00047909084841189768855656421	(39,27)
-0.00025114240022253873209108833	(39,28)
-0.00009205026337286587265966641	(39,29)
-0.0000103198374852993794907648	(39,30)
-5.77924043696147219371447e-6	(40,1)
-0.0000519159827919510569108207	(40,2)
-0.00014364375302671436576105321	(40,3)
-0.0002797441411279111955598191	(40,4)
-0.0004580927408781900701949662	(40,5)
-0.00067535897144708842974955013	(40,6)
-0.00092669341130847101445599644	(40,7)
-0.00120546615631944751819621548	(40,8)
-0.00150312116432442296528007377	(40,9)
-0.0018092040032237853968726116	(40,10)
-0.00211160355670914496531240163	(40,11)
-0.00239702319412528801176614778	(40,12)
-0.00265166648589492498102730724	(40,13)
-0.00286209104153519678368111064	(40,14)
-0.00301615658515981568213162961	(40,15)
-0.00310397485905586740435084744	(40,16)
-0.0031187628690102719382887813	(40,17)
-0.0030575085758907229844437521	(40,18)
-0.00292137799736612094287928301	(40,19)
-0.00271582116205402216928258012	(40,20)
-0.00245036650150109443162611333	(40,21)
-0.00213812401564746016067164062	(40,22)
-0.00179504282162367323351868667	(40,23)
-0.00143898605034126420795951728	(40,24)
-0.00108869483256499783268276536	(40,25)
-0.00076271414709181178008269738	(40,26)
-0.0004783483572711214818377325	(40,27)
-0.00025070544810295182709235408	(40,28)
-0.00009187825743552090423004883	(40,29)
-0.00001029988308147604378649143	(40,30)
-5.80443294326661357782589e-6	(41,1)
-0.00005214227636795593162807104	(41,2)
-0.00014426958700361513576283751	(41,3)
-0.00028096114763018760500277846	(41,4)
-0.00046007888519925223883151955	(41,5)
-0.00067826826322776758588184965	(41,6)
-0.00093064224470120180619607445	(41,7)
-0.00121051731635926794781294373	(41,8)
-0.00150926759017579231587848722	(41,9)
-0.00181635530704927498222810153	(41,10)
-0.00211957878099877050849641737	(41,11)
-0.00240555308482918162517398246	(41,12)
-0.00266040750991628970947723175	(41,13)
-0.00287065153505014752366400423	(41,14)
-0.00302413307962095892820193477	(41,15)
-0.00311099429676609231317397242	(41,16)
-0.00312452467527854378053401397	(41,17)
-0.00306181989717949559722843407	(41,18)
-0.00292417609450178023753576771	(41,19)
-0.00271717888182121173294143156	(41,20)
-0.00245047954364621028192270663	(41,21)
-0.00213728177340078295449960616	(41,22)
-0.00179358727806873464413665324	(41,23)
-0.00143726505917474626360834467	(41,24)
-0.00108701682163433042611727657	(41,25)
-0.00076131082676120804918403332	(41,26)
-0.00047735057360112912068902142	(41,27)
-0.00025013520831945099775298001	(41,28)
-0.00009165753967442729965194719	(41,29)
-0.00001027447583748480018809599	(41,30)
-5.82704249619126526257598e-6	(42,1)
-0.00005234536665409842917663276	(42,2)
-0.00014483121827982214481319321	(42,3)
-0.00028205310358196525478836142	(42,4)
-0.00046186019144725452981423652	(42,5)
-0.00068087539252906274682319686	(42,6)
-0.00093417607691856248679960935	(42,7)
-0.00121502788163384649014235593	(42,8)
-0.0015147386583671830742279514	(42,9)
-0.00182269177536379342325617233	(42,10)
-0.0021266002748960843814248278	(42,11)
-0.00241299695858699507634441339	(42,12)
-0.00266794336149271385033334635	(42,13)
-0.00287790749241570869013518499	(42,14)
-0.00303073177953210293048608362	(42,15)
-0.00311659417515465132242233217	(42,16)
-0.00312886051105083619180594875	(42,17)
-0.00306473598836512559280951854	(42,18)
-0.00292564622780073314782897064	(42,19)
-0.00271730927395453043411274739	(42,20)
-0.00244949376518844576175345217	(42,21)
-0.00213548970709527428656012294	(42,22)
-0.00179134279283415110747369078	(42,23)
-0.00143491881595504496011368145	(42,24)
-0.00108487121784092458133871478	(42,25)
-0.00075958353088080684028247652	(42,26)
-0.00047615160140644065597103425	(42,27)
-0.00024946037009995126918395477	(42,28)
-0.00009139870640201451026754843	(42,29)
-0.00001024480828367935398427669	(42,30)
-5.84739017704616500916594e-6	(43,1)
-0.00005252813809515491028208003	(43,2)
-0.00014533662977445886541754691	(43,3)
-0.00028303556872109718471201475	(43,4)
-0.00046346218867506090671078639	(43,5)
-0.00068321813409130181194329235	(43,6)
-0.00093734705563859616078463718	(43,7)
-0.00121906631201905671850761732	(43,8)
-0.00151962084230518276694160687	(43,9)
-0.00182831929063123677076495158	(43,10)
-0.00213279432688607519375438271	(43,11)
-0.00241950198655484672955883954	(43,12)
-0.0026744419023685381103303756	(43,13)
-0.00288404644209897710662264739	(43,14)
-0.00303615786999701423595330515	(43,15)
-0.00312099422673518286106041513	(43,16)
-0.00313200041396577727448781613	(43,17)
-0.00306649189603843468921343984	(43,18)
-0.00292602231666660918314491306	(43,19)
-0.00271643850496889650741306733	(43,20)
-0.00244762092956300534800405836	(43,21)
-0.00213293903838063957414730525	(43,22)
-0.0017884749662690246925556289	(43,23)
-0.00143208377404425387131626599	(43,24)
-0.00108236373735284663312650947	(43,25)
-0.00075760780614932938556501149	(43,26)
-0.00047479957990197815452383023	(43,27)
-0.00024870646585958545370913525	(43,28)
-0.00009111118924266550270169497	(43,29)
-0.00001021194193818178699023137	(43,30)
-5.86574474090077930780949e-6	(44,1)
-0.00005269300507984469813536757	(44,2)
-0.0001457925038359622742447362	(44,3)
-0.00028392156996736663515674657	(44,4)
-0.0004649062584245895790039821	(44,5)
-0.00068532814823595341229982388	(44,6)
-0.00094019893890418058862074872	(44,7)
-0.00122269015390317748037488994	(44,8)
-0.00152398700562570543703911479	(44,9)
-0.00183332734848122535739667095	(44,10)
-0.00213826808470950138669236728	(44,11)
-0.00242519357960810330512407054	(44,12)
-0.00268004686120761048180982673	(44,13)
-0.00288922976063253311224019344	(44,14)
-0.00304058881583397098021210862	(44,15)
-0.00312438542765260262312674341	(44,16)
-0.0031341452255758464685170535	(44,17)
-0.00306729367147727716304343767	(44,18)
-0.00292551014789880039556335908	(44,19)
-0.00271476612837057562531332012	(44,20)
-0.00244504832724405963379789182	(44,21)
-0.00212979920361135296809002493	(44,22)
-0.00178513073603940674084344507	(44,23)
-0.00142888112922239524715700328	(44,24)
-0.00107958833915371800017823868	(44,25)
-0.00075545082647893383149848067	(44,26)
-0.00047333732413342470361887592	(44,27)
-0.00024789620734445804946404806	(44,28)
-0.00009080337844429106812949108	(44,29)
-0.00001017682113833188135152097	(44,30)
-5.88233012888708443538135e-6	(45,1)
-0.0000528419794246782201384073	(45,2)
-0.00014620440894929805658229986	(45,3)
-0.00028472196496633366067769317	(45,4)
-0.00046621022979784098792010117	(45,5)
-0.00068723185748013273024573229	(45,6)
-0.00094276829639315799733970798	(45,7)
-0.00122594759971121000493310398	(45,8)
-0.00152789834128257989386130139	(45,9)
-0.00183779138275967686356723175	(45,10)
-0.00214311225577201851503857121	(45,11)
-0.00243017843534555967975259368	(45,12)
-0.00268488118037091356450527359	(45,13)
-0.00289359625583680854563489175	(45,14)
-0.00304417810438841031053435425	(45,15)
-0.0031269338138678375763954221	(45,16)
-0.00313547039021925366265456802	(45,17)
-0.00306732206213978689478198033	(45,18)
-0.0029242908751213018168840773	(45,19)
-0.00271246831679281180372143177	(45,20)
-0.00244194167807009539181213016	(45,21)
-0.00212622037905094351567475773	(45,22)
-0.00178144049500793237210333257	(45,23)
-0.00142541851859636618711781402	(45,24)
-0.00107662851290821082588682329	(45,25)
-0.00075317229775134718494633524	(45,26)
-0.00047180289414880975593985537	(45,27)
-0.00024704978478343180304855183	(45,28)
-0.00009048273274785828975228025	(45,29)
-0.00001014028537178546514242773	(45,30)
-5.89733205763141577105395e-6	(46,1)
-0.00005297672956740866305496494	(46,2)
-0.00014657696350362752822534165	(46,3)
-0.00028544576095085041483173247	(46,4)
-0.00046738890132927480819461163	(46,5)
-0.00068895121515445974939351407	(46,6)
-0.00094508556232024730661544948	(46,7)
-0.00122887885408464234859131802	(46,8)
-0.0015314060689794907831930467	(46,9)
-0.00184177479887223273378324515	(46,10)
-0.00214740346599005235454792558	(46,11)
-0.00243454719610879528878585949	(46,12)
-0.00268904993118974710473441909	(46,13)
-0.00289726528346917747303268504	(46,14)
-0.00304705849657105551080981687	(46,15)
-0.00312878379225623125763621241	(46,16)
-0.00313612924873844204266957467	(46,17)
-0.00306673571164686587622152373	(46,18)
-0.00292252405350696565162158281	(46,19)
-0.00270970066785769844742190572	(46,20)
-0.0024384476549776530552218861	(46,21)
-0.00212233568147429681054797443	(46,22)
-0.00177751994160508817153519253	(46,23)
-0.0014217915090299070065278986	(46,24)
-0.00107355841041177361494636799	(46,25)
-0.00075082525476438710295602816	(46,26)
-0.00047023009749204854765741175	(46,27)
-0.00024618513147540004839939096	(46,28)
-0.0000901558766853299675571324	(46,29)
-0.00001010308020372290753060247	(46,30)
-5.91090376606711252335804e-6	(47,1)
-0.00005309863219102111914619974	(47,2)
-0.00014691397861530923280437735	(47,3)
-0.00028610039280629526263173359	(47,4)
-0.00046845449602703305888354403	(47,5)
-0.0006905043754227297710120887	(47,6)
-0.00094717595289190367123578904	(47,7)
-0.00123151732357449916984669371	(47,8)
-0.00153455291205353462999695708	(47,9)
-0.0018453307409686327114719896	(47,10)
-0.00215120630710144492252701527	(47,11)
-0.00243837675239063184338635839	(47,12)
-0.00269264283612296066820934815	(47,13)
-0.00290033943915556918249331835	(47,14)
-0.00304934483067224377110122565	(47,15)
-0.00313006099287518142669100949	(47,16)
-0.00313625587382975822859098705	(47,17)
-0.00306567391426786025776532365	(47,18)
-0.00292035025370902935305505591	(47,19)
-0.00270660062432331601643127783	(47,20)
-0.00243469606529609059131694669	(47,21)
-0.00211826307515697799053942612	(47,22)
-0.00177347168811935949517451025	(47,23)
-0.00141808489493682773177310175	(47,24)
-0.00107044383520287834087615766	(47,25)
-0.00074845676028327969468779783	(47,26)
-0.00046864893106615073229977789	(47,27)
-0.00024531815690814443737401579	(47,28)
-0.00008982868642149418304741571	(47,29)
-0.00001006586692410039715891888	(47,30)
-5.92317100526540098953452e-6	(48,1)
-0.00005320881704756691956754672	(48,2)
-0.00014721858213499497198877633	(48,3)
-0.00028669196448651121385031457	(48,4)
-0.00046941705637859002523057474	(48,5)
-0.0006919062747351416804364222	(48,6)
-0.00094906026210906249094149885	(48,7)
-0.00123389064785119908509187825	(48,8)
-0.00153737437636208527854678733	(48,9)
-0.00184850362027489943028903828	(48,10)
-0.00215457510454863912367265598	(48,11)
-0.00244173222839657567654035479	(48,12)
-0.00269573643885549825804978483	(48,13)
-0.00290290687035325748811299537	(48,14)
-0.00305113642654269789290087837	(48,15)
-0.0031308747117476501867437343	(48,16)
-0.00313596749684800535821519966	(48,17)
-0.00306425897281086432643838884	(48,18)
-0.00291789330156340625921350472	(48,19)
-0.00270328955143094423425763192	(48,20)
-0.00243080172778341528629987026	(48,21)
-0.00211410701793215593578956881	(48,22)
-0.00176938665370061545333997333	(48,23)
-0.0014143738263452352664091436	(48,24)
-0.00106734310570865681135314759	(48,25)
-0.00074610851666278688566178363	(48,26)
-0.00046708596876015429948639795	(48,27)
-0.00024446295168736031159487457	(48,28)
-0.0000895063653224339869752765	(48,29)
-0.00001002923104644585612176236	(48,30)
-5.934236355676956660962e-6	(49,1)
-0.00005330820573996809951612328	(49,2)
-0.00014749332593666395741164851	(49,3)
-0.00028722545786738113989373464	(49,4)
-0.00047028478601864829691261698	(49,5)
-0.00069316913460427449009308408	(49,6)
-0.00095075554952054204448451283	(49,7)
-0.00123602159019111483422800216	(49,8)
-0.001539899853430902783015569	(49,9)
-0.00185133043154018605752925726	(49,10)
-0.00215755543766061531815775134	(49,11)
-0.00244466868610289105397955774	(49,12)
-0.00269839596293475301561506206	(49,13)
-0.00290504325258384600987078617	(49,14)
-0.00305251913715821174642537272	(49,15)
-0.00313131999285577879163282679	(49,16)
-0.0031353665751451958400670947	(49,17)
-0.00306259820798170766029233246	(49,18)
-0.0029152621892106489957841014	(49,19)
-0.00269987451340917131801958278	(49,20)
-0.00242686608262953237230804242	(49,21)
-0.00210995987809944698168936223	(49,22)
-0.001765345268080521708904836	(49,23)
-0.00141072478749004144606519284	(49,24)
-0.00106430780679988200135116556	(49,25)
-0.00074381740016296112973747537	(49,26)
-0.00046556470102294116443814109	(49,27)
-0.00024363196744651100948861321	(49,28)
-0.00008919351039464976873327369	(49,29)
-9.99368978541059937645446e-6	(49,30)
-5.94418295107293037842867e-6	(50,1)
-0.00005339754517407080387683793	(50,2)
-0.00014774027845960687370719964	(50,3)
-0.00028770491287807789667806746	(50,4)
-0.00047106434435320322258389438	(50,5)
-0.00069430289499862888255734571	(50,6)
-0.00095227573271663985361431779	(50,7)
-0.00123792880394599906797468334	(50,8)
-0.00154215356881366870519067451	(50,9)
-0.00185384188299852174930934122	(50,10)
-0.00216018544203765835636479882	(50,11)
-0.00244723258208742826904596946	(50,12)
-0.00270067689724350271451701579	(50,13)
-0.00290681347166680022924532187	(50,14)
-0.00305356709189025638935991922	(50,15)
-0.00313147939518856138766650929	(50,16)
-0.00313454254606184698456620224	(50,17)
-0.00306078566426402238809977704	(50,18)
-0.00291255270030086024001655563	(50,19)
-0.00269644978822161053235404437	(50,20)
-0.00242297856899217799533696305	(50,21)
-0.00210590315160350695969588034	(50,22)
-0.00176141851000740908406950276	(50,23)
-0.0014071964445812882728524038	(50,24)
-0.0010613834434217414114497906	(50,25)
-0.00074161592724454808876614994	(50,26)
-0.00046410583205031088192239696	(50,27)
-0.00024283617464142365118697939	(50,28)
-0.00008889417064226944509864726	(50,29)
-9.95969862953368583950998e-6	(50,30)
-5.95307768134388129010941e-6	(51,1)
-0.000053477436329173858516715	(51,2)
-0.00014796110429715885428044902	(51,3)
-0.00028813358240497717256563949	(51,4)
-0.00047176109986891693379471944	(51,5)
-0.00069531558681657261497712363	(51,6)
-0.00095363209621225069664021718	(51,7)
-0.00123962749022054733686345815	(51,8)
-0.00154415539476958887686660782	(51,9)
-0.00185606336302927460076522665	(51,10)
-0.00216249692145559538776344332	(51,11)
-0.0024494630084642818126071895	(51,12)
-0.00270262634332972158631592962	(51,13)
-0.00290827305010672322145643937	(51,14)
-0.00305434417197510621786792003	(51,15)
-0.00313142448666643276982796269	(51,16)
-0.00313357330955383886715637415	(51,17)
-0.00305890355321875784206422552	(51,18)
-0.00290984878788313676667616306	(51,19)
-0.0026930981557948397118998166	(51,20)
-0.00241921780110820578444727787	(51,21)
-0.00210200850580413580578992452	(51,22)
-0.00175766880179341382972998102	(51,23)
-0.0014038403793254278049120517	(51,24)
-0.0010586100084190650046892305	(51,25)
-0.00073953266106239420244508423	(51,26)
-0.00046272753959318635091059269	(51,27)
-0.00024208520079370017423693032	(51,28)
-0.00008861189826670250753054725	(51,29)
-9.92765711196648030449839e-6	(51,30)
-5.9609739383365859252849e-6	(52,1)
-0.00005354835892358692693664533	(52,2)
-0.00014815713242768065521451113	(52,3)
-0.00028851406507706853765759321	(52,4)
-0.0004723793472247226692586166	(52,5)
-0.00069621365097175916948820059	(52,6)
-0.00095483372709087459227911838	(52,7)
-0.00124112996032170639655617338	(52,8)
-0.00154592154429408765766595675	(52,9)
-0.00185801576420521161527014484	(52,10)
-0.00216451629368825413756526635	(52,11)
-0.00245139274592682251638543703	(52,12)
-0.00270428415590663558350004608	(52,13)
-0.00290946935174289621862297951	(52,14)
-0.00305490525435011029129884698	(52,15)
-0.00313121710223864604583984325	(52,16)
-0.00313252647680350064247559336	(52,17)
-0.00305702347047385822995544551	(52,18)
-0.00290722373908777533839673721	(52,19)
-0.0026898919907357438987759472	(52,20)
-0.00241565257018415119470929189	(52,21)
-0.00209833867280980833667706245	(52,22)
-0.00175415077857702350415689757	(52,23)
-0.00140070172256304846105823212	(52,24)
-0.00105602247502700572001773424	(52,25)
-0.00073759256524236356698644706	(52,26)
-0.00046144570169769824025916145	(52,27)
-0.00024138745138776091513520815	(52,28)
-0.00008834979350308668422775241	(52,29)
-9.89791386742885209232013e-6	(52,30)
-5.9679139608132476802087e-6	(53,1)
-0.00005361069247904980824282128	(53,2)
-0.00014832941448207423635089008	(53,3)
-0.00028884841864984135674149025	(53,4)
-0.00047292249258089297238633594	(53,5)
-0.00069700221067502759851412628	(53,6)
-0.00095588788648256753576308763	(53,7)
-0.00124244611485378483515414356	(53,8)
-0.00154746516142890876189653721	(53,9)
-0.0018597161828740950420964656	(53,10)
-0.00216626539166873523295393735	(53,11)
-0.00245304915350415320665582112	(53,12)
-0.0027056839040449733557794164	(53,13)
-0.00291044259463227168870382858	(53,14)
-0.00305529725560664492479472681	(53,15)
-0.00313091039883239323687853697	(53,16)
-0.00313146041745285503066447089	(53,17)
-0.00305520741799183344417222069	(53,18)
-0.00290474115618670038794022396	(53,19)
-0.00268689418631755936653443909	(53,20)
-0.00241234269545269990241079946	(53,21)
-0.00209494821203561044412814335	(53,22)
-0.00175091194815763421835645112	(53,23)
-0.00139781970022206871582737192	(53,24)
-0.00105365122289405957654591744	(53,25)
-0.00073581731092820606468918585	(53,26)
-0.00046027409401335679002801258	(53,27)
-0.00024075021527937482563600659	(53,28)
-0.00008811054376246557144505508	(53,29)
-9.87077104971209338794002e-6	(53,30)
-5.97393082683484083484546e-6	(54,1)
-0.0000536647342179299394499603	(54,2)
-0.00014847877424867127992070187	(54,3)
-0.0002891382563278555458656984	(54,4)
-0.00047339321100371730726308303	(54,5)
-0.00069768530258768248978428895	(54,6)
-0.00095680032469921344966201799	(54,7)
-0.00124358384970586011395908384	(54,8)
-0.00154879682074445819768136984	(54,9)
-0.0018611785099644901960391324	(54,10)
-0.0021677621385308694726568263	(54,11)
-0.00245445491634565347191950702	(54,12)
-0.0027068536769068580647217986	(54,13)
-0.00291122669812925610179965789	(54,14)
-0.00305556000353224453976787241	(54,15)
-0.0031305497353729885870230509	(54,16)
-0.00313042513356099461638429196	(54,17)
-0.00305350865871268069618851418	(54,18)
-0.00290245577930289295878588771	(54,19)
-0.0026841589325014432136948005	(54,20)
-0.00240933974418204016410226766	(54,21)
-0.00209188415854281122692225508	(54,22)
-0.00174799325469847357282840373	(54,23)
-0.00139522810177799647635624926	(54,24)
-0.00105152240502314297195091737	(54,25)
-0.00073422554207367970309635658	(54,26)
-0.00045922456068670387290832	(54,27)
-0.00024017975615588350167215341	(54,28)
-0.00008789645763397357653816329	(54,29)
-9.84648817129166415166564e-6	(54,30)
-5.97905013462995417847869e-6	(55,1)
-0.00005371071416207308798090289	(55,2)
-0.00014860584943636202393383724	(55,3)
-0.00028938482801565636638833637	(55,4)
-0.00047379357920966691537206045	(55,5)
-0.00069826607167377604442641794	(55,6)
-0.00095757554668638731243347041	(55,7)
-0.00124454939766052805108520699	(55,8)
-0.00154992494698917960072204726	(55,9)
-0.00186241392641170536526589358	(55,10)
-0.00216902111237758993419527728	(55,11)
-0.0024556286697652398849124994	(55,12)
-0.00270781675442728638717576349	(55,13)
-0.00291184998636789332729537931	(55,14)
-0.00305572695970853378835767953	(55,15)
-0.00313017340192677595875837955	(55,16)
-0.00312946298416292774003451904	(55,17)
-0.0030519724265061373531543301	(55,18)
-0.00290041417206013610835471718	(55,19)
-0.00268173236708135781391110612	(55,20)
-0.00240668763714475618177503282	(55,21)
-0.00208918657090604187771340066	(55,22)
-0.00174542955728857975406730696	(55,23)
-0.00139295567961444179164473218	(55,24)
-0.00104965826169545848713181231	(55,25)
-0.0007328331030567783438545992	(55,26)
-0.00045830716130956832239873348	(55,27)
-0.00023968139130747600804883607	(55,28)
-0.00008770949420006024091118966	(55,29)
-9.82528541536042224387324e-6	(55,30)
-5.98329140641231307852015e-6	(56,1)
-0.00005374880774290874752853943	(56,2)
-0.00014871112655281699023277656	(56,3)
-0.00028958908816718832833387055	(56,4)
-0.00047412518638939304757908796	(56,5)
-0.00069874693380625452756519579	(56,6)
-0.00095821703338860765600194358	(56,7)
-0.00124534761296669463129410316	(56,8)
-0.00155085616416447341428448789	(56,9)
-0.00186343131449753151425718273	(56,10)
-0.00217005401415072416810631595	(56,11)
-0.00245658551494496657915272939	(56,12)
-0.00270859216018398035152710284	(56,13)
-0.00291233576689885581006259831	(56,14)
-0.00305582581295530459805671267	(56,15)
-0.0031298132182036107404096728	(56,16)
-0.00312860928045512023504645164	(56,17)
-0.00305063651058964730743792538	(56,18)
-0.00289865528787464352507865143	(56,19)
-0.00267965311574229199662364727	(56,20)
-0.00240442315313170520272180341	(56,21)
-0.00208688898986654414070653959	(56,22)
-0.0017432500323265779071373217	(56,23)
-0.00139102648610371194374794669	(56,24)
-0.0010480773862914435310829	(56,25)
-0.00073165323191332552335239355	(56,26)
-0.00045753029591663529399991243	(56,27)
-0.0002392595587263314888526977	(56,28)
-0.00008755128803045988192447943	(56,29)
-9.80734646089314408757711e-6	(56,30)
-5.98666924367122183167051e-6	(57,1)
-0.00005377914617906020602605577	(57,2)
-0.00014879496960702020794368779	(57,3)
-0.00028975175161623395161717191	(57,4)
-0.00047438922538047086813549968	(57,5)
-0.00069912970948561281296818454	(57,6)
-0.00095872742366675745786512312	(57,7)
-0.0012459822049676091261382566	(57,8)
-0.00155159558171397704090208821	(57,9)
-0.00186423759449375319404385744	(57,10)
-0.0021708700497343643175138734	(57,11)
-0.00245733743912563810187074857	(57,12)
-0.00270919511082018848739905123	(57,13)
-0.00291270280009705195495547729	(57,14)
-0.00305587896007752950925368998	(57,15)
-0.00312949501820722783604253507	(57,16)
-0.0031278927681660376560054193	(57,17)
-0.00304953173018743104033415444	(57,18)
-0.00289721093139783966604699286	(57,19)
-0.0026779527339094219095515457	(57,20)
-0.00240257634353455624143536542	(57,21)
-0.00208501881686331078171592022	(57,22)
-0.00174147850693363406482932398	(57,23)
-0.00138946015387284913916589812	(57,24)
-0.00104679494693716470879571257	(57,25)
-0.00073069672182142182550108168	(57,26)
-0.00045690080962292373422437319	(57,27)
-0.00023891787334419812548035877	(57,28)
-0.00008742317014642889834257735	(57,29)
-9.79282085311697715910586e-6	(57,30)
-5.98919425714539509447486e-6	(58,1)
-0.00005380182482997345957127035	(58,2)
-0.0001488576432132325148191608	(58,3)
-0.00028987333851300120794739587	(58,4)
-0.00047458656603577457481530877	(58,5)
-0.00069941573140607576109911329	(58,6)
-0.00095910866054751324679296065	(58,7)
-0.00124645592575177979515198425	(58,8)
-0.00155214702410445809098027882	(58,9)
-0.00186483799428432031177505821	(58,10)
-0.00217147623540022251078305864	(58,11)
-0.00245789365078778125058806711	(58,12)
-0.00270963737378437937402074697	(58,13)
-0.00291296567212142723386508091	(58,14)
-0.00305590388736611310919939842	(58,15)
-0.0031292390347232085771356077	(58,16)
-0.00312733601057041392768758326	(58,17)
-0.00304868231220199772132400809	(58,18)
-0.00289610612680315875828275834	(58,19)
-0.00267665606071562832366434289	(58,20)
-0.00240117086579444290495616741	(58,21)
-0.00208359761966459310795665622	(58,22)
-0.00174013372909824480199935998	(58,23)
-0.00138827212356576298544802261	(58,24)
-0.00104582286706766003519829318	(58,25)
-0.0007299720529049403101286958	(58,26)
-0.00045642407815059671896196356	(58,27)
-0.00023865917304508539150604892	(58,28)
-0.0000873261851842717161795344	(58,29)
-9.78182594482533801706327e-6	(58,30)
-5.99087378993744780296794e-6	(59,1)
-0.00005381690969137889381670896	(59,2)
-0.00014889933055533248142010281	(59,3)
-0.00028995420926168554685878899	(59,4)
-0.00047471781225664345237109504	(59,5)
-0.00069960592804578921365449881	(59,6)
-0.00095936210481451765025927798	(59,7)
-0.00124677071578556954469768154	(59,8)
-0.00155251320880580152367034424	(59,9)
-0.00186523625809516899728096679	(59,10)
-0.00217187763387581843657587761	(59,11)
-0.00245826083822445225631647838	(59,12)
-0.00270992754279800390741398344	(59,13)
-0.00291313508164662115045633523	(59,14)
-0.003055913463592484975395515	(59,15)
-0.00312906019455118841178054331	(59,16)
-0.00312695568283730750003086034	(59,17)
-0.00304810618200418813655106307	(59,18)
-0.00289535940213000179137931319	(59,19)
-0.00267578149318752114339671239	(59,20)
-0.00240022424258541968506674384	(59,21)
-0.0020826413707148350913376532	(59,22)
-0.00173922957897019328694784446	(59,23)
-0.00138747382243111817559928168	(59,24)
-0.00104516996729068618544297205	(59,25)
-0.00072948549594900996552862668	(59,26)
-0.00045610407520716056932483581	(59,27)
-0.00023848555494339609351076625	(59,28)
-0.00008726110493458972258312716	(59,29)
-9.77444842813648441397472e-6	(59,30)
-5.99171244795179024529347e-6	(60,1)
-0.00005382444215999927245027389	(60,2)
-0.00014892014656420539607138175	(60,3)
-0.00028999459014667803800447685	(60,4)
-0.00047478334382009855119143227	(60,5)
-0.00069970088495453824941972747	(60,6)
-0.0009594886182567612455447672	(60,7)
-0.00124692781057534056747246843	(60,8)
-0.00155269587652882189435220891	(60,9)
-0.00186543479905918678966777807	(60,10)
-0.00217207752665630678925698591	(60,11)
-0.00245844335799556466898878182	(60,12)
-0.00271007123832174425072545754	(60,13)
-0.00291321804825741983145460455	(60,14)
-0.00305591615277955884400353969	(60,15)
-0.00312896833287545755137461393	(60,16)
-0.00312676278591697847579959612	(60,17)
-0.00304781517507252166676716168	(60,18)
-0.00289498299670558369161642727	(60,19)
-0.00267534118679739831995582106	(60,20)
-0.00239974805192437472162212124	(60,21)
-0.00208216062242517189360303139	(60,22)
-0.00173877522461931822954361279	(60,23)
-0.00138707279622921232512755565	(60,24)
-0.0010448420703328727671974543	(60,25)
-0.00072924118921763122030516465	(60,26)
-0.00045594342243380960897628388	(60,27)
-0.00023839840229394695114765378	(60,28)
-0.0000872284383891688217224615	(60,29)
-9.77074547135621384387838e-6	(60,30)