kuu1212_(sigma,mu)
0.4669354110894073586812337492	(1,1)
0.4669179361653309464695538691	(1,2)
0.4668000965107965328846853335	(1,3)
0.4664206517210730742555475565	(1,4)
0.4655488807823376286360364705	(1,5)
0.463897375207810952169501125	(1,6)
0.461138166513284465436444233	(1,7)
0.4569214441103634232715283587	(1,8)
0.45089599752260006965309413124	(1,9)
0.44273043303529378226154968391	(1,10)
0.43213417322870955677130882729	(1,11)
0.41887725022322075002473361106	(1,12)
0.40280794985735999544486755822	(1,13)
0.38386745246772530525159000929	(1,14)
0.36210074263754075053512884706	(1,15)
0.33766321974112430590358181744	(1,16)
0.31082262640486110768867540178	(1,17)
0.2819561150618194956228809832	(1,18)
0.25154248473956297110229957629	(1,19)
0.22014983183098837016065097392	(1,20)
0.18841906060200304955478863258	(1,21)
0.15704388274176003863455643286	(1,22)
0.12674809231038532107973695277	(1,23)
0.0982610260823714474908068227	(1,24)
0.07229220406726181225920099963	(1,25)
0.04950618714747024948494464637	(1,26)
0.03049868639423030099268109138	(1,27)
0.01577491173282093625417248999	(1,28)
0.00573105819107093211576061775	(1,29)
0.00063969979714359269781758032	(1,30)
0.4669730653950109321083613561	(2,1)
0.4669555890412170595761281685	(2,2)
0.4668377397456272545055180261	(2,3)
0.4664582639120897109857341849	(2,4)
0.4655864216532175773268014709	(2,5)
0.4639347809784441812220624778	(2,6)
0.4611753465994002184869212322	(2,7)
0.4569582793712090600195130635	(2,8)
0.4509323402037286064256174972	(2,9)
0.44276610847362119162551718733	(2,10)
0.43216898330171795369146028444	(2,11)
0.41891097843748690661842802087	(2,12)
0.40284036788789996881726868115	(2,13)
0.3838983278835592553771743096	(2,14)
0.36212984748482642583168405923	(2,15)
0.33769033960707507070541217284	(2,16)
0.31084756955645037555443730274	(2,17)
0.28197872124478124483965495611	(2,18)
0.2515626332358490855005029047	(2,19)
0.22016744840562521540402389809	(2,20)
0.18843412302085187371800809004	(2,21)
0.15705642460657710917392095013	(2,22)
0.12675820503259145481204691557	(2,23)
0.09826885889752460297396260409	(2,24)
0.07229796207390224715945392424	(2,25)
0.04951012743274370718974888051	(2,26)
0.03050111238118571653513539966	(2,27)
0.01577616594810198177588378171	(2,28)
0.00573151370535328233180921526	(2,29)
0.00063975063338555355723951177	(2,30)
0.4672227864125929695902062468	(3,1)
0.4672053005736467064207456541	(3,2)
0.4670873873165589894829581693	(3,3)
0.4667077055296240587846639962	(3,4)
0.465835390113340106379295373	(3,5)
0.4641828531480441421947489709	(3,6)
0.4614219215235666042449604458	(3,7)
0.4572025666534278682257557306	(3,8)
0.4511733596355604751629589655	(3,9)
0.44300270136003747971060269204	(3,10)
0.43239983536179781763937328443	(3,11)
0.41913465358407744892433933609	(3,12)
0.40305535163357028301407713562	(3,13)
0.38410307861440058337160970346	(3,14)
0.36232285341795860855178360554	(3,15)
0.33787017892812923822727708795	(3,16)
0.31101297103982516082351890576	(3,17)
0.28212862260413406381683400705	(3,18)
0.25169623453783127038959540144	(3,19)
0.22028425809942283175814553182	(3,20)
0.18853399447380930577998833988	(3,21)
0.15713958146884748325479618891	(3,22)
0.12682525425313961947059161833	(3,23)
0.09832079074941157266445356335	(3,24)
0.07233613708868460452828946728	(3,25)
0.04953625066519295656000044315	(3,26)
0.0305171959044993882000128447	(3,27)
0.01578448090046048076767195102	(3,28)
0.00573453356129185731417453051	(3,29)
0.00064008765357254863620313513	(3,30)
0.4680054451307037259135374373	(4,1)
0.4679879295464587346238369066	(4,2)
0.4678698157070859027876416209	(4,3)
0.467489488053828515104081517	(4,4)
0.4666156888263322542025385806	(4,5)
0.4649603411225703881163948657	(4,6)
0.4621947142100682941685158843	(4,7)
0.4579681854698260504192290106	(4,8)
0.4519287308543554441163572624	(4,9)
0.44374419169513773124619871009	(4,10)
0.43312332387751580676615063998	(4,11)
0.41983563773721155052150121088	(4,12)
0.40372908350949476517992655258	(4,13)
0.384744725826744302882762416	(4,14)
0.36292767780267429934047609252	(4,15)
0.33843372515914591293773507698	(4,16)
0.31153125668854923454866834899	(4,17)
0.28259832099680493901652038535	(4,18)
0.25211484204149119398005327049	(4,19)
0.22065023816662529658763321631	(4,20)
0.18884689184715407537709334323	(4,21)
0.15740010131456404814974678772	(4,22)
0.12703530256797434988615005105	(4,23)
0.09848347406985152391766268229	(4,24)
0.07245572123115659828152791174	(4,25)
0.04961807985570893003152967822	(4,26)
0.03056757514798415819695651437	(4,27)
0.01581052574493011349589399051	(4,28)
0.00574399250112524136127577577	(4,29)
0.00064114327750722277172813207	(4,30)
0.4697380716063822405264210914	(5,1)
0.4697204901171521086103067397	(5,2)
0.4696019318590008858323713928	(5,3)
0.4692201731976821261897348344	(5,4)
0.4683430863842182269897307532	(5,5)
0.4666815111343973573198742177	(5,6)
0.4639054813002994550566076597	(5,7)
0.4596630582684022488612886259	(5,8)
0.4536008996845001629242630111	(5,9)
0.4453856076454534866022437743	(5,10)
0.43472485842081636043348043808	(5,11)
0.42138731802938213897518174153	(5,12)
0.40522039460672750088701390463	(5,13)
0.38616496751707907965592769465	(5,14)
0.36426636076944162810641536005	(5,15)
0.3396809889659342758829460489	(5,16)
0.31267829074078240414285753452	(5,17)
0.28363776927898964309188866097	(5,18)
0.25304117306931979753288997094	(5,19)
0.22146006317708103923434688884	(5,20)
0.18953921666032629750039097167	(5,21)
0.15797650036791722571375421596	(5,22)
0.1275000071418776575282189537	(5,23)
0.09884337047217537430577281081	(5,24)
0.07272025847496402155984563169	(5,25)
0.04979908995867940132413692513	(5,26)
0.03067901245485546368007007006	(5,27)
0.01586813452017249382321942731	(5,28)
0.00576491439919552326514312754	(5,29)
0.0006434781526465245799705663	(5,30)
0.472870412404931867347063805	(6,1)
0.4728527116351636954331586614	(6,2)
0.4727333490297558182012336123	(6,3)
0.4723490004102545752769879859	(6,4)
0.4714659634661444203820397926	(6,5)
0.4697931171830059740211269437	(6,6)
0.4669982596359732271387044349	(6,7)
0.4627270708188501163605194811	(6,8)
0.4566238231686795464958465644	(6,9)
0.4483528772236455941384798551	(6,10)
0.4376199572924729616451873902	(6,11)
0.42419220413087574849436160699	(6,12)
0.40791604846952496192262817586	(6,13)
0.3887320388957239903990964974	(6,14)
0.36668588622936558299838693827	(6,15)
0.34193514857846521202011440207	(6,16)
0.31475116963137081965523667771	(6,17)
0.28551608917076722959988494762	(6,18)
0.25471496018745210304897498199	(6,19)
0.22292322182882597688550469588	(6,20)
0.19078998225889611993675024069	(6,21)
0.15901775130473992261849425309	(6,22)
0.12833942134678594330931178004	(6,23)
0.09949341932456515275810735266	(6,24)
0.07319803754616883205628247929	(6,25)
0.05012599253172017396616916914	(6,26)
0.03088025761263695241270492846	(6,27)
0.01597216663544883770434901014	(6,28)
0.00580269500483008048291303346	(6,29)
0.00064769439862309884779183941	(6,30)
0.4778182425509725530544314057	(7,1)
0.4778003530975037903041680766	(7,2)
0.4776797181373800909356991164	(7,3)
0.4772912726050798865984992908	(7,4)
0.4763988235111228803030314897	(7,5)
0.4747081484013086787044950575	(7,6)
0.4718835090623799224936484544	(7,7)
0.4675668193065166520378208869	(7,8)
0.4613985800937885360931280585	(7,9)
0.453039608800318051634631087	(7,10)
0.4421925460908840107186668116	(7,11)
0.42862212572258066674766442672	(7,12)
0.41217323982128746650294610477	(7,13)
0.39278592284855822880886237881	(7,14)
0.37050650776894741867453639462	(7,15)
0.3454943721878838783431539974	(7,16)
0.31802388324721592334335273467	(7,17)
0.28848135939001568010833129432	(7,18)
0.2573570854383210611459530337	(7,19)
0.22523263505053294273676785276	(7,20)
0.19276396186080645112142550264	(7,21)
0.16066090826262025982442782826	(7,22)
0.1296639406078710840650214582	(7,23)
0.10051904456260299518139780377	(7,24)
0.07395179909187893451374539564	(7,25)
0.05064168845129445694051190442	(7,26)
0.03119770699545105143538667585	(7,27)
0.01613626191073608454024776896	(7,28)
0.00586228641151179446061729326	(7,29)
0.00065434458166385978389307691	(7,30)
0.4849017149342199970999518779	(8,1)
0.4848835548782271575116682828	(8,2)
0.4847610951594050770373169584	(8,3)
0.4843667740145021451512268996	(8,4)
0.4834608264911342973932360995	(8,5)
0.4817445824201941372356255868	(8,6)
0.4788772326458667436617344515	(8,7)
0.4744952911307450955503747882	(8,8)
0.4682338527063150463807852414	(8,9)
0.4597486579807958380026012663	(8,10)
0.4487379323896970198152879652	(8,11)
0.4349629678476633240908588012	(8,12)
0.41826646318277253703448325607	(8,13)
0.39858773167952457068693312015	(8,14)
0.37597401676048347522435021853	(8,15)
0.35058732434088492041632970031	(8,16)
0.3227063752882201125973195252	(8,17)
0.29272349499162910937921932213	(8,18)
0.26113647967971259401379547276	(8,19)
0.2285357007781143492012392807	(8,20)
0.19558691929288525454331980577	(8,21)
0.16301047251665458681179217718	(8,22)
0.13155765685813366269604068869	(8,23)
0.10198525625648579033743218934	(8,24)
0.0750292501180958017064553022	(8,25)
0.05137877456097904499533372981	(8,26)
0.03165140453244748062382387568	(8,27)
0.01637077264984724264656998646	(8,28)
0.00594744589944589695687086875	(8,29)
0.00066384787758131341093630834	(8,30)
0.4942945993282065826757169225	(9,1)
0.4942760796742364494230817832	(9,2)
0.4941511950736211622904440348	(9,3)
0.4937490659736905391202851366	(9,4)
0.4928251808260955741127781953	(9,5)
0.491074959382908036947957558	(9,6)
0.4881508548862984930252115089	(9,7)
0.4836822079079736069714107848	(9,8)
0.4772969336724550269586193183	(9,9)
0.4686440339680929819322246687	(9,10)
0.4574158785843318308734759695	(9,11)
0.4433692021028748793867083073	(9,12)
0.4263438102387469147758802953	(9,13)
0.40627808403972632511333061383	(9,14)
0.38322050622456269489875177803	(9,15)
0.3573366058649960643881004224	(9,16)
0.32891091781244570543914366522	(9,17)
0.29834377264136470913011596828	(9,18)
0.26614296137070371780020792336	(9,19)
0.23291054633311664320765426296	(9,20)
0.19932530489348797828091212476	(9,21)
0.16612148652051291696675355972	(9,22)
0.13406472736370551203100293559	(9,23)
0.10392609289678951904531476642	(9,24)
0.07645530310997477033032865434	(9,25)
0.05235423294552633309907758137	(9,26)
0.03225177204085656981317209855	(9,27)
0.01668107328488458042876073416	(9,28)
0.00606012203000282943037009687	(9,29)
0.00067642155929348120718599704	(9,30)
0.5059884170026697678246719812	(10,1)
0.5059694485002343726777386988	(10,2)
0.5058415371760740975220912396	(10,3)
0.5054296622580121180192897598	(10,4)
0.5044833876851971765302240133	(10,5)
0.5026907568733525735576192351	(10,6)
0.4996958148279385532168429332	(10,7)
0.4951189518746608241446317539	(10,8)
0.4885791284365777183424069602	(10,9)
0.4797169463647955690368390337	(10,10)
0.4682174840075683803968185431	(10,11)
0.4538318122729846617052116284	(10,12)
0.4363961580720311043279279045	(10,13)
0.41584777812011444012956704713	(10,14)
0.3922367462234117104099606585	(10,15)
0.36573303478335335236735286662	(10,16)
0.33662847827472069914745597632	(10,17)
0.30533343329141723053248004174	(10,18)
0.27236818576131952249580469346	(10,19)
0.23834938999885474088704754896	(10,20)
0.20397204544301348066858968066	(10,21)
0.16998771503768468707251805235	(10,22)
0.13717985537517952152642981213	(10,23)
0.10633725580721063058465022427	(10,24)
0.07822666663411774980031295677	(10,25)
0.05356573230831538449022771477	(10,26)
0.03299733362965672424715357505	(10,27)
0.0170663845554629853442750743	(10,28)
0.00620002776319739959768829671	(10,29)
0.00069203336500164197966031098	(10,30)
0.5197747415359526006006763786	(11,1)
0.5197552422149938218459145404	(11,2)
0.5196237514211135396627435795	(11,3)
0.5192003509223155304019490079	(11,4)
0.5182275984287380935777793238	(11,5)
0.5163848147783406990087732955	(11,6)
0.5133061034866753509117094386	(11,7)
0.5086012751569048642608567727	(11,8)
0.5018787096584061011728155606	(11,9)
0.4927690911330770960362414432	(11,10)
0.4809488998570990146120856843	(11,11)
0.4661625439603977746897044024	(11,12)
0.4482420639798494563724738206	(11,13)
0.4271234427787953316388216701	(11,14)
0.40285869859189574605981733062	(11,15)
0.37562312351733696480777711212	(11,16)
0.34571724517774290430439003178	(11,17)
0.31356332526817956688924506896	(11,18)
0.27969645390378344447218154576	(11,19)
0.24475054118701849730284554485	(11,20)
0.20943973558883094740339061954	(11,21)
0.17453600186504438055824275958	(11,22)
0.14084376013428661689456946777	(11,23)
0.10917261525657772732003438929	(11,24)
0.08030928689969652144198372662	(11,25)
0.0549898831962432386191476559	(11,26)
0.03387364455186690333142752712	(11,27)
0.01751922097399661908277276035	(11,28)
0.00636444009206205630968458801	(11,29)
0.00071037915443190850823079239	(11,30)
0.5352487587713544660342217023	(12,1)
0.535228661399115218807302488	(12,2)
0.5350931377690605702319738269	(12,3)
0.5346567519404452301217487058	(12,4)
0.5336541683158946559880624264	(12,5)
0.5317548815191555465403079863	(12,6)
0.5285817975096885031374816736	(12,7)
0.5237328140209699546037806208	(12,8)
0.5168044033171145451448758676	(12,9)
0.5074160977817578543065947432	(12,10)
0.4952347245534403062512233973	(12,11)
0.4799972329879460303775316295	(12,12)
0.4615310095689851217232936069	(12,13)
0.4397706778329951901875264376	(12,14)
0.41477053201270990711813026556	(12,15)
0.38671194582721034763501279626	(12,16)
0.35590532309902363201271039842	(12,17)
0.32278640363986832435841454612	(12,18)
0.28790699379236242605513120833	(12,19)
0.25192044331451943340624869812	(12,20)
0.21556242645376466181423775022	(12,21)
0.17962779372956399763738520224	(12,22)
0.14494443261464438639687897526	(12,23)
0.11234520279810369837143823198	(12,24)
0.08263909047128685951911980844	(12,25)
0.056582754207318328019625982	(12,26)
0.03485361312122428713290234574	(12,27)
0.01802555889545660314397706824	(12,28)
0.00654826149038716277245704074	(12,29)
0.00073088978955755648785396412	(12,30)
0.5518363328841125951570127607	(13,1)
0.5518155914520856465241518163	(13,2)
0.551675724742649218019035338	(13,3)
0.5512253546998318907738511605	(13,4)
0.5501906456041126902264780195	(13,5)
0.5482305114477077602810417666	(13,6)
0.5449558032963148079832383113	(13,7)
0.5399515985972675411167912396	(13,8)
0.5328015631687101776122730606	(13,9)
0.5231132488626298804938251185	(13,10)
0.5105431317901677472818731316	(13,11)
0.4948201918185037132350432515	(13,12)
0.4757668857164108180033444645	(13,13)
0.4533164729820035076083948178	(13,14)
0.4275258111462628173487729143	(13,15)
0.398582939284795793661555524	(13,16)
0.36680900488364367776903731602	(13,17)
0.33265434814530285456405350825	(13,18)
0.29668882587207647561073228872	(13,19)
0.25958672027684681067914115795	(13,20)
0.22210682296259712654883292195	(13,21)
0.18506849880704054614334182807	(13,22)
0.1493247087084698446011342878	(13,23)
0.11573309695586744224103647301	(13,24)
0.08512632424484194930757504809	(13,25)
0.0582828499086243944542689965	(13,26)
0.03589933829870379645022614072	(13,27)
0.01856578818457918952151133647	(13,28)
0.00674436595457725092316723459	(13,29)
0.00075276977665936941257281941	(13,30)
0.568844233917486193511718187	(14,1)
0.5688228282617715549948226755	(14,2)
0.5686784825093999133126131714	(14,3)
0.5682136905529093545774115138	(14,4)
0.5671458509792025381228567157	(14,5)
0.5651229678582225289547263737	(14,6)
0.5617434652431163503351356719	(14,7)
0.5565792106034155444904162274	(14,8)
0.5492006845970830844412542899	(14,9)
0.5392031210663912608430376802	(14,10)
0.5262323787461926323052974025	(14,11)
0.5100092998989423696443962963	(14,12)
0.4903513634742317041008238495	(14,13)
0.4671905509592138559995816512	(14,14)
0.4405865080053098002675105797	(14,15)
0.41073429691503119512656424381	(14,16)
0.37796628370658471475067626645	(14,17)
0.34274797573285372865655533264	(14,18)
0.30566790704333204540254589992	(14,19)
0.26742194361506299004158265917	(14,20)
0.22879263463618770457361561729	(14,21)
0.19062445632476296897336387205	(14,22)
0.15379597105263735777722884857	(14,23)
0.11919004978201499052043815254	(14,24)
0.08766337642083751841851001353	(14,25)
0.06001646839362228867319573285	(14,26)
0.03696541113047583616139393621	(14,27)
0.01911642017497269901950092802	(14,28)
0.0069442195948147712125672776	(14,29)
0.00077506654147524989533530444	(14,30)
0.5855287701136527370705348072	(15,1)
0.5855067079356210981644231855	(15,2)
0.5853579350822178381171512479	(15,3)
0.5848788885697249337988480017	(15,4)
0.5837783036233787918526093863	(15,5)
0.5816934033933679933796679106	(15,6)
0.5782103357634362559732787946	(15,7)
0.5728879263085595055913803213	(15,8)
0.5652836517892330474528301423	(15,9)
0.5549806188849769517686543108	(15,10)
0.5416142657602963313657350957	(15,11)
0.5248974953345111558681214138	(15,12)
0.504643002043548590933827537	(15,13)
0.4807816684268928226333890511	(15,14)
0.453376080293418513953484671	(15,15)
0.42262843187412813368521633853	(15,16)
0.38888235399261608257309542012	(15,17)
0.35261848467541172000591491866	(15,18)
0.31444389670576157929939484817	(15,19)
0.27507578374276619087428223253	(15,20)
0.23532006994188868847799255699	(15,21)
0.19604583378153509204744873028	(15,22)
0.15815661440587342404701504525	(15,23)
0.12255979137798343462907241992	(15,24)
0.09013529339086987843984967175	(15,25)
0.06170489900267770719254681892	(15,26)
0.03800334674423018068579709817	(15,27)
0.01965237915298011110304124684	(15,28)
0.00713871291563670181801805006	(15,29)
0.00079676331576047553486254732	(15,30)
0.6011731366097874657719141581	(16,1)
0.601150452524240966042581431	(16,2)
0.6009974859984770666795826564	(16,3)
0.6005049366753971362817788035	(16,4)
0.5993733340794846682440839965	(16,5)
0.5972296920561580560078519429	(16,6)
0.59364853819063796140753412	(16,7)
0.5881763628125123532257879266	(16,8)
0.5803583605980403855388813543	(16,9)
0.5697662116812408934852283824	(16,10)
0.5560255770101700453032166102	(16,11)
0.5388419711641372727143906608	(16,12)
0.5180237290491157515989565144	(16,13)
0.4935009013435151434220684567	(16,14)
0.4653390936401311292372906103	(16,15)
0.4337474978920598116803922771	(16,16)
0.39908063986103600178758504683	(16,17)
0.36183366727966217126647325443	(16,18)
0.32263131275158576033397361394	(16,19)
0.28221096481628999499521988486	(16,20)
0.24140055292532048099987513984	(16,21)
0.20109218267258847494870249745	(16,22)
0.16221263554089061690196396177	(16,23)
0.12569196608680162979771190445	(16,24)
0.09243148680612573515640325214	(16,25)
0.06327242893734525616401049621	(16,26)
0.03896651151757296282629756649	(16,27)
0.0201495486995479954576804188	(16,28)
0.00731908537485822824196837347	(16,29)
0.00081688230629840746605324038	(16,30)
0.6151605256075640513255305781	(17,1)
0.6151372773447721227250901556	(17,2)
0.6149805064511803497912858863	(17,3)
0.6144757079847756442077477432	(17,4)
0.6133159686238737659748257435	(17,5)
0.6111190447044814304789423847	(17,6)
0.6074489332198952694341383988	(17,7)
0.60184095863614138683203649	(17,8)
0.5938292199452710689914573311	(17,9)
0.5829751097179206881238859759	(17,10)
0.5688955393775952438043978005	(17,11)
0.5512894902454664828099151358	(17,12)
0.5299615630847340352398586482	(17,13)
0.5048413210627003388986935805	(17,14)
0.4759974087710417685865482268	(17,15)
0.4436456747676930587431002891	(17,16)
0.40815081390496945046008948605	(17,17)
0.37002136156454556978350154446	(17,18)
0.32989819553391842587167215176	(17,19)
0.2885370127458105693788582375	(17,20)
0.24678552887798869071127715047	(17,21)
0.20555638331428326213556987517	(17,22)
0.16579690896225171371781317391	(17,23)
0.12845703971531088867737548974	(17,24)
0.09445667684573520326203910004	(17,25)
0.06465382277471932367669928336	(17,26)
0.03981472345417634080208014069	(17,27)
0.02058714817926310249746525063	(17,28)
0.00747778803069305181838869464	(17,29)
0.00083458094180860310039399033	(17,30)
0.6270302913414896207851107266	(18,1)
0.6270065537327495872721231095	(18,2)
0.6268464830945680153550991164	(18,3)
0.6263310604837436650098352263	(18,4)
0.6251469183985166100554879876	(18,5)
0.6229037888168855056160059676	(18,6)
0.6191565490587260985853274752	(18,7)
0.6134308700069563126310230078	(18,8)
0.6052512861462238879343213405	(18,9)
0.5941703675759707122881441194	(18,10)
0.5797975909732848948060654778	(18,11)
0.561826488283876239047503423	(18,12)
0.5400587047251505816442249252	(18,13)
0.5144237233605347847671797016	(18,14)
0.4849932087770112153146488147	(18,15)
0.4519891784208498979776636755	(18,16)
0.41578551276450085789424763827	(18,17)
0.37690264623601558865959928446	(18,18)
0.33599561863892586024270291421	(18,19)
0.29383598994762415663590219026	(18,20)
0.25128840981483772000275736632	(18,21)
0.20928287038753379778703305995	(18,22)
0.1687838456454413719002781862	(18,23)
0.13075762678337409831788512793	(18,24)
0.09613920123035049966333962569	(18,25)
0.06579999780140535377312736295	(18,26)
0.04051774097412842853233448175	(18,27)
0.02094953424177830065838808759	(18,28)
0.00760913728550310731162286827	(18,29)
0.0008492248015943406721903024	(18,30)
0.6365085461342357922740049021	(19,1)
0.6364844038640951946976621486	(19,2)
0.6363216045494546353455616578	(19,3)
0.6357973967570261663154207462	(19,4)
0.6345930776302927121124629687	(19,5)
0.6323117502366912261966789107	(19,6)
0.6285007687138593962097862461	(19,7)
0.6226778613086317592394323202	(19,8)
0.6143597299066497648554333242	(19,9)
0.6030917786272679774105405915	(19,10)
0.5884775349324764160764241204	(19,11)
0.5702063045711146901673700202	(19,12)
0.5480776537207063944710815703	(19,13)
0.5220214405756304149636239444	(19,14)
0.4921123213423856305270207766	(19,15)
0.4585779228616428307177719588	(19,16)
0.42180019061270117481418470889	(19,17)
0.38230976655340822165850039561	(19,18)
0.34077360305238069920355968669	(19,19)
0.29797635348313211396614849289	(19,20)
0.25479637525041399472055256425	(19,21)
0.21217741970283187385687806203	(19,22)
0.17109725397785295238393015804	(19,23)
0.13253455734170100229656307142	(19,24)
0.09743546047341940284910930003	(19,25)
0.06668105728780407761908639602	(19,26)
0.0410571260366325553427638077	(19,27)
0.02122716227596448418379286238	(19,28)
0.00770966363741411835608953944	(19,29)
0.00086042651227512985569914068	(19,30)
0.6435109812424370506869868747	(20,1)
0.6434865214550559296774701891	(20,2)
0.6433215811196721337355134431	(20,3)
0.6427904805388474266662746723	(20,4)
0.6415703329145151694350545717	(20,5)
0.6392590487122527432123744191	(20,6)
0.6353981026396379293270002323	(20,7)
0.6294990429123746572399796704	(20,8)
0.6210725247518252736267258103	(20,9)
0.6096584971665210904230634904	(20,10)
0.5948560766241092663776963651	(20,11)
0.5763516146950001929459710491	(20,12)
0.5539435176089173876840587145	(20,13)
0.5275625075103495276512847788	(20,14)
0.4972862253135093657287644501	(20,15)
0.46334735370546334172546940452	(20,16)
0.42613476953881549081375460096	(20,17)
0.38618759565537636727022335482	(20,18)
0.34418238790201530318413187694	(20,19)
0.30091403806984436884112384696	(20,20)
0.25727127444820335197441674509	(20,21)
0.21420788032328365300949022998	(20,22)
0.17271091547884538923941548465	(20,23)
0.13376731246606555346447043063	(20,24)
0.09833023115495499407943845716	(20,25)
0.06728650081105488434604595258	(20,26)
0.04142637157984145713447645885	(20,27)
0.02141665148213343331884280107	(20,28)
0.00777813511390133416592783162	(20,29)
0.00086804835177398637781366916	(20,30)
0.6481219881044173818102170272	(21,1)
0.6480972938046597306282988229	(21,2)
0.6479307721936534857236400689	(21,3)
0.6473945813707819685730940794	(21,4)
0.6461627475178854419004260533	(21,5)
0.6438293573007406339136485642	(21,6)
0.6399315736030310956666661756	(21,7)
0.6339764477481694044398165309	(21,8)
0.625470297474224788436636642	(21,9)
0.6139492598937200787655983493	(21,10)
0.5990095264072006695072660758	(21,11)
0.5803357350655150234812381984	(21,12)
0.5577260451204457641039255967	(21,13)
0.5311125531218626540577945574	(21,14)
0.5005759275577790426139601053	(21,15)
0.46635342945574522843448973642	(21,16)
0.42883983172397692191576335542	(21,17)
0.38858112634226091120518444308	(21,18)
0.34626128826833404722639536378	(21,19)
0.30268272017214197170141502266	(21,20)
0.25874130784558407853586382553	(21,21)
0.21539725315336103654450583368	(21,22)
0.17364300822354048121832629795	(21,23)
0.13446970822464653562390783053	(21,24)
0.09883349548215344522827434261	(21,25)
0.06762305614140760880724817062	(21,26)
0.04162956741690572899438474475	(21,27)
0.02152009547129432294919635389	(21,28)
0.00781530697142990182003591647	(21,29)
0.00087217431995497416195432661	(21,30)
0.650558216228932336502508034	(22,1)
0.6505333611044700379126650426	(22,2)
0.6503657551364796269453329643	(22,3)
0.6498260743476610645910434999	(22,4)
0.6485862320038553256446733665	(22,5)
0.6462377072426098201560335895	(22,6)
0.6423147457728917459260015046	(22,7)
0.6363214028575207507660449848	(22,8)
0.6277611886472162761374222532	(22,9)
0.6161679083054171946452883615	(22,10)
0.6011361796267840871232781896	(22,11)
0.5823500737757455933863767996	(22,12)
0.5596083719570769389205226401	(22,13)
0.5328450681454278669107754438	(22,14)
0.5021439735115020729967637247	(22,15)
0.46774658109062947533074973448	(22,16)
0.43005271015872035125259139124	(22,17)
0.38961384244900322566457060023	(22,18)
0.34711945656317693653357013834	(22,19)
0.30337703226535465141036533459	(22,20)
0.25928670592122110919841301391	(22,21)
0.2158117920763827157467545299	(22,22)
0.17394653287497185389270073815	(22,23)
0.13468249508810439677142195831	(22,24)
0.09897501111695801073356204892	(22,25)
0.06771096941108625258995712046	(22,26)
0.04167911929689016510269753582	(22,27)
0.02154388431043637927492980565	(22,28)
0.00782349419429178756975851942	(22,29)
0.00087306244663084558165752681	(22,30)
0.6511257565931669959486304831	(23,1)
0.6511008015213509200057814428	(23,2)
0.6509325217334775539671133496	(23,3)
0.6503906731413398816302021268	(23,4)
0.6491458612884791061107358269	(23,5)
0.6467879641698190760239139433	(23,6)
0.6428494667102362525088370341	(23,7)
0.6368326772771724957625092378	(23,8)
0.6282395799089828986582573257	(23,9)
0.6166029000456755300579493476	(23,10)
0.6015168434947960366632669857	(23,11)
0.5826659249163999145598684278	(23,12)
0.5598503467911151686676754221	(23,13)
0.5330065299070038902942510614	(23,14)
0.5022216304141746250246988343	(23,15)
0.46774119499946294569004845892	(23,16)
0.429969483563726441242573654	(23,17)
0.38946239904534057113340627125	(23,18)
0.3469133735160976363476307819	(23,19)
0.30313293514060122825174831537	(23,20)
0.25902299313200956764515168762	(23,21)
0.21554710652180145057582595957	(23,22)
0.17369813669505971839717321817	(23,23)
0.13446472333155684381225383914	(23,24)
0.09879797841757703182726812267	(23,25)
0.06757968034461242483798279968	(23,26)
0.04159309074106328803480341041	(23,27)
0.02149733209810760274866876292	(23,28)
0.0078060735009894610831909156	(23,29)
0.00087108924017861043622332253	(23,30)
0.6501787119644511818611695103	(24,1)
0.6501537031578139170763312814	(24,2)
0.6499850612002785505033251804	(24,3)
0.6494420485889535234993112069	(24,4)
0.6481945749578287920501371065	(24,5)
0.6458316832094318028502323019	(24,6)
0.6418849809491351919606369342	(24,7)
0.6358559903256874016834229583	(24,8)
0.6272461656117842865090404898	(24,9)
0.6155881427935193235209027536	(24,10)
0.6004766580185738309766715595	(24,11)
0.5815975210399872170431526652	(24,12)
0.55875307152424009280500175	(24,13)
0.53188268914048338950430666392	(24,14)
0.5010771718095255480845901608	(24,15)
0.46658612814067136964575723907	(24,16)
0.42881792668212628142137093886	(24,17)
0.38833217420809650547362256917	(24,18)
0.34582512120002042124714924407	(24,19)
0.30210877855205407129758358161	(24,20)
0.25808484422373386643526822426	(24,21)
0.21471476032768220339384128999	(24,22)
0.17298734001970699034450830627	(24,23)
0.13388542177730383367161477752	(24,24)
0.09835293906453452411218201683	(24,25)
0.06726365643544791280060851097	(24,26)
0.04139264304318853524507846805	(24,27)
0.02139135540826209279971631116	(24,28)
0.0077670038540693100038298231	(24,29)
0.00086669620278372365594831437	(24,30)
0.6480842169300051589140477363	(25,1)
0.6480591854702710265717979978	(25,2)
0.6478903909641199927174945486	(25,3)
0.6473468896215281075094581986	(25,4)
0.6460983074493922920741527877	(25,5)
0.6437333703196289497335284988	(25,6)
0.6397834103398765961476691368	(25,7)
0.6337498263608694811784568491	(25,8)
0.6251342448486197009001454709	(25,9)
0.6134699319676933691280203797	(25,10)
0.5983528696825105735323278549	(25,11)
0.5794708496918111142426520293	(25,12)
0.55662897736282583709687946	(25,13)
0.52977012424898202747282439117	(25,14)
0.49898912196734332440562010625	(25,15)
0.46453983902087045671969933133	(25,16)
0.42683469989249971481466842725	(25,17)
0.3864366569076132323357615861	(25,18)
0.34404406931717808269774003829	(25,19)
0.30046934082237869125100540118	(25,20)
0.25661248281029883909825361976	(25,21)
0.21343098339858846820981304436	(25,22)
0.17190746307932437683564511422	(25,23)
0.13301659112221706259003980916	(25,24)
0.09769263939622416852441075084	(25,25)
0.06679888626997883154272105115	(25,26)
0.04109988056748205221168709811	(25,27)
0.02123736105379303717690054864	(25,28)
0.00771042293804628295392349345	(25,29)
0.00086034482078904609522501042	(25,30)
0.6451961731024177453750509858	(26,1)
0.6451711355205245125161675341	(26,2)
0.6450022999688439268898956636	(26,3)
0.6444586692799031148706011803	(26,4)
0.6432098062378079330253277952	(26,5)
0.6408443992754706012481233197	(26,6)
0.6368938360092408226034404438	(26,7)
0.6308597686351272876999941588	(26,8)
0.6222444147793340742286831455	(26,9)
0.6105821303119026795804479507	(26,10)
0.5954706405130792148142396025	(26,11)
0.57660024757892574714849993898	(26,12)
0.55377936700801881096219264925	(26,13)
0.52695489577174374353256034697	(26,14)
0.49622618171946510236494065843	(26,15)
0.46185173211685349300209241233	(26,16)
0.42424824099183310488228992358	(26,17)
0.38398199041009400024071463317	(26,18)
0.34175314469189166263687322066	(26,19)
0.29837386489650874311915785609	(26,20)
0.25474148748245103137905278026	(26,21)
0.21180821274462068395050704901	(26,22)
0.17054882793385739544465441512	(26,23)
0.13192795483103178269714802263	(26,24)
0.09686818261553253714554388664	(26,25)
0.06622025293811298202621259754	(26,26)
0.04073623691714082913330674379	(26,27)
0.02104641307685228621065039312	(26,28)
0.00764034494941064345567359409	(26,29)
0.00085248285602018936478897998	(26,30)
0.6418377959100418882001365691	(27,1)
0.6418127554645524010233352972	(27,2)
0.6416439008730861349419820738	(27,3)
0.6411002120761895067364596341	(27,4)
0.6398512340276983468625940404	(27,5)
0.637485679823899321164447939	(27,6)
0.6335350766519681933931897868	(27,7)
0.627501445736845386785206466	(27,8)
0.618887757002547759844007962	(27,9)
0.60722967876592418730341474436	(27,10)
0.59212697892819454895875378463	(27,11)
0.57327285507296736310194375301	(27,12)
0.5504795012466318723596062101	(27,13)
0.52369837426100398173096820223	(27,14)
0.49303390323212919972318041103	(27,15)
0.4587497770882897442739441159	(27,16)
0.4212674139695639372730441196	(27,17)
0.38115671930127812617764745758	(27,18)
0.33911972534691712154148865592	(27,19)
0.29596812565515217863532832344	(27,20)
0.25259603401970652858561632676	(27,21)
0.2099494857064839023039241547	(27,22)
0.16899425313714376583720424697	(27,23)
0.13068348067359968588426164728	(27,24)
0.09592647910129254915078491665	(27,25)
0.06555979362064620416545946057	(27,26)
0.04032140560554481875678967967	(27,27)
0.02082868079664044411016093785	(27,28)
0.00756046035193215550247897118	(27,29)
0.00084352201032746599575239038	(27,30)
0.63829176216551136775221840709	(28,1)
0.63826671051947904505835747374	(28,2)
0.63809778070410173037008162868	(28,3)
0.63755385329856395386621547262	(28,4)
0.63630434792976781049085204344	(28,5)
0.63393787448843485317437444267	(28,6)
0.62998596815535063365247624046	(28,7)
0.6239509071048134816901008455	(28,8)
0.61533634985219565037276296408	(28,9)
0.60367929367811501934156190746	(28,10)
0.58858167614161421122106883958	(28,11)
0.56973985064357822362436369734	(28,12)
0.54697019281939600046612987557	(28,13)
0.52022925525484851207497084743	(28,14)
0.48962718552408493379635308233	(28,15)
0.45543353951025942714879282612	(28,16)
0.41807512240382194435542574712	(28,17)
0.37812602355552790781114824555	(28,18)
0.33629052193550678036049521279	(28,19)
0.29337997262628292540440032169	(28,20)
0.25028509954149149247349492255	(28,21)
0.20794529145376146860698606573	(28,22)
0.16731652421266393479620952607	(28,23)
0.12933942794607488540534314632	(28,24)
0.09490881509186675339079355597	(28,25)
0.0648457225643610868177428208	(28,26)
0.03987273973556042516782653406	(28,27)
0.02059312892677776515734145744	(28,28)
0.00747402344784456391352903046	(28,29)
0.00083382538483575970653201827	(28,30)
0.63479620178060323509467351367	(29,1)
0.63477112084675339490160636689	(29,2)
0.63460199387591448020453345884	(29,3)
0.63405743568352996008697483384	(29,4)
0.63280650452542967436810621492	(29,5)
0.63043741952135936031016685389	(29,6)
0.62648141106256185086518791044	(29,7)
0.62044071092823015319171433435	(29,8)
0.61181941391453886853443474074	(29,9)
0.60015569009572038836212824637	(29,10)
0.58505362985160961055651626275	(29,11)
0.56621289932349251613918002814	(29,12)
0.54345440490560131840367537473	(29,13)
0.51674033288154206368186370126	(29,14)
0.48618724708303825623243426051	(29,15)
0.45207137413456887530428716088	(29,16)
0.41482574176878363221033993464	(29,17)
0.37502940422413842255683733492	(29,18)
0.33338952642192531293344121492	(29,19)
0.29071754608429883385440372847	(29,20)
0.24790094500010262662953226665	(29,21)
0.20587231330651669094634966706	(29,22)
0.16557738376162751708689722632	(29,23)
0.12794356803784136995340604967	(29,24)
0.09385028140073576300702137517	(29,25)
0.06410204106130198364218831586	(29,26)
0.03940501229677805245389508951	(29,27)
0.02034739380856293952170983934	(29,28)
0.0073838074639090601312565979	(29,29)
0.00082370246944155970983999375	(29,30)
0.63154475307188392932650101108	(30,1)
0.63151961686676743788365496786	(30,2)
0.63135011756440637085195899905	(30,3)
0.63080436498534112805820932569	(30,4)
0.62955071588049176306892794782	(30,5)
0.6271765817505632066437795226	(30,6)
0.62321242878683370591467922285	(30,7)
0.6171599843911489396583887996	(30,8)
0.6085233750500565977186312724	(30,9)
0.59684164832063475709798379642	(30,10)
0.58172091499307077744522041265	(30,11)
0.56286422810249010900243449799	(30,12)
0.54009733125958817262612617784	(30,13)
0.51338858438235305846742429989	(30,14)
0.4828617138888259179338758523	(30,15)
0.44880051498556177873873337711	(30,16)
0.411645209697294507398138727	(30,17)
0.37198077162233578032062056824	(30,18)
0.33051809582006300568872288264	(30,19)
0.2880693540800741776774035038	(30,20)
0.24551918359561062724760174994	(30,21)
0.20379348718043550918517592528	(30,22)
0.16382757925835954193344717791	(30,23)
0.12653522160146533009665763167	(30,24)
0.09277980062953477889467691695	(30,25)
0.06334855588990702966014036038	(30,26)
0.03893042737589867861615010906	(30,27)
0.02009778913275896848479877068	(30,28)
0.00729210660820015162842391194	(30,29)
0.00081340937104641719479391957	(30,30)
0.62868915786551821734111248792	(31,1)
0.62866393427372705080158316268	(31,2)
0.62849384611567458672595790851	(31,3)
0.627946202431032078451578683	(31,4)
0.62668823751044246753677650712	(31,5)
0.62430603803173544937185994034	(31,6)
0.6203287328185123275816865862	(31,7)
0.61425696705658773578786622354	(31,8)
0.60559437648396414920329216709	(31,9)
0.59388048338874747219517307953	(31,10)
0.57872319758208212243062802562	(31,11)
0.55982896964602347971003514694	(31,12)
0.53702865418389588858807913161	(31,13)
0.51029732603438253078348226292	(31,14)
0.47976665684263126017718881011	(31,15)
0.44572897835758598091180060841	(31,16)
0.40863277983529154389494508975	(31,17)
0.36907003732231244803186613149	(31,18)
0.32775637236115459306096261903	(31,19)
0.28550551426989605125518467736	(31,20)
0.24319984176932634800911464221	(31,21)
0.20175888364465913125732441734	(31,22)
0.16210757262392272614553828946	(31,23)
0.12514580656422373026189657158	(31,24)
0.09172052871144326964425805251	(31,25)
0.06260115318221682250859295382	(31,26)
0.03845878824694479582951359171	(31,27)
0.01984939261167096973727970789	(31,28)
0.00720076748815711448892957128	(31,29)
0.00080315231635615517643720627	(31,30)
0.62634323020616878315899558823	(32,1)
0.62631788260171285642329210757	(32,2)
0.6261469586488489055340453939	(32,3)
0.62559662922121784036624768004	(32,4)
0.62433252575228543058683510646	(32,5)
0.62193881910688278759953805803	(32,6)
0.61794264398330170830550931872	(32,7)
0.61184289753059614622095269469	(32,8)
0.60314211592251555638520928307	(32,9)
0.59137981482990918551341384182	(32,10)
0.5761654167207781576363917242	(32,11)
0.55720873398148662439958927579	(32,12)
0.53434598175383679492067175847	(32,13)
0.50755949093090299365357771832	(32,14)
0.47698968516544763040370565175	(32,15)
0.44293844794523871810771224614	(32,16)
0.40586367695969964048191301291	(32,17)
0.36636552077683879219854423259	(32,18)
0.32516542748053092782002715413	(32,19)
0.28307962641461630931745853772	(32,20)
0.24098895740334332666862118199	(32,21)
0.1998070355232112938655825143	(32,22)
0.16044860760717290673351476628	(32,23)
0.12379966218788936395906850449	(32,24)
0.09069045862692073033052351722	(32,25)
0.06187221017663989662364244101	(32,26)
0.03799775011350439603102469267	(32,27)
0.01960617631729218315705168237	(32,28)
0.00711123636300269494792568864	(32,29)
0.00079309292042851652427753828	(32,30)
0.62458738288650351756220238477	(33,1)
0.62456187159035012780538794155	(33,2)
0.62438984431691235835164032942	(33,3)
0.62383596823287293921904974094	(33,4)
0.6225637512903468059958793988	(33,5)
0.62015480763032411954321847508	(33,6)
0.61613356454586514642369920826	(33,7)
0.60999644588710334788577421475	(33,8)
0.60124422114925579371976110772	(33,9)
0.58941586501408988243753036129	(33,10)
0.57412198230728333926960034895	(33,11)
0.55507567971492149028897960276	(33,12)
0.53211876489271197213442171453	(33,13)
0.50524136333591164198061351258	(33,14)
0.4745934695489799949041477177	(33,15)
0.44048755956970201884774340779	(33,16)
0.40339211857921217614090856674	(33,17)
0.36391668689563794164937217603	(33,18)
0.32278969949407072129365310253	(33,19)
0.28083090036972418080840186417	(33,20)
0.23892039524693312489583324387	(33,21)
0.19796644529325901774995023538	(33,22)
0.15887392125196167385935809958	(33,23)
0.12251498405764873036079186417	(33,24)
0.08970310520068185228272667896	(33,25)
0.06117106217140398062255013338	(33,26)
0.03755310668946286553136612464	(33,27)
0.0193711544539771344400976647	(33,28)
0.00702461271329975328188785199	(33,29)
0.00078335415938343366053830862	(33,30)
0.62347318844706460792327366857	(34,1)
0.62344747202000019366589463083	(34,2)
0.62327406203137162638035592121	(34,3)
0.62271574016763413436689126837	(34,4)
0.62143334708513957118626943455	(34,5)
0.61900527051591789230119109252	(34,6)
0.61495248449399679829834320425	(34,7)
0.60876818004902930744734494229	(34,8)
0.59995065923811582283892172135	(34,9)
0.58803779062074141879965486341	(34,10)
0.57264100517463899232425004815	(34,11)
0.55347661673107028804677598236	(34,12)
0.53039224468383980264781579907	(34,13)
0.50338634168877803009123359258	(34,14)
0.47261929201106008575778043276	(34,15)
0.43841521031679672298782628956	(34,16)
0.4012543583548293159374005803	(34,17)
0.36175690263476363617938199659	(34,18)
0.32065944737944264365129096499	(34,19)
0.27878629729905821450321218571	(34,20)
0.23701767283879989257929109769	(34,21)
0.19625710051187973846707552852	(34,22)
0.15739996126091208437693777124	(34,23)
0.12130476320802472349886001119	(34,24)
0.08876819264883382373358492469	(34,25)
0.06050447118541467333866334901	(34,26)
0.03712907774198393857212215221	(34,27)
0.01914653159332898627067534341	(34,28)
0.00694170296973160822429131701	(34,29)
0.00077402636039739888075946149	(34,30)
0.62302767161446098709529738436	(35,1)
0.62300170799577378060265847967	(35,2)
0.622826631706540094880793211	(35,3)
0.62226295144760423185718893621	(35,4)
0.62096828857296443783150074059	(35,5)
0.61851712454498413500576990797	(35,6)
0.61442622273377387461593054741	(35,7)
0.60818476959378177974132561077	(35,8)
0.59928788676501334893074374924	(35,9)
0.58727175991941770208801034788	(35,10)
0.57174827923758919282038375899	(35,11)
0.55243686858428604618868627064	(35,12)
0.52919116859696550311600118711	(35,13)
0.502018481291737125900245312	(35,14)
0.47109038770428281930985891525	(35,15)
0.43674367331389285263744258097	(35,16)
0.39947155013285440486334932026	(35,17)
0.35990603029229775155678346949	(35,18)
0.31879305826661793745180418427	(35,19)
0.27696254225016808347906397748	(35,20)
0.23529567578044904248500194668	(35,21)
0.19469189655544793345440753861	(35,22)
0.15603752819437886364400673004	(35,23)
0.12017766672507780282890518638	(35,24)
0.08789229890859469970414777769	(35,25)
0.05987706493331482771054131057	(35,26)
0.03672857830328299747188583297	(35,27)
0.01893384141157289541070165945	(35,28)
0.00686307078768841992810944903	(35,29)
0.00076517280593917693339065794	(35,30)
0.6232571835343994994510410553	(36,1)
0.62323093104210524111096158907	(36,2)
0.62305390742039840747197277921	(36,3)
0.62248396436906555982880995759	(36,4)
0.62117495690738456325610069303	(36,5)
0.61869678650034302627100300498	(36,6)
0.61456125528795460145111563399	(36,7)
0.60825278034149768282271794246	(36,8)
0.59926259619066688995578921556	(36,9)
0.58712463350276079002361948825	(36,10)
0.57145087650781439643521717891	(36,11)
0.55196375949415217974309654466	(36,12)
0.52852314549274729305709591889	(36,13)
0.50114569242765683518383418115	(36,14)
0.47001496124920060803531800175	(36,15)
0.43548140845120233156191318381	(36,16)
0.39805233147004893271125076564	(36,17)
0.3583727656910369813469463024	(36,18)
0.3171991266901428173527599542	(36,19)
0.27536793639127306495702747286	(36,20)
0.23376220105629875983916105059	(36,21)
0.19327791566179592163615937387	(36,22)
0.15479280142909179746550879041	(36,23)
0.11913882806777911356239509684	(36,24)
0.08707943345534951107157411862	(36,25)
0.05929173020914814288138490198	(36,26)
0.03635345977908483965476274818	(36,27)
0.01873407088641280007383511869	(36,28)
0.00678908203849992471122420567	(36,29)
0.00075683474824923164221919431	(36,30)
0.62415080752994794867460029028	(37,1)
0.62412422573956558587484166601	(37,2)
0.62394498223237601944731382227	(37,3)
0.6233678992823738209652939764	(37,4)
0.62204253507514572399748372787	(37,5)
0.61953355778138290658747879029	(37,6)
0.61534708065846956291830787255	(37,7)
0.60896201020528564162543159635	(37,8)
0.59986500935654581301458531175	(37,9)
0.58758720005499915688367596768	(37,10)
0.57174030741681419674136938005	(37,11)
0.55204967949313288116938037716	(37,12)
0.52838159434920959621627575417	(37,13)
0.50076255056965842592629079795	(37,14)
0.46938883631747061185908221636	(37,15)
0.43462553019539158257293049523	(37,16)
0.39699509057545794661965881069	(37,17)
0.35715668827726287124892995518	(37,18)
0.31587827601535426180589681093	(37,19)
0.27400394291117851531646978949	(37,20)
0.23241930610536939569181389885	(37,21)
0.19201754369270784147354471026	(37,22)
0.15366823390538709740672670596	(37,23)
0.11819053553908399617400280178	(37,24)
0.08633154013018025482006518791	(37,25)
0.0587499548998755340027403637	(37,26)
0.03600471940940785933751876781	(37,27)
0.01854776812707679368166227074	(37,28)
0.00671994385566172127865151749	(37,29)
0.00074903576031760296023691622	(37,30)
0.62568330561109423506590346071	(38,1)
0.62565635612892876148332345252	(38,2)
0.62547463387599171490669869297	(38,3)
0.62488957799321323996917036385	(38,4)
0.62354594602960778110780687428	(38,5)
0.62100255254513947353239668974	(38,6)
0.61675913123598910286456882421	(38,7)
0.6102883749433703296727982759	(38,8)
0.60107172639581785392474002684	(38,9)
0.58863697501689905249760272736	(38,10)
0.5725952537639839222351708622	(38,11)
0.55267473440825124662090913842	(38,12)
0.52874829268498053651813846125	(38,13)
0.50085272390790638091547416555	(38,14)
0.46919774293339804636598484803	(38,15)
0.43416393623575131826125282684	(38,16)
0.39628991974159171672587209746	(38,17)
0.3562500256246623028769565105	(38,18)
0.31482472403943376387649811319	(38,19)
0.27286654818938432092946925226	(38,20)
0.23126446494111563088805684705	(38,21)
0.19090942566741020326363001733	(38,22)
0.15266331651247689620674419013	(38,23)
0.11733281958226188332408716283	(38,24)
0.08564892549542280761039725525	(38,25)
0.05825211900002021861479095063	(38,26)
0.03568267832089755081755938282	(38,27)
0.01837513396604215380685804218	(38,28)
0.00665573778400979444376417815	(38,29)
0.00074178542878812753891356539	(38,30)
0.62781764693437171248111069092	(39,1)
0.62779029407898482521998241559	(39,2)
0.62760585250749838872454218057	(39,3)
0.62701204951696907882565666292	(39,4)
0.62564837386016039728215804507	(39,5)
0.62306721017796926256791779693	(39,6)
0.61876127120587957192418146578	(39,7)
0.61219638372449382143379900793	(39,8)
0.60284816921223072033164570599	(39,9)
0.59024060029121926053794445342	(39,10)
0.5739839111562027909514107429	(39,11)
0.55380901599262875775790058617	(39,12)
0.52959555818369969643228930836	(39,13)
0.50139104965221656531505173786	(39,14)
0.46941927171120543470107320929	(39,15)
0.43407712378966064335424422756	(39,16)
0.39592027960064611532466381055	(39,17)
0.35563915413428140952206635832	(39,18)
0.31402761200123503922949561724	(39,19)
0.2719474149368871144735802762	(39,20)
0.2302915455410601137952671799	(39,21)
0.18994927189379058100377942126	(39,22)
0.1517752216582356544216045618	(39,23)
0.11656394631797864629779833317	(39,24)
0.08503061819128400328335812566	(39,25)
0.05779773838940481539536873932	(39,26)
0.03538713049688472826620308104	(39,27)
0.01821609851945817610523464541	(39,28)
0.00659644747137518269759488793	(39,29)
0.00073508243790933964572199965	(39,30)
0.63050717347911415489049077686	(40,1)
0.63047938488188402299115065564	(40,2)
0.63029200575557662578638037848	(40,3)
0.62968875337095512200703975199	(40,4)
0.62830342304400417825360393577	(40,5)
0.62568144688284669171336478111	(40,6)
0.62130793530111725390584562986	(40,7)
0.61464125819840516588447022596	(40,8)
0.60515067228821382100063711043	(40,9)
0.59235589650855649746616596715	(40,10)
0.57586599088039420046353680826	(40,11)
0.55541454022281650818247416558	(40,12)
0.53088810927034686831866709046	(40,13)
0.50234530228065600048277105892	(40,14)
0.47002453534045579746993530389	(40,15)
0.43433973079275615057810433144	(40,16)
0.39586440816766114560125985402	(40,17)
0.35530586650599378928700846481	(40,18)
0.31347212411804064785893133206	(40,19)
0.27123485094771204241767142803	(40,20)
0.22949162869708687690180801763	(40,21)
0.18913053151974618447348896435	(40,22)
0.15099933961417610339222508737	(40,23)
0.11588082787896841509124007431	(40,24)
0.08447466707987892841202885751	(40,25)
0.05738566672037261472446985862	(40,26)
0.03511746596708433046678024908	(40,27)
0.01807038442766494228676779687	(40,28)
0.00654198152538790970966750979	(40,29)
0.00072891711408716134382268467	(40,30)
0.63369746131355408262026097629	(41,1)
0.63366920844639148786403535519	(41,2)
0.63347869942334883525262558199	(41,3)
0.63286537869427477389296359704	(41,4)
0.63145697392899610306105217849	(41,5)
0.62879150426447905201806156412	(41,6)
0.62434596584130107818298891334	(41,7)
0.61757075183873407992358445234	(41,8)
0.60792827664022976222929905537	(41,9)
0.59493362240475127691509620976	(41,10)
0.57819443414837249736286981646	(41,11)
0.55744690473282004658655084694	(41,12)
0.53258465329092054087710080717	(41,13)
0.50367769973665469595484508875	(41,14)
0.4709795803786832973344303288	(41,15)
0.43492184183885443434660079163	(41,16)
0.396096511140045462835388833	(41,17)
0.35522843890426596875367857634	(41,18)
0.31314042692519415280027019296	(41,19)
0.27071461904170197710930930165	(41,20)
0.2288536902172466295199295792	(41,21)
0.18844495177091403746096239498	(41,22)
0.15032972240816894605318428238	(41,23)
0.1152793610242229486475649133	(41,24)
0.08397838664750807395924449992	(41,25)
0.05701426123079055119588621743	(41,26)
0.03487277180844542967425263302	(41,27)
0.01793755863687413678315894232	(41,28)
0.00649219221241489434142597307	(41,29)
0.00072327350665283291980621435	(41,30)
0.63732793270485170457907955644	(42,1)
0.63729919134051241011018411013	(42,2)
0.63710538907645910682793503787	(42,3)
0.63648147437205316867556971242	(42,4)
0.63504878949351598934009069258	(42,5)
0.63233754971117942013111836553	(42,6)
0.62781620244613854541025068922	(42,7)
0.62092672332424390017810550051	(42,8)
0.6111242798083686243421913325	(42,9)
0.59791899302432976791752237483	(42,10)
0.58091688893732298058873820802	(42,11)
0.55985671378773547687569015408	(42,12)
0.53463924855316386501968902025	(42,13)
0.50534619138080833274328312833	(42,14)
0.47224659042916326339222271071	(42,15)
0.43579009697947311413394030545	(42,16)
0.39658776839608805377137610081	(42,17)
0.3553825294368021608263802512	(42,18)
0.31301245659996488788807462222	(42,19)
0.2703706128758913811944172032	(42,20)
0.22836516763709774936610681718	(42,21)
0.1878830405570977529712854293	(42,22)
0.14975944958219684672755676247	(42,23)
0.11475470516992006375995760126	(42,24)
0.08353855788577976914105112691	(42,25)
0.05668151812869131419454004485	(42,26)
0.03465191444364116868215680108	(42,27)
0.01781707452859467355856422017	(42,28)
0.00644689065575483307966201541	(42,29)
0.0007181310782377994202496452	(42,30)
0.64133326805694665699980455566	(43,1)
0.64130401866509918891867565653	(43,2)
0.64110679148345357177436772324	(43,3)
0.64047185908079315992598561913	(43,4)
0.63901392218660290730673096548	(43,5)
0.63625507716240563085203601614	(43,6)
0.63165487265618167089983417238	(43,7)
0.62464651165165831187254771467	(43,8)
0.61467758881184245580687826305	(43,9)
0.60125300266665373893499462236	(43,10)
0.5839769940529147291130962017	(43,11)
0.56259081385065534043996053539	(43,12)
0.53700248142856498135731752634	(43,13)
0.50730556677874134506635995666	(43,14)
0.47378491742385172896323093779	(43,15)
0.436908637527133797328700784	(43,16)
0.39730718807669673830310952676	(43,17)
0.35574193641805894776723269079	(43,18)
0.31306657971106485559397463548	(43,19)
0.27018542095543144135397888401	(43,20)
0.228012430626833359410807504	(43,21)
0.18743444850942668892739528473	(43,22)
0.14928092883763593526848055198	(43,23)
0.11430150997646492719072791634	(43,24)
0.08315159213996031878181571715	(43,25)
0.05638518269306197142609353321	(43,26)
0.03445360641442044726713352378	(43,27)
0.01770830604312184481140246189	(43,28)
0.00640585913188991404973697077	(43,29)
0.00071346607163084099705688589	(43,30)
0.64564465914113817236805676387	(44,1)
0.64561488722147700163416973396	(44,2)
0.64541413735889536206982685522	(44,3)
0.64476787266473710804176431221	(44,4)
0.64328396216523347841894651192	(44,5)
0.6404761494032364045460777945	(44,6)
0.63579482431042880671828161564	(44,7)
0.62866415338802724664432047918	(44,8)
0.61852391585546957100225306903	(44,9)
0.60487359153036636901643940759	(44,10)
0.58731550831744276242009870107	(44,11)
0.56559337636098430793882624493	(44,12)
0.53962249362060600764783052324	(44,13)
0.50950841869800106032817911168	(44,14)
0.47555197244906701241300034261	(44,15)
0.43823991817949044699714641577	(44,16)
0.39822233528127079737001902064	(44,17)
0.35627924101769270027926710654	(44,18)
0.31328014944243606789166741481	(44,19)
0.27014079825085140313002961166	(44,20)
0.22778117180788823859740403184	(44,21)
0.18708828446721516428721921257	(44,22)
0.14888614295035147785099383774	(44,23)
0.11391410136248794913228954512	(44,24)
0.08281366447977299993248240516	(44,25)
0.05612283859536764754161799224	(44,26)
0.03427646041197341723871067942	(44,27)
0.0176105752386113538289230774	(44,28)
0.00636886098905829594912586382	(44,29)
0.0007092526116648808460349412	(44,30)
0.65019093743025907745068730614	(45,1)
0.65016063378251505913271897848	(45,2)
0.64995629920894549432442292659	(45,3)
0.64929850261176702602834736372	(45,4)
0.6477881606257237917307014938	(45,5)
0.64493051544770288433305124541	(45,6)
0.64016663301844515821033603657	(45,7)
0.63291147506080831165548572763	(45,8)
0.62259684930674685421990756142	(45,9)
0.60871668793859596380286653546	(45,10)
0.5908713159564808338244501065	(45,11)
0.56880685781042278040688351586	(45,12)
0.54244588852002291915888614254	(45,13)
0.51190598789571356212796025144	(45,14)
0.47750400219049587967965926729	(45,15)
0.43974540987801736239043913871	(45,16)
0.39929995797987027019706873977	(45,17)
0.35696635494658787794817298254	(45,18)
0.31362997587177334691573355898	(45,19)
0.27021806183030261718693575776	(45,20)
0.22765673214966181376908428163	(45,21)
0.18683337632579576379214383646	(45,22)
0.14856685264120976859761604666	(45,23)
0.11358663350146591267331947144	(45,24)
0.0825208221787000407556356694	(45,25)
0.05589198028095759578658819647	(45,26)
0.03411903293529775070923577792	(45,27)
0.01752317451401331086856895179	(45,28)
0.00633564863477992007341308085	(45,29)
0.00070546359200624093028982709	(45,30)
0.65489960416345175329082970148	(46,1)
0.65486876509313807047689259649	(46,2)
0.65466082089857039551888310319	(46,3)
0.65399141222601453901711689913	(46,4)
0.65245445477599620468710001932	(46,5)
0.64954662946251956558209263258	(46,6)
0.6446996110204632915937308542	(46,7)
0.63731908673977684721732820511	(46,8)
0.62682882566001614898357525405	(46,9)
0.6127171514114363660637811181	(46,10)
0.59458233287791529606387529766	(46,11)
0.5721728611088889098043022903	(46,12)
0.54541853980573761598343954966	(46,13)
0.51444891188881581702634012832	(46,14)
0.47959677208842255946918975334	(46,15)
0.44138621325606136898707091241	(46,16)
0.40050652862455807408990507916	(46,17)
0.35777499015764746532762854246	(46,18)
0.31409272564962291386654493395	(46,19)
0.27039842411316975830520696014	(46,20)
0.22762437273433834705275710546	(46,21)
0.18665848717699622264246023205	(46,22)
0.14831476349037921487712485192	(46,23)
0.11331321311609535077052147362	(46,24)
0.08226907297222379530585692202	(46,25)
0.05569007162008096385928035692	(46,26)
0.03397985955932430709347153039	(46,27)
0.01744538452216607606721795794	(46,28)
0.00630596996541793960120780486	(46,29)
0.00070207138849937730406218996	(46,30)
0.65969778234545650539764649041	(47,1)
0.65966640980357793404535752753	(47,2)
0.65945486913956039618695307851	(47,3)
0.65877389068312023001664282174	(47,4)
0.65721041460426556552771684198	(47,5)
0.65425259132937359334801150597	(47,6)
0.64932273743819620244820998462	(47,7)
0.64181729666870755982612010814	(47,8)
0.63115202214071458866869895016	(47,9)
0.61680963596396239105899700385	(47,10)
0.59838633286891507108429866286	(47,11)
0.57563291682815494927703789645	(47,12)
0.54848632034951936853735482432	(47,13)
0.51708789513561575304463404754	(47,14)
0.48178617289400257891164822471	(47,15)
0.44312359851054644730629544219	(47,16)
0.40180871631002283238723981959	(47,17)
0.35867706429468515665157904525	(47,18)
0.31464526356591832734796518213	(47,19)
0.27066327486959473204210837291	(47,20)
0.22766950256263434467779766459	(47,21)
0.18655249491234750519060551778	(47,22)
0.14812166355927267721631542019	(47,23)
0.113088001277000922248597636	(47,24)
0.08205445694597757742302883654	(47,25)
0.05551459347426959465747697811	(47,26)
0.03385748344553062566473129276	(47,27)
0.01737648861814331563000803968	(47,28)
0.00627957354485209110983044326	(47,29)
0.00069904843334259293689988579	(47,30)
0.66451310532663595570830754435	(48,1)
0.66448120698135225801907890151	(48,2)
0.66426612154374747155743880454	(48,3)
0.66357373960738297239545520251	(48,4)
0.66198412607155216295549646905	(48,5)
0.65897702345073437605175931843	(48,6)
0.65396552448372705050352041032	(48,7)
0.64633696145643562683940820742	(48,8)
0.63549918437597557469069688968	(48,9)
0.62092938794111547885183375454	(48,10)
0.60222170786862502088773160144	(48,11)
0.57912919828006098161153976606	(48,12)
0.55159576512165008355666989351	(48,13)
0.51977431399340853221241983827	(48,14)
0.48402876356886719229473797751	(48,15)
0.44491948410932103341752003908	(48,16)
0.40317380124132242833860835697	(48,17)
0.35964505285908294866243775898	(48,18)
0.31526494605093179646302799666	(48,19)
0.2709944209676401951993513012	(48,20)
0.2277778702594980318227250786	(48,21)
0.18650454194461942775737119288	(48,22)
0.14797953715640404473760195399	(48,23)
0.11290529695519792967649829781	(48,24)
0.08187310519614318896824867844	(48,25)
0.0553630823356238574704609662	(48,26)
0.03375047842540514474830780872	(48,27)
0.01731578453090137725886289425	(48,28)
0.00625621278212202797754061616	(48,29)
0.00069636767797429034456081535	(48,30)
0.66927455191881995666081145296	(49,1)
0.66924214115715577551238690527	(49,2)
0.669023601197292283148798445	(49,3)
0.66832010612886106381057446741	(49,4)
0.66670502069105679217639807695	(49,5)
0.66364989377140239304787197346	(49,6)
0.65855882961333142529943900587	(49,7)
0.65081028183477988424082718124	(49,8)
0.63980439916477736335216975259	(49,9)
0.62501298845018865454371502442	(49,10)
0.60602817239997317428886876657	(49,11)
0.58260518051939199875937365373	(49,12)
0.55469467816230410220622672892	(49,13)
0.52246076643850563123164082897	(49,14)
0.48628226035879158424289215494	(49,15)
0.44673686390712822792696422941	(49,16)
0.40457004070037812989116859298	(49,17)
0.36065229676720613245137688488	(49,18)
0.3159298746255531305622538447	(49,19)
0.2713742910969596564141397576	(49,20)
0.22793572601952338222660257301	(49,21)
0.18650416043113175646414101267	(49,22)
0.14788065914973681691892129352	(49,23)
0.11275960577014858654002420341	(49,24)
0.08172128780568063814575049065	(49,25)
0.05523316178362517934533770851	(49,26)
0.03365746773125397678954209126	(49,27)
0.01726259381333720632534130395	(49,28)
0.00623564930945806375552393815	(49,29)
0.00069400296713434256927400197	(49,30)
0.67391323412592594802975427777	(50,1)
0.67388032998402133588485283646	(50,2)
0.67365846383810467368456698124	(50,3)
0.67294426851118673575520489444	(50,4)
0.67130465760502228005174953704	(50,5)
0.66820329116359333943531728603	(50,6)
0.66303561983479678503044615099	(50,7)
0.65517155028152946019308944729	(50,8)
0.64400381876713662834067081994	(50,9)
0.62899904696203175948282756024	(50,10)
0.60974741890663036359132984048	(50,11)
0.58600625020177515433927415411	(50,12)
0.55773269072166822302223829334	(50,13)
0.52510157378550298300600525157	(50,14)
0.48850597934231934952186277431	(50,15)
0.44854018993485948456760028811	(50,16)
0.40596699361389433190278681742	(50,17)
0.36167327209785227616292257772	(50,18)
0.31661911565294204668495777883	(50,19)
0.27178611124207623689875771908	(50,20)
0.22812995887998971720634527654	(50,21)
0.18654137733076823853166920131	(50,22)
0.14781767337147764249035436338	(50,23)
0.11264569670472093253436772064	(50,24)
0.08159545318219216909756644392	(50,25)
0.05512256816055709580891686317	(50,26)
0.03357713923588149580733161556	(50,27)
0.01721626951521179662707496671	(50,28)
0.0062176557217956195004100542	(50,29)
0.0006919293420579433539130105	(50,30)
0.67836314043302804422132758005	(51,1)
0.67832976745408446875064459218	(51,2)
0.67810474058518442330575053888	(51,3)
0.67738037731318837305701490411	(51,4)
0.67571746115487067957440100783	(51,5)
0.67257215623261179620259196821	(51,6)
0.66733169132569196636690594682	(51,7)
0.65935785381467697931779567333	(51,8)
0.64803634022128852690985954131	(51,9)
0.63282884984662126832479344935	(51,10)
0.61332372806353220810228677129	(51,11)
0.58928027069692575213477916913	(51,12)
0.56066177530436048517041964941	(51,13)
0.52765323944693294726947982943	(51,14)
0.49066123773496657367708214981	(51,15)
0.45029571628109683854017715427	(51,16)
0.40733580915095597628060747992	(51,17)
0.36268382732179734510173339275	(51,18)
0.31731289140038417141334293774	(51,19)
0.27221405549732297466950687794	(51,20)
0.22834821338969525084679974824	(51,21)
0.18660680276712849533963595331	(51,22)
0.14778365795924707977751121962	(51,23)
0.11255864900786809758588462827	(51,24)
0.0814922603941296766418461772	(51,25)
0.05502917158415495018259732067	(51,26)
0.03350825788756707142924190379	(51,27)
0.01717620243241927415722801621	(51,28)
0.00620201780572586863311579099	(51,29)
0.00069012328705483497881060382	(51,30)
0.68256183512311084659568877867	(52,1)
0.68252802314306334913124850293	(52,2)
0.68230003669589677992659170235	(52,3)
0.68156615257930172722579121496	(52,4)
0.67988141448294297968266410255	(52,5)
0.67669496816267909385231451551	(52,6)
0.67138634511533253229983254864	(52,7)
0.66330973290809176104909893989	(52,8)
0.6518442409086323911435264932	(52,9)
0.63644696540509391908440909825	(52,10)
0.61670453602907922049842494259	(52,11)
0.59237810487518052151630267173	(52,12)
0.56343671849951591700930995721	(52,13)
0.53007486805384200921887782795	(52,14)
0.49271171764354891602959872248	(52,15)
0.45197180803121494485680746748	(52,16)
0.40864948345369498769417082299	(52,17)
0.36366139210647198219559729183	(52,18)
0.31799274634548509804870443277	(52,19)
0.27264337586539148709426469604	(52,20)
0.22857898891755328262876914221	(52,21)
0.18669170447302886243787279369	(52,22)
0.14777217990662971889276754053	(52,23)
0.11249389105747595467153144535	(52,24)
0.08140860580863416232298393961	(52,25)
0.05495099318588100279561313195	(52,26)
0.03344967588408102127608274376	(52,27)
0.01714182621198867560736822823	(52,28)
0.00618853635885265554924542215	(52,29)
0.00068856293071171725252807138	(52,30)
0.6864511121998773494490366601	(53,1)
0.68641689606186835228399644102	(53,2)
0.68618618493763846501456200549	(53,3)
0.68544353566785130829610142687	(53,4)
0.68373870782662602518367640442	(53,5)
0.68051438636059011939165597088	(53,6)
0.67514301774692816369243575331	(53,7)
0.66697179568051458530812722895	(53,8)
0.65537376983968272744663033852	(53,9)
0.63980180527964106266204784751	(53,10)
0.61984095900506093402472834093	(53,11)
0.59525409647191814189449764283	(53,12)
0.56601555405973781900304216942	(53,13)
0.53232854693741744882641918857	(53,14)
0.49462379474191147670216692141	(53,15)
0.45353921810080385566860318708	(53,16)
0.40988308756809761637065596113	(53,17)
0.36458516084334539182408208818	(53,18)
0.31864169180686845133268754201	(53,19)
0.2730605139213733968178819713	(53,20)
0.22881172418205479052553433198	(53,21)
0.1867880705286926171065197284	(53,22)
0.1477773406341256317065310402	(53,23)
0.11244723259263274236096635484	(53,24)
0.0813416450641806578649221893	(53,25)
0.05488621927680145104212600784	(53,26)
0.03340034101404245878525248741	(53,27)
0.01711262153230799081099404852	(53,28)
0.00617702867872774016556532763	(53,29)
0.00068722821052077960191822701	(53,30)
0.68997760111681688498588582093	(54,1)
0.68994302031671289776506174847	(54,2)
0.68970985078312229295799942675	(54,3)
0.68895929295167282464514375739	(54,4)
0.68723633879701490105141335262	(54,5)
0.68397784429740618989969051263	(54,6)
0.67854986449716622198041657494	(54,7)
0.67029328519739876491545915278	(54,8)
0.65857569285832922269036497058	(54,9)
0.64284614089261619926471897995	(54,10)
0.62268827429447069360593321171	(54,11)
0.59786650981884121469686754826	(54,12)
0.56835995664009536030991069951	(54,13)
0.53437969098411028941814579261	(54,14)
0.49636683341492247536974578397	(54,15)
0.45497133393738453664934843871	(54,16)
0.41101396884004264498524032657	(54,17)
0.3654362533053733296902411065	(54,18)
0.31924433130409213309347122502	(54,19)
0.27345319661806307106761643596	(54,20)
0.22903686905095348245858851643	(54,21)
0.186888662152737291301045735	(54,22)
0.14779381401882675173769156221	(54,23)
0.11241489143144204697698055408	(54,24)
0.08128881119331857666655157703	(54,25)
0.05483321299284452114902046472	(54,26)
0.03335930350104137521228864544	(54,27)
0.0170881195299311706198141506	(54,28)
0.00616732978303879934351394892	(54,29)
0.00068610100778385039619597521	(54,30)
0.69309332058371579794051659953	(55,1)
0.69305841885014562961901116326	(55,2)
0.6928230857100393129795162676	(55,3)
0.69206556769862682597609557596	(55,4)
0.69032666101086790402296324076	(55,5)
0.68703809203158047063011290795	(55,6)
0.68156029182436659841696142009	(55,7)
0.6732285968346390281941714884	(55,8)
0.66140578909217732019285921131	(55,9)
0.6455375727226696947147046187	(55,10)
0.62520635623391629415596821268	(55,11)
0.60017792695031338295577622098	(55,12)
0.5704355958612336307451094337	(55,13)
0.536197351162986382323569461	(55,14)
0.49791344923658932519847905932	(55,15)
0.45624439541605924277365757123	(55,16)
0.41202192742755352244127496726	(55,17)
0.36619785426560685004821548743	(55,18)
0.31978696851860822655249004509	(55,19)
0.27381051802539553176823343813	(55,20)
0.22924594523415075024215593307	(55,21)
0.1869870579403585724205121838	(55,22)
0.14781687802086378204904733904	(55,23)
0.11239351555442241548938256171	(55,24)
0.0812478295355768875701608881	(55,25)
0.05479052385067116787511254376	(55,26)
0.03332572161155822667649555234	(55,27)
0.01706790460585363354073469021	(55,28)
0.00615929340875599955888435892	(55,29)
0.00068516525808333294551763951	(55,30)
0.69575617618509365241131170957	(56,1)
0.69572100099874595924988198589	(56,2)
0.69548382434932660228749151494	(56,3)
0.69472037590349441952339593985	(56,4)
0.69296787690962017892760424245	(56,5)
0.68965368336388870895562985998	(56,6)
0.6841334351864467987151699814	(56,7)
0.67573774212774829590672207948	(56,8)
0.66382529545686396816237626921	(56,9)
0.64783894971227537492744701569	(56,10)
0.62736006487054963218686302573	(56,11)
0.60215560059244916660729214919	(56,12)
0.57221244986570126276034323657	(56,13)
0.53775448653405787152646911643	(56,14)
0.49923973916357795506001321988	(56,15)
0.45733768477771811341294189681	(56,16)
0.4128893691151396306946432093	(56,17)
0.36685533346137535877528722152	(56,18)
0.32025769930738471875244645742	(56,19)
0.27412300841168956403150193142	(56,20)
0.22943159715031717551778165708	(56,21)
0.18707769064929647697390796836	(56,22)
0.14784244080267392012996262724	(56,23)
0.1123802012435583921243838254	(56,24)
0.08121672993995485481987002954	(56,25)
0.05475689554891478801828235084	(56,26)
0.03329886622835492891973924555	(56,27)
0.01705161671351758569217481737	(56,28)
0.00615279282684501276422775336	(56,29)
0.00068440704137421076910122957	(56,30)
0.69793039734938951390977862964	(57,1)
0.6978949994075395691900302644	(57,2)
0.69765632103040019301341140423	(57,3)
0.696888041646287217894381167	(57,4)
0.69512447040140719247399488496	(57,5)
0.69178940337415250033019875758	(57,6)
0.68623457816525448898971073542	(57,7)
0.67778675531880299378184902275	(57,8)
0.66580129580168264861672876508	(57,9)
0.64971873586799591139124074293	(57,10)
0.62911958500472284923189982676	(57,11)
0.60377176127533995906381069928	(57,12)
0.57366507724874394949808622394	(57,13)
0.53902819923767193297807086819	(57,14)
0.50032547949796620561952862672	(57,15)
0.45823368911694879146391270208	(57,16)
0.41360143526799946462205642312	(57,17)
0.36739634694318645258263522224	(57,18)
0.32064648888885441971342703263	(57,19)
0.27438269176597139975322998937	(57,20)
0.2295876339717069152927805415	(57,21)
0.18715587739672893560174131626	(57,22)
0.14786706204172547502601798282	(57,23)
0.1123725078140782783625809916	(57,24)
0.08119385664358467468998520903	(57,25)
0.05473127227246978544095432654	(57,26)
0.03327812454377333655857147659	(57,27)
0.01703895320651811360902220369	(57,28)
0.00614772150037250676843009887	(57,29)
0.00068381465477385467837988633	(57,30)
0.69958690930596746505690575432	(58,1)
0.69955134193936084987645732012	(58,2)
0.69931152136938256624511742823	(58,3)
0.69853956764806479418302453676	(58,4)
0.69676757505442870578966854398	(58,5)
0.69341663217520323560401201031	(58,6)
0.68783550890789046246928091582	(58,7)
0.6793480388705251879113065468	(58,8)
0.66730705131741431863111351473	(58,9)
0.65115132111813265860680066916	(58,10)
0.63046071318627457024890605138	(58,11)
0.60500387673390344404375823557	(58,12)
0.57477284612562979536738316868	(58,13)
0.53999993180197620337508219856	(58,14)
0.50115429147011925707425092059	(58,15)
0.45891823569150731547967591558	(58,16)
0.41414611050671167626610412923	(58,17)
0.36781092058080566990877209195	(58,18)
0.32094523505739379560031542436	(58,19)
0.27458313261214259495929716472	(58,20)
0.2297090636275939230520724306	(58,21)
0.18721784393728552347068058723	(58,22)
0.14788796997886920395340309559	(58,23)
0.11236846935249349811278995219	(58,24)
0.08117787612251540742322717566	(58,25)
0.05471280369593356019594417458	(58,26)
0.03326300298983081519306357431	(58,27)
0.01702967030475505883391427181	(58,28)
0.00614399360690000187813560569	(58,29)
0.00068337867035613033829654177	(58,30)
0.70070363601485235995477701391	(59,1)
0.70066795456511309788638978445	(59,2)
0.70042736489328278809201083965	(59,3)
0.69965293703972611473233395003	(59,4)
0.69787527390851570607035239427	(59,5)
0.69451364104711363031672475234	(59,6)
0.68891481020525171698493926719	(59,7)
0.68040064449979219324476821962	(59,8)
0.66832226907365881405154370547	(59,9)
0.65211727369223496471152127343	(59,10)
0.63136509039657441170525576739	(59,11)
0.60583486184477677033193558635	(59,12)
0.57552011911411380889150959537	(59,13)
0.54065562605798195292278689315	(59,14)
0.50171377418710565683592638177	(59,15)
0.45938060017209826011263746398	(59,16)
0.41451430849574888529493271997	(59,17)
0.36809151629249828560460682633	(59,18)
0.32114781807163748301574385531	(59,19)
0.27471947276344228710297873487	(59,20)
0.22979211936314837889047233555	(59,21)
0.18726074353417630906385502655	(59,22)
0.14790307461502562195757580511	(59,23)
0.11236660377409145185773434397	(59,24)
0.08116778313745129781592160997	(59,25)
0.05470084883297814593674782437	(59,26)
0.03325312949211458221853358456	(59,27)
0.01702358422255127088195482014	(59,28)
0.00614154444059455975324970794	(59,29)
0.00068309197964980767257451493	(59,30)
0.70126573060897849890859747093	(60,1)
0.70122999177559193892529730212	(60,2)
0.70098901524674365242799543679	(60,3)
0.70021334290949743922085769741	(60,4)
0.69843282751425055491291094464	(60,5)
0.69506581764266177486418789665	(60,6)
0.68945808003213474802011249741	(60,7)
0.68093048675170183834978042301	(60,8)
0.66883330597372455329561464771	(60,9)
0.65260353164675960576516003257	(60,10)
0.63182037843600719041608995403	(60,11)
0.60625323755393538496811590324	(60,12)
0.57589639313435773571507510421	(60,13)
0.54098584299430056540766374223	(60,14)
0.50199560466157669749371792472	(60,15)
0.45961358786061134091567661749	(60,16)
0.41469993610461067091943179647	(60,17)
0.36823308140229336000736991873	(60,18)
0.32125013769074288264397032065	(60,19)
0.27478845849842786332073706724	(60,20)
0.22983427929785550536035625068	(60,21)
0.18728267080395525082631184956	(60,22)
0.14791097736185925889626586666	(60,23)
0.11236591943070021973011163682	(60,24)
0.08116290513775537033092549887	(60,25)
0.05469497883860758230783333188	(60,26)
0.03324825511053440744162128289	(60,27)
0.01702057199013911276839751544	(60,28)
0.00614033070515218289316749045	(60,29)
0.00068294982606178159844304644	(60,30)