kuu2312_(sigma,mu)
-0.11681388287079950275321276084	(1,1)
-0.11680951114467687242046185978	(1,2)
-0.11678003103399042885339336074	(1,3)
-0.11668510480186052136104766655	(1,4)
-0.11646701265054960338033994758	(1,5)
-0.11605385319816758591444651271	(1,6)
-0.11536357811171201976675177343	(1,7)
-0.11430867478852033161954960142	(1,8)
-0.11280128041398378592853285357	(1,9)
-0.11075848976041176236248509609	(1,10)
-0.10810760866953805928886468028	(1,11)
-0.10479110575625728077725455389	(1,12)
-0.10077102647725027227171582116	(1,13)
-0.09603265583530782801382285588	(1,14)
-0.09058724768634028590672223696	(1,15)
-0.08447367850850454842207662169	(1,16)
-0.07775892984797472016851435134	(1,17)
-0.0705373544548200807911824541	(1,18)
-0.06292873414938721748669210763	(1,19)
-0.0550751903984212426497419649	(1,20)
-0.04713705911577899201638139542	(1,21)
-0.03928788712202339957627345582	(1,22)
-0.0317087469864093982694893043	(1,23)
-0.02458209790677345818822377935	(1,24)
-0.01808544149323281120368061292	(1,25)
-0.01238503186838117099310512793	(1,26)
-0.00762989890154745885421104515	(1,27)
-0.00394643166418549540835928532	(1,28)
-0.00143374681884745188559335171	(1,29)
-0.00016003459022644953632269686	(1,30)
-0.11746516831460496626240154222	(2,1)
-0.11746077220914639118383891073	(2,2)
-0.11743112769990024172798401352	(2,3)
-0.1173356721029899429849723993	(2,4)
-0.11711636374162145491718128085	(2,5)
-0.11670090027186385936520748859	(2,6)
-0.11600677581780641793012784506	(2,7)
-0.11494598977060710827720696357	(2,8)
-0.11343018937091811408450323513	(2,9)
-0.11137600711383384822769977845	(2,10)
-0.10871034353449007028255965883	(2,11)
-0.10537534653045322720000688874	(2,12)
-0.10133285004763411548596129327	(2,13)
-0.09656805720709634853755838557	(2,14)
-0.09109228482348439973944880093	(2,15)
-0.08494462638142800300986796904	(2,16)
-0.07819243715082405621075186249	(2,17)
-0.07093059620515400518232086315	(2,18)
-0.06327955343059438369955381127	(2,19)
-0.05538222284844393444135654291	(2,20)
-0.04739983439114081556858488186	(2,21)
-0.03950690244748043752549538428	(2,22)
-0.03188550900027921020013838396	(2,23)
-0.02471913028308209364149909778	(2,24)
-0.01818625720971614479743990769	(2,25)
-0.01245407043447972696246835143	(2,26)
-0.00767243030079489802462874275	(2,27)
-0.00396843013901934915601729717	(2,28)
-0.00144173887400174903632130302	(2,29)
-0.00016092666008083648504204655	(2,30)
-0.11882065643166435985602221454	(3,1)
-0.11881620956185781292476927505	(3,2)
-0.1187862227305514370661298598	(3,3)
-0.11868966485422869212737817068	(3,4)
-0.11846782402073603400587629063	(3,5)
-0.11804756298799827000935228533	(3,6)
-0.11734542318720865012110739168	(3,7)
-0.11627238792589937260062336566	(3,8)
-0.1147390843938923928500325065	(3,9)
-0.11266118274808247605542547142	(3,10)
-0.10996473994652611196424253237	(3,11)
-0.10659123660444378219890708809	(3,12)
-0.10250206694874098843737501493	(3,13)
-0.09768226445586386564440565423	(3,14)
-0.09214327800210373708152523112	(3,15)
-0.08592465393931770690637106767	(3,16)
-0.07909452666837188170056537502	(3,17)
-0.07174887196287458698065491299	(3,18)
-0.06400953124170894290980115498	(3,19)
-0.05602106884325227719078507792	(3,20)
-0.04794657576091243622407562055	(3,21)
-0.03996258000696890965159689219	(3,22)
-0.03225326373083595823899644183	(3,23)
-0.02500421867251254051208320322	(3,24)
-0.01839599309534239602582260491	(3,25)
-0.01259769405757969436238458806	(3,26)
-0.00776090826488652063303638323	(3,27)
-0.00401419280416060459933210919	(3,28)
-0.00145836429418190457255361747	(3,29)
-0.00016278237261039616437525347	(3,30)
-0.12098196674370336588612785269	(4,1)
-0.12097743886875297435865702755	(4,2)
-0.1209469057910612194891385346	(4,3)
-0.12084858899901436999890537802	(4,4)
-0.1206227070885827744907225775	(4,5)
-0.12019479059506672237934383663	(4,6)
-0.1194798608153630807265455815	(4,7)
-0.11838727987427525965864680082	(4,8)
-0.11682604762142469929012609342	(4,9)
-0.11471029921888056219462098983	(4,10)
-0.11196474646956184861971969256	(4,11)
-0.10852980654033043098121321837	(4,12)
-0.10436617374818668380062881279	(4,13)
-0.09945861299830756392731970955	(4,14)
-0.09381878630391318474354758403	(4,15)
-0.08748696515763034259050364132	(4,16)
-0.08053252956404344725620658045	(4,17)
-0.07305320718843200460867426138	(4,18)
-0.06517306102718753157900631535	(4,19)
-0.05703928885700488865090522733	(4,20)
-0.04881795007032622001695413285	(4,21)
-0.04068878305874205552933677867	(4,22)
-0.03283931697740284117458917565	(4,23)
-0.02545851372498274719693364838	(4,24)
-0.01873019789628725559650894725	(4,25)
-0.01282654333842309964952190586	(4,26)
-0.00790188427804623914938485395	(4,27)
-0.0040871068001633178904729734	(4,28)
-0.00148485326284751325084568722	(4,29)
-0.00016573901966238842629533456	(4,30)
-0.12409163243349812741663584308	(5,1)
-0.12408698789392121539476834371	(5,2)
-0.12405566810554347504425686292	(5,3)
-0.12395481810435120022562831478	(5,4)
-0.1237231162073210585946482757	(5,5)
-0.12328417432582186103308920106	(5,6)
-0.12255082460157334445350567449	(5,7)
-0.12143009466802308565297398351	(5,8)
-0.1198286413375626501450876921	(5,9)
-0.1176583902027001085675469848	(5,10)
-0.11484211752346266906199468555	(5,11)
-0.11131871137063035641398230819	(5,12)
-0.10704786130762890013386521581	(5,13)
-0.10201394940983695936466831931	(5,14)
-0.09622894913041099398303866525	(5,15)
-0.0897341809661495311433326444	(5,16)
-0.08260082320644652124289573123	(5,17)
-0.07492913010666226801900714567	(5,18)
-0.06684636624586113622225161985	(5,19)
-0.05850352213249958244836528766	(5,20)
-0.0500709298380914622749077165	(5,21)
-0.0417329462088748642038045297	(5,22)
-0.03368191288724903795093610288	(5,23)
-0.02611163513824356899101186524	(5,24)
-0.01921064388329896462786759208	(5,25)
-0.01315551640979205843620694669	(5,26)
-0.00810453046107826276563305828	(5,27)
-0.00419191384437690702703599195	(5,28)
-0.00152292786058726823410395826	(5,29)
-0.00016998878592093007163434287	(5,30)
-0.12832273328797666630137006899	(6,1)
-0.12831792982449853553849088185	(6,2)
-0.12828553835661865337011658581	(6,3)
-0.12818123755073501722243791507	(6,4)
-0.12794160753849341958954570738	(6,5)
-0.12748764672338203539162519249	(6,6)
-0.12672920537781484423324504191	(6,7)
-0.12557013159993991080253206026	(6,8)
-0.12391389154594825189280822489	(6,9)
-0.12166940272606381603036223753	(6,10)
-0.11875680760201246370940074343	(6,11)
-0.11511291529760279126182949345	(6,12)
-0.1106960519470840457312300884	(6,13)
-0.10549008453656372139607585142	(6,14)
-0.09950741800319615351124857673	(6,15)
-0.09279080933234453278527721926	(6,16)
-0.08541389351321678944133447276	(6,17)
-0.07748037223385953629982393206	(6,18)
-0.0691218746494233850818712998	(6,19)
-0.06049455786474975072867463484	(6,20)
-0.05177457036092114755883788879	(6,21)
-0.04315255201519057802631576291	(6,22)
-0.03482738739697127442622723528	(6,23)
-0.0269994627827594620494858522	(6,24)
-0.01986370034679647803978285223	(6,25)
-0.01360265425453517806552336616	(6,26)
-0.00837995243100006940417099479	(6,27)
-0.00433435464684378492399490396	(6,28)
-0.001574672837880965564868157	(6,29)
-0.00017576432216276940951208949	(6,30)
-0.13386689294853491705986253264	(7,1)
-0.13386188096258420962763365681	(7,2)
-0.13382808335521594370319173112	(7,3)
-0.13371925479095361315371118771	(7,4)
-0.13346922243349523354680667642	(7,5)
-0.13299555567301774737793379654	(7,6)
-0.13220419269023690275812143161	(7,7)
-0.13099481060672603186258905973	(7,8)
-0.12926669078799791339214751861	(7,9)
-0.12692480664279902242838655204	(7,10)
-0.12388584911463721424420558149	(7,11)
-0.12008390558278702349424758002	(7,12)
-0.11547552111698802853896699252	(7,13)
-0.110043896434665569167620117	(7,14)
-0.10380201341495425019684198454	(7,15)
-0.09679452504736541659492563709	(7,16)
-0.08909830021398195220634746896	(7,17)
-0.08082157235465329398590747553	(7,18)
-0.07210170223846526862387749172	(7,19)
-0.06310162603862575029638134425	(7,20)
-0.05400511796955066180115329188	(7,21)
-0.04501104931961572692923021823	(7,22)
-0.03632687048230124787196446499	(7,23)
-0.02816157759459872554068608538	(7,24)
-0.02071844912265137445839972108	(7,25)
-0.01418784918640809572631620944	(7,26)
-0.00874039312764481680472701169	(7,27)
-0.0045207568944347054927043084	(7,28)
-0.00164238587710678122826581089	(7,29)
-0.00018332202859881922123823163	(7,30)
-0.14092123572349464168704242444	(8,1)
-0.14091595801780360284804475836	(8,2)
-0.14088036857067107399853405513	(8,3)
-0.14076577030526873590455140853	(8,4)
-0.14050248234139803052303716209	(8,5)
-0.14000370469070561898977357414	(8,6)
-0.13917039091868577882954897429	(8,7)
-0.13789690430591815845489329004	(8,8)
-0.13607719588138573231949210434	(8,9)
-0.13361121704504147220378931524	(8,10)
-0.13041126655021452696620567555	(8,11)
-0.12640797203958729012178352819	(8,12)
-0.12155562019524360206817949515	(8,13)
-0.11583657634379080116211646861	(8,14)
-0.10926457292933802560165326935	(8,15)
-0.10188669495648570286006912657	(8,16)
-0.09378394715869958091434662584	(8,17)
-0.08507034972913839746726244505	(8,18)
-0.07589057416503924039754363625	(8,19)
-0.06641619520260988443649585928	(8,20)
-0.05684069605568011482033239671	(8,21)
-0.04737341947768345349208463537	(8,22)
-0.03823270409442622484385103031	(8,23)
-0.02963848196073096117810356624	(8,24)
-0.02180463782639204542165560209	(8,25)
-0.0149314421576149555873818313	(8,26)
-0.00919836813375807232659608769	(8,27)
-0.00475758779447499446528342092	(8,28)
-0.00172841497731165314141560357	(8,29)
-0.00019292390076988360229754422	(8,30)
-0.14967453084364351282545179714	(9,1)
-0.14966892287453400863901338153	(9,2)
-0.14963110634844608121328986014	(9,3)
-0.14950933692992579660375491512	(9,4)
-0.14922957366536401147390861273	(9,5)
-0.14869958614396164122487851936	(9,6)
-0.14781413331186761851229122265	(9,7)
-0.14646097556044395560860741268	(9,8)
-0.14452744205528088560084010846	(9,9)
-0.14190724778564552226662820219	(9,10)
-0.13850724082127737785466986005	(9,11)
-0.13425376052186271770473117059	(9,12)
-0.12909830208573429138840872206	(9,13)
-0.12302221132520056630475661224	(9,14)
-0.11604017474107576513333506603	(9,15)
-0.1082023220492008069771573899	(9,16)
-0.09959481895876095550622894464	(9,17)
-0.090338894458047069804470246	(9,18)
-0.08058831607816726758238689876	(9,19)
-0.07052539539513741241528349583	(9,20)
-0.06035567124414059141242756195	(9,21)
-0.05030147680054082085517567359	(9,22)
-0.0405946462184890959162728763	(9,23)
-0.03146865476529377578294572209	(9,24)
-0.02315051176282873592111846565	(9,25)
-0.01585273717536797898305568871	(9,26)
-0.00976575002937776451456902842	(9,27)
-0.00505098029754995083366279886	(9,28)
-0.00183498628660871200366669929	(9,29)
-0.00020481830977753325340379906	(9,30)
-0.16029265834012629318540018049	(10,1)
-0.16028664901015754123926343806	(10,2)
-0.16024612597224220789441045836	(10,3)
-0.16011564165262438872439940091	(10,4)
-0.15981585651594362955446341231	(10,5)
-0.15924794107682939975668147312	(10,6)
-0.15829912714506399405757029145	(10,7)
-0.15684915305952761893349619919	(10,8)
-0.1547773049288612857979784858	(10,9)
-0.15196972611616035453059749663	(10,10)
-0.14832665186960090266296975647	(10,11)
-0.14376922600158611497481804949	(10,12)
-0.1382455720736229402039599927	(10,13)
-0.13173582214982603252384219995	(10,14)
-0.12425585060426634439023340255	(10,15)
-0.1158595167731233367639681436	(10,16)
-0.1066392858790854031879691563	(10,17)
-0.09672516957448794994235535123	(10,18)
-0.08628200226916665451395675972	(10,19)
-0.07550514360046539811196118121	(10,20)
-0.06461476749009112352196423057	(10,21)
-0.05384896098493371079719522959	(10,22)
-0.04345590868363316528240148131	(10,23)
-0.03368547875011866530068400956	(10,24)
-0.02478055270210818047193881968	(10,25)
-0.01696845242666653726411685901	(10,26)
-0.0104528140057539023508430398	(10,27)
-0.00540623938330051195390491209	(10,28)
-0.00196402471645109509236603629	(10,29)
-0.00021921997824728857283971288	(10,30)
-0.17290387424074136292446380804	(11,1)
-0.17289738724458962141642125455	(11,2)
-0.17285364314416680070847561118	(11,3)
-0.1727127871053487801059634066	(11,4)
-0.17238917380273471813896027496	(11,5)
-0.17177612058488013037075203238	(11,6)
-0.17075190244436335058439116273	(11,7)
-0.16918671352887690443730251994	(11,8)
-0.1669502734558819885623126049	(11,9)
-0.16391972409329020385217014926	(11,10)
-0.15998744544167408465307716442	(11,11)
-0.15506841887189655579038100079	(11,12)
-0.14910678257752439133371288865	(11,13)
-0.14208125723113273368361056561	(11,14)
-0.13400916818958871700612015003	(11,15)
-0.12494885206632086798976319189	(11,16)
-0.11500030724218237854600615541	(11,17)
-0.10430402650106286859212234212	(11,18)
-0.09303803164249437736174580946	(11,19)
-0.08141321067058836579136333247	(11,20)
-0.06966713409766872165556461877	(11,21)
-0.05805659445834836629332249423	(11,22)
-0.04684916925112186258513754	(11,23)
-0.03631414983036870022129765075	(11,24)
-0.02671320565425590742800577582	(11,25)
-0.01829116395162792716253426106	(11,26)
-0.01126727928370530635164584148	(11,27)
-0.00582734633459785998143529041	(11,28)
-0.00211697386438921656983172197	(11,29)
-0.0002362898813303688548437513	(11,30)
-0.18758506760120177692558202583	(12,1)
-0.18757802329402018715586198196	(12,2)
-0.18753052106173021771100003977	(12,3)
-0.18737756398610843120442069166	(12,4)
-0.18702614971956932719139652213	(12,5)
-0.18636043367185422103061273871	(12,6)
-0.18524824231817872410375411712	(12,7)
-0.1835486380762676967237394977	(12,8)
-0.1811201862800666684229162416	(12,9)
-0.17782953877286698834894872035	(12,10)
-0.17355992952157580110171747019	(12,11)
-0.16821917672918485600455416271	(12,12)
-0.16174680370788078086427900738	(12,13)
-0.15411992687512907959491558835	(12,14)
-0.14535761228580396072861725807	(12,15)
-0.1355234697939039927404540484	(12,16)
-0.12472633305889575077002413618	(12,17)
-0.11311896028696574786104612755	(12,18)
-0.10089478047732172832705341655	(12,19)
-0.08828279850057601933490490424	(12,20)
-0.07554085516549445902322749882	(12,21)
-0.06294751153819843728713348318	(12,22)
-0.05079288682604501676756078003	(12,23)
-0.03936882362219892257284775286	(12,24)
-0.02895878165243918102977273045	(12,25)
-0.01982787074369891272547184497	(12,26)
-0.01221342579823378318887268304	(12,27)
-0.00631650212638687205594908852	(12,28)
-0.00229463019301609563136419975	(12,29)
-0.00025611674156802456287201842	(12,30)
-0.20435097750928020108516194653	(13,1)
-0.20434329519191373503910508522	(13,2)
-0.20429149064982413066958609582	(13,3)
-0.20412468034200146150078048803	(13,4)
-0.20374143982067947998997544046	(13,5)
-0.20301543671038869235270725409	(13,6)
-0.20180253819987732525247039137	(13,7)
-0.1999490679189651431268751254	(13,8)
-0.1973008309537574067980577842	(13,9)
-0.19371248570504566482508631553	(13,10)
-0.18905681962466589808128217197	(13,11)
-0.18323348419615073100194540983	(13,12)
-0.1761767636045859315686569989	(13,13)
-0.16786199107351334346750804649	(13,14)
-0.15831028540593343689318812518	(13,15)
-0.14759135527996822257922139282	(13,16)
-0.13582420669766831581208014526	(13,17)
-0.12317568520174112253169507747	(13,18)
-0.10985688404036242410111752734	(13,19)
-0.09611754715738914427339217582	(13,20)
-0.08223868667705467602923451469	(13,21)
-0.0685237139393976007517988489	(13,22)
-0.0552884474607887131465074787	(13,23)
-0.04285040781768463061041787591	(13,24)
-0.03151783688975973799735901052	(13,25)
-0.02157888677724633283094091561	(13,26)
-0.01329141265808326076949096292	(13,27)
-0.00687377532683534725319026543	(13,28)
-0.00249701521507054194970164736	(13,29)
-0.00027870276806929086357017914	(13,30)
-0.22314871689338606623175539487	(14,1)
-0.22314031731693888379413276183	(14,2)
-0.22308367606779609418173733304	(14,3)
-0.22290129183883472287516577114	(14,4)
-0.22248227223039937285814792251	(14,5)
-0.22168849536993003609259987084	(14,6)
-0.22036238636973163410731068858	(14,7)
-0.21833595372427617440768189816	(14,8)
-0.21544066864960944004013957819	(14,9)
-0.21151772559265235936769491061	(14,10)
-0.2064281974144353819571533036	(14,11)
-0.20006259609583559125773815237	(14,12)
-0.19234937027624182729198517902	(14,13)
-0.18326191436999749172874557438	(14,14)
-0.17282372892504438499216382269	(14,15)
-0.16111145542808201175947763594	(14,16)
-0.14825560678109574619289625434	(14,17)
-0.13443892200398267131098257232	(14,18)
-0.11989238451920461125782911201	(14,19)
-0.10488905158973446406217984619	(14,20)
-0.08973594231118557327685465181	(14,21)
-0.07476431790674509748166910963	(14,22)
-0.06031875690820432767550781537	(14,23)
-0.04674547639694328628476756532	(14,24)
-0.03438037748190179077956546471	(14,25)
-0.02353729859347775828947254355	(14,26)
-0.01449694510669235392356224725	(14,27)
-0.00749693028870667965157951114	(14,28)
-0.00272331318678669104212033383	(14,29)
-0.00030395670818635185149793604	(14,30)
-0.24385953540967257901691098931	(15,1)
-0.24385034322342713146960807507	(15,2)
-0.24378835715789260661911568114	(15,3)
-0.243588762979279967977850073	(15,4)
-0.24313020603363384601636539317	(15,5)
-0.24226153764609517527261517977	(15,6)
-0.24081033201488840021067896168	(15,7)
-0.23859278593197188309936202382	(15,8)
-0.23542454478930064820138118578	(15,9)
-0.23113194811142386987173364591	(15,10)
-0.22556315952691568399968357629	(15,11)
-0.21859864216078141095038652427	(15,12)
-0.21016046233523834756085997891	(15,13)
-0.20021995226530439371092416976	(15,14)
-0.18880333459124016759203716931	(15,15)
-0.17599500489976268179794689521	(15,16)
-0.16193827809219741652254968015	(15,17)
-0.1468335245418415865425766864	(15,18)
-0.1309337456214022165164294762	(15,19)
-0.1145377583102955523975478356	(15,20)
-0.09798126850594876027818483563	(15,21)
-0.08162620657371828278192842541	(15,22)
-0.06584877214260745462997981487	(15,23)
-0.05102668537941108554832892172	(15,24)
-0.03752616784169675852919148938	(15,25)
-0.0256891779922220104246151489	(15,26)
-0.01582140633673704644770255987	(15,27)
-0.00818149564406600724256431957	(15,28)
-0.00297189607078777346697320895	(15,29)
-0.00033169663832869251679485465	(15,30)
-0.26630845694577546109227201648	(16,1)
-0.26629840278257478249259231817	(16,2)
-0.26623060414175237663305274961	(16,3)
-0.26601229392745983750065507462	(16,4)
-0.26551074001525652609611070425	(16,5)
-0.26456062834072229779735438634	(16,6)
-0.26297338647648171022808439028	(16,7)
-0.26054802454781512400933864027	(16,8)
-0.25708299389561281977333078223	(16,9)
-0.25238850748916445954284437308	(16,10)
-0.24629873356393840064645867582	(16,11)
-0.2386832684196577579279740396	(16,12)
-0.22945731768697698266413641372	(16,13)
-0.2185900679838301755170800676	(16,14)
-0.20611081116260333683054240659	(16,15)
-0.19211248770964469286531291152	(16,16)
-0.17675243881457584469969793477	(16,17)
-0.16025029115477603205215385269	(16,18)
-0.14288303654649497543513446786	(16,19)
-0.1249775020433232612402276368	(16,20)
-0.10690052705174315059141387905	(16,21)
-0.08904726600091488131841617662	(16,22)
-0.07182811318354844920707567698	(16,23)
-0.05565479773232456159896312934	(16,24)
-0.04092622054010629200650721441	(16,25)
-0.02801460238002684225991572683	(16,26)
-0.01725248613393418346200717413	(16,27)
-0.00892108948204741077620218656	(16,28)
-0.00324044167997122717889255936	(16,29)
-0.00036166315152804659842225701	(16,30)
-0.290280601410720370800103394	(17,1)
-0.29026962334537646380571444679	(17,2)
-0.29019559455546696790941797166	(17,3)
-0.2899572238306455529728654291	(17,4)
-0.2894095847076992361126667774	(17,5)
-0.28837218187239876822757648242	(17,6)
-0.2866391411189077161748826414	(17,7)
-0.28399106187349520548035953595	(17,8)
-0.28020798649169076774563859052	(17,9)
-0.27508287717426567995195244026	(17,10)
-0.26843495398136532071199015246	(17,11)
-0.26012223988993021559892777443	(17,12)
-0.25005268366425104029354660247	(17,13)
-0.23819328916649987273686059249	(17,14)
-0.22457676903555507268030909202	(17,15)
-0.20930535738642351118299187153	(17,16)
-0.19255155399761848356835538352	(17,17)
-0.17455572315578503973539805384	(17,18)
-0.15562062454651386753524313604	(17,19)
-0.13610310167043810464768571364	(17,20)
-0.11640328623806747747530035435	(17,21)
-0.09695178738233113304207452124	(17,22)
-0.07819541700648418576362050167	(17,23)
-0.0605820543391583554968336569	(17,24)
-0.04454527349534711505011147194	(17,25)
-0.03048934946128435542153363127	(17,26)
-0.01877522404210527820476414503	(17,27)
-0.00970795856606700699092081577	(17,28)
-0.00352612949232120208666076108	(17,29)
-0.00039354120953392360203654763	(17,30)
-0.31554132964269024232397223596	(18,1)
-0.31552937386801062810027759249	(18,2)
-0.31544875209914850605617162927	(18,3)
-0.315189152681379888244840015	(18,4)
-0.31459274522884006617284908348	(18,5)
-0.31346297120210159459915159929	(18,6)
-0.31157565281603935304366287749	(18,7)
-0.30869191946277568133321572574	(18,8)
-0.30457235689839174262153405044	(18,9)
-0.29899171332211920324615301221	(18,10)
-0.29175345358119589710980055349	(18,11)
-0.28270344276512681518857964732	(18,12)
-0.27174206666977067428574740293	(18,13)
-0.25883416012544123221624221917	(18,14)
-0.24401621341658368918454017858	(18,15)
-0.22740045746239035216623841984	(18,16)
-0.20917558276607632696214973793	(18,17)
-0.18960401579444710734954285359	(18,18)
-0.16901584844625347955631490702	(18,19)
-0.14779968034704960383502880543	(18,20)
-0.12639077948520197872753516486	(18,21)
-0.10525708571421801941016909309	(18,22)
-0.08488366811398536267482515888	(18,23)
-0.06575629842125493442283347917	(18,24)
-0.04834481903317294559172244617	(18,25)
-0.03308696839165242417157609539	(18,26)
-0.0203732837049014484381997783	(18,27)
-0.01053363682607263042250436317	(18,28)
-0.00382587972530609687109441768	(18,29)
-0.00042698681940203401470562566	(18,30)
-0.34185650955568470875582692815	(19,1)
-0.34184353026604579520902239077	(19,2)
-0.34175600664741653735076414343	(19,3)
-0.34147418412203048183181484072	(19,4)
-0.3408267245612408496071385372	(19,5)
-0.33960025625434214067586098273	(19,6)
-0.33755144736265328036301693655	(19,7)
-0.33442106062704985817146848844	(19,8)
-0.32994934323618363447621558489	(19,9)
-0.32389202604641073833344599162	(19,10)
-0.31603615716559817450245346337	(19,11)
-0.30621498200264778906903141867	(19,12)
-0.29432110938759004479416587157	(19,13)
-0.28031727293865805233048458935	(19,14)
-0.26424410695751065340192248486	(19,15)
-0.24622450171119632093170072241	(19,16)
-0.22646427556587583767073244713	(19,17)
-0.20524908989272494842043410426	(19,18)
-0.18293772413838750841762564449	(19,19)
-0.15995200982206090454494811621	(19,20)
-0.13676388151749075571346498886	(19,21)
-0.11388013054814836993986147169	(19,22)
-0.0918255369419637574688218608	(19,23)
-0.07112510467528247533762145012	(19,24)
-0.0522861355300082698780294463	(19,25)
-0.0357808521802823523806271253	(19,26)
-0.02203022771522004792730001861	(19,27)
-0.01138960401032798523231170456	(19,28)
-0.004136592443013086377010442	(19,29)
-0.00046165371232064567500018669	(19,30)
-0.36900949239891865184725128568	(20,1)
-0.36899545100812339474389133265	(20,2)
-0.36890076535399243253757450177	(20,3)
-0.36859588209530978272650246456	(20,4)
-0.36789544699937195379518129115	(20,5)
-0.36656864448155630519535069706	(20,6)
-0.364352275032503813536745493	(20,7)
-0.36096598564786367880185728964	(20,8)
-0.35612895378251523462542683699	(20,9)
-0.34957723613855397929819215284	(20,10)
-0.34108093729997226042902985528	(20,11)
-0.33046033679414039949765020569	(20,12)
-0.31760014179687398694217331867	(20,13)
-0.30246110872846286384934127619	(20,14)
-0.28508839895761074435276813694	(20,15)
-0.26561619606014995643290810445	(20,16)
-0.24426830481976113923279812368	(20,17)
-0.22135466237434922377737449206	(20,18)
-0.1972639046200641880484042221	(20,19)
-0.1724523309344124125240988138	(20,20)
-0.14742978370935236961454301807	(20,21)
-0.12274309535933887563587281594	(20,22)
-0.09895784774427333361135540262	(20,23)
-0.07663923521112218275280000693	(20,24)
-0.05633282490947492514741902644	(20,25)
-0.0385459723894327342178449563	(20,26)
-0.02373058477985161988340322825	(20,27)
-0.01226783706120664871855847003	(20,28)
-0.0044553477259253317193664735	(20,29)
-0.00049721567831288527861115238	(20,30)
-0.39681259787609215159506973876	(21,1)
-0.39679746178673150415716115156	(21,2)
-0.39669539429815173979489921572	(21,3)
-0.39636674275296106090749211744	(21,4)
-0.39561170768920065755965195202	(21,5)
-0.39418149803979762891505655708	(21,6)
-0.39179244701266256184387607494	(21,7)
-0.38814246019070632997350800371	(21,8)
-0.38292904121578358383130082753	(21,9)
-0.37586804072758501601742604322	(21,10)
-0.3667122098791883958666811392	(21,11)
-0.35526861912507855045932189067	(21,12)
-0.34141403254797479835471864196	(21,13)
-0.32510741089786620888450000455	(21,14)
-0.30639885143066519439280138569	(21,15)
-0.2854344531772987343995067099	(21,16)
-0.26245681118635246271629574368	(21,17)
-0.23780107737853734992296855589	(21,18)
-0.21188676145737312949554753068	(21,19)
-0.18520566514564112474604418823	(21,20)
-0.15830653108995415538765524192	(21,21)
-0.131777132089686307202983842	(21,22)
-0.10622461985816031698465956513	(21,23)
-0.08225499376176824158022799318	(21,24)
-0.06045254243924263298461917609	(21,25)
-0.04136006243696186409904015756	(21,26)
-0.0254605780771155584977956932	(21,27)
-0.01316118660418067143610530452	(21,28)
-0.0047795423920437169557260198	(21,29)
-0.00053338182379609686716331115	(21,30)
-0.42511247692530802162429751307	(22,1)
-0.42509621809500094767341468639	(22,2)
-0.42498657969181745356814324344	(22,3)
-0.42463355125260341166140334421	(22,4)
-0.42382251929372852026388486301	(22,5)
-0.42228626126581258559135081139	(22,6)
-0.41972013083514930254311508352	(22,7)
-0.41579976179495683716582251708	(22,8)
-0.41020047923465763393917597213	(22,9)
-0.40261749532852145724684019207	(22,10)
-0.39278589364349523726750866157	(22,11)
-0.38049938027401320879146941118	(22,12)
-0.36562681036992402817214055247	(22,13)
-0.34812558885964254478777202656	(22,14)
-0.32805119323152836336321340591	(22,15)
-0.30556226694877989129816334424	(22,16)
-0.28092097142341525318459463778	(22,17)
-0.25448854477635077594527024566	(22,18)
-0.22671627651384279438614861649	(22,19)
-0.19813234827166367892518178342	(22,20)
-0.16932519389643551962621157162	(22,21)
-0.14092418399155940257166740219	(22,22)
-0.11357853338344004953234392522	(22,23)
-0.08793536401251519968228891898	(22,24)
-0.0646178357262134015351141726	(22,25)
-0.0442041931161542112954588057	(22,26)
-0.02720848033664220684601294197	(22,27)
-0.01406356082614534471641309239	(22,28)
-0.00510695685622806105436589011	(22,29)
-0.00056990403763067919225575936	(22,30)
-0.45379007296648823775039711024	(23,1)
-0.45377266648972342697316248761	(23,2)
-0.453655289247771031918942772	(23,3)
-0.45327734346448758606056545141	(23,4)
-0.45240907447652307343858134798	(23,5)
-0.45076442462816571004417425822	(23,6)
-0.44801731676833074245242407256	(23,7)
-0.44382064996588128895832134116	(23,8)
-0.43782713787615612461954030602	(23,9)
-0.4297109961223308618233721008	(23,10)
-0.41918940127652220321099637741	(23,11)
-0.40604261257915989090922691826	(23,12)
-0.39013167819116590923118893632	(23,13)
-0.37141274584608286659053343282	(23,14)
-0.34994716234045905919550171014	(23,15)
-0.32590676928282527723776414984	(23,16)
-0.2995740688593405783130281762	(23,17)
-0.27133722246829151840197101752	(23,18)
-0.24168013324630893692882468639	(23,19)
-0.21116812708194715066117128946	(23,20)
-0.18042996515842429242075933766	(23,21)
-0.15013707961467225910938533327	(23,22)
-0.12098101516367881427424471441	(23,23)
-0.09365008381511889067093369219	(23,24)
-0.0688062044906277592885837385	(23,25)
-0.04706281669225897853495141083	(23,26)
-0.02896464265378081598571775574	(23,27)
-0.01496994104682386759164601878	(23,28)
-0.00543576095406471193590325763	(23,29)
-0.00060657765065741414086830252	(23,30)
-0.48275669652420431239776066579	(24,1)
-0.48273811938895085794651997142	(24,2)
-0.48261284815573873836108468988	(24,3)
-0.48220948574181803323863594358	(24,4)
-0.48128283438634825850225936945	(24,5)
-0.47952762970932782764004379752	(24,6)
-0.47659595032898766311788006524	(24,7)
-0.47211754067944752287696890713	(24,8)
-0.46572211785710118883047975304	(24,9)
-0.45706259506620249236974642918	(24,10)
-0.44583805876776400435643209927	(24,11)
-0.43181529832096866146761966094	(24,12)
-0.41484771762915482520920223893	(24,13)
-0.3948905647954080944470387866	(24,14)
-0.37201159743580266818474972344	(24,15)
-0.34639654894480677487687762043	(24,16)
-0.31834905721570420087671917141	(24,17)
-0.28828503809224901158763589453	(24,18)
-0.25672180363052096682686646536	(24,19)
-0.2242625127665535157528073615	(24,20)
-0.19157677590351568870311703967	(24,21)
-0.15937839902193270664189317306	(24,22)
-0.12840133984226229871630398237	(24,23)
-0.09937496016846318025108926146	(24,24)
-0.07299960463427645222395856551	(24,25)
-0.04992343215985884239576371483	(24,26)
-0.03072129079002051457474965147	(24,27)
-0.01587627737388531870270586523	(24,28)
-0.00576447628560308159035831843	(24,29)
-0.00064323724682432971624681952	(24,30)
-0.51194792605584564957732672878	(25,1)
-0.51192815616568966177894307045	(25,2)
-0.51179484196655985668318245113	(25,3)
-0.51136558356952646384723693715	(25,4)
-0.51037945054580037373728107999	(25,5)
-0.5085116161599319813908034691	(25,6)
-0.50539192106649859288062164991	(25,7)
-0.50062655897653332754655479474	(25,8)
-0.49382189410422976722503096631	(25,9)
-0.48460926619447197831552381488	(25,10)
-0.47266953022574356678972632696	(25,11)
-0.45775603155136317522446101123	(25,12)
-0.43971474766508972729218832495	(25,13)
-0.41850044337072448793633016054	(25,14)
-0.39418788664470848260584091577	(25,15)
-0.36697744752330158670088379248	(25,16)
-0.33719473168365333058972517127	(25,17)
-0.30528425605785269101607040541	(25,18)
-0.27179752382354445280451094832	(25,19)
-0.23737616899209615584238955581	(25,20)
-0.20273109018086675427670054601	(25,21)
-0.16861866131085006838078603742	(25,22)
-0.13581518690247180381923881031	(25,23)
-0.10509076512965011881649488851	(25,24)
-0.07718364575207694680927979295	(25,25)
-0.05277604160577548722599716224	(25,26)
-0.03247219330668912062932979356	(25,27)
-0.0167793182732898073419574052	(25,28)
-0.00609191460118178750013277093	(25,29)
-0.00067974980299274371440766271	(25,30)
-0.54131681630354042286853026243	(26,1)
-0.54129583179644202380792424171	(26,2)
-0.54115432724087061017868031362	(26,3)
-0.54069869865255193581655136297	(26,4)
-0.53965199672940088843955100752	(26,5)
-0.53766948157556512160627115102	(26,6)
-0.53435836916062552145612293146	(26,7)
-0.5293009168230181442467496605	(26,8)
-0.52207979515216882958378171276	(26,9)
-0.51230452206738153172735556931	(26,10)
-0.4996376112204777900112539548	(26,11)
-0.48381903121390828232387319963	(26,12)
-0.46468760185349805393380879842	(26,13)
-0.44219807914576616641255644787	(26,14)
-0.4164329021842428862919956719	(26,15)
-0.38760788061291306951382387996	(26,16)
-0.35607146748830700495117697339	(26,17)
-0.32229765649307016912831464885	(26,18)
-0.2868729274312093616053288423	(26,19)
-0.25047800359029326804508687432	(26,20)
-0.21386544913604432833472487104	(26,21)
-0.1778343050749380800656131992	(26,22)
-0.14320303213170609939730655155	(26,23)
-0.11078200441603753292221880906	(26,24)
-0.08134669564296553300065445831	(26,25)
-0.05561254325887481725314660004	(26,26)
-0.03421229087594630213688930617	(26,27)
-0.0176764201286881608298172954	(26,28)
-0.00641710893381231103524113234	(26,29)
-0.00071600702003129387562930434	(26,30)
-0.57082746216076180691613394605	(27,1)
-0.57080524101303331516069258529	(27,2)
-0.57065539762419880849188291187	(27,3)
-0.57017292118291373082503401596	(27,4)
-0.56906455545112982227970525681	(27,5)
-0.56696529490268043447930321594	(27,6)
-0.56345934373848860683721067515	(27,7)
-0.55810463991101427569532933166	(27,8)
-0.55045982748785630674305138157	(27,9)
-0.54011236970643780365274249603	(27,10)
-0.52670635444954275024547424289	(27,11)
-0.50996847750545711821367514488	(27,12)
-0.48973071759126689635715992289	(27,13)
-0.46594835343774188989815367095	(27,14)
-0.43871221794403469091482658525	(27,15)
-0.40825442396228312324086992719	(27,16)
-0.37494720329570506978918672275	(27,17)
-0.33929493700330161581982172972	(27,18)
-0.30191987800886439389160971817	(27,19)
-0.26354243482384375916737689744	(27,20)
-0.22495716449985304183990976639	(27,21)
-0.18700579324691282933384283692	(27,22)
-0.15054863923795505051907149558	(27,23)
-0.11643576339762074735091430257	(27,24)
-0.08547904153813839207176679355	(27,25)
-0.05842616322076695036806674083	(27,26)
-0.03593734932740601409692094274	(27,27)
-0.01856536903607483274771762472	(27,28)
-0.00673924916563921871695131782	(27,29)
-0.0007519181481930098556171582	(27,30)
-0.6004495157420292397492661792	(28,1)
-0.6004260356216596403094708321	(28,2)
-0.6002677028473579188966524645	(28,3)
-0.5997578942530564911613358477	(28,4)
-0.5985867548081916211792445808	(28,5)
-0.5963686568087633555534413794	(28,6)
-0.5926644024861929479301726957	(28,7)
-0.5870072270842248975181823152	(28,8)
-0.5789314201171210483969696979	(28,9)
-0.56800216992290422985626388197	(28,10)
-0.55384507692295738467721476519	(28,11)
-0.53617370233775786628751338684	(28,12)
-0.51481354618249497195779319042	(28,13)
-0.48972099660042028353316098224	(28,14)
-0.46099606324129775003102414543	(28,15)
-0.4288880848818553167932769052	(28,16)
-0.39379405393029697848446764781	(28,17)
-0.35624968360254232105227570402	(28,18)
-0.31691380749493763530306157434	(28,19)
-0.27654709853898247782721051159	(28,20)
-0.23598638755784247582444911736	(28,21)
-0.19611602919133619473900337506	(28,22)
-0.15783780120920654080268651355	(28,23)
-0.12204074554422010055872121742	(28,24)
-0.08957219208853427485634057354	(28,25)
-0.06121098305877391831969896527	(28,26)
-0.03764367146560087362951633868	(28,27)
-0.01944423287784534445837469254	(28,28)
-0.00705762856476503085496169742	(28,29)
-0.00078740403526718997712516073	(28,30)
-0.6301538912501284712539083076	(29,1)
-0.6301291295736593649487505531	(29,2)
-0.6299621551697522688297745593	(29,3)
-0.6294245247177012337584057185	(29,4)
-0.6281894894885063538819937719	(29,5)
-0.6258504398873339355293874105	(29,6)
-0.6219443838613749531209099101	(29,7)
-0.6159794713055171252675520316	(29,8)
-0.6074653148642400851285212919	(29,9)
-0.5959446209430652404066265924	(29,10)
-0.5810244636103054857150823569	(29,11)
-0.56240544141648552137843731965	(29,12)
-0.5399069822640904090499005952	(29,13)
-0.51348722286354936392487588811	(29,14)
-0.48325618889693147019931723634	(29,15)
-0.44948142180167852839466606115	(29,16)
-0.41258570091903486410338419801	(29,17)
-0.37313704410838754332749275405	(29,18)
-0.33183167810919649066913978729	(29,19)
-0.28947109778866415287216689649	(29,20)
-0.24693463941101969271130685228	(29,21)
-0.20514915461759564015291012755	(29,22)
-0.16505738762008718574111638316	(29,23)
-0.12758654634418556851301946476	(29,24)
-0.09361835138352126144014889374	(29,25)
-0.06396158444884217385327327405	(29,26)
-0.03932788059361800434735875675	(29,27)
-0.0203112503196031686148962424	(29,28)
-0.00737160369425476618353049789	(29,29)
-0.00082239266493218615725646966	(29,30)
-0.6599096492239330246468298288	(30,1)
-0.65988358337088295791147427	(30,2)
-0.659707814847063240024443202	(30,3)
-0.6591418720811511401416536355	(30,4)
-0.6578418175084969325134590537	(30,5)
-0.6553797002447307489170594475	(30,6)
-0.6512683434209385342680276915	(30,7)
-0.6449904336313636572424458423	(30,8)
-0.63603059379903057216032592	(30,9)
-0.6239088576316898227057786407	(30,10)
-0.6082137587346717023377798298	(30,11)
-0.5886331389840561060961141751	(30,12)
-0.56498080348570970915641580973	(30,13)
-0.53721732545765964036512176228	(30,14)
-0.50546363623525192941010664343	(30,15)
-0.47000650249054491389429205226	(30,16)
-0.43129555136077216617435176505	(30,17)
-0.38993209460245034092215243694	(30,18)
-0.34665055857114726674808288171	(30,19)
-0.30229378621509798806272452723	(30,20)
-0.25778379444432700390226571609	(30,21)
-0.21408972204888409877237041707	(30,22)
-0.17219469160704626429775175509	(30,23)
-0.13306315752194133200250861366	(30,24)
-0.09761006099004127261589159841	(30,25)
-0.0666728079986991604412730198	(30,26)
-0.04098677391194551374547651513	(30,27)
-0.02116475575752543414985392334	(30,28)
-0.00768056733391131038785420451	(30,29)
-0.00085681614484155518861590557	(30,30)
-0.68968191793967197132545549	(31,1)
-0.6896545255835933525041083746	(31,2)
-0.6894698124355538575992641801	(31,3)
-0.6888750733327488529037245796	(31,4)
-0.6875088908576270704804998649	(31,5)
-0.6849216191257774317986086724	(31,6)
-0.6806015137238884130754444523	(31,7)
-0.6740054308794466379510561969	(31,8)
-0.6645927062293065689113446219	(31,9)
-0.6518605311238352079474383732	(31,10)
-0.635378912600512282840363618	(31,11)
-0.6148231769620814063783546321	(31,12)
-0.59000199684658716795210235425	(31,13)
-0.56087911393376611650712637026	(31,14)
-0.52758729726054930550408720359	(31,15)
-0.49043359633926643793172510341	(31,16)
-0.44989556842022865859976410224	(31,17)
-0.40660881081032637504439635175	(31,18)
-0.36134673558720529623782848248	(31,19)
-0.31499401562469495379340173286	(31,20)
-0.26851545713040814051127821657	(31,21)
-0.22292219167180500111401219274	(31,22)
-0.17923703580696082437662718554	(31,23)
-0.13846066984921710620216612104	(31,24)
-0.10153998658980505771038695499	(31,25)
-0.06933961015566463135622663969	(31,26)
-0.04261723584916011769398148305	(31,27)
-0.02200313506261211792608608103	(31,28)
-0.00798393253992112571113613279	(31,29)
-0.00089060893502547447234644895	(31,30)
-0.7194306563222103759162393951	(32,1)
-0.719401915844603592085282099	(32,2)
-0.7192081123448486423357889536	(32,3)
-0.7185841082973833649555116805	(32,4)
-0.7171507249727792525122790989	(32,5)
-0.7144362801761451350260819873	(32,6)
-0.709904094534203641380469185	(32,7)
-0.7029848454365705479940686315	(32,8)
-0.6931123061662313143857902457	(32,9)
-0.6797606831060782240837464493	(32,10)
-0.6624815025219127801820637671	(32,11)
-0.6409378524719015189358509061	(32,12)
-0.6149338022309689200675404489	(32,13)
-0.58443703196378773895059189564	(32,14)
-0.54959311321191737067199405932	(32,15)
-0.51073045794592812528444761087	(32,16)
-0.46835564174756222519693919396	(32,17)
-0.42313952465405705755294635393	(32,18)
-0.37589525351803598322587921197	(32,19)
-0.32754975380721723401941645301	(32,20)
-0.2791106515796806278034784644	(32,21)
-0.23163068526089286120618505018	(32,22)
-0.18617158284415806654960076339	(32,23)
-0.14376913230718954181663147782	(32,24)
-0.10540081810441497821486248624	(32,25)
-0.07195699688010442331854640307	(32,26)
-0.04421619818524081716678232273	(32,27)
-0.02282480532429287261523542029	(32,28)
-0.00828112537257498369084561304	(32,29)
-0.0009237070409203163522493741	(32,30)
-0.7491100595073004013678859301	(33,1)
-0.7490799504677942614160290323	(33,2)
-0.7488769188357791621911968627	(33,3)
-0.7482232068536421923859797301	(33,4)
-0.7467216087535034289757334298	(33,5)
-0.7438780847315267371511146249	(33,6)
-0.7391306768486037583319709365	(33,7)
-0.7318835624663330474435342674	(33,8)
-0.7215447080016951156022379317	(33,9)
-0.7075652258489350276216789721	(33,10)
-0.6894782433209543520513678343	(33,11)
-0.6669349246756239001147710814	(33,12)
-0.6397353007319226301106077432	(33,13)
-0.60785179106827027319905095715	(33,14)
-0.57144375600448569235380087591	(33,15)
-0.53086205672955255710169462657	(33,16)
-0.4866433638310381750892549292	(33,17)
-0.43949474418656664589461919506	(33,18)
-0.3902697733685686555501523583	(33,19)
-0.33993797716979221590335834472	(33,20)
-0.28954974205384432625062147308	(33,21)
-0.24019892895081298092879202861	(33,22)
-0.19298529527391078057142385527	(33,23)
-0.14897852488706563410967852015	(33,24)
-0.10918525189353939365222112613	(33,25)
-0.07452001258333718383548839615	(33,26)
-0.04578063373054278496074999334	(33,27)
-0.02362821175137512846808700792	(33,28)
-0.00857158380765649249126228023	(33,29)
-0.00095604789379769780129424369	(33,30)
-0.7786684311545964042571796183	(34,1)
-0.7786369347970039269707765643	(34,2)
-0.7784245486110973849969614944	(34,3)
-0.7777407223020452202875326304	(34,4)
-0.7761699797099478059178975853	(34,5)
-0.773195630311729370865941696	(34,6)
-0.7682301269074618374373040435	(34,7)
-0.7606508621742033221202205771	(34,8)
-0.7498397902011251570746746577	(34,9)
-0.7352248607079539096039191788	(34,10)
-0.7163209239061718639250616508	(34,11)
-0.6927675722104845997020912859	(34,12)
-0.6643613948374079143532146421	(34,13)
-0.6310803742231614950016613118	(34,14)
-0.59309865446775558821908874492	(34,15)
-0.55079062348841492566476172321	(34,16)
-0.50472409317388007057716438983	(34,17)
-0.45564322862030848905497726396	(34,18)
-0.40444265431056708077085982468	(34,19)
-0.35213475335494093995960827728	(34,20)
-0.29981251177828605440867262467	(34,21)
-0.24861032428008449187986130209	(34,22)
-0.19966499611405703025472919587	(34,23)
-0.1540788071824902710826653435	(34,24)
-0.11288602722196643538593908865	(34,25)
-0.07702376532162279358225520653	(34,26)
-0.04730757187024752138232599936	(34,27)
-0.02441183569300509064331921843	(34,28)
-0.0088547606406229610375165515	(34,29)
-0.00098757067419667161354769342	(34,30)
-0.8080483795840365949214278679	(35,1)
-0.8080154793627386773589986611	(35,2)
-0.8077936271091658897563235984	(35,3)
-0.80707932809866095768857862	(35,4)
-0.8054386217005455321007937364	(35,5)
-0.8023319102351480241684884202	(35,6)
-0.7971457888712446332361181265	(35,7)
-0.7892306269870292527139491381	(35,8)
-0.7779422085527409120496539367	(35,9)
-0.7626852989269849394307543734	(35,10)
-0.7429566367574004000274706724	(35,11)
-0.7183846318156014585970888806	(35,12)
-0.6887630556931938395018273367	(35,13)
-0.6540762900594118943144463994	(35,14)
-0.61451425249160602079317368625	(35,15)
-0.57047590828960923167250050444	(35,16)
-0.52256120678145076425506799257	(35,17)
-0.47155222976222074704580708715	(35,18)
-0.41838517846184655251996284863	(35,19)
-0.36411544438253241037946791845	(35,20)
-0.30987834059438471709246480125	(35,21)
-0.2568480979883918087915056677	(35,22)
-0.20619749006866575627658852285	(35,23)
-0.15906001192179472448431005218	(35,24)
-0.11649599436597147738964613599	(35,25)
-0.07946347279978375332548209932	(35,26)
-0.04879412648832627149510183887	(35,27)
-0.02517420888649457247146557199	(35,28)
-0.00913012860942123510497053354	(35,29)
-0.00101821688053597858871064912	(35,30)
-0.8371872283823887208612137595	(36,1)
-0.8371529104969938648679036991	(36,2)
-0.8369214991744923941731050872	(36,3)
-0.8361764287039058574910933061	(36,4)
-0.8344650761838498612677627807	(36,5)
-0.8312247256092838791385662829	(36,6)
-0.825815897973121374874961783	(36,7)
-0.8175617563094074319389854447	(36,8)
-0.8057918128604902581191009891	(36,9)
-0.789887680304944978228865877	(36,10)
-0.7693281980749679922109424586	(36,11)
-0.7437310186952173558834516037	(36,12)
-0.7128877414191539475783171312	(36,13)
-0.6767899857527324113218028547	(36,14)
-0.63564441200845045534457009276	(36,15)
-0.58987556815574678480140353329	(36,16)
-0.54011646663219907461088095296	(36,17)
-0.48718783133326990005505749149	(36,18)
-0.43206785769063112921128889059	(36,19)
-0.37585497671020207039556545241	(36,20)
-0.3197264356267449995532479129	(36,21)
-0.26489549247411930931336812148	(36,22)
-0.21256971482061389889710997456	(36,23)
-0.16391235981784188079365920155	(36,24)
-0.12000819707728206645969510849	(36,25)
-0.0818345174181332671699563492	(36,26)
-0.05023752906159444844308775569	(36,27)
-0.02591393022016433299431463168	(36,28)
-0.00939718639189527110377994146	(36,29)
-0.00104793099314621421062275609	(36,30)
-0.8660175616820867652711595232	(37,1)
-0.8659818156106558053879387368	(37,2)
-0.8657407743253634740427864971	(37,3)
-0.8649647048176458341803672198	(37,4)
-0.8631821873726679769689219019	(37,5)
-0.859807230307815867905205868	(37,6)
-0.8541741251316451128562953175	(37,7)
-0.8455787104160124940340562627	(37,8)
-0.8333241894711489521577414909	(37,9)
-0.8167691132607738368982338985	(37,10)
-0.7953746836422314566757181418	(37,11)
-0.7687482556075422684457490238	(37,12)
-0.7366799158850396297400749515	(37,13)
-0.699169350945534637249553513	(37,14)
-0.65644089663581835138596455687	(37,15)
-0.60894562440784130247103344781	(37,16)
-0.55735044455728896039146154562	(37,17)
-0.50251533564025321224515117451	(37,18)
-0.44546077734324541953315530322	(37,19)
-0.38732813880654408995570570124	(37,20)
-0.32933608137251697330630702594	(37,21)
-0.27273596908355566741422891669	(37,22)
-0.2187689001110628668046873989	(37,23)
-0.16862637862178222239166064932	(37,24)
-0.12341595693982174731209282665	(37,25)
-0.08413250191204245207919342534	(37,26)
-0.05163516176571508979988632709	(37,27)
-0.02662968236375548309398570313	(37,28)
-0.00965546452127530635959130533	(37,29)
-0.00107666112726488128367995397	(37,30)
-0.8944678482049366141946355663	(38,1)
-0.8944306672275038604423649419	(38,2)
-0.894179950722327901307793562	(38,3)
-0.8933727371357155383260863819	(38,4)
-0.8915187254978689024738875645	(38,5)
-0.8880085532792489128017066777	(38,6)
-0.8821501976007007686548861585	(38,7)
-0.8732121284171581518631280992	(38,8)
-0.8604712750982811546440496262	(38,9)
-0.8432632824913633276794403225	(38,10)
-0.8210320275796335832627629511	(38,11)
-0.7933750591387100356525622377	(38,12)
-0.7600816180304333195553555231	(38,13)
-0.7211602647956306190450358712	(38,14)
-0.6768538904983607700888526593	(38,15)
-0.62764094703433019943439322563	(38,16)
-0.57422296616376024975377754143	(38,17)
-0.51749966187149964239753636781	(38,18)
-0.45853394510231498013294616271	(38,19)
-0.39850987857703518883581334915	(38,20)
-0.33868688576013296737154736237	(38,21)
-0.28035340492785476963416934869	(38,22)
-0.22478271926042414921066968726	(38,23)
-0.1731930146848043027653977279	(38,24)
-0.12671295116632653545312915263	(38,25)
-0.0863532998957677024312379086	(38,26)
-0.05298458714402675162697652931	(38,27)
-0.02732024650570333380575825192	(38,28)
-0.00990453058605688911447115232	(38,29)
-0.00110435960460676719301369199	(38,30)
-0.9224631063658530495024327263	(39,1)
-0.9224244880707739961878783514	(39,2)
-0.9221640801388800710794095893	(39,3)
-0.9213256709465975628097234225	(39,4)
-0.9194000505407834315992159217	(39,5)
-0.9157544606229981466092625139	(39,6)
-0.9096705582235371059388445569	(39,7)
-0.9003894830702972202251155485	(39,8)
-0.8871620050218250587394715025	(39,9)
-0.8693010877376436024079110926	(39,10)
-0.8462336481075696271394806948	(39,11)
-0.8175479480864522216616362889	(39,12)
-0.7830330477072042159147623135	(39,13)
-0.742707153468551483969272079	(39,14)
-0.6968325211989576240279817649	(39,15)
-0.64591573703648890523147893256	(39,16)
-0.59069354705078759297578796968	(39,17)
-0.5321057318482212080685008795	(39,18)
-0.47125762360900295015842885148	(39,19)
-0.40937558221075640862545705828	(39,20)
-0.34775900671054593903703113797	(39,21)
-0.28773227064946332940944061779	(39,22)
-0.23059942326477942537045338952	(39,23)
-0.17760372961439969932639489268	(39,24)
-0.12989327855371818207707200663	(39,25)
-0.08849309780566997110010160592	(39,26)
-0.0542835722405203896417703639	(39,27)
-0.02798451413697186486491632498	(39,28)
-0.01014399333546947676382952548	(39,29)
-0.00113098340159614115010809562	(39,30)
-0.9499255859709985326751194965	(40,1)
-0.9498855327370318054889599873	(40,2)
-0.9496154494716406230672700942	(40,3)
-0.9487458971138065950101435083	(40,4)
-0.9467487919989196631700158972	(40,5)
-0.9429680330348358542625796037	(40,6)
-0.9366590389574853565539738038	(40,7)
-0.9270357482089023195309358356	(40,8)
-0.9133229715968497908979463381	(40,9)
-0.8948112898343729958031592162	(40,10)
-0.8709110768441714196743015747	(40,11)
-0.8412018509726700032489255668	(40,12)
-0.8054731457358803167912828035	(40,13)
-0.7637535366510218913225330146	(40,14)
-0.716325366642990978084897569	(40,15)
-0.66372398783259604558521593288	(40,16)
-0.60672180402166753227178372262	(40,17)
-0.54629882776213479125163702021	(40,18)
-0.48360263335757507724677264276	(40,19)
-0.41990132300691387127837386907	(40,20)
-0.35653334979737309618549059248	(40,21)
-0.29485778167336429357809702064	(40,22)
-0.23620795177017395180946144077	(40,23)
-0.18185057786905460459098228504	(40,24)
-0.13295151072701881028798658179	(40,25)
-0.09054842639591903479107771502	(40,26)
-0.05553010612248993752163715033	(40,27)
-0.02862149535175866640603415164	(40,28)
-0.01037350550467199840675771732	(40,29)
-0.00115649445389060601105820343	(40,30)
-0.9767754512854075589192665895	(41,1)
-0.9767339707325759333990282162	(41,2)
-0.9764542635661834935745460196	(41,3)
-0.9755537342231567268728931234	(41,4)
-0.9734855294713611219536868384	(41,5)
-0.9695703434225590193111731964	(41,6)
-0.9630375334969518385189889496	(41,7)
-0.9530740636631409611236735973	(41,8)
-0.9388790780249996195603990961	(41,9)
-0.9197211491263111472557619592	(41,10)
-0.8949945769238809060396859937	(41,11)
-0.8642706982773284806463483434	(41,12)
-0.8273401542102318065375627043	(41,13)
-0.7842425497268843861035834104	(41,14)
-0.7352809331506004002102721271	(41,15)
-0.68101991414214616843903325564	(41,16)
-0.62226783087861796774191325508	(41,17)
-0.56004491279576249069409906566	(41,18)
-0.49554061815583790584689271109	(41,19)
-0.4300640738903879605012037123	(41,20)
-0.36499173207611588203614762004	(41,21)
-0.3017160192527597108687434118	(41,22)
-0.24159801830144623745558332679	(41,23)
-0.18592626353358000711217436069	(41,24)
-0.13588272757256766237041290918	(41,25)
-0.09251618115449333668221814148	(41,26)
-0.05672241046683125912620186972	(41,27)
-0.02923032352225930067138053117	(41,28)
-0.01059276531425351425894111236	(41,29)
-0.00118085981249417126779968718	(41,30)
-1.0029314564323058518864768339	(42,1)
-1.0028885618346179055037700462	(42,2)
-1.0025993203210063040300729865	(42,3)
-1.0016681028582549053175947304	(42,4)
-0.9995294650293541036583674359	(42,5)
-0.9954811256623165745947504149	(42,6)
-0.9887266599757662530878931111	(42,7)
-0.9784263886753684562945620459	(42,8)
-0.9637541784345130587717501748	(42,9)
-0.9439570473753157066449637472	(42,10)
-0.9184137411963250784115477884	(42,11)
-0.8866879908696411430924887254	(42,12)
-0.8485721488508300498231825898	(42,13)
-0.8041174338730878737242918862	(42,14)
-0.7536480977179818043408458366	(42,15)
-0.69775834196073944521031919741	(42,16)
-0.63729253328725085610729482739	(42,17)
-0.57331091007619349253531187315	(42,18)
-0.50704426959901868536376020955	(42,19)
-0.43984188103032361254025799827	(42,20)
-0.37311701037076661435341749659	(42,21)
-0.3082940203291063805150614178	(42,22)
-0.24676016932282160327139214899	(42,23)
-0.18982417622663365587145386334	(42,24)
-0.13868253701724594249348489162	(42,25)
-0.09439363186427753384531717064	(42,26)
-0.05785894340941299462213064418	(42,27)
-0.02981025647515915241080040619	(42,28)
-0.01080151669650724477465358874	(42,29)
-0.00120405165766052027440825135	(42,30)
-1.0283116080330317069825842159	(43,1)
-1.0282673186861860428391019356	(43,2)
-1.0279686729788669624591702656	(43,3)
-1.0270071869143640785324061644	(43,4)
-1.0247990822845419765558734381	(43,5)
-1.0206194294131913677042848536	(43,6)
-1.0136464086772278256208601886	(43,7)
-1.0030141387602965608027620421	(43,8)
-0.9878716992596668677144060102	(43,9)
-0.9674450882228724429667674674	(43,10)
-0.9410980656941097902112724842	(43,11)
-0.9083873400207569460898323564	(43,12)
-0.8691075390800526518733586473	(43,13)
-0.823321990145692165144348938	(43,14)
-0.7713765110108002580481350374	(43,15)
-0.7138950568288718358433886359	(43,16)
-0.65175792061495976917939179766	(43,17)
-0.58606493860575660593580907	(43,18)
-0.51808750992380270010260700111	(43,19)
-0.4492139985784614570850085348	(43,20)
-0.38089317456027345589379129637	(43,21)
-0.31457983711475513245239668966	(43,22)
-0.25168581822952593845275059286	(43,23)
-0.19353840726395756601882744189	(43,24)
-0.141347080163341137483046259	(43,25)
-0.09617842211047474401955994713	(43,26)
-0.05893839720721305387589730492	(43,27)
-0.03036067447647426219975877635	(43,28)
-0.01099954836536087373515170855	(43,29)
-0.00122604718394177679083735981	(43,30)
-1.0528338123534731896245796975	(44,1)
-1.0527881538907856155704088694	(44,2)
-1.0524802768723198125270510005	(44,3)
-1.0514890792200782409345736528	(44,4)
-1.0492127894304495734017435789	(44,5)
-1.0449042582779427133678193841	(44,6)
-1.0377167720621163535727824455	(44,7)
-1.0267588033585006136082432862	(44,8)
-1.0111552393315829070026037756	(44,9)
-0.9901116737203736587790750198	(44,10)
-0.9629774960346039373338400184	(44,11)
-0.929302976884831649604317281	(44,12)
-0.8888855340111254874594366097	(44,13)
-0.8418009961466263013388336298	(44,14)
-0.7884169601684951716539730762	(44,15)
-0.7293871100340893086471508102	(44,16)
-0.66562735498308793405871469581	(44,17)
-0.59827650700362977237276349131	(44,18)
-0.52864563461171163118162987772	(44,19)
-0.45816098632160732749070698383	(44,20)
-0.38830540793443669338685865398	(44,21)
-0.32056256857089808988132479152	(44,22)
-0.25636725637411636484742786164	(44,23)
-0.19706374796144940549986727011	(44,24)
-0.1438730233323607130667913962	(44,25)
-0.0978685598963856354536532761	(44,26)
-0.05995969047850556905569562624	(44,27)
-0.03088107543993877307354306178	(44,28)
-0.01118669188552123057659793673	(44,29)
-0.00124682837400992468830263726	(44,30)
-1.0764165054871561796096028745	(45,1)
-1.0763695101371973049711575591	(45,2)
-1.0760526191555013775426071795	(45,3)
-1.0750324100042520480239747458	(45,4)
-1.0726895448071745473161378406	(45,5)
-1.0682551898840431322423977219	(45,6)
-1.0608583557305291062189345594	(45,7)
-1.049582542965979660745024623	(45,8)
-1.033529147464674001340448378	(45,9)
-1.0118840558592494958191849799	(45,10)
-0.9839829458946358623547925943	(45,11)
-0.9493702308651236045280435269	(45,12)
-0.9078465741243571404669632916	(45,13)
-0.8595005854795545244308801505	(45,14)
-0.8047216921298277447955030732	(45,15)
-0.7441930839998313236402336929	(45,16)
-0.67886575933109832992245810106	(45,17)
-0.60991666735525425566630025645	(45,18)
-0.53869541744089979328055911035	(45,19)
-0.46666477320946519208776209977	(45,20)
-0.3953401176734784765124385088	(45,21)
-0.32623236674988621827997150683	(45,22)
-0.26079764384586371672118268227	(45,23)
-0.20039567241233697045991828432	(45,24)
-0.14625753888126012676582390358	(45,25)
-0.09946240072770454624174768769	(45,26)
-0.06092195590039890442918779163	(45,27)
-0.03137106782969085621582586694	(45,28)
-0.01136281891569236142664523926	(45,29)
-0.00126638168098133406764696684	(45,30)
-1.098979265643755691165048195	(46,1)
-1.0989309724235936421755746194	(46,2)
-1.0986053305940926042970657901	(46,3)
-1.097556957288970749741528723	(46,4)
-1.0951494640904972720300583245	(46,5)
-1.0905929770251875104401750095	(46,6)
-1.0829929695235833468865690874	(46,7)
-1.0714087650481653024479086976	(46,8)
-1.0549190769965573978032908838	(46,9)
-1.0326908627662138855298695658	(46,10)
-1.004046787498730708163880638	(46,11)
-0.9685259771557537146813136032	(46,12)
-0.9259327293463042045759348408	(46,13)
-0.8763685912016608546774707894	(46,14)
-0.8202446992223362615664764152	(46,15)
-0.7582733191504548455636899903	(46,16)
-0.69143978729596228513652272129	(46,17)
-0.62095813240447443884521873598	(46,18)
-0.54821518152480876675786337537	(46,19)
-0.47470869043629409037149288136	(46,20)
-0.40198493908838138751314350842	(46,21)
-0.33158042141925732525553179938	(46,22)
-0.26497098304588735841162490746	(46,23)
-0.20353030729182759504334005534	(46,24)
-0.1484982767912509516989747697	(46,25)
-0.10095862460304765333091469308	(46,26)
-0.06182452428204190225167027392	(46,27)
-0.03183036174452557813490401655	(46,28)
-0.01152783780579333785925876672	(46,29)
-0.00128469763948684842897717773	(46,30)
-1.1204434066897055853840574386	(47,1)
-1.1203938615282322169629443379	(47,2)
-1.1200597785646525375326747375	(47,3)
-1.118984238372432072551638847	(47,4)
-1.1165144082984181355858805615	(47,5)
-1.1118401291115245956861344987	(47,6)
-1.104044198105623210135127284	(47,7)
-1.0921626782203320000062299629	(47,8)
-1.0752525169652349249798493577	(47,9)
-1.0524625995199453931498427544	(47,10)
-1.0231033144272420208673740674	(47,11)
-0.9867090541941464059266051055	(47,12)
-0.9430880647668545282855277218	(47,13)
-0.892354855059463852587817292	(47,14)
-0.8349419693800149857006181671	(47,15)
-0.7715901051752039398334824207	(47,16)
-0.70331795832257514645558907835	(47,17)
-0.63137535988381532929257800754	(47,18)
-0.55718484035855897613726086435	(47,19)
-0.48227747814243741350116172245	(47,20)
-0.40822871754616524916587513103	(47,21)
-0.3365989265767315891331231914	(47,22)
-0.26888207821181745309073536838	(47,23)
-0.20646439129269199093059543474	(47,24)
-0.15059332903991442683863457029	(47,25)
-0.10235620833890372955879979536	(47,26)
-0.06266690591698422209317848662	(47,27)
-0.03225875865962419031978943023	(47,28)
-0.01168168972304637389277925844	(47,29)
-0.00130177042511252858713856966	(47,30)
-1.1407325518922091820810295544	(48,1)
-1.140681807678792184556927976	(48,2)
-1.1403396402205412457309134337	(48,3)
-1.1392380813755358959991105238	(48,4)
-1.1367085516269523280308353564	(48,5)
-1.131921473012285142366804369	(48,6)
-1.1239379502300057251150905247	(48,7)
-1.1117718240783478565406270194	(48,8)
-1.0944592995623008375515193152	(48,9)
-1.0711321235658688491553962268	(48,10)
-1.0410891771454737747823744108	(48,11)
-1.0038606519314666336963155898	(48,12)
-0.9592589754743829152313563842	(48,13)
-0.907411504601366828452978303	(48,14)
-0.8487717036959921424060120233	(48,15)
-0.7841078399668893483656708032	(48,16)
-0.71447076175523305522883827727	(48,17)
-0.64114460806695155730623680143	(48,18)
-0.56558591311692688725871109947	(48,19)
-0.48935726994868248685990986682	(48,20)
-0.41406147207550185563710209737	(48,21)
-0.34128103247113222625693897038	(48,22)
-0.27252648400312218095412645233	(48,23)
-0.20919522672476816651904319839	(48,24)
-0.15254118868896623236624582841	(48,25)
-0.1036543945869999315518800511	(48,26)
-0.0634487700662511961497493054	(48,27)
-0.03265614027129068994130387725	(48,28)
-0.01182434446989092547441075611	(48,29)
-0.00131759738045637237880355667	(48,30)
-1.1597731864799386536762017857	(49,1)
-1.1597213030345800428043809647	(49,2)
-1.1593714544449820456065752519	(49,3)
-1.1582451754930740412162315216	(49,4)
-1.1556589278026871402293767411	(49,5)
-1.1507646920661419740457733957	(49,6)
-1.1426029856091448060025166876	(49,7)
-1.130166585819143035329568339	(49,8)
-1.112472083306749377952562343	(49,9)
-1.0886350945731485203153889497	(49,10)
-1.0579437915916105789619603357	(49,11)
-1.0199246718360714390134656693	(49,12)
-0.9743944920618735446436728163	(49,13)
-0.9214932003833173893163483682	(49,14)
-0.8616945041704086399391457109	(49,15)
-0.7957931596687303460113303097	(49,16)
-0.72487073379628371921837396761	(49,17)
-0.65024396671997501863272737758	(49,18)
-0.57340151848252440275098924113	(49,19)
-0.49593555950898248271326551724	(49,20)
-0.41947434456409556642954681694	(49,21)
-0.34562078661763239656886074086	(49,22)
-0.27590044610819380839334522302	(49,23)
-0.2117206256582579695653932152	(49,24)
-0.15434070548193827052010299559	(49,25)
-0.10485265879200822861030201253	(49,26)
-0.06416992334787899627434146986	(49,27)
-0.03302245684780806950934376562	(49,28)
-0.0119557961404772098388170721	(49,29)
-0.00133217852419318931140262738	(49,30)
-1.1774951872428006913750412874	(50,1)
-1.1774422312050795760264318266	(50,2)
-1.1770851508221352849519094531	(50,3)
-1.1759355982041784307049262206	(50,4)
-1.1732959532612140036993688297	(50,5)
-1.1683008416708312480895691354	(50,6)
-1.1599714179692850907202843981	(50,7)
-1.1472806724843089948065209232	(50,8)
-1.129226811123231642314893337	(50,9)
-1.1049103983720084846568984618	(50,10)
-1.0736097210157733247813149443	(50,11)
-1.0348480594599530083221170368	(50,12)
-0.9884465583251103032086832166	(50,13)
-0.9345573554909195908483789016	(50,14)
-0.8736735345391595781314368201	(50,15)
-0.8066150432836954172303116209	(50,16)
-0.73449251121244558177838301322	(50,17)
-0.65865336757914869298382802755	(50,18)
-0.58061635118196879983513949427	(50,19)
-0.50200115311530879868866800936	(50,20)
-0.42445953826653721490851728608	(50,21)
-0.34961306707872948487845362012	(50,22)
-0.27900083661297701486975884986	(50,23)
-0.21403885278463559105691987972	(50,24)
-0.15599103957117959672885147885	(50,25)
-0.10595067520387396365041307162	(50,26)
-0.06483028771927344506345026638	(50,27)
-0.03335771544051312048985077021	(50,28)
-0.01207605874400581666576661426	(50,29)
-0.00134551605743820431603076341	(50,30)
-1.1938323270100547379563079046	(51,1)
-1.1937783716453671540914005987	(51,2)
-1.1934145534750283630926606975	(51,3)
-1.1922433173176285658672931989	(51,4)
-1.1895539250882460097888474907	(51,5)
-1.1844648395038023092981895003	(51,6)
-1.1759791925309219955846024563	(51,7)
-1.1630515773498154025931174975	(51,8)
-1.1446631422362806982145002776	(51,9)
-1.1199005443825416354362076461	(51,10)
-1.088033031084554847208744786	(51,11)
-1.0485811102673608935783645506	(51,12)
-1.0013702825821803131852090144	(51,13)
-0.9465643295340455508785393684	(51,14)
-0.884674657007701661870124428	(51,15)
-0.8165448952250666813453209672	(51,16)
-0.74331286556200386747009341792	(51,17)
-0.6663545783323058509539833562	(51,18)
-0.58721664521078517650229324352	(51,19)
-0.50754411215045968128911593185	(51,20)
-0.429010249075791121133706304	(51,21)
-0.35325351100747474165049427315	(51,22)
-0.28182508660656757580201415137	(51,23)
-0.21614856693316496000081949355	(51,24)
-0.1574916147997526972103543265	(51,25)
-0.10694828291443897638005202742	(51,26)
-0.06542987864375787308439028599	(51,27)
-0.03366196825775697153373242787	(51,28)
-0.01218516190394034824552630763	(51,29)
-0.00135761387952158033175384058	(51,30)
-1.2087227515110347228927650156	(52,1)
-1.2086678764339880368911436192	(52,2)
-1.2082978572850007630536522077	(52,3)
-1.2071066653958040769577911222	(52,4)
-1.2043714913338003589230310847	(52,5)
-1.1991959281091941313690214565	(52,6)
-1.1905665358552773788194001101	(52,7)
-1.1774210087071210125324132761	(52,8)
-1.1587248565436851222567433002	(52,9)
-1.1335520357320039896075596012	(52,10)
-1.1011636180867580725230340033	(52,11)
-1.0610777492782213738407234855	(52,12)
-1.0131241639201452518020239079	(52,13)
-0.957477599156115395134712375	(52,14)
-0.8946665475932792163959550852	(52,15)
-0.8255566090428282010366404436	(52,16)
-0.7513107215359350298784021398	(52,17)
-0.67333118385850228801882974812	(52,18)
-0.59319012746444176625096314034	(52,19)
-0.51255568888997337240831199347	(52,20)
-0.43312059270103092503073212996	(52,21)
-0.35653844114210438283611461753	(52,22)
-0.28437111821372159619837224423	(52,23)
-0.21804876293331211020714050473	(52,24)
-0.1588420727646571884520443534	(52,25)
-0.10784545274203140838055626836	(52,26)
-0.06596878393804897722133063571	(52,27)
-0.0339353014536913682099663005	(52,28)
-0.01228314672326645138555771385	(52,29)
-0.00136847712315823747350601487	(52,30)
-1.2221094258615264578339535456	(53,1)
-1.2220537166777680369792790942	(53,2)
-1.2216780737467232531260653642	(53,3)
-1.2204687838421388991312500428	(53,4)
-1.2176920910546796883028688521	(53,5)
-1.2124381073382545372561404305	(53,6)
-1.203678375760108472540144321	(53,7)
-1.1903352910593449344304139771	(53,8)
-1.1713602299300417495868938429	(53,9)
-1.1458157110770781059171546713	(53,10)
-1.1129555099163072152752563448	(53,11)
-1.0722957849351007694771418088	(53,12)
-1.0236702945376806563771421735	(53,13)
-0.9672639069576373542200680211	(53,14)
-0.9036207926172213531911165814	(53,15)
-0.8336266153675536109607554852	(53,16)
-0.7584671627740899839711774407	(53,17)
-0.67956855820829079145036839362	(53,18)
-0.59852596518629403984992037446	(53,19)
-0.51702825882571949549054793749	(53,20)
-0.43678553056087813055227676958	(53,21)
-0.3594647926209110720323599074	(53,22)
-0.28663727795435455497869731722	(53,23)
-0.21973871526725132087395590735	(53,24)
-0.16004222869352360912538779353	(53,25)
-0.10864225564734421845925507752	(53,26)
-0.0664471437074926339761580337	(53,27)
-0.03417782453604176847450134694	(53,28)
-0.01237006188831540171658121345	(53,29)
-0.00137811171701054288998963799	(53,30)
-1.2339405477469721874302875635	(54,1)
-1.2338840956161958614750452979	(54,2)
-1.2335034435412914940286005456	(54,3)
-1.2322780337662692825616667445	(54,4)
-1.2294643612718347510814505495	(54,5)
-1.2241405339653202276943099475	(54,6)
-1.2152647288487772521352708102	(54,7)
-1.2017457346043857221835781752	(54,8)
-1.1825223788384666836624173158	(54,9)
-1.156647057012769201611949087	(54,10)
-1.1233671393787171426513112054	(54,11)
-1.0821971374721227120679806064	(54,12)
-1.0329745392126303464138865274	(54,13)
-0.9758933905737972270154207773	(54,14)
-0.9115119686990459563223617996	(54,15)
-0.8407339168859100241186872263	(54,16)
-0.7647654282496516289445070729	(54,17)
-0.68505383050214719356216962118	(54,18)
-0.60321471031108823306367605342	(54,19)
-0.52095525233891556074408923668	(54,20)
-0.44000079686083778723854919637	(54,21)
-0.36203004216777915133469688036	(54,22)
-0.28862227304834132305152273116	(54,23)
-0.22121792472205542843382752233	(54,24)
-0.16109202998475165278675300085	(54,25)
-0.10933883323415005071041982574	(54,26)
-0.06686513169368663859446411901	(54,27)
-0.03438966055371144159243323986	(54,28)
-0.01244596006775494534444337491	(54,29)
-0.00138652398185554320731074951	(54,30)
-1.2441699242991166676912610551	(55,1)
-1.2441128254234577962509425635	(55,2)
-1.243727812835363576439094919	(55,3)
-1.2424883706666061006825802927	(55,4)
-1.2396425079548593983289699409	(55,5)
-1.2342578857272847159610097495	(55,6)
-1.2252810531222506389733691561	(55,7)
-1.2116089708018267291303251654	(55,8)
-1.1921695723409194065909075392	(55,9)
-1.1660064898664688400858707797	(55,10)
-1.1323615892738290451110008645	(55,11)
-1.0907480419532578913543407128	(55,12)
-1.0410066927870997714766421015	(55,13)
-0.9833396934761951250307500807	(55,14)
-0.9183177083947327772365350072	(55,15)
-0.8468601129101002472712336639	(55,16)
-0.7701909020231303477648298224	(55,17)
-0.68977584760026205269764109803	(55,18)
-0.60724824343870037056541087837	(55,19)
-0.52433108820264013300927559353	(55,20)
-0.44276282898927161311324475143	(55,21)
-0.36423214139308592727330030682	(55,22)
-0.29032511201909395085594387678	(55,23)
-0.22248606903480669172898467296	(55,24)
-0.16199151809585108335102695398	(55,25)
-0.1099353707723653828497918642	(55,26)
-0.06722293828646758531746284249	(55,27)
-0.03457093718711933172801810248	(55,28)
-0.01251089464949389648908110328	(55,29)
-0.00139372026501833652440861765	(55,30)
-1.2527573096879017513577036079	(56,1)
-1.25269966473136321101592006	(56,2)
-1.2523109703392262931069280091	(56,3)
-1.2510596799941973316493526756	(56,4)
-1.2481866381682003885901312239	(56,5)
-1.2427506870533506427507693924	(56,6)
-1.2336885631566621929302143991	(56,7)
-1.2198872518241196385537277595	(56,8)
-1.2002655099374462842131652075	(56,9)
-1.173859605646114876595847537	(56,10)
-1.1399068086517777109505150477	(56,11)
-1.0979192260582944337373795831	(56,12)
-1.0477406164333451370280438557	(56,13)
-0.9895800588939332493630534005	(56,14)
-0.9240187533988979735107781185	(56,15)
-0.8519894158352951396468159825	(56,16)
-0.7747310988602814264571048284	(56,17)
-0.69372513606311649417438320623	(56,18)
-0.61061971982721351371655311336	(56,19)
-0.5271511110532184407023106995	(56,20)
-0.44506870304641066782229274169	(56,21)
-0.36606945566902487775378519475	(56,22)
-0.29174505070725856292839578736	(56,23)
-0.22354295832994918137061188268	(56,24)
-0.16274079431928220374580207679	(56,25)
-0.11043207308039333484076106777	(56,26)
-0.06752075539007529070421382116	(56,27)
-0.03472177883203528698261141846	(56,28)
-0.01256491684659070907173127242	(56,29)
-0.00139970661643379366181492738	(56,30)
-1.2596687005734787422155999394	(57,1)
-1.2596106140193867638304123592	(57,2)
-1.2592189422791574656931941768	(57,3)
-1.2579580707826042730243500033	(57,4)
-1.2550630506307944859320496458	(57,5)
-1.2495855938619517888973033432	(57,6)
-1.2404545054274554019153394901	(57,7)
-1.2265487117732165917325520757	(57,8)
-1.206779563370412755599879975	(57,9)
-1.1801773969342057398662978625	(57,10)
-1.1459757996208675033056649807	(57,11)
-1.1036860626279764112162742592	(57,12)
-1.0531543533428879961749089284	(57,13)
-0.9945954080721435305657360263	(57,14)
-0.928598996999180550241035479	(57,15)
-0.8561086615001946032089319984	(57,16)
-0.7783756478933909854028460935	(57,17)
-0.69689386558639106501055401545	(57,18)
-0.61332351945461960437859870131	(57,19)
-0.52941153464288861203893731609	(57,20)
-0.44691607602140301392241326527	(57,21)
-0.36754070977728602830982852046	(57,22)
-0.29288154458959812332589596891	(57,23)
-0.22438849597874652835358630498	(57,24)
-0.16333998986051744285322885935	(57,25)
-0.11082914351907305753716375358	(57,26)
-0.06775876328182019167997480958	(57,27)
-0.0348422997413792344843205972	(57,28)
-0.01260807319379935809659698669	(57,29)
-0.00140448850864921280562696892	(57,30)
-1.2648765867788215742430095103	(58,1)
-1.2648181662335544282423607744	(58,2)
-1.2644242426541942688689362664	(58,3)
-1.2631561247408189002353161707	(58,4)
-1.2602444821475692182292794577	(58,5)
-1.2547356349979715368101808778	(58,6)
-1.2455523915401145974034810648	(58,7)
-1.2315675876970593168011535568	(58,8)
-1.2116869808575423295840359412	(58,9)
-1.1849364355915165134955176997	(58,10)
-1.1505467741030092987150630876	(58,11)
-1.1080286969342884356904147137	(58,12)
-1.0572302243694079126945647076	(58,13)
-0.998370403908576021363400389	(58,14)
-0.9320455172341750297336985925	(58,15)
-0.8592073151806416948133126624	(58,16)
-0.7811162761874071179541155686	(58,17)
-0.69927581576100471815612540294	(58,18)
-0.61535520286921597553853689353	(58,19)
-0.53110939237698991321932181682	(58,20)
-0.44830313585626257896048029066	(58,21)
-0.36864494129238997619470656201	(58,22)
-0.29373420810869212422144842888	(58,23)
-0.22502264536594377355675740186	(58,24)
-0.16378924052913204740387917968	(58,25)
-0.11112676628053289265865217747	(58,26)
-0.0679371195603741850400214828	(58,27)
-0.03493259826873512742287899808	(58,28)
-0.01264040344901903631191584067	(58,29)
-0.00140807060226758998776340587	(58,30)
-1.2683601548434512830385103524	(59,1)
-1.2683015102957803137297690351	(59,2)
-1.2679060764463028588895379173	(59,3)
-1.2666330985019399278252146034	(59,4)
-1.2637103076596333740762180392	(59,5)
-1.2581804081580982597889715663	(59,6)
-1.2489621873798009826760040836	(59,7)
-1.2349243986594736584363938174	(59,8)
-1.2149690523215074095994043076	(59,9)
-1.188119020251003225378931295	(59,10)
-1.1536032799812233969720061154	(59,11)
-1.1109321486157702131253292341	(59,12)
-1.0599549040526913614687044299	(59,13)
-1.0008935008321610283256489075	(59,14)
-0.9343486019660370253776626919	(59,15)
-0.8612774746578341561804396526	(59,16)
-0.7829467937548443645560120711	(59,17)
-0.70086634768271484325521561928	(59,18)
-0.61671147423280166437848962507	(59,19)
-0.5322424963493020660090863437	(59,20)
-0.4492285603835948346914324817	(59,21)
-0.36938146245566960593007149261	(59,22)
-0.29430278155565886747033035615	(59,23)
-0.22544540292744355944365344023	(59,24)
-0.16408866626917666290258473818	(59,25)
-0.11132509210063702898335160404	(59,26)
-0.06805595024904299589019987763	(59,27)
-0.03499275224170737898093875904	(59,28)
-0.01266193890844648041059581243	(59,29)
-0.00141045655773294249206465949	(59,30)
-1.2701054424927412538295891774	(60,1)
-1.2700466855390414982477895717	(60,2)
-1.2696504938255201926728034527	(60,3)
-1.2683750770890315010298709758	(60,4)
-1.2654466920198568986094785848	(60,5)
-1.2599062284955138321312805121	(60,6)
-1.250670456508591355492281835	(60,7)
-1.2366060813936458147446656433	(60,8)
-1.2166132344166431333046189591	(60,9)
-1.1897132877377041284483098034	(60,10)
-1.1551342961602037644481236594	(60,11)
-1.1123863882085506135305735144	(60,12)
-1.0613194773553923791477004639	(60,13)
-1.0021569816120875130222982239	(60,14)
-0.9355017668370554153093607793	(60,15)
-0.8623138715132552251219042123	(60,16)
-0.7838630812483626454244978378	(60,17)
-0.70166238161732564645571402978	(60,18)
-0.61739015265882226700708877592	(60,19)
-0.53280940581887875087280666526	(60,20)
-0.44969148589596059003013002156	(60,21)
-0.36974983111104361239009198915	(60,22)
-0.29458710590839689987427706391	(60,23)
-0.22565677772262782024281189064	(60,24)
-0.16423835568774477169571636459	(60,25)
-0.11142422748182265571603787475	(60,26)
-0.06811534309588334123275847889	(60,27)
-0.03502281548206093694343956701	(60,28)
-0.01267270114041102397314534217	(60,29)
-0.00141164889394694879193262521	(60,30)