kuu2322_(sigma,mu)
-5.714431907883342146e-10	(1,1)
-5.13321105430844997138e-9	(1,2)
-1.419968209303629318212e-8	(1,3)
-2.76339545763674541143e-8	(1,4)
-4.517753075762082637448e-8	(1,5)
-6.639705995466457410055e-8	(1,6)
-9.063043400210376845372e-8	(1,7)
-1.1694558005267111616717e-7	(1,8)
-1.4412617825951940779808e-7	(1,9)
-1.70697030210155442869e-7	(1,10)
-1.949974073600009452435e-7	(1,11)
-2.1530346133347125493061e-7	(1,12)
-2.2999147188361900039913e-7	(1,13)
-2.3772388758343325903311e-7	(1,14)
-2.3763185014800319691538e-7	(1,15)
-2.2946335542218653170251e-7	(1,16)
-2.1366711897630691718412e-7	(1,17)
-1.9138934552861758185032e-7	(1,18)
-1.6437339903838366649286e-7	(1,19)
-1.3476890578789885968659e-7	(1,20)
-1.0487406259579259911982e-7	(1,21)
-7.684930766674401088007e-8	(1,22)
-5.244872908544463416564e-8	(1,23)
-3.281535506595738977209e-8	(1,24)
-1.8377154870353056239e-8	(1,25)
-8.86346237246396823669e-9	(1,26)
-3.43966327552310568149e-9	(1,27)
-9.3560476252049898303e-10	(1,28)
-1.24855979699565183e-10	(1,29)
-1.5641418899147927e-12	(1,30)
-5.16888366108650574152e-9	(2,1)
-4.64315109079422360655e-8	(2,2)
-1.284405972833344825739e-7	(2,3)
-2.4995782331238130876578e-7	(2,4)
-4.0864499486836751388069e-7	(2,5)
-6.0058231728858802163387e-7	(2,6)
-8.1978081152122779007576e-7	(2,7)
-1.05780958194245680753132e-6	(2,8)
-1.30366662847291223874196e-6	(2,9)
-1.54400831259956838259136e-6	(2,10)
-1.7638128179943432649453e-6	(2,11)
-1.947487391461083884512e-6	(2,12)
-2.08034497340169052029785e-6	(2,13)
-2.15028699538789146570278e-6	(2,14)
-2.14945437033751597614642e-6	(2,15)
-2.07556765447775811382814e-6	(2,16)
-1.93268563614331939719544e-6	(2,17)
-1.73117611142442819260616e-6	(2,18)
-1.48680836555461608908041e-6	(2,19)
-1.21902644770585693875961e-6	(2,20)
-9.4861826647772389184726e-7	(2,21)
-6.9512565322469126385478e-7	(2,22)
-4.7441486977889393786704e-7	(2,23)
-2.9682494803619751802374e-7	(2,24)
-1.6622698953999191516692e-7	(2,25)
-8.017272494379218422852e-8	(2,26)
-3.111280365628281966324e-8	(2,27)
-8.46283018624285562997e-9	(2,28)
-1.12936035554758131585e-9	(2,29)
-1.414813950088420302e-11	(2,30)
-1.450256700309993377642e-8	(3,1)
-1.3027495721487053190039e-7	(3,2)
-3.6037150105342206528031e-7	(3,3)
-7.0131778665627079382573e-7	(3,4)
-1.1465534275571442710399e-6	(3,5)
-1.68508045772729991932617e-6	(3,6)
-2.30009529130530428675353e-6	(3,7)
-2.96794292957389545961232e-6	(3,8)
-3.6577544961739523882737e-6	(3,9)
-4.33209107054239322715813e-6	(3,10)
-4.94880520668057624617052e-6	(3,11)
-5.46414759153050396035504e-6	(3,12)
-5.83691011661489733370844e-6	(3,13)
-6.03314739558350579978402e-6	(3,14)
-6.03080902444278858302991e-6	(3,15)
-5.82349971763743957875014e-6	(3,16)
-5.42260767760144262202131e-6	(3,17)
-4.85722254609367431988276e-6	(3,18)
-4.17158908164586943367931e-6	(3,19)
-3.42026236309037464408358e-6	(3,20)
-2.66156784548895648775365e-6	(3,21)
-1.95033467252623330440029e-6	(3,22)
-1.33107918948772436218906e-6	(3,23)
-8.3280972889497584142683e-7	(3,24)
-4.6638732232465859155194e-7	(3,25)
-2.2494258042337571460244e-7	(3,26)
-8.729392785780325836853e-8	(3,27)
-2.374435650985416599299e-8	(3,28)
-3.16867167620319013298e-9	(3,29)
-3.969574882820977922e-11	(3,30)
-2.885236112297023679385e-8	(4,1)
-2.5917757224577701654429e-7	(4,2)
-7.1694677269632538726995e-7	(4,3)
-1.39524771440705314997527e-6	(4,4)
-2.28102866094714813533463e-6	(4,5)
-3.35240938203082569509923e-6	(4,6)
-4.57595945475961953209404e-6	(4,7)
-5.90461768288095027186036e-6	(4,8)
-7.27697100755911483110536e-6	(4,9)
-8.61853545931433631754451e-6	(4,10)
-9.84545970097451189992274e-6	(4,11)
-0.00001087070576813572033771128	(4,12)
-0.00001161229172254283652669609	(4,13)
-0.00001200268506291725148238372	(4,14)
-0.0000119980184715128302817971	(4,15)
-0.00001158557037271224651228635	(4,16)
-0.00001078799901324901313430806	(4,17)
-9.66317888882008784125587e-6	(4,18)
-8.29913455243161506034171e-6	(4,19)
-6.80440175534940503541085e-6	(4,20)
-5.29501631279847277098041e-6	(4,21)
-3.88005736171663914999853e-6	(4,22)
-2.64808650107887297958302e-6	(4,23)
-1.6568125545038596184384e-6	(4,24)
-9.2784129400196475358075e-7	(4,25)
-4.4750519751268788189483e-7	(4,26)
-1.7366407515782551785177e-7	(4,27)
-4.723740176453993347434e-8	(4,28)
-6.3038024837369841742e-9	(4,29)
-7.897128982618853863e-11	(4,30)
-4.863917365252091461039e-8	(5,1)
-4.3692032208882140940605e-7	(5,2)
-1.20862545076282199741665e-6	(5,3)
-2.35210182874529960782285e-6	(5,4)
-3.84534661896205310884521e-6	(5,5)
-5.65147363367108935317408e-6	(5,6)
-7.71412499233686963578058e-6	(5,7)
-9.95396364427545585397389e-6	(5,8)
-0.00001226745784630805991397573	(5,9)
-0.00001452904084924911957457151	(5,10)
-0.00001659735476365983377243734	(5,11)
-0.00001832567060989398136022858	(5,12)
-0.0000195757843475057631849724	(5,13)
-0.00002023385268585026785528439	(5,14)
-0.00002022592903692057291408716	(5,15)
-0.00001953057379983494913026155	(5,16)
-0.00001818599121994032291162864	(5,17)
-0.00001628975230414121341726189	(5,18)
-0.0000139902528095521512939276	(5,19)
-0.00001147046291706983038195843	(5,20)
-8.92599257762047540711802e-6	(5,21)
-6.54072073479266437022817e-6	(5,22)
-4.46393569912633593948109e-6	(5,23)
-2.79291387128572349830365e-6	(5,24)
-1.56407079937201201781516e-6	(5,25)
-7.5436150396464972106386e-7	(5,26)
-2.9274558670883646965205e-7	(5,27)
-7.962795188469126646392e-8	(5,28)
-1.062628788956425360815e-8	(5,29)
-1.3312141545508770216e-10	(5,30)
-7.441504006168123035127e-8	(6,1)
-6.6846207881476532926167e-7	(6,2)
-1.84912492496536730184671e-6	(6,3)
-3.59857531298540122771207e-6	(6,4)
-5.88314938692984772737355e-6	(6,5)
-8.64641172005691516317476e-6	(6,6)
-0.00001180213508688683040850837	(6,7)
-0.0000152289341021934247037262	(6,8)
-0.00001876840579750549239458889	(6,9)
-0.0000222284345856785596208367	(6,10)
-0.00002539274632389025424178434	(6,11)
-0.00002803685208974645468482657	(6,12)
-0.00002994931004663832342475748	(6,13)
-0.00003095595458923293933483106	(6,14)
-0.00003094366569259455484152016	(6,15)
-0.00002987966070770679147431472	(6,16)
-0.00002782241059667177638865738	(6,17)
-0.0000249212121032624877737543	(6,18)
-0.00002140311473813070911514469	(6,19)
-0.00001754805528030700804167148	(6,20)
-0.00001365529746646381208037611	(6,21)
-0.00001000614712052537897263262	(6,22)
-6.82898182430700777922448e-6	(6,23)
-4.27260272493206358265982e-6	(6,24)
-2.39270188556636552111971e-6	(6,25)
-1.15400916196096336024105e-6	(6,26)
-4.478350248084813645876e-7	(6,27)
-1.2181244643030366590406e-7	(6,28)
-1.625573535353157505115e-8	(6,29)
-2.0364437706311502811e-10	(6,30)
-1.0683510806123067718722e-7	(7,1)
-9.5968795886337184996991e-7	(7,2)
-2.65472476916511382050462e-6	(7,3)
-5.16634943329548250990579e-6	(7,4)
-8.44622991824926276446702e-6	(7,5)
-0.00001241333958194856005705333	(7,6)
-0.00001694387765747782317144559	(7,7)
-0.00002186356464056276171646249	(7,8)
-0.00002694497339213480778248593	(7,9)
-0.00003191227583118138345480166	(7,10)
-0.00003645496256630633602326197	(7,11)
-0.00004025073698475054475129939	(7,12)
-0.00004299604445399804318008499	(7,13)
-0.00004444086040903684894939961	(7,14)
-0.0000444228158300362272977806	(7,15)
-0.00004289489093136048311241746	(7,16)
-0.00003994108061060099590730026	(7,17)
-0.00003577577078168269496350427	(7,18)
-0.00003072495963157417808099183	(7,19)
-0.00002519055070106356668480421	(7,20)
-0.00001960216764666922693392614	(7,21)
-0.00001436362798170540312686992	(7,22)
-9.80274593473771355125663e-6	(7,23)
-6.13308743113321408852106e-6	(7,24)
-3.43455553040482245676347e-6	(7,25)
-1.65648340967069569074092e-6	(7,26)
-6.4282455242573575033466e-7	(7,27)
-1.7484910157421718196615e-7	(7,28)
-2.333332044266007905149e-8	(7,29)
-2.9230848923403558494e-10	(7,30)
-1.4660523625566302967253e-7	(8,1)
-1.31693860682605830022112e-6	(8,2)
-3.64296461526226057529165e-6	(8,3)
-7.08955739296349634853286e-6	(8,4)
-0.00001159038876206421082008809	(8,5)
-0.00001703426039720415690338461	(8,6)
-0.00002325127041904960724538256	(8,7)
-0.00003000224002617063599785083	(8,8)
-0.00003697505237261066770541862	(8,9)
-0.00004379117018791114782133763	(8,10)
-0.00005002446936323569981129737	(8,11)
-0.00005523266428702958810096368	(8,12)
-0.00005899921075957977223589813	(8,13)
-0.00006098105079940436274410361	(8,14)
-0.00006095544292139783270801949	(8,15)
-0.00005885795893518791931926532	(8,16)
-0.00005480396703750289780308315	(8,17)
-0.00004908775608589012947376578	(8,18)
-0.00004215674471848451742912173	(8,19)
-0.00003456246464153670266839883	(8,20)
-0.00002689442998358504383081938	(8,21)
-0.00001970669045329218767836593	(8,22)
-0.00001344896597550825977700289	(8,23)
-8.41419179843324467290636e-6	(8,24)
-4.7119057620495336736613e-6	(8,25)
-2.27251536701311767983095e-6	(8,26)
-8.8187478707249200914674e-7	(8,27)
-2.3986881781041550359127e-7	(8,28)
-3.20098877737466041625e-8	(8,29)
-4.0100300170814753308e-10	(8,30)
-1.9440299351850942096277e-7	(9,1)
-1.74630054086003632828572e-6	(9,2)
-4.83068106681529939643666e-6	(9,3)
-9.40096389442558155458733e-6	(9,4)
-0.00001536918789001529425096042	(9,5)
-0.00002258788377157117053582585	(9,6)
-0.00003083172733670815708911411	(9,7)
-0.0000397835176089075972677484	(9,8)
-0.00004902932452397826433358409	(9,9)
-0.00005806713894855192795073918	(9,10)
-0.00006633185932079135452607393	(9,11)
-0.00007323697918521853813055348	(9,12)
-0.00007823016876935165805528526	(9,13)
-0.00008085659854860472840079211	(9,14)
-0.00008082104016004076883076838	(9,15)
-0.0000780382398177149093037514	(9,16)
-0.00007266137915759247937622999	(9,17)
-0.00006508087632718383884278909	(9,18)
-0.00005589014557815047507406784	(9,19)
-0.00004582056624390284020945627	(9,20)
-0.00003565377616989388696381067	(9,21)
-0.00002612428836472752770205516	(9,22)
-0.00001782820756807514513494225	(9,23)
-0.00001115372478111655806760542	(9,24)
-6.24588292932301158993124e-6	(9,25)
-3.01227806473324720485962e-6	(9,26)
-1.16892766981441359404396e-6	(9,27)
-3.1794257280843073842643e-7	(9,28)
-4.242824508695039945333e-8	(9,29)
-5.3151622641902326579e-10	(9,30)
-2.5077543414281846314149e-7	(10,1)
-2.25268787763412522814188e-6	(10,2)
-6.23146752216640193558961e-6	(10,3)
-0.00001212702164816953141939769	(10,4)
-0.00001982586857116167926750737	(10,5)
-0.00002913774686301197588770726	(10,6)
-0.00003977194277840784179677097	(10,7)
-0.00005131920021840208003913674	(10,8)
-0.00006324546560988415076163942	(10,9)
-0.00007490305919365264255308377	(10,10)
-0.00008556292935299129840581837	(10,11)
-0.00009446845740571535924844978	(10,12)
-0.00010090718617613026255113065	(10,13)
-0.00010429252766110304544088662	(10,14)
-0.00010424387618956959076477436	(10,15)
-0.00010065156898262165502868961	(10,16)
-0.00009371355412142075543739497	(10,17)
-0.00008393377852010691863140299	(10,18)
-0.00007207794750767135558369079	(10,19)
-0.00005908957835416026899701629	(10,20)
-0.00004597683423251362304951737	(10,21)
-0.00003368691829889408668590869	(10,22)
-0.00002298837947573659922361183	(10,23)
-0.00001438154111077535042170939	(10,24)
-8.05314489735116279676692e-6	(10,25)
-3.88377981184840744653528e-6	(10,26)
-1.50708261388576807336984e-6	(10,27)
-4.0991165476673681277544e-7	(10,28)
-5.470050105609006664751e-8	(10,29)
-6.8525159146663987765e-10	(10,30)
-3.1602347430885163208824e-7	(11,1)
-2.83880369877809971879657e-6	(11,2)
-7.85280106464286921704767e-6	(11,3)
-0.00001528228000765473928545368	(11,4)
-0.00002498421023796619964606467	(11,5)
-0.00003671877956677851225465867	(11,6)
-0.00005011955293677941489371975	(11,7)
-0.00006467067213053075019580241	(11,8)
-0.00007969898004576751687250264	(11,9)
-0.00009438811955636123840633053	(11,10)
-0.00010781921573661732406974496	(11,11)
-0.00011903872647280000835767498	(11,12)
-0.00012714888160729672906256496	(11,13)
-0.00013141068480249535690159955	(11,14)
-0.000131344878011529553392369	(11,15)
-0.0001268137714117125539171744	(11,16)
-0.00011806737760255775932275257	(11,17)
-0.00010574127428884038659701944	(11,18)
-0.00009080073828176879610400067	(11,19)
-0.00007443486382086198586230355	(11,20)
-0.00005791390960420730708924361	(11,21)
-0.00004243103869172463989645222	(11,22)
-0.00002895409800130332858795541	(11,23)
-0.00001811288592222511062696324	(11,24)
-0.00001014214940467116425466724	(11,25)
-4.89106610557334951924538e-6	(11,26)
-1.89789864760674173684006e-6	(11,27)
-5.1619782780737525805333e-7	(11,28)
-6.888273068364116990248e-8	(11,29)
-8.6291025208113351074e-10	(11,30)
-3.9008909494995803669864e-7	(12,1)
-3.50412680713111307619049e-6	(12,2)
-9.69323959773204234420118e-6	(12,3)
-0.00001886393037512947092251047	(12,4)
-0.00003083961320608580352744028	(12,5)
-0.00004532419940140865988038772	(12,6)
-0.00006186524889233047348990141	(12,7)
-0.00007982582098238574833662438	(12,8)
-0.00009837476329087983597400362	(12,9)
-0.00011650414683136103730185845	(12,10)
-0.00013307953727713171189267307	(12,11)
-0.0001469238184315418921931115	(12,12)
-0.00015692890012595768084509966	(12,13)
-0.00016218291365122405217645457	(12,14)
-0.00016209484965589903474760436	(12,15)
-0.0001564955169823392565594248	(12,16)
-0.00014569437626616900226324627	(12,17)
-0.00013047674072001614297702848	(12,18)
-0.00011203464237828808297724261	(12,19)
-0.00009183599311266819136456495	(12,20)
-0.00007144843361456381054794276	(12,21)
-0.00005234402297904402909982895	(12,22)
-0.00003571642620140501043731549	(12,23)
-0.00002234197997627100229257161	(12,24)
-0.00001250956426915612946993688	(12,25)
-6.0324893444138520630539e-6	(12,26)
-2.34072329663052259896721e-6	(12,27)
-6.3662086057732256857243e-7	(12,28)
-8.495063150675417694796e-8	(12,29)
-1.06418616609380212995e-9	(12,30)
-4.724664031468949712639e-7	(13,1)
-4.24411280215517455075963e-6	(13,2)
-0.0000117402118499501130507689	(13,3)
-0.00002284750546398752902828773	(13,4)
-0.00003735206806409116359193174	(13,5)
-0.00005489518000065305241798145	(13,6)
-0.0000749286773673717523426128	(13,7)
-0.00009668085067617499845942287	(13,8)
-0.0001191446981916127325764514	(13,9)
-0.00014109908888665722815676828	(13,10)
-0.00016116972828742882545911209	(13,11)
-0.00017793078559521733026818148	(13,12)
-0.00019004029641102085340284826	(13,13)
-0.0001963942954442510603400497	(13,14)
-0.000196277790076523827833613	(13,15)
-0.00018948696789755227952857301	(13,16)
-0.00017639786922791141057176932	(13,17)
-0.00015796276472926844640414982	(13,18)
-0.00013562617081915038189910674	(13,19)
-0.00011116617624085237480228904	(13,20)
-0.00008648099924762744416825345	(13,21)
-0.00006335249143656740920068344	(13,22)
-0.00004322493038897749310445937	(13,23)
-0.00002703706142077979184126	(13,24)
-0.00001513749669684828849264974	(13,25)
-7.29937504801387473312872e-6	(13,26)
-2.83217580770032833808895e-6	(13,27)
-7.7025813515252722327156e-7	(13,28)
-1.0278080438211067380433e-7	(13,29)
-1.28753168876142863972e-9	(13,30)
-5.6215856765536725020747e-7	(14,1)
-5.0498072381153849862364e-6	(14,2)
-0.00001396894730785786483115037	(14,3)
-0.00002718479702950200399041157	(14,4)
-0.00004444275215677787926411996	(14,5)
-0.00006531585092233742990344746	(14,6)
-0.00008915161998515108684117149	(14,7)
-0.00011503148887614591318518198	(14,8)
-0.00014175683421746886605618312	(14,9)
-0.00016787422357295463353970185	(14,10)
-0.00019174806301057264361897959	(14,11)
-0.00021168165753458101202002421	(14,12)
-0.00022607846261407221294233458	(14,13)
-0.00023362558254514245667477213	(14,14)
-0.00023347342519448386886316378	(14,15)
-0.00022538101073376622113367082	(14,16)
-0.00020979745640609232837850569	(14,17)
-0.00018785734717495769378325061	(14,18)
-0.00016128046194680113202014194	(14,19)
-0.00013218269714948442994071836	(14,20)
-0.00010282197709072723365970762	(14,21)
-0.00007531694365702149740835607	(14,22)
-0.00005138404548513175761205685	(14,23)
-0.0000321381285890402314091026	(14,24)
-0.00001799223783982901563224181	(14,25)
-8.67542000413779893774749e-6	(14,26)
-3.3659147719309831809388e-6	(14,27)
-9.1538168957357402907477e-7	(14,28)
-1.2214237463079945879994e-7	(14,29)
-1.53005275085561995579e-9	(14,30)
-6.5769763563609008687815e-7	(15,1)
-5.90802363728746291157816e-6	(15,2)
-0.0000163429686748203235694664	(15,3)
-0.00003180481444115317138048988	(15,4)
-0.0000519955974637729632110133	(15,5)
-0.00007641560403851272914500875	(15,6)
-0.00010430114620847736248061028	(15,7)
-0.0001345770648322436440011293	(15,8)
-0.00016584042963052851313053739	(15,9)
-0.00019639015707305955261924117	(15,10)
-0.00022431214736973742160462682	(15,11)
-0.00024762110507512538620721922	(15,12)
-0.00026444938592686573842785577	(15,13)
-0.00027326181990377379312804155	(15,14)
-0.00027306592525081072694358282	(15,15)
-0.00026358178187110125749984898	(15,16)
-0.00024533706741891443209958954	(15,17)
-0.00021966121903954284008998203	(15,18)
-0.00018856766141240913577474911	(15,19)
-0.00015453222648486680689822713	(15,20)
-0.00012019571410984391975189052	(15,21)
-0.00008803488213769026065392331	(15,22)
-0.00006005523774089304619611423	(15,23)
-0.00003755831135572212205410847	(15,24)
-0.00002102504009251852597776968	(15,25)
-0.00001013707111238721837390131	(15,26)
-3.93278642270082656683653e-6	(15,27)
-1.06949882535518511860926e-6	(15,28)
-1.4270243566514554953083e-7	(15,29)
-1.78757721020046889663e-9	(15,30)
-7.5723267381513958380318e-7	(16,1)
-6.80213525362368863230473e-6	(16,2)
-0.00001881628210289534722882861	(16,3)
-0.00003661804724463541650486697	(16,4)
-0.00005986425987075037713993609	(16,5)
-0.00008797933788072615884044086	(16,6)
-0.0001200836004234159042438861	(16,7)
-0.00015493856518625725743534396	(16,8)
-0.00019092821701793820937112694	(16,9)
-0.000226093215436777258122326	(16,10)
-0.00025822909900080555423216252	(16,11)
-0.000285049806560621696330074	(16,12)
-0.00030440534740895169288601631	(16,13)
-0.00031452931281617887361294642	(16,14)
-0.00031428093734700107358844281	(16,15)
-0.00030334051298156297162830569	(16,16)
-0.00028231842755316226586253079	(16,17)
-0.00025274790316627846882785192	(16,18)
-0.00021694881765676813481000719	(16,19)
-0.00017777211864779384585663656	(16,20)
-0.000138257158167440483590095	(16,21)
-0.00010125303186169706945427739	(16,22)
-0.00006906536924029706143581452	(16,23)
-0.00004318911913329373505466713	(16,24)
-0.00002417506353647886224018237	(16,25)
-0.00001165494965092387687369965	(16,26)
-4.52137838202187543606614e-6	(16,27)
-1.22950294602641602555143e-6	(16,28)
-1.6404619807833418028129e-7	(16,29)
-2.05490739635675649703e-9	(16,30)
-8.5867598002402336674969e-7	(17,1)
-7.71338847546789038015534e-6	(17,2)
-0.00002133701038822342291410784	(17,3)
-0.00004152353578191852078662737	(17,4)
-0.00006788367887836294012266488	(17,5)
-0.00009976444759032416348439692	(17,6)
-0.00013616779450698817482584702	(17,7)
-0.00017568856397720830941709459	(17,8)
-0.00021649329551644431126668691	(17,9)
-0.00025635914761820564382349289	(17,10)
-0.00029278548585508609247420057	(17,11)
-0.00032317960624219515281321739	(17,12)
-0.00034510386855567578364446238	(17,13)
-0.00035655658625312367117915737	(17,14)
-0.00035624655694278087289015919	(17,15)
-0.0003438144456980400939753476	(17,16)
-0.0003199559569746592089945038	(17,17)
-0.00028641292851355161962306007	(17,18)
-0.00024581818485289916434101749	(17,19)
-0.0002014051261587532072622421	(17,20)
-0.00015661889605270351325557137	(17,21)
-0.00011468717075708964315547861	(17,22)
-0.00007822024364583851602563114	(17,23)
-0.00004890892290643117113697841	(17,24)
-0.00002737412958447539530476821	(17,25)
-0.00001319614551622248699683726	(17,26)
-5.11891048422233150974469e-6	(17,27)
-1.39191596969032394631594e-6	(17,28)
-1.8570934899693876619329e-7	(17,29)
-2.32622555519717333069e-9	(17,30)
-9.5988248683785096071652e-7	(18,1)
-8.62251438832421943454811e-6	(18,2)
-0.00002385185093128220078621114	(18,3)
-0.00004641754677869006083239597	(18,4)
-0.00007588426080776067781078704	(18,5)
-0.00011152166950513253231715798	(18,6)
-0.00015221345938493362925859805	(18,7)
-0.00019638793369431317979301276	(18,8)
-0.00024199437147315059448798701	(18,9)
-0.00028654670214955241886140176	(18,10)
-0.00032724852345679815503579729	(18,11)
-0.00036120107533532266317650501	(18,12)
-0.00038567986991813801707545981	(18,13)
-0.00039844895577199191604534513	(18,14)
-0.00039806785446493984065548841	(18,15)
-0.00038413878006291771266095478	(18,16)
-0.0003574437499793495516468665	(18,17)
-0.00031993381066160179684616748	(18,18)
-0.000274554723396763609710865	(18,19)
-0.00022492161372243524217258723	(18,20)
-0.00017488399519796424228093126	(18,21)
-0.00012804618955084660263118454	(18,22)
-0.00008732102306858953415229018	(18,23)
-0.00005459322460133820839709126	(18,24)
-0.00003055247096421766521652321	(18,25)
-0.00001472699006432715054914652	(18,26)
-5.71231070407388408009717e-6	(18,27)
-1.5531809588464549839589e-6	(18,28)
-2.0721710089535599630379e-7	(18,29)
-2.59558301998005367394e-9	(18,30)
-1.05882960747670193250698e-6	(19,1)
-9.51134430972507105217754e-6	(19,2)
-0.00002631054467181112264862847	(19,3)
-0.00005120227020747678550337656	(19,4)
-0.0000837060964804659305674025	(19,5)
-0.00012301597555457058374126096	(19,6)
-0.00016789976262016189642501551	(19,7)
-0.00021662263767645997448651947	(19,8)
-0.00026692109257244360754407599	(19,9)
-0.00031605130362967386515099131	(19,10)
-0.00036092737007267780701446377	(19,11)
-0.00039835115896366126838174213	(19,12)
-0.00042531789275225934937693751	(19,13)
-0.00043936312867144098105405523	(19,14)
-0.00043890139215479426133898996	(19,15)
-0.00042349857032257576633647455	(19,16)
-0.00039402246114643576188616112	(19,17)
-0.00035262990662018488610359514	(19,18)
-0.00030257345429547101087567184	(19,19)
-0.0002478416203376925102901865	(19,20)
-0.00019267870193885564501201226	(19,21)
-0.00014105602830053140141895772	(19,22)
-0.0000961805488180935882019374	(19,23)
-0.00006012485930516533799000669	(19,24)
-0.00003364444052804831661953216	(19,25)
-0.00001621580758687297999527116	(19,26)
-6.28928230695582000949341e-6	(19,27)
-1.70995226018405312604478e-6	(19,28)
-2.2812289880818902981231e-7	(19,29)
-2.85738504390762066051e-9	(19,30)
-1.15376667557502354705365e-6	(20,1)
-0.00001036415218890252801499456	(20,2)
-0.00002866958946177619016223963	(20,3)
-0.00005579304572232855514464367	(20,4)
-0.00009121077484039021091432493	(20,5)
-0.00013404393409755886627531846	(20,6)
-0.00018294900202063557084600243	(20,7)
-0.00023603429636351056805854015	(20,8)
-0.00029083170610132273769085563	(20,9)
-0.00034434963403314835055888277	(20,10)
-0.0003932240256868293950802987	(20,11)
-0.0004339693357169119007737435	(20,12)
-0.00046331203852897074499414324	(20,13)
-0.00047856909661786962280054908	(20,14)
-0.00047801702190399297683458651	(20,15)
-0.0004611883222885555032703647	(20,16)
-0.00042903472274320391009414042	(20,17)
-0.00038391198041904244646210912	(20,18)
-0.00032936796209771744236488584	(20,19)
-0.0002697496518099048300934963	(20,20)
-0.00020967947307988398068557483	(20,21)
-0.00015347945352851828642416698	(20,22)
-0.00010463681883340402205936665	(20,23)
-0.00006540241583266655019127362	(20,24)
-0.00003659322093884056088637166	(20,25)
-0.00001763518432321404213413577	(20,26)
-6.8391835814717317129916e-6	(20,27)
-1.85933462661584863003862e-6	(20,28)
-2.4804031567442943928895e-7	(20,29)
-3.10679027384992302638e-9	(20,30)
-1.24331348436486775519703e-6	(21,1)
-0.00001116853977231042738219961	(21,2)
-0.00003089468862357972754040387	(21,3)
-0.00006012312766423217087839407	(21,4)
-0.00009828917257868372803978806	(21,5)
-0.0001444451569594977868182674	(21,6)
-0.00019714222758521215353297982	(21,7)
-0.00025434033928562911380902221	(21,8)
-0.0003133778843275606191176064	(21,9)
-0.00037102901827861248710506869	(21,10)
-0.0004236668764109840687100222	(21,11)
-0.00046753462155027237443309743	(21,12)
-0.00049910545390540129669080696	(21,13)
-0.0005154908956740988024398428	(21,14)
-0.0005148385697153513394310445	(21,15)
-0.00049665121502435865883712363	(21,16)
-0.00046196160128258100521549383	(21,17)
-0.00041331479645762013273058931	(21,18)
-0.00035453833184733692463484189	(21,19)
-0.00029031753954229706852915711	(21,20)
-0.0002256307278302984895916931	(21,21)
-0.0001651290404354763220345131	(21,22)
-0.00011256183092078368886046589	(21,23)
-0.00007034575974181253703299038	(21,24)
-0.00003935391264315245815521735	(21,25)
-0.00001896345571200621564464142	(21,26)
-7.35360432309472904912962e-6	(21,27)
-1.99903988152409732003682e-6	(21,28)
-2.6666394621454863962122e-7	(21,29)
-3.3399724181618515142e-9	(21,30)
-1.32650156501872300518749e-6	(22,1)
-0.00001191580740185142343465321	(22,2)
-0.00003296177665553950286968901	(22,3)
-0.00006414568111696217103574456	(22,4)
-0.0001048647171486319061412262	(22,5)
-0.00015410709436791843228351607	(22,6)
-0.00021032578490370060997355903	(22,7)
-0.00027134244528365348352439004	(22,8)
-0.00033431512096292463263081604	(22,9)
-0.00039579972867058886947596351	(22,10)
-0.0004519247377651578134282865	(22,11)
-0.00049868105788062844506015865	(22,12)
-0.00053230685284877069055753603	(22,13)
-0.00054972365668129529014860975	(22,14)
-0.00054896084856602164251086052	(22,15)
-0.00052949549580196999982966523	(22,16)
-0.00049243783046136335143155978	(22,17)
-0.0004405107324863395336922848	(22,18)
-0.00037780281221835245699483151	(22,19)
-0.00030931397949428408841059957	(22,20)
-0.00024035225251051537513366808	(22,21)
-0.00017587258582221346370377301	(22,22)
-0.00011986526849563408296624324	(22,23)
-0.00007489833442240669262759904	(22,24)
-0.00004189482001583610363389629	(22,25)
-0.00002018532565892697335732893	(22,26)
-7.82660581674728956410833e-6	(22,27)
-2.12745212430726969525338e-6	(22,28)
-2.837781021505012945966e-7	(22,29)
-3.55422913592399690104e-9	(22,30)
-1.40276448884874418664572e-6	(23,1)
-0.00001260086690063323711627643	(23,2)
-0.00003485677825372640103467086	(23,3)
-0.00006783331294369739432949717	(23,4)
-0.00011089262009107578660805842	(23,5)
-0.00016296390821323739639090996	(23,6)
-0.00022240977726833131330189158	(23,7)
-0.00028692455825463787145066938	(23,8)
-0.00035350028603681246096488693	(23,9)
-0.0004184920895151163033159438	(23,10)
-0.00047780354792418955622977423	(23,11)
-0.00052719406168789681324946739	(23,12)
-0.00056268661941418767266813916	(23,13)
-0.00058102957920542172578010908	(23,14)
-0.00058014563663014914114864994	(23,15)
-0.00055949059973912219130268712	(23,16)
-0.00052024820138835710236391076	(23,17)
-0.00046530654975443079584310966	(23,18)
-0.00039899504496737620928409812	(23,19)
-0.00032660226362104445561408695	(23,20)
-0.00025373743765233891191091996	(23,21)
-0.00018563181809304232900919487	(23,22)
-0.00012649362139317336542701563	(23,23)
-0.00007902661174145489713306324	(23,24)
-0.0000441971440829876545695076	(23,25)
-0.00002129171849105680118860778	(23,26)
-8.25466343496330084098976e-6	(23,27)
-2.24361212740071828691443e-6	(23,28)
-2.9925473095542559136562e-7	(23,29)
-3.74795597000596863939e-9	(23,30)
-1.47189124806147201033426e-6	(24,1)
-0.00001322182279795602625626695	(24,2)
-0.00003657444989037946807173603	(24,3)
-0.00007117581744709422553130003	(24,4)
-0.00011635619174100611671734151	(24,5)
-0.00017099105643508549629202369	(24,6)
-0.00023336067493157359477451505	(24,7)
-0.00030104335330728383086738966	(24,8)
-0.00037087988120646319135913464	(24,9)
-0.00043904257526263399345036281	(24,10)
-0.00050123049876140035139323229	(24,11)
-0.00055299292059070345084874705	(24,12)
-0.00059015813007977616971172155	(24,13)
-0.00060931865207051495042569457	(24,14)
-0.00060830243532927550421645595	(24,15)
-0.00058654860185810087827903601	(24,16)
-0.00054531032476214607225588631	(24,17)
-0.00048762798446462631644154833	(24,18)
-0.00041805086026774971316661352	(24,19)
-0.00034212947774419490408169401	(24,20)
-0.00026574489103858810694310252	(24,21)
-0.00019437626515962186216399437	(24,22)
-0.00013242600972724921615814122	(24,23)
-0.00008271748439074075555985042	(24,24)
-0.00004625352483092794675542179	(24,25)
-0.00002227907700670903976391328	(24,26)
-8.63639458603315483357607e-6	(24,27)
-2.34714341127199136098647e-6	(24,28)
-3.1304355733636523342621e-7	(24,29)
-3.92052288645453574872e-9	(24,30)
-1.53395900482869097010447e-6	(25,1)
-0.00001377936822244469631387508	(25,2)
-0.00003811670872560818258838393	(25,3)
-0.00007417692436329753141006919	(25,4)
-0.00012126152501769777591101147	(25,5)
-0.00017819748080773552979409259	(25,6)
-0.00024319065384365122057250825	(25,7)
-0.00031371448432279160362624626	(25,8)
-0.00038647309869277183869296203	(25,9)
-0.00045747375861462459542103551	(25,10)
-0.00052223114772906270048421596	(25,11)
-0.00057610554658833606163980983	(25,12)
-0.00061475081789755982670930148	(25,13)
-0.00063462085165132368344715494	(25,14)
-0.00063346072386856768961423788	(25,15)
-0.00061069747443391820261329485	(25,16)
-0.00056764977907673327531857713	(25,17)
-0.00050749753485207947881869345	(25,18)
-0.00043498924212571193930551914	(25,19)
-0.00035591093109255586191241906	(25,20)
-0.00027638634906457285819899087	(25,21)
-0.00020211441616992100967906573	(25,22)
-0.00013766816489982403184677308	(25,23)
-0.00008597450757917259283467475	(25,24)
-0.00004806594030577280393129169	(25,25)
-0.0000231483507889054311887936	(25,26)
-8.97216661795682718512756e-6	(25,27)
-2.43814569924763201316759e-6	(25,28)
-3.2515787449551516778674e-7	(25,29)
-4.07209633463844204745e-9	(25,30)
-1.58925955740791519153817e-6	(26,1)
-0.00001427612435620294158070777	(26,2)
-0.00003949080539678471980204391	(26,3)
-0.00007685074303511261289339503	(26,4)
-0.00012563168254262636666213014	(26,5)
-0.00018461706485650479589825502	(26,6)
-0.00025194593833164038859917433	(26,7)
-0.00032499754662841773245394503	(26,8)
-0.00040035329736209956911583813	(26,9)
-0.00047387238502052074567385669	(26,10)
-0.00054090439093807859339133097	(26,11)
-0.00059664087034484829089754474	(26,12)
-0.00063658071881409614762473114	(26,13)
-0.00065705574071412142951234361	(26,14)
-0.0006557396186378540657401808	(26,15)
-0.00063205184179338320913554651	(26,16)
-0.00058737293177135158205513501	(26,17)
-0.00052501016668578891710904123	(26,18)
-0.00044989150838701019185102025	(26,19)
-0.00036801312376210254676546877	(26,20)
-0.00028571345156235305469322382	(26,21)
-0.00020888405117080778482317429	(26,22)
-0.0001422458431591337405914227	(26,23)
-0.00008881378589639493979579934	(26,24)
-0.00004964340708763368239751544	(26,25)
-0.00002390388874830354803782848	(26,26)
-9.26366756353459418178731e-6	(26,27)
-2.51707826607755321291932e-6	(26,28)
-3.3565898679469000240437e-7	(26,29)
-4.20344441316347061836e-9	(26,30)
-1.63822983675474495244596e-6	(27,1)
-0.00001471601609434418120182093	(27,2)
-0.00004070759695900539821998892	(27,3)
-0.00007921840147874784044280842	(27,4)
-0.00012950120234231284878394022	(27,5)
-0.00019030055989002848013050167	(27,6)
-0.00025969578250350830213784196	(27,7)
-0.00033498186337368222138910723	(27,8)
-0.00041263049310403479379440208	(27,9)
-0.0004883686470816214159266425	(27,10)
-0.00055739880488452257095995099	(27,11)
-0.00061476274372243128680746386	(27,12)
-0.00065582262526999964737952783	(27,13)
-0.00067680372375084380930708742	(27,14)
-0.00067531918276899471457867547	(27,15)
-0.00065078532218224226631793704	(27,16)
-0.00060464123147078419040447633	(27,17)
-0.00054031032977886163343937153	(27,18)
-0.00046288161041977456279794361	(27,19)
-0.00037853762669840635490169983	(27,20)
-0.00029380522226183531960452599	(27,21)
-0.00021474308450496470958566719	(27,22)
-0.00014619858750898423288672665	(27,23)
-0.00009126007675861148782258878	(27,24)
-0.00005099980133912008804342592	(27,25)
-0.00002455238951130064627150108	(27,26)
-9.51349923191924894743351e-6	(27,27)
-2.58464934315009753331143e-6	(27,28)
-3.4464145868375750238925e-7	(27,29)
-4.31575212358875923733e-9	(27,30)
-1.68139240362709051638769e-6	(28,1)
-0.00001510373753766394476247901	(28,2)
-0.00004178006832216469739755421	(28,3)
-0.00008130516902886113790886801	(28,4)
-0.00013291139405629372166004912	(28,5)
-0.0001953086726208008176405606	(28,6)
-0.00026652303671130417393343505	(28,7)
-0.00034377431624587130439720532	(28,8)
-0.00042343636701237012723228872	(28,9)
-0.00050111843822041901239384426	(28,10)
-0.00057189238751600723810861154	(28,11)
-0.00063066758999871533233483298	(28,12)
-0.00067268623576459404656560097	(28,13)
-0.0006940814235179239268519148	(28,14)
-0.00069241584469825448357313565	(28,15)
-0.00066710682572304963867612074	(28,16)
-0.00061964917185291452555129209	(28,17)
-0.00055357225142904851992521509	(28,18)
-0.00047410923623338498843497553	(28,19)
-0.00038760725079276781731713009	(28,20)
-0.00030075732306533921452740958	(28,21)
-0.0002197617024830746259799296	(28,22)
-0.00014957436924620571504029258	(28,23)
-0.00009334344200334410534261105	(28,24)
-0.0000521519856889061491592511	(28,25)
-0.00002510199882911631708989389	(28,26)
-9.72482719641666647764562e-6	(28,27)
-2.64172096616426627218117e-6	(28,28)
-3.5222042134643190898911e-7	(28,29)
-4.41046238279109375811e-9	(28,30)
-1.7193083277626651210345e-6	(29,1)
-0.00001544432871191155366518938	(29,2)
-0.00004272216136356972261698502	(29,3)
-0.00008313817772692960714856709	(29,4)
-0.00013590661391753381521600321	(29,5)
-0.00019970659103867949370612577	(29,6)
-0.0002725166766452809769865686	(29,7)
-0.00035148970759096466986911608	(29,8)
-0.00043291239140027797897620568	(29,9)
-0.00051228929588309287085270463	(29,10)
-0.00058457650945115564063457991	(29,11)
-0.00064456669623301439714545844	(29,12)
-0.00068739725486240769778466419	(29,13)
-0.00070912216412472254461537559	(29,14)
-0.00070726290930483372702727384	(29,15)
-0.00068124175673186217029561515	(29,16)
-0.00063260680862694884932216651	(29,17)
-0.0005649842949407189153656413	(29,18)
-0.0004837363926694244843118643	(29,19)
-0.00039535505800201631472584503	(29,20)
-0.00030667351160339527381287397	(29,21)
-0.00022401610947942294330549622	(29,22)
-0.00015242532317570897127194778	(29,23)
-0.00009509658135695712325678996	(29,24)
-0.00005311831674018653534692088	(29,25)
-0.00002556159003987305561254313	(29,26)
-9.90110164915191015163148e-6	(29,27)
-2.68923306280078035688995e-6	(29,28)
-3.5852144361845862119488e-7	(29,29)
-4.48914913847355947878e-9	(29,30)
-1.75254237611204494082794e-6	(30,1)
-0.00001574286285776626469793465	(30,2)
-0.00004354790990201610546635321	(30,3)
-0.00008474473892433650629807537	(30,4)
-0.00013853151274315963586200374	(30,5)
-0.00020355994008730022249066352	(30,6)
-0.00027776628356702006345350938	(30,7)
-0.00035824363919459740293095542	(30,8)
-0.00044120105562408276523822518	(30,9)
-0.00052205001316279969466492902	(30,10)
-0.00059564405158600273102191787	(30,11)
-0.00065667312202895536005573738	(30,12)
-0.00070018341676949936887830264	(30,13)
-0.00072216153368082899191889668	(30,14)
-0.00072009613555951937751610312	(30,15)
-0.00069341809623302004727517204	(30,16)
-0.0006437268081806765004543026	(30,17)
-0.00057473736506753060593949313	(30,18)
-0.00049192745204378342774009561	(30,19)
-0.00040191620336037830773987338	(30,20)
-0.00031165929410900897095062851	(30,21)
-0.00022758387714351173230435766	(30,22)
-0.00015480457324279195799777568	(30,23)
-0.00009655284595643160002532083	(30,24)
-0.00005391753230284307521200726	(30,25)
-0.00002594022720029432560115384	(30,26)
-0.00001004584899089239327672088	(30,27)
-2.72814674824625449058058e-6	(30,28)
-3.6367296322895447265043e-7	(30,29)
-4.55342254052921833299e-9	(30,30)
-1.7816390522143105595822e-6	(31,1)
-0.0000160042311952809252033213	(31,2)
-0.00004427084430666113109585583	(31,3)
-0.0000861511846035978647085789	(31,4)
-0.00014082914169885439081078786	(31,5)
-0.00020693199782299065398222953	(31,6)
-0.00028235824465897417096250805	(31,7)
-0.00036414760981062722016041106	(31,8)
-0.00044843982489551289021009498	(31,9)
-0.00053056348493335450061438354	(31,10)
-0.00060528123420217213837163786	(31,11)
-0.00066719267937773863931913108	(31,12)
-0.00071126485139906794075895801	(31,13)
-0.00073342742764692555713288676	(31,14)
-0.00073114378410015654556858032	(31,15)
-0.00070385679083075082467924676	(31,16)
-0.0006532154958732842903996653	(31,17)
-0.00058301688608659193335001974	(31,18)
-0.00049884225798360335366107525	(31,19)
-0.00040742227741325930638409708	(31,20)
-0.00031581751788928265359340227	(31,21)
-0.00023054071040943932828430457	(31,22)
-0.00015676402214212593763466669	(31,23)
-0.00009774485324811815410916837	(31,24)
-0.00005456797451377020514617054	(31,25)
-0.00002624678984170460033489358	(31,26)
-0.00001016252602079735299681089	(31,27)
-2.75940462254807745415506e-6	(31,28)
-3.6780098459692388912392e-7	(31,29)
-4.60486249204966018089e-9	(31,30)
-1.80710745291391673759148e-6	(32,1)
-0.00001623300689341885868354408	(32,2)
-0.00004490361520398163896627049	(32,3)
-0.00008738213507291106245458845	(32,4)
-0.00014283975507427052176681378	(32,5)
-0.00020988193583180893511763645	(32,6)
-0.00028637335115742482720546228	(32,7)
-0.00036930591572548286187061378	(32,8)
-0.0004547573201256896256937156	(32,9)
-0.00053798218275676173512667074	(32,10)
-0.00061366244650569625534559967	(32,11)
-0.00067631822179214856817290169	(32,12)
-0.0007208479807900578835295526	(32,13)
-0.0007431337354409287795724179	(32,14)
-0.00074062029992063517329204279	(32,15)
-0.00071276564435503915158642062	(32,16)
-0.00066126715833760972582448597	(32,17)
-0.00058999768718289507507553235	(32,18)
-0.00050463172142135280483776456	(32,19)
-0.00041199768456524003187232227	(32,20)
-0.0003192455435650930635237778	(32,21)
-0.00023295836784121010772154942	(32,22)
-0.00015835292659198110752176154	(32,23)
-0.00009870359218938592165232389	(32,24)
-0.00005508708689625374857621654	(32,25)
-0.00002648972958106796297190233	(32,26)
-0.00001025442520934592281889663	(32,27)
-2.78390494483136589188603e-6	(32,28)
-3.710256268586188075159e-7	(32,29)
-4.64497536892060468145e-9	(32,30)
-1.82941285104882789520497e-6	(33,1)
-0.00001643336945817297103472208	(33,2)
-0.00004545778431550146052960295	(33,3)
-0.00008846009190461735103904969	(33,4)
-0.00014460014475253918948902461	(33,5)
-0.000212463840981742565052844	(33,6)
-0.00028988546278059381934034006	(33,7)
-0.00037381392680968346365934386	(33,8)
-0.00046027119221554674964037408	(33,9)
-0.00054444563543792442186361541	(33,10)
-0.00062094736556483167214788111	(33,11)
-0.00068422645877343678939140347	(33,12)
-0.00072912210989833803123088247	(33,13)
-0.00075147680801002409217292599	(33,14)
-0.00074872277030970679086198195	(33,15)
-0.0007203358842789259114426127	(33,16)
-0.00066806083118687277447068858	(33,17)
-0.00059584110903370676739657921	(33,18)
-0.00050943531966427560650107362	(33,19)
-0.00041575757788371647650589323	(33,20)
-0.00032203362549416348415993632	(33,21)
-0.00023490346515156377147776799	(33,22)
-0.00015961707396755394528058532	(33,23)
-0.00009945790389507919033736786	(33,24)
-0.00005549112127308613229437747	(33,25)
-0.00002667692778018570116782604	(33,26)
-0.00001032461913263660720849889	(33,27)
-2.80248644872236795326515e-6	(33,28)
-3.7345909098354495824182e-7	(33,29)
-4.67516851101630155279e-9	(33,30)
-1.84897313413576369170355e-6	(34,1)
-0.00001660907274152236649808381	(34,2)
-0.00004594373596022846693114831	(34,3)
-0.00008940526569323627523038383	(34,4)
-0.0001461433585547830413140132	(34,5)
-0.00021472630129402898298871702	(34,6)
-0.00029296094203138741504054068	(34,7)
-0.00037775735571528957834211311	(34,8)
-0.0004650872198472701660872197	(34,9)
-0.00055007935787824769666023967	(34,10)
-0.00062727972858222573112715493	(34,11)
-0.00069107659418622452051502153	(34,12)
-0.00073625796363466934371815083	(34,13)
-0.0007586339345152369117526868	(34,14)
-0.00075562938815400897665492905	(34,15)
-0.00072674066133622351450403328	(34,16)
-0.00067375888354433140678401649	(34,17)
-0.00060069371672516867041098541	(34,18)
-0.00051337997225108410250572502	(34,19)
-0.00041880692041354447181298888	(34,20)
-0.00032426416706409365005555403	(34,21)
-0.00023643691858800925412103677	(34,22)
-0.00016059839487413362123742853	(34,23)
-0.00010003423461373289310973072	(34,24)
-0.00005579499698636429618956608	(34,25)
-0.00002681562658337193850445392	(34,26)
-0.00001037593335839217411680468	(34,27)
-2.8159208919000461036727e-6	(34,28)
-3.7520465858171640113912e-7	(34,29)
-4.69673763535903211739e-9	(34,30)
-1.86615856394661215882726e-6	(35,1)
-0.00001676344278155777696700254	(35,2)
-0.00004637067107664264447779304	(35,3)
-0.00009023556440105618496913916	(35,4)
-0.00014749868110908071157281576	(35,5)
-0.00021671237760821706783922269	(35,6)
-0.00029565861501643065224810191	(35,7)
-0.00038121220630258815089906342	(35,8)
-0.00046929924408088892751450286	(35,9)
-0.00055499477053633835618274841	(35,10)
-0.00063278723609576133231833043	(35,11)
-0.0006970102123580206626760952	(35,12)
-0.00074240755548332112546919059	(35,13)
-0.00076476319382793097123046456	(35,14)
-0.00076149928777020324046778939	(35,15)
-0.0007321348726248885902141375	(35,16)
-0.00067850683310233074733233331	(35,17)
-0.00060468711319977814726563793	(35,18)
-0.00051657986055271471098245454	(35,19)
-0.00042124031914791868040179585	(35,20)
-0.00032601157646771018221947639	(35,21)
-0.00023761382785053020269044931	(35,22)
-0.00016133487542879602812132429	(35,23)
-0.00010045657609746377448919171	(35,24)
-0.00005601226501449759375959326	(35,25)
-0.00002691241053493123410816162	(35,26)
-0.00001041093895825594502900829	(35,27)
-2.82491094393370575417143e-6	(35,28)
-3.7635640311055730626047e-7	(35,29)
-4.71086317405402868236e-9	(35,30)
-1.88129367105980977666671e-6	(36,1)
-0.00001689939482083302649315339	(36,2)
-0.00004674665429587641456629968	(36,3)
-0.0000909666849443433885092733	(36,4)
-0.00014869178349494654589798903	(36,5)
-0.00021845982327296991739218147	(36,6)
-0.00029803007076357949152743968	(36,7)
-0.00038424515875025924367303152	(36,8)
-0.00047298964095233502947325519	(36,9)
-0.0005592897557929325433008731	(36,10)
-0.00063758218233743161405640149	(36,11)
-0.00070215196649231939003311153	(36,12)
-0.00074770491244988636748230446	(36,13)
-0.00077000419030158844371304808	(36,14)
-0.00076647326375320368093879713	(36,15)
-0.00073665583645946951551606122	(36,16)
-0.0006824339534707114884922271	(36,17)
-0.00060793846172404999495697378	(36,18)
-0.0005191368558571300457067914	(36,19)
-0.00042314235765252172899487668	(36,20)
-0.0003273425104566622071367941	(36,21)
-0.00023848364336411934020137825	(36,22)
-0.00016186066371311315472532858	(36,23)
-0.00010074652755751793442816745	(36,24)
-0.00005615514024936924035616995	(36,25)
-0.00002697322110805081255678149	(36,26)
-0.00001043195780624767983101842	(36,27)
-2.83009155536435159853727e-6	(36,28)
-3.7699936598134954768761e-7	(36,29)
-4.71861243847288763187e-9	(36,30)
-1.89466041143830660130282e-6	(37,1)
-0.00001701946166134985785230085	(37,2)
-0.00004707869237449347343228214	(37,3)
-0.00009161226580695740465292164	(37,4)
-0.00014974497265354914225170635	(37,5)
-0.00022000145044716471436594709	(37,6)
-0.00030012016062592682414787974	(37,7)
-0.00038691421278382570271730347	(37,8)
-0.00047623011206993580949135298	(37,9)
-0.00056304959076489024952684512	(37,10)
-0.00064176251538318979548988239	(37,11)
-0.00070661074130474815946859698	(37,12)
-0.00075226730620022741041334178	(37,13)
-0.00077447931234601654711779163	(37,14)
-0.00077067501204755760290372601	(37,15)
-0.00074042447121232781807826898	(37,16)
-0.00068565435068794058791754202	(37,17)
-0.00061055142865705447206723667	(37,18)
-0.00052114130866569358198932499	(37,19)
-0.00042458822522624781113608831	(37,20)
-0.00032831634930423512522570948	(37,21)
-0.00023909050341762257465928906	(37,22)
-0.00016220629252464581183637577	(37,23)
-0.00010092343064353747918476161	(37,24)
-0.00005623457482148596190693572	(37,25)
-0.00002700339110444506910351203	(37,26)
-0.0000104410756143501130056402	(37,27)
-2.83203343714730676378568e-6	(37,28)
-3.7721001484793017184286e-7	(37,29)
-4.72094532212119806737e-9	(37,30)
-1.90650196930672033388117e-6	(38,1)
-0.00001712582782516759374772137	(38,2)
-0.00004737282868683117960599056	(38,3)
-0.00009218407090633588078607735	(38,4)
-0.0001506774918869570899755587	(38,5)
-0.0002213655714748511616947303	(38,6)
-0.00030196760013457883058034485	(38,7)
-0.00038926946305106765436437952	(38,8)
-0.00047908263798991674585257781	(38,9)
-0.00056634807278538589486310864	(38,10)
-0.00064541311723316078166633827	(38,11)
-0.00071048105829915042703157516	(38,12)
-0.00075619674319931686157997782	(38,13)
-0.00077829525856283779258786044	(38,14)
-0.00077421263843583030809885091	(38,15)
-0.0007435467325032505993062139	(38,16)
-0.0006882682806253126958542437	(38,17)
-0.00061261734253704876433217751	(38,18)
-0.00052267302448874218682173919	(38,19)
-0.00042564449978416715499007211	(38,20)
-0.00032898579220072835254648222	(38,21)
-0.00023947366026479335742487784	(38,22)
-0.00016239896339477823428299896	(38,23)
-0.00010100454312479863615966342	(38,24)
-0.00005626035330919144043836528	(38,25)
-0.00002700768970597251576589189	(38,26)
-0.00001044015913548615060258321	(38,27)
-2.83124768111059851972826e-6	(38,28)
-3.7705685486776095828701e-7	(38,29)
-4.718721924446764605e-9	(38,30)
-1.91702679000739184600603e-6	(39,1)
-0.00001722036578087897590864994	(39,2)
-0.00004763424343185425421408745	(39,3)
-0.00009269218457943620698671456	(39,4)
-0.00015150583953305231567942985	(39,5)
-0.00022257646696226881044610223	(39,6)
-0.00030360560727566298305300386	(39,7)
-0.00039135392145353277383768678	(39,8)
-0.00048160048938934740069463024	(39,9)
-0.00056924871323362757803068707	(39,10)
-0.00064860716184379926484732712	(39,11)
-0.0007138445669828205652311119	(39,12)
-0.00075958154655976053196122523	(39,13)
-0.00078154465867748442280587776	(39,14)
-0.00077718026195193530084299523	(39,15)
-0.00074611514243582107772585948	(39,16)
-0.00069036355273622793155507528	(39,17)
-0.00061421643138109846173741901	(39,18)
-0.00052380230785556680419081101	(39,19)
-0.00042636998777696406708229823	(39,20)
-0.00032939749808661723234238815	(39,21)
-0.00023966794041520201675553266	(39,22)
-0.0001624628546130750878377165	(39,23)
-0.00010100522803278385924718853	(39,24)
-0.00005624119685289623136005059	(39,25)
-0.00002699037193330285813943743	(39,26)
-0.00001043087511514455403317175	(39,27)
-2.82819086449475053496196e-6	(39,28)
-3.766011053547940194739e-7	(39,29)
-4.71271099896163230383e-9	(39,30)
-1.92641257445175375946431e-6	(40,1)
-0.00001730467182509144294199453	(40,2)
-0.00004786735288549446036687543	(40,3)
-0.00009314520470999524134263878	(40,4)
-0.00015224408459765450211487929	(40,5)
-0.00022365484937167485228422789	(40,6)
-0.00030506253462317421137705936	(40,7)
-0.00039320433150394557787430473	(40,8)
-0.0004838292283380206685624533	(40,9)
-0.0005718059195364155988924441	(40,10)
-0.00065140745952985207561693423	(40,11)
-0.00071677152092728192370592798	(40,12)
-0.00076249792166092358715041774	(40,13)
-0.00078430767778641661028111601	(40,14)
-0.00077965960191045338585784608	(40,15)
-0.0007482103035696693689530974	(40,16)
-0.0006920169204332965520061706	(40,17)
-0.00061541904910185591830815175	(40,18)
-0.00052459099824105585818596285	(40,19)
-0.00042681655878886262302385366	(40,20)
-0.00032959272355785850548482031	(40,21)
-0.00023970420378947449847201503	(40,22)
-0.0001624194292232096622969493	(40,23)
-0.00010093914326892399803111931	(40,24)
-0.00005618486779614130674170213	(40,25)
-0.00002695522847855736778367108	(40,26)
-0.00001041470942884682868460364	(40,27)
-2.82327021393259031379179e-6	(40,28)
-3.7589738519411061846236e-7	(40,29)
-4.70359851647245402279e-9	(40,30)
-1.93481007261047294995575e-6	(41,1)
-0.00001738010015868542554299445	(41,2)
-0.00004807590365911891617425814	(41,3)
-0.00009355042613601287897453079	(41,4)
-0.00015290416649168159912062581	(41,5)
-0.00022461830324212813941021682	(41,6)
-0.00030636246954112097489468954	(41,7)
-0.00039485194143174409024530691	(41,8)
-0.00048580765865174822272352401	(41,9)
-0.00057406611675714469749564095	(41,10)
-0.00065386773223453635125211922	(41,11)
-0.00071932217740326333299677177	(41,12)
-0.00076501144011617886919675104	(41,13)
-0.00078665353635345064124984925	(41,14)
-0.00078172148110028542138369632	(41,15)
-0.00074990233261582384188421731	(41,16)
-0.00069329539770052401826437843	(41,17)
-0.00061628683710049990268689286	(41,18)
-0.00052509345173077692482023577	(41,19)
-0.00042702993708008750674581781	(41,20)
-0.00032960792857656192458679432	(41,21)
-0.00023960978035769031243231636	(41,22)
-0.00016228772843559903128193264	(41,23)
-0.00010081842258933123215621751	(41,24)
-0.00005609826977116684762002959	(41,25)
-0.00002690563346280440205178509	(41,26)
-0.00001039298545543318319713115	(41,27)
-2.81684857049508455799961e-6	(41,28)
-3.7499437253826862231042e-7	(41,29)
-4.69199591145261712693e-9	(41,30)
-1.94234658671329877705878e-6	(42,1)
-0.00001744779435541562214776588	(42,2)
-0.00004826305974438725189376821	(42,3)
-0.00009391401001752881189433983	(42,4)
-0.00015349617181050699270104813	(42,5)
-0.0002254816916560323032041351	(42,6)
-0.0003075257882827951088113401	(42,7)
-0.00039632321774605446139457511	(42,8)
-0.00048756870278049282858959117	(42,9)
-0.00057606878206450661770342403	(42,10)
-0.00065603378915711597094846941	(42,11)
-0.00072154808690971083259214311	(42,12)
-0.00076717840613378848198745078	(42,13)
-0.00078864190883668513005603669	(42,14)
-0.00078342720810768363808654227	(42,15)
-0.00075125217818458962771003547	(42,16)
-0.00069425746883086247431795941	(42,17)
-0.00061687379148509452372758426	(42,18)
-0.00052535744314015306349662693	(42,19)
-0.00042705042941677514597071664	(42,20)
-0.0003294753339599932453496411	(42,21)
-0.000239408872541419505241185	(42,22)
-0.00016208464246666864408538358	(42,23)
-0.00010065384296714448040604047	(42,24)
-0.00005598754042638674414111175	(42,25)
-0.00002684458876436290210030071	(42,26)
-0.00001036688115961792717503509	(42,27)
-2.80924901229340360124817e-6	(42,28)
-3.7393541960406127968207e-7	(42,29)
-4.6784477710550209026e-9	(42,30)
-1.94912914381355658723733e-6	(43,1)
-0.00001750871586043953943945983	(43,2)
-0.0000484314813419603939700629	(43,3)
-0.00009424113721360129134788212	(43,4)
-0.0001540285849655545974492571	(43,5)
-0.00022625752426264836983750624	(43,6)
-0.00030856965758602426265651222	(43,7)
-0.00039764049099476191793374807	(43,8)
-0.00048914019504830899918754108	(43,9)
-0.00057784738002055349962361902	(43,10)
-0.00065794458896524089424854429	(43,11)
-0.00072349325740352117697093504	(43,12)
-0.0007690470890688417661548196	(43,13)
-0.00079032418424311290242701573	(43,14)
-0.00078482982213396393998914895	(43,15)
-0.00075231280659760231554130729	(43,16)
-0.00069495417647967022424364811	(43,17)
-0.00061722722271964264827583592	(43,18)
-0.0005254249773085335787078488	(43,19)
-0.00042691357997059613124069996	(43,20)
-0.00032922342348285158106781606	(43,21)
-0.00023912291812114370473556904	(43,22)
-0.00016182515520084527632027342	(43,23)
-0.00010045497606253558610592336	(43,24)
-0.00005585813551372435914767348	(43,25)
-0.00002677476429375255102890537	(43,26)
-0.00001033744463935713235120425	(43,27)
-2.80075906761095606413428e-6	(43,28)
-3.7275911357242395211044e-7	(43,29)
-4.66343885370116746325e-9	(43,30)
-1.95524732889233778976118e-6	(44,1)
-0.00001756366943949981049692179	(44,2)
-0.00004858339525477266219161329	(44,3)
-0.00009453614524173848847237389	(44,4)
-0.00015450851197048964575854728	(44,5)
-0.000226956285833377173878895	(44,6)
-0.00030950848236543018898125929	(44,7)
-0.00039882253191565534760135278	(44,8)
-0.00049054558902472586733112339	(44,9)
-0.00057943019606501373131627749	(44,10)
-0.00065963318560854103896183694	(44,11)
-0.00072519518995856704868279582	(44,12)
-0.00077065881870698490134157177	(44,13)
-0.00079174458508406588982880498	(44,14)
-0.00078597519684173808132494054	(44,15)
-0.00075313025248009253607849723	(44,16)
-0.00069543008503304500652211753	(44,17)
-0.00061738860505624718634237854	(44,18)
-0.00052533300731169820126576983	(44,19)
-0.00042665075043135118141233144	(44,20)
-0.00032887738912251685143949545	(44,21)
-0.00023877091253685843367230743	(44,22)
-0.00016152256188187685280779803	(44,23)
-0.0001002303232770298480310814	(44,24)
-0.00005571490402567522195221598	(44,25)
-0.00002669853405722054569065258	(44,26)
-0.00001030560807358105775228812	(44,27)
-2.79163450032032000793641e-6	(44,28)
-3.7149978108753586886739e-7	(44,29)
-4.64740040542320228306e-9	(44,30)
-1.96077578895858442416619e-6	(45,1)
-0.00001761332567268782567919136	(45,2)
-0.00004872065710570548083018165	(45,3)
-0.00009480264932553108224077502	(45,4)
-0.00015494187820912863682063244	(45,5)
-0.000227586726565277257840854	(45,6)
-0.00031035430116415646169521258	(45,7)
-0.0003998850601290300386901508	(45,8)
-0.00049180458168450063682466022	(45,9)
-0.00058084107135651412808866816	(45,10)
-0.0006611275613664035047736357	(45,11)
-0.00072668578989823243804115245	(45,12)
-0.00077204894764449346380997142	(45,13)
-0.00079294114929674510231833713	(45,14)
-0.00078690300785104204165815984	(45,15)
-0.00075374453864872911864517975	(45,16)
-0.00069572412353296108132722258	(45,17)
-0.00061739431956336676842693383	(45,18)
-0.00052511406285327727887832248	(45,19)
-0.00042628962796715158448823454	(45,20)
-0.00032845952144363763600782458	(45,21)
-0.00023836969198768678539044423	(45,22)
-0.00016118866074324775363572325	(45,23)
-0.00009998743492520575855806653	(45,24)
-0.00005556215465888382451793969	(45,25)
-0.00002661800813190338826638409	(45,26)
-0.00001027220011432759474844229	(45,27)
-2.78210267872239197547965e-6	(45,28)
-3.7018793776108387965546e-7	(45,29)
-4.63071579104782434676e-9	(45,30)
-1.96577642952534092329234e-6	(46,1)
-0.00001765824068484658740129684	(46,2)
-0.00004884480591096449115806002	(46,3)
-0.00009504364856460096900207525	(46,4)
-0.0001553336018762630465186594	(46,5)
-0.00022815611661993764814207852	(46,6)
-0.00031111713276356930446258416	(46,7)
-0.0004008411897643012327343118	(46,8)
-0.00049293365978219283269273099	(46,9)
-0.00058210004541863068385069057	(46,10)
-0.00066245135452708295418668894	(46,11)
-0.00072799216161149177489472066	(46,12)
-0.0007732476895874154688389662	(46,13)
-0.00079394658430922951550830113	(46,14)
-0.00078764757311450237542632481	(46,15)
-0.00075419047424886422614447121	(46,16)
-0.00069587031651479386685700023	(46,17)
-0.00061727629822218746088525304	(46,18)
-0.0005247967952093044251955699	(46,19)
-0.00042585466619171298316862017	(46,20)
-0.00032798954905929976328201284	(46,21)
-0.00023793418014049815402124133	(46,22)
-0.0001608339204338477332573337	(46,23)
-0.00009973301464213230095898438	(46,24)
-0.00005540371420548649492438271	(46,25)
-0.00002653506083086835290666749	(46,26)
-0.00001023795682714610321798389	(46,27)
-2.77236555514404086124322e-6	(46,28)
-3.6885068624294898465328e-7	(46,29)
-4.61372548427250939118e-9	(46,30)
-1.97030033021306956232268e-6	(47,1)
-0.00001769887335291500824622448	(47,2)
-0.00004895711167392803822070119	(47,3)
-0.00009526161852078751720787041	(47,4)
-0.00015568774520759223117485977	(47,5)
-0.00022867046801014083126412014	(47,6)
-0.00031180527820451018511594884	(47,7)
-0.00040170181751939333199256857	(47,8)
-0.00049394657523595120063887572	(47,9)
-0.00058322391466534201401446262	(47,10)
-0.00066362449096147527632141378	(47,11)
-0.0007291372973312194590028107	(47,12)
-0.00077428084460855909707986455	(47,13)
-0.0007947890047188383266068321	(47,14)
-0.00078823857768765263893272433	(47,15)
-0.00075449834229104119914185971	(47,16)
-0.00069589841313817389958117668	(47,17)
-0.00061706257835285361431600202	(47,18)
-0.00052440644661114159266279467	(47,19)
-0.00042536746551299080570015663	(47,20)
-0.00032748493203157748019678895	(47,21)
-0.00023747760192169671772102541	(47,22)
-0.00016046762553960772992330866	(47,23)
-0.00009947301041839767089054058	(47,24)
-0.00005524297862457018456527761	(47,25)
-0.00002645135540842157715148967	(47,26)
-0.00001020353131144387091947488	(47,27)
-2.76260229116038495766955e-6	(47,28)
-3.6751206742202548703201e-7	(47,29)
-4.5967314732297713717e-9	(47,30)
-1.97438940802583056393689e-6	(48,1)
-0.00001773560024663983372864288	(48,2)
-0.00004905861670884765142226077	(48,3)
-0.00009545859160137530887834577	(48,4)
-0.00015600764575723170670299087	(48,5)
-0.00022913472715647291612396361	(48,6)
-0.00031242558276132000228897246	(48,7)
-0.00040247595902537400902538436	(48,8)
-0.00049485475677952149154942761	(48,9)
-0.00058422671543632477277694314	(48,10)
-0.00066466372949646212249468336	(48,11)
-0.00073014067086807546152952868	(48,12)
-0.00077517042316851452082803639	(48,13)
-0.00079549256584645892406693412	(48,14)
-0.00078870169519621151880166492	(48,15)
-0.00075469448848172761728050646	(48,16)
-0.00069583442566646855620352263	(48,17)
-0.00061677777721349931121491342	(48,18)
-0.00052396525242816870282901493	(48,19)
-0.00042484709960761860988708343	(48,20)
-0.00032696111434696993667603128	(48,21)
-0.0002370116680559860376844098	(48,22)
-0.00016009800262551511429818975	(48,23)
-0.00009921269372932433408300264	(48,24)
-0.00005508295758699992337315126	(48,25)
-0.00002636836567556419121068283	(48,26)
-0.00001016950213998804172828413	(48,27)
-2.75297156536280290391372e-6	(48,28)
-3.6619336959610461503032e-7	(48,29)
-4.58000114159178632685e-9	(48,30)
-1.97807785643112708886027e-6	(49,1)
-0.0000177687285553539283507484	(49,2)
-0.00004915017139347877354133503	(49,3)
-0.00009563622660017170982036015	(49,4)
-0.00015629602994877263282952709	(49,5)
-0.00022955294138882884171894493	(49,6)
-0.00031298366234659565643183934	(49,7)
-0.00040317103930933511596224356	(49,8)
-0.00049566766504692688176229915	(49,9)
-0.00058512014006506918693586381	(49,10)
-0.00066558313087502900067279733	(49,11)
-0.00073101874716765101682701807	(49,12)
-0.0007759351805744047014555221	(49,13)
-0.0007960780052897962273989447	(49,14)
-0.00078905911815407554734201848	(49,15)
-0.00075480182308597376131448855	(49,16)
-0.00069570108818501657802075696	(49,17)
-0.00061644349644647197749241179	(49,18)
-0.00052349278434739937763266803	(49,19)
-0.0004243103946150542846776736	(49,20)
-0.0003264317404739468943693552	(49,21)
-0.00023654673391543662339810473	(49,22)
-0.00015973232915088859871226019	(49,23)
-0.00009895672817933798948873575	(49,24)
-0.0000549263132613264999798934	(49,25)
-0.00002628739488334895015775079	(49,26)
-0.00001013638075218410243839246	(49,27)
-2.7436135993784585963404e-6	(49,28)
-3.6491340029126977738281e-7	(49,29)
-4.56377068330826987012e-9	(49,30)
-1.9813933866729977698797e-6	(50,1)
-0.00001779850723823819744507555	(50,2)
-0.00004923246500745496448339221	(50,3)
-0.00009579586867503526294188986	(50,4)
-0.00015655511099163584073716914	(50,5)
-0.00022992840247092504448124168	(50,6)
-0.00031348409855692583375937888	(50,7)
-0.00040379314280481114791892617	(50,8)
-0.00049639309783332986527816771	(50,9)
-0.00058591389400765709842517023	(50,10)
-0.00066639445952825023397730549	(50,11)
-0.00073178541794031607093231263	(50,12)
-0.00077659107288933878200977803	(50,13)
-0.00079656310391104075005485558	(50,14)
-0.00078933000858901720990126146	(50,15)
-0.00075484024687263975795443999	(50,16)
-0.00069551824579123512599333287	(50,17)
-0.00061607866543994946933037343	(50,18)
-0.00052300624221105459558974347	(50,19)
-0.0004237721671942742265409523	(50,20)
-0.00032590884065189210209298831	(50,21)
-0.0002360919359768771501407981	(50,22)
-0.00015937702742925296150410465	(50,23)
-0.00009870922896954087855616339	(50,24)
-0.00005477539404606615124459377	(50,25)
-0.00002620959220231642330205396	(50,26)
-0.00001010461792450056739395369	(50,27)
-2.73465193484318139534405e-6	(50,28)
-3.6368872501612775416227e-7	(50,29)
-4.5482481041594469067e-9	(50,30)
-1.98435829537115974643182e-6	(51,1)
-0.0000178251366141343651742063	(51,2)
-0.00004930605225416502288482567	(51,3)
-0.00009593860092556598205138119	(51,4)
-0.00015678667306676247366604358	(51,5)
-0.00023026376995041054927494831	(51,6)
-0.00031393060619450269977116207	(51,7)
-0.0004043472278759823029978067	(51,8)
-0.00049703745168217956057340782	(51,9)
-0.00058661600135953835427121924	(51,10)
-0.0006671075265860366411615784	(51,11)
-0.00073245237273256497724694895	(51,12)
-0.00077715164436280228659626966	(51,13)
-0.00079696307671419416960792237	(51,14)
-0.00078953087944319882604610732	(51,15)
-0.00075482701122355240958950212	(51,16)
-0.00069530318357213920842035011	(51,17)
-0.00061569983183702380256390046	(51,18)
-0.00052252070144376984183507476	(51,19)
-0.00042324542698077741804243959	(51,20)
-0.0003254029890869168241387411	(51,21)
-0.00023565530883853148911502487	(51,22)
-0.00015903774556893510722167793	(51,23)
-0.00009847381435130964604038975	(51,24)
-0.00005463226387376668680850905	(51,25)
-0.00002613596708845728537179539	(51,26)
-0.0000100746094270724318391853	(51,27)
-2.72619499020251533623317e-6	(51,28)
-3.625338767326521411994e-7	(51,29)
-4.53361585704533343356e-9	(51,30)
-1.98699037979951525900785e-6	(52,1)
-0.00001784877658308613256005988	(52,2)
-0.00004937137599781174959111793	(52,3)
-0.00009606528860609313712072643	(52,4)
-0.00015699214347556904527975748	(52,5)
-0.00023056117682859856716100984	(52,6)
-0.00031432617667880870654293655	(52,7)
-0.00040483731027990037529148241	(52,8)
-0.00049760594528192996290675477	(52,9)
-0.000587233065299105899995115	(52,10)
-0.00066773048165340327148269197	(52,11)
-0.00073302941381393857602311652	(52,12)
-0.00077762835538627537705930675	(52,13)
-0.00079729090295891616009320971	(52,14)
-0.00078967591609788944068496744	(52,15)
-0.00075477702139672851451594747	(52,16)
-0.00069507090365650468947605282	(52,17)
-0.00061532140649286533056779384	(52,18)
-0.00052204932219424044551756567	(52,19)
-0.00042274154831728052291453808	(52,20)
-0.00032492343871367592224409151	(52,21)
-0.0002352438853712733334821939	(52,22)
-0.0001587194270776340074068401	(52,23)
-0.00009825365007345952265205543	(52,24)
-0.0000544987276272425512998872	(52,25)
-0.0000260674017861108942641527	(52,26)
-0.00001004670096033795402659524	(52,27)
-2.71833742217005471391287e-6	(52,28)
-3.6146153929352241248915e-7	(52,29)
-4.52003315132182178258e-9	(52,30)
-1.98930371953885445746454e-6	(53,1)
-0.00001786955364754620342566233	(53,2)
-0.00004942878668027951976704557	(53,3)
-0.00009617661687862057637236995	(53,4)
-0.00015717265423283424895992553	(53,5)
-0.00023082231973053881419671778	(53,6)
-0.00031467320033517915860111094	(53,7)
-0.00040526661943987039522042704	(53,8)
-0.0004981028094768569974904061	(53,9)
-0.00058777048919316385939457251	(53,10)
-0.00066827005996028472944343492	(53,11)
-0.00073352472223706463819210703	(53,12)
-0.00077803085888813303540683654	(53,13)
-0.00079755760372398992907338514	(53,14)
-0.00078977724622946216727842234	(53,15)
-0.00075470309082089644540895282	(53,16)
-0.00069483435758364888033141263	(53,17)
-0.00061495586923798415120109322	(53,18)
-0.00052160352550395755187943014	(53,19)
-0.0004222704154667198279691194	(53,20)
-0.00032447823566886361554219705	(53,21)
-0.0002348637822086827157147327	(53,22)
-0.00015842637056570514514256941	(53,23)
-0.00009805148767868759039824268	(53,24)
-0.00005437635312557709668455004	(53,25)
-0.00002600466217936816014900027	(53,26)
-0.00001002119245087712944221552	(53,27)
-2.71116131276492534219593e-6	(53,28)
-3.604827075827560250275e-7	(53,29)
-4.50763797012068404564e-9	(53,30)
-1.99130934060432490288978e-6	(54,1)
-0.00001788756687788271826775266	(54,2)
-0.00004947855881797398770222831	(54,3)
-0.00009627312288493924716938907	(54,4)
-0.00015732909437909973738006245	(54,5)
-0.00023104853545475505556052386	(54,6)
-0.00031497357013565505306474103	(54,7)
-0.00040563773087223519550237594	(54,8)
-0.00049853144804195963088625029	(54,9)
-0.00058823266332338712991767435	(54,10)
-0.00066873179060471574728526226	(54,11)
-0.00073394508144444931930841133	(54,12)
-0.00077836723202583606462561388	(54,13)
-0.00079777247403522020543241285	(54,14)
-0.00078984516509815874681422097	(54,15)
-0.00075461615322355723216134907	(54,16)
-0.00069460464022432723379097947	(54,17)
-0.00061461394090179802130670418	(54,18)
-0.00052119314104090125590249602	(54,19)
-0.00042184054488557823428640185	(54,20)
-0.00032407431613788653366293708	(54,21)
-0.00023452027243212871830838464	(54,22)
-0.00015816228075124289633431136	(54,23)
-0.00009786969736419518112889149	(54,24)
-0.00005426649006105081991659063	(54,25)
-0.00002594840716781185195174618	(54,26)
-9.99834177214722255835353e-6	(54,27)
-2.70473719927315242331371e-6	(54,28)
-3.5960682662731945417451e-7	(54,29)
-4.49654882376722428793e-9	(54,30)
-1.99301577573478302898671e-6	(55,1)
-0.00001790289294513876526942249	(55,2)
-0.00004952090491882427693368698	(55,3)
-0.00009635522280039518862410421	(55,4)
-0.0001574621540973130222581896	(55,5)
-0.0002312408655013844216330188	(55,6)
-0.00031522876908432239278271302	(55,7)
-0.00040595267761384209899128442	(55,8)
-0.00049889457276098169602803267	(55,9)
-0.0005886231214676049893853981	(55,10)
-0.0006691201707779262925868077	(55,11)
-0.00073429606387374431821632518	(55,12)
-0.0007786441690432291526915646	(55,13)
-0.0007979432756428360603492684	(55,14)
-0.00078988832233561207678739567	(55,15)
-0.00075452543839021614728406298	(55,16)
-0.0006943911505518474897756781	(55,17)
-0.00061430472621268627434822151	(55,18)
-0.00052082653022146618300729732	(55,19)
-0.00042145918755736094299856859	(55,20)
-0.00032371758779498358106438197	(55,21)
-0.00023421784699193351121724688	(55,22)
-0.00015793031176142273528259705	(55,23)
-0.00009771029599523811126714502	(55,24)
-0.00005417028619998146129086549	(55,25)
-0.0000258991967106751288237685	(55,26)
-9.97836794387366481785008e-6	(55,27)
-2.69912496131491660024862e-6	(55,28)
-3.5884191153318789861901e-7	(55,29)
-4.48686626227070824417e-9	(55,30)
-1.994429532331748447097e-6	(56,1)
-0.00001791559032424156213682883	(56,2)
-0.00004955598710498227831263323	(56,3)
-0.00009642323442541735412944749	(56,4)
-0.0001575723615444483595413846	(56,5)
-0.00023140010992154452811134774	(56,6)
-0.0003154399430895741236008221	(56,7)
-0.00040621304304526635071323698	(56,8)
-0.00049919431578771235659087419	(56,9)
-0.00058894467090531605372965887	(56,10)
-0.0006694388100972452308133255	(56,11)
-0.00073458218516637324280995728	(56,12)
-0.00077886714025060688635923717	(56,13)
-0.00079807639558717880634431241	(56,14)
-0.00078991387534681981603336852	(56,15)
-0.00075443861643285909793799044	(56,16)
-0.0006942017237067642284464911	(56,17)
-0.00061403583143034970231352536	(56,18)
-0.00052051068789928471549541792	(56,19)
-0.00042113241386776865543697135	(56,20)
-0.00032341299766413683514215262	(56,21)
-0.00023396026612679935067134243	(56,22)
-0.00015773310354107182688630811	(56,23)
-0.00009757497074998861289955067	(56,24)
-0.00005408870110109063053369814	(56,25)
-0.00002585749865594742604787625	(56,26)
-9.96145385352561615904073e-6	(56,27)
-2.69437457646838321867433e-6	(56,28)
-3.5819464974204992682399e-7	(56,29)
-4.47867416543311340963e-9	(56,30)
-1.99555547755603724345316e-6	(57,1)
-0.00001792570275307472820942905	(57,2)
-0.00004958392667755663644554175	(57,3)
-0.00009647739577513892208820952	(57,4)
-0.00015766011315216357560121487	(57,5)
-0.00023152687160019163703222574	(57,6)
-0.0003156079608503560407584752	(57,7)
-0.00040642003709664576698447988	(57,8)
-0.00049943232176546513558039742	(57,9)
-0.00058919949881517135186667627	(57,10)
-0.00066969054848096600099957106	(57,11)
-0.00073480702981532066443470621	(57,12)
-0.00077904052125814248231037134	(57,13)
-0.00079817697483192335194822809	(57,14)
-0.00078992761358055755975474694	(57,15)
-0.00075436191461448098863250051	(57,16)
-0.00069404273802924752424627413	(57,17)
-0.00061381345988576614229198643	(57,18)
-0.00052025132522637295920708665	(57,19)
-0.00042086518304540338177342835	(57,20)
-0.00032316458788354106259531709	(57,21)
-0.00023375060180077901300845405	(57,22)
-0.00015757281202060765209291638	(57,23)
-0.0000974650987790822246133482	(57,24)
-0.0000540225175541301257245205	(57,25)
-0.00002582369444742760367082169	(57,26)
-9.9477485345069667036281e-6	(57,27)
-2.69052675357816362008189e-6	(57,28)
-3.5767048680134933091235e-7	(57,29)
-4.47204082536057266324e-9	(57,30)
-1.99639714831889356823124e-6	(58,1)
-0.00001793326201691573763032685	(58,2)
-0.00004960481181569844674642695	(58,3)
-0.0000965178800417397398639466	(58,4)
-0.00015772569801029299744099424	(58,5)
-0.00023162159187821070178377819	(58,6)
-0.0003157334620006997981188544	(58,7)
-0.00040657455745649400452241608	(58,8)
-0.00049960982172527658220451352	(58,9)
-0.00058938925749010406307753167	(58,10)
-0.00066987755037502204890168082	(58,11)
-0.00073497335139285438523857559	(58,12)
-0.00077916769584545086276298035	(58,13)
-0.00079824901046740830857918779	(58,14)
-0.00078993405714518859390260734	(58,15)
-0.00075430021002955882575637552	(58,16)
-0.00069391920004545921266324082	(58,17)
-0.00061364248799937229997932278	(58,18)
-0.00052005293578628424206514613	(58,19)
-0.00042066139879105647001597863	(58,20)
-0.00032297554055695537807786457	(58,21)
-0.00023359127196749836869713229	(58,22)
-0.00015745113355933374141962718	(58,23)
-0.00009738176318222473347439243	(58,24)
-0.00005397235089831278064162914	(58,25)
-0.00002579808378281682060489911	(58,26)
-9.93736902826553920411811e-6	(58,27)
-2.68761345091822100997924e-6	(58,28)
-3.572736965846474173021e-7	(58,29)
-4.46701983299393957057e-9	(58,30)
-1.99695699232003976413678e-6	(59,1)
-0.00001793829011350776628313614	(59,2)
-0.00004961870356297677302181061	(59,3)
-0.00009654480722745623727476633	(59,4)
-0.00015776931682144197621667173	(59,5)
-0.0002316845782345109136771358	(59,6)
-0.00031581689450333182485405491	(59,7)
-0.00040667723707479064806669698	(59,8)
-0.00049972769037464777973634949	(59,9)
-0.0005895151303071963438577291	(59,10)
-0.00067000137757753661310317472	(59,11)
-0.00073508314987043820721454582	(59,12)
-0.00077925113517350966084867647	(59,13)
-0.00079829543428460053544347756	(59,14)
-0.00078993653254612687044633796	(59,15)
-0.00075425710076950561750714648	(59,16)
-0.00069383480977993600851899015	(59,17)
-0.00061352652381163766808314696	(59,18)
-0.00051991884665367086098483896	(59,19)
-0.00042052395236859289713022906	(59,20)
-0.00032284821261582742364377962	(59,21)
-0.00023348406729113311313941887	(59,22)
-0.00015736932406378232771361559	(59,23)
-0.00009732576553542159243233198	(59,24)
-0.00005393865634355221524732304	(59,25)
-0.00002578088827914753432231624	(59,26)
-9.93040185126659269229537e-6	(59,27)
-2.6856582847309364534839e-6	(59,28)
-3.5700743668414365078676e-7	(59,29)
-4.46365077760967498478e-9	(59,30)
-1.99723654486022503601228e-6	(60,1)
-0.00001794080084123550295726046	(60,2)
-0.00004962564021856667591907098	(60,3)
-0.00009655825267722984500463754	(60,4)
-0.00015779109580198497400465121	(60,5)
-0.00023171602458233621882101299	(60,6)
-0.00031585854205459717713923709	(60,7)
-0.00040672847895451563869235846	(60,8)
-0.00049978648801888887561585928	(60,9)
-0.0005895778799464263858030273	(60,10)
-0.00067006304239520684196916146	(60,11)
-0.00073513772797141786149181185	(60,12)
-0.00077929245542957761471522599	(60,13)
-0.00079831816988207280149450191	(60,14)
-0.00078993722768593950190548756	(60,15)
-0.00075423495759650778218156847	(60,16)
-0.00069379200821458021722860782	(60,17)
-0.00061346794958208998670491876	(60,18)
-0.00051985125564096491680051888	(60,19)
-0.00042045475412355719116248021	(60,20)
-0.00032278416139050644427192776	(60,21)
-0.00023343017079815444340857145	(60,22)
-0.00015732821308111091826334282	(60,23)
-0.0000972976351437203197292433	(60,24)
-0.00005392173438647623735902411	(60,25)
-0.00002577225418760973712601054	(60,26)
-9.92690408247956554459893e-6	(60,27)
-2.68467683226902573391823e-6	(60,28)
-3.5687378951505515637536e-7	(60,29)
-4.46195976598551718306e-9	(60,30)