kuu2311_(sigma,mu)
1.14288691821207466689e-9	(1,1)
1.026681116161616623017e-8	(1,2)
2.840760984505391892054e-8	(1,3)
5.532893087376928947798e-8	(1,4)
9.062420584051205654935e-8	(1,5)
1.3366384332546171580126e-7	(1,6)
1.8353969327965388861909e-7	(1,7)
2.3901727013948575381035e-7	(1,8)
2.9850629958734971949034e-7	(1,9)
3.6005894056384402086225e-7	(1,10)
4.214026238176868603808e-7	(1,11)
4.8001106398510303067422e-7	(1,12)
5.3321297515320734808872e-7	(1,13)
5.7833375708858673792104e-7	(1,14)
6.1286136318238178445663e-7	(1,15)
6.3462414502711362507045e-7	(1,16)
6.4196607271246445901475e-7	(1,17)
6.3390364244966229182833e-7	(1,18)
6.1024916924245980520126e-7	(1,19)
5.7168704570136303797272e-7	(1,20)
5.1979280587474790909369e-7	(1,21)
4.5698920505779607712128e-7	(1,22)
3.864386385232557270381e-7	(1,23)
3.118766195660525127353e-7	(1,24)
2.3739622819431241773308e-7	(1,25)
1.6719794328762520878801e-7	(1,26)
1.0532265533687994724686e-7	(1,27)
5.538759274674183839494e-8	(1,28)
2.034517982308212242968e-8	(1,29)
2.28342598155304478683e-9	(1,30)
1.033777217620929711269e-8	(2,1)
9.286654092281151702049e-8	(2,2)
2.569557791494517325223e-7	(2,3)
5.004676073121979774565e-7	(2,4)
8.1972448492880396421672e-7	(2,5)
1.20903155677249153851314e-6	(2,6)
1.66017431517164842197347e-6	(2,7)
2.16198644266335205726224e-6	(2,8)
2.70008339817518256941019e-6	(2,9)
3.25684633512325965835565e-6	(2,10)
3.81171913764915819572463e-6	(2,11)
4.34185074909188437079435e-6	(2,12)
4.82307854081585299204285e-6	(2,13)
5.23120991122505920909516e-6	(2,14)
5.54352261568859168310574e-6	(2,15)
5.74037342801586109226716e-6	(2,16)
5.80678306314552030192507e-6	(2,17)
5.73385545429799476011472e-6	(2,18)
5.51989297058078252856632e-6	(2,19)
5.17108619712014100873103e-6	(2,20)
4.7016863677432983915915e-6	(2,21)
4.13360808740115831235856e-6	(2,22)
3.4954562211388469307316e-6	(2,23)
2.82101964797672878259345e-6	(2,24)
2.14732153150382514990993e-6	(2,25)
1.51235647595355473419125e-6	(2,26)
9.5267554803205080022167e-7	(2,27)
5.0099765479783214487781e-7	(2,28)
1.8402834669163644368839e-7	(2,29)
2.065428305146652138516e-8	(2,30)
2.900514762538557254219e-8	(3,1)
2.6055978814471157767476e-7	(3,2)
7.2095226739072923292591e-7	(3,3)
1.40418423397258289260137e-6	(3,4)
2.2999374264950469249268e-6	(3,5)
3.39223348814311176129148e-6	(3,6)
4.65802452485610192949412e-6	(3,7)
6.06598057521317646442699e-6	(3,8)
7.57574212150290390628914e-6	(3,9)
9.13787497864027754538021e-6	(3,10)
0.00001069470372499733545316489	(3,11)
0.00001218211394715949563735385	(3,12)
0.00001353231136568832334911119	(3,13)
0.00001467741772114695949066698	(3,14)
0.00001555368035686555914746099	(3,15)
0.00001610598573602990962566013	(3,16)
0.00001629230632831376694025791	(3,17)
0.00001608768270591641826746136	(3,18)
0.00001548735249370152817321263	(3,19)
0.00001450868562334406509925917	(3,20)
0.00001319166802724980764418067	(3,21)
0.00001159778687219216506494197	(3,22)
9.80730017145494133865234e-6	(3,23)
7.91501059389521376168281e-6	(3,24)
6.02479502287569815488338e-6	(3,25)
4.24325565158848845110923e-6	(3,26)
2.67294427980647120513813e-6	(3,27)
1.40566059631663786500295e-6	(3,28)
5.1633245926855245593992e-7	(3,29)
5.795018010576765554349e-8	(3,30)
5.770474934084471206868e-8	(4,1)
5.1837478790982730703736e-7	(4,2)
1.43430987151577715208384e-6	(4,3)
2.79357643615118925530278e-6	(4,4)
4.5756465090317431757005e-6	(4,5)
6.74873138522297264433369e-6	(4,6)
9.26697752288394909849193e-6	(4,7)
0.00001206805421071837543753149	(4,8)
0.00001507166646547381084599759	(4,9)
0.0000181794653537447555829434	(4,10)
0.00002127670622318748910672405	(4,11)
0.00002423583443440265794056575	(4,12)
0.0000269219748324287223641457	(4,13)
0.00002920008594067660033475085	(4,14)
0.00003094333504266804869687923	(4,15)
0.00003204207782504632985821947	(4,16)
0.00003241270529664120997210747	(4,17)
0.00003200556581844735986805832	(4,18)
0.00003081118961876635610758379	(4,19)
0.00002886413831542853694150561	(4,20)
0.00002624396650857405515793418	(4,21)
0.00002307300329885537799858768	(4,22)
0.00001951091971173654627898416	(4,23)
0.00001574632051716867515315081	(4,24)
0.00001198586098408196410867593	(4,25)
8.44161632220525032114304e-6	(4,26)
5.31760235439441497111412e-6	(4,27)
2.79644362251868922832238e-6	(4,28)
1.02719946140687167600339e-6	(4,29)
1.1528691619895035851658e-7	(4,30)
9.727839298150299428993e-8	(5,1)
8.7387375895900494007475e-7	(5,2)
2.41795274211882438614955e-6	(5,3)
4.70939760471380627151742e-6	(5,4)
7.71360182110329619564858e-6	(5,5)
0.00001137697492697372911275804	(5,6)
0.00001562221510471367635311618	(5,7)
0.00002034424230698460564871789	(5,8)
0.00002540769131095274517822155	(5,9)
0.00003064676080860262777526785	(5,10)
0.00003586800942910343746413198	(5,11)
0.00004085640144015755746151866	(5,12)
0.00004538456199007690387318117	(5,13)
0.00004922483879571331857473357	(5,14)
0.00005216342183708500133707309	(5,15)
0.00005401548180451118858191318	(5,16)
0.00005464008415418865459164737	(5,17)
0.00005395354319059455837642602	(5,18)
0.00005193991366283996619489186	(5,19)
0.00004865747792155407613176551	(5,20)
0.00004424036422638458394711071	(5,21)
0.00003889480412835818836288166	(5,22)
0.00003288997205662442916366688	(5,23)
0.00002654380960269874107145785	(5,24)
0.0000202046786360159467101585	(5,25)
0.00001423007022064975745220766	(5,26)
8.96388397949750709650788e-6	(5,27)
4.71395694733843637034733e-6	(5,28)
1.73154492468234956721204e-6	(5,29)
1.9433844251036800482404e-7	(5,30)
1.4883015000562879518169e-7	(6,1)
1.33697482127337993685744e-6	(6,2)
3.69932362421985224665116e-6	(6,3)
7.20509705500119540159833e-6	(6,4)
0.00001180134753030247919750294	(6,5)
0.00001740608126724640459773129	(6,6)
0.00002390102483501257345757646	(6,7)
0.00003112540255562444552286968	(6,8)
0.00003887210103968108559461081	(6,9)
0.00004688743909286811120564157	(6,10)
0.00005487544717489019157076531	(6,11)
0.00006250711957457956270979837	(6,12)
0.00006943457765179540702987289	(6,13)
0.0000753095269635931951480631	(6,14)
0.00007980486254856840135956854	(6,15)
0.00008263783162867153164833799	(6,16)
0.00008359285111210587165705786	(6,17)
0.00008254193608785056333858457	(6,18)
0.00007946074647452729312395015	(6,19)
0.00007443850510140231677236271	(6,20)
0.00006768046559333270331039408	(6,21)
0.00005950217844680794656958159	(6,22)
0.00005031546969205054194463178	(6,23)
0.00004060674924657073847858145	(6,24)
0.00003090894139131570109486162	(6,25)
0.00002176891493491060326305264	(6,26)
0.00001371273005161051887278925	(6,27)
7.21126959229019783549435e-6	(6,28)
2.64885878689865505757997e-6	(6,29)
2.9729199414794347068073e-7	(6,30)
2.1367031645002241218555e-7	(7,1)
1.91944865377340247829934e-6	(7,2)
5.31099111897917522792651e-6	(7,3)
0.00001034410727840598263615545	(7,4)
0.00001694277809901318120066507	(7,5)
0.00002498927931688879576080977	(7,6)
0.00003431379472539292723153755	(7,7)
0.00004468548134569826568096175	(7,8)
0.00005580696301599539919008403	(7,9)
0.00006731400196365414149286234	(7,10)
0.00007878164681572190335005396	(7,11)
0.0000897375219449433871808747	(7,12)
0.00009968216906206403894471035	(7,13)
0.00010811555384642309220528883	(7,14)
0.00011456809114198895168833343	(7,15)
0.00011863390314876334027037793	(7,16)
0.00012000357744479504116024178	(7,17)
0.00011849348952688625591277081	(7,18)
0.00011406882865394707927519807	(7,19)
0.00010685782024932439155799804	(7,20)
0.00009715524954497350253545397	(7,21)
0.00008541421038651727660294987	(7,22)
0.0000722259596917610941517391	(7,23)
0.00005828876669718480252213136	(7,24)
0.00004436761480186386925635665	(7,25)
0.00003124745246817359513109575	(7,26)
0.00001968331878850072176759335	(7,27)
0.00001035102771819660655461173	(7,28)
3.80214549129176145667557e-6	(7,29)
4.2672906035518028311494e-7	(7,30)
2.9321061018653469399078e-7	(8,1)
2.63397702620792515357461e-6	(8,2)
7.28804467534234881849593e-6	(8,3)
0.00001419477005496549026852847	(8,4)
0.00002324982705628907936495217	(8,5)
0.00003429164957682825447273032	(8,6)
0.00004708717428160604352596512	(8,7)
0.00006131957707076358481614479	(8,8)
0.00007658071693903021361662474	(8,9)
0.00009237068931133760824901263	(8,10)
0.00010810627141229962646827807	(8,11)
0.00012313917197125642336882358	(8,12)
0.00013678396178413826981086299	(8,13)
0.00014835446525184304124771494	(8,14)
0.00015720635015435303673640254	(8,15)
0.00016278277548308269501762927	(8,16)
0.00016465934326577585470651528	(8,17)
0.00016258432409903173311745025	(8,18)
0.00015651022971432375960525509	(8,19)
0.00014661329471780964077208514	(8,20)
0.00013329827106488444118195131	(8,21)
0.00011718706489358820386860048	(8,22)
0.00009909105886348937953718269	(8,23)
0.00007996834680597728826075658	(8,24)
0.00006086843493506003540190517	(8,25)
0.00004286811174767703913459144	(8,26)
0.00002700304849898280218419397	(8,27)
0.00001420018038144030930165881	(8,28)
5.21598504485420756203339e-6	(8,29)
5.8540767860326602530701e-7	(8,30)
3.8880616959852466144645e-7	(9,1)
3.49273343619680349240634e-6	(9,2)
9.66416727732772937203483e-6	(9,3)
0.00001882268714106890629533536	(9,4)
0.00003082993743989209945696359	(9,5)
0.00004547164226184870954723381	(9,6)
0.00006243869226677187349895796	(9,7)
0.00008131087785570451513353195	(9,8)
0.00010154686963645608486766314	(9,9)
0.00012248363375536486206909825	(9,10)
0.00014334764722733916417655422	(9,11)
0.0001632791227973000422178601	(9,12)
0.00018136907727322792916544501	(9,13)
0.00019670762117923965077835485	(9,14)
0.00020844046290701669145134562	(9,15)
0.00021582945622240156901935964	(9,16)
0.00021831220657233391322468648	(9,17)
0.00021555538759836116949147674	(9,18)
0.00020749656031595469417086057	(9,19)
0.00019436994012228979191603793	(9,20)
0.00017671267705922615117781291	(9,21)
0.00015534971146739130124379222	(9,22)
0.00013135701055202331726111421	(9,23)
0.00010600482528112036377365588	(9,24)
0.00008068436379978333609675172	(9,25)
0.00005682279405827920539585811	(9,26)
0.00003579262160854462273386861	(9,27)
0.00001882212922059473026222026	(9,28)
6.91364785210053203178548e-6	(9,29)
7.7593853143869461836726e-7	(9,30)
5.015511037858216253322e-7	(10,1)
4.50554648952521594065945e-6	(10,2)
0.00001246655361521378381855701	(10,3)
0.0000242808223709715933985931	(10,4)
0.00003976984939702167229476587	(10,5)
0.00005865716394993760040756817	(10,6)
0.00008054391727303738847583971	(10,7)
0.00010488789004611892146359872	(10,8)
0.00013099056766003263890999053	(10,9)
0.00015799639926396882252413836	(10,10)
0.00018490729399448428815049375	(10,11)
0.00021061391429334770079015536	(10,12)
0.00023394354805703229575664743	(10,13)
0.00025372245915901989526178863	(10,14)
0.0002688488265574019817635495	(10,15)
0.00027837087884341872679117474	(10,16)
0.00028156378289504892932528956	(10,17)
0.00027799837959372383024699764	(10,18)
0.00026759504788841649437922096	(10,19)
0.0002506568283205748731123991	(10,20)
0.00022787739007561998908238048	(10,21)
0.0002003213624385118284093534	(10,22)
0.00016937680323935528881541979	(10,23)
0.00013668194102314737055118276	(10,24)
0.00010403058782606377668551153	(10,25)
0.00007326256596298237532706754	(10,26)
0.00004614694229985496006541184	(10,27)
0.00002426667830890355711563344	(10,28)
8.91340192978135473254659e-6	(10,29)
1.00037042543546805081982e-6	(10,30)
6.3204724539153529185832e-7	(11,1)
5.67782255432291972622353e-6	(11,2)
0.00001571016219754663600116686	(11,3)
0.00003059830657969711516623067	(11,4)
0.00005011726345814379474450768	(11,5)
0.00007391853197215624014876846	(11,6)
0.00010149931945726243600009589	(11,7)
0.00013217607286879349972703948	(11,8)
0.00016506819164738890326328499	(11,9)
0.00019909711544152544505549783	(11,10)
0.0002330046384949820558911983	(11,11)
0.00026539241587546816464353989	(11,12)
0.00029478237994640375890809415	(11,13)
0.00031969540728942503474123008	(11,14)
0.00033874331633168933914794284	(11,15)
0.00035072737915711869456377613	(11,16)
0.00035473521184781998660479061	(11,17)
0.00035022732714733112223975805	(11,18)
0.00033710488088228986289699585	(11,19)
0.00031575122722969240116643775	(11,20)
0.00028704174156361066690705813	(11,21)
0.00025231882017199932157810537	(11,22)
0.00021333180815619993043110125	(11,23)
0.00017214458355409842903633376	(11,24)
0.00013101636414548371281618384	(11,25)
0.00009226374062084993753530749	(11,26)
0.00005811374809524510799902036	(11,27)
0.00003055879598808823512796914	(11,28)
0.00001122438465370911423387296	(11,29)
1.25972694808262281173772e-6	(11,30)
7.8017855622787887330083e-7	(12,1)
7.00851919676598459614449e-6	(12,2)
0.00001939210799388531447720834	(12,3)
0.0000377695163697535027048402	(12,4)
0.00006186295285203578778586159	(12,5)
0.00009124209252304803739929147	(12,6)
0.00012528604691558919103065903	(12,7)
0.00016315067067314383784156184	(12,8)
0.00020374845789545123982511454	(12,9)
0.00024574744872684203423815557	(12,10)
0.00028759390673073356332263993	(12,11)
0.00032756119187905796597162507	(12,12)
0.00036382447157007928552619458	(12,13)
0.00039455796697993588022680974	(12,14)
0.00041804863473934565989256748	(12,15)
0.0004328178391829202060739213	(12,16)
0.00043774094486787196441638045	(12,17)
0.00043215405209174092523713583	(12,18)
0.00041593741954415130548351948	(12,19)
0.00038956647517981258321529575	(12,20)
0.00035412361135478430338474507	(12,21)
0.00031126700001582231134635825	(12,22)
0.00026315617851677601333670954	(12,23)
0.00021233782707536107727708264	(12,24)
0.00016159864760365662339435797	(12,25)
0.00011379523812545082882991952	(12,26)
0.00007167306019875720243265764	(12,27)
0.00003768781260234820238808883	(12,28)
0.00001384263595742958664798791	(12,29)
1.55356132108979348179742e-6	(12,30)
9.4493324998128902117538e-7	(13,1)
8.48854727135217412676945e-6	(13,2)
0.00002348724116121020591139445	(13,3)
0.00004574546313889195890856236	(13,4)
0.00007492666040049148155873197	(13,5)
0.00011050942231388408906360757	(13,6)
0.00015174137267772906089959885	(13,7)
0.00019759954153867820487660416	(13,8)
0.00024676601712555885631799269	(13,9)
0.00029762666870364173858372088	(13,10)
0.00034829871483838914594970434	(13,11)
0.0003966900726086366917567925	(13,12)
0.00044059004022372677874127091	(13,13)
0.00047778728469252497593842164	(13,14)
0.00050620770706369285970216874	(13,15)
0.00052406191295561053817860978	(13,16)
0.00052999005127993639328344252	(13,17)
0.00052319094177752884046154035	(13,18)
0.00050352282397345456517587266	(13,19)
0.00047156473153435976403988059	(13,20)
0.0004286303032526905425953177	(13,21)
0.00037672954485907863793823283	(13,22)
0.0003184783223739645107485393	(13,23)
0.00025695980744270894530705761	(13,24)
0.00019554629895038850032525535	(13,25)
0.00013769342543885117620947378	(13,26)
0.00008672135978266850135855672	(13,27)
0.00004559910937687031720794812	(13,28)
0.00001674804805141704405007521	(13,29)
1.87961420197682410861045e-6	(13,30)
1.12431766322706316917817e-6	(14,1)
0.00001009999720794215293174311	(14,2)
0.00002794600628857390489906438	(14,3)
0.00005442962394347552717271707	(14,4)
0.00008915027120855428659710982	(14,5)
0.00013148726269376317849639709	(14,6)
0.00018054488172349552708016643	(14,7)
0.00023510518686446948760398946	(14,8)
0.0002935990431056832671352625	(14,9)
0.00035410466727651273174126468	(14,10)
0.00041438057027823484539767228	(14,11)
0.00047193638704176341122807022	(14,12)
0.00052414104175789901295348095	(14,13)
0.00056836341639382611550376821	(14,14)
0.00060213663085328451349018833	(14,15)
0.00062333365159373719816852391	(14,16)
0.00063033961331700386178731414	(14,17)
0.0006222052555027440058075421	(14,18)
0.00059876639708042231770892452	(14,19)
0.00056071639956144871285014418	(14,20)
0.00050962194707352112791650918	(14,21)
0.00044787690682215033399759674	(14,22)
0.00037859412278117407615983636	(14,23)
0.00030544026975734174884919537	(14,24)
0.00023242386702857083854929718	(14,25)
0.00016365076319999434696278041	(14,26)
0.00010306447260116942842461587	(14,27)
0.00005419039135001702184771196	(14,28)
0.00001990300009548147428303684	(14,29)
2.23366065890656151908299e-6	(14,30)
1.31539588890809494289344e-6	(15,1)
0.00001181649505166640028781917	(15,2)
0.00003269542760058797335774574	(15,3)
0.00006367986075986895796004582	(15,4)
0.00010430095776233870766568451	(15,5)
0.00015383216264091108245852202	(15,6)
0.00021122485613801542694572365	(15,7)
0.00027505308576091643707661606	(15,8)
0.00034347967571752087715343443	(15,9)
0.00041425461125969725193808722	(15,10)
0.00048475376537327587165688477	(15,11)
0.00055206204942604758285027586	(15,12)
0.0006131003149493126834009026	(15,13)
0.00066479030180906253280074862	(15,14)
0.00070424715829818014228525716	(15,15)
0.00072898508198358343506657217	(15,16)
0.00073711890915315911033406421	(15,17)
0.00072754335655157347288914223	(15,18)
0.00070007227079391829869505893	(15,19)
0.00065552266309726175435868096	(15,20)
0.00059573230925623819022297423	(15,21)
0.00052350492186502179219558554	(15,22)
0.00044248287257777715815163925	(15,23)
0.00035695360171139914250847833	(15,24)
0.00027160162989376846942784257	(15,25)
0.00019122295212952708080752509	(15,26)
0.00012042210987896386964554102	(15,27)
0.00006331409132880925556136186	(15,28)
0.0000232532452333102376484522	(15,29)
2.60960995426458207078487e-6	(15,30)
1.51446605873834744059716e-6	(16,1)
0.00001360478605026593599956955	(16,2)
0.00003764349069305290682177177	(16,3)
0.00007331695502110715858493323	(16,4)
0.0001200851599907690772826246	(16,5)
0.00017711110164210053137032524	(16,6)
0.00024318660097245769113869049	(16,7)
0.0003166685981075016707067122	(16,8)
0.00039544013611608292460168359	(16,9)
0.0004769086112313379081980293	(16,10)
0.00055805059840676721392093392	(16,11)
0.000635507948123454410020487	(16,12)
0.00070573434577872904100541849	(16,13)
0.00076518569944566537299814175	(16,14)
0.0008105422045266952329459923	(16,15)
0.00083894534423075543980510636	(16,16)
0.00084822996190985838810971902	(16,17)
0.00083713028014227578858278915	(16,18)
0.00080543954507055564801601232	(16,19)
0.0007541058282225438469584339	(16,20)
0.00068525118983047611163384778	(16,21)
0.00060210747429013366860821132	(16,22)
0.00050886890347421429098922852	(16,23)
0.00041046871046355357440637643	(16,24)
0.00031229365701088419451118736	(16,25)
0.00021985580000985324674554231	(16,26)
0.0001384448240518219405618912	(16,27)
0.00007278629949677965342241086	(16,28)
0.00002673119387015054584429316	(16,29)
2.99987422418700743463654e-6	(16,30)
1.71735276642029999467707e-6	(17,1)
0.00001542736155906685848875364	(17,2)
0.00004268641103350962349693208	(17,3)
0.00008313876447046909910303471	(17,4)
0.00013617177355020099780324419	(17,5)
0.00020083569214162942206851423	(17,6)
0.00027575941253684623476282476	(17,7)
0.00035907813649430511080473193	(17,8)
0.00044838913589812031494774415	(17,9)
0.00054074990632010226159705549	(17,10)
0.00063272929432998243874758119	(17,11)
0.00072051691918845214975943124	(17,12)
0.00080008992934559135304339779	(17,13)
0.0008674294882127791277016226	(17,14)
0.00091877309536159115951079872	(17,15)
0.00095088363127802875734700541	(17,16)
0.0009613124851594815581060372	(17,17)
0.00094863273672811393197177897	(17,18)
0.00091261934089555120216496169	(17,19)
0.00085435658091650560802699366	(17,20)
0.00077625843242108053175530875	(17,21)
0.00068199441980517036863490931	(17,22)
0.00057632139017537699747727784	(17,23)
0.0004648296357609258304007674	(17,24)
0.00035361921686476770907871813	(17,25)
0.00024892849959978621190831815	(17,26)
0.00015674128583068864542869287	(17,27)
0.00008240111418330320880870667	(17,28)
0.00003026118660285033073120003	(17,29)
3.39596037030837571626145e-6	(17,30)
1.91976587508976471578956e-6	(18,1)
0.00001724568228866041403060652	(18,2)
0.00004771755247045578415124985	(18,3)
0.00009293759349392745540553944	(18,4)
0.00015222060073164929668776083	(18,5)
0.00022450414175425760240912244	(18,6)
0.00030825419690583493731789654	(18,7)
0.00040138419749431928967184248	(18,8)
0.00050120557709747991429998471	(18,9)
0.00060442587589841382995110241	(18,10)
0.00070720625618659465925101507	(18,11)
0.00080528437123327245140657753	(18,12)
0.00089416146264682271981884742	(18,13)
0.00096934508324816366624875201	(18,14)
0.00102663177421092419829724742	(18,15)
0.00106240817589655294382975546	(18,16)
0.0010739451230926371571663501	(18,17)
0.00105965777437106673223144836	(18,18)
0.00101930599990417934542355731	(18,19)
0.00095411305828757434417631231	(18,20)
0.0008667866993662424596500395	(18,21)
0.00076143465894675231008245249	(18,22)
0.00064337530875363209817100275	(18,23)
0.00051885314986394070197500577	(18,24)
0.00039467705529447812709131347	(18,25)
0.00027780593475778313071706686	(18,26)
0.00017491122917281682416643317	(18,27)
0.00009194796548365860213635034	(18,28)
0.00003376585719224828757457615	(18,29)
3.78918418035798303085699e-6	(18,30)
2.11766020928751389421171e-6	(19,1)
0.00001902340949708240836580328	(19,2)
0.00005263636769827521776070693	(19,3)
0.00010251760605093748795834369	(19,4)
0.00016791087052210985867425391	(19,5)
0.00024764331574744372873029908	(19,6)
0.00034002122214614889380702796	(19,7)
0.00044274055919447950789993316	(19,8)
0.0005528324457625027050035567	(19,9)
0.00066666126181937476913348743	(19,10)
0.0007799885281317976149471378	(19,11)
0.00088810910177466725020013509	(19,12)
0.00098605838348251204910158672	(19,13)
0.00106888092531959123540248428	(19,14)
0.00113194298378395470457569942	(19,15)
0.00117126509205218085669874963	(19,16)
0.00118384641097129200087714943	(19,17)
0.00116795102478573211873746284	(19,18)
0.0011233277415861865108891281	(19,19)
0.0010513392752159355232291354	(19,20)
0.00095498353581584246196567853	(19,21)
0.00083879847716006040653391231	(19,22)
0.00070865168681462490443355557	(19,23)
0.00057142571927957913737455723	(19,24)
0.00043461914194082678206529809	(19,25)
0.00030589058353720143549170295	(19,26)
0.000192578127471243914211022	(19,27)
0.00010122879146991300881785181	(19,28)
0.00003717243987178881919294133	(19,29)
4.17137811513709956947894e-6	(19,30)
2.30753443463841239700175e-6	(20,1)
0.00002072908989089837808275095	(20,2)
0.00005735582715949792628044008	(20,3)
0.00011170929450132848562227084	(20,4)
0.00018296493622803359351014897	(20,5)
0.0002698436861237244872878661	(20,6)
0.00037049810128799327998756508	(20,7)
0.00048241475351775861750027792	(20,8)
0.00060235480770647180729268281	(20,9)
0.00072635220578164677332556011	(20,10)
0.00084978379156939473771010777	(20,11)
0.00096751850288065572284490016	(20,12)
0.00107414413441094846971131744	(20,13)
0.00116426105296786934554561494	(20,14)
0.00123282364500382313097900638	(20,15)
0.00127550320263714087815277058	(20,16)
0.00128904127755509743283502639	(20,17)
0.00127156087030615524340588374	(20,18)
0.00122280445875721253047035687	(20,19)
0.00114427271350616570781567268	(20,20)
0.00103924534769480824748968281	(20,21)
0.00091267515076202100591439937	(20,22)
0.00077095690428477462738677169	(20,23)
0.00062158353369473796158140993	(20,24)
0.00047271151000508444500264911	(20,25)
0.00033266532021389760625404026	(20,26)
0.00020941613100993108916185024	(20,27)
0.00011007219416185641090587487	(20,28)
0.00004041796666778224445319319	(20,29)
4.53547448366827437372129e-6	(20,30)
2.48662813631042860169868e-6	(21,1)
0.00002233792602333561463761599	(21,2)
0.00006180731758308073772500827	(21,3)
0.00012037902013828923869414734	(21,4)
0.00019716390113157513644870657	(21,5)
0.00029078237563739691189520348	(21,6)
0.00039924142901729510674927924	(21,7)
0.00051982925352990414828006583	(21,8)
0.00064905122548029579260717523	(21,9)
0.00078262823363339565579782035	(21,10)
0.00091557285689765739635196793	(21,11)
0.00104235105998888056412951568	(21,12)
0.00115712770483402400216504691	(21,13)
0.00125408426334745147429404871	(21,14)
0.00132778778374237748071361792	(21,15)
0.00137358251443505105682892378	(21,16)
0.00138797057937691018413818131	(21,17)
0.00136894639682881534203367023	(21,18)
0.00131625143569564033818525679	(21,19)
0.00123152128843007395731182675	(21,20)
0.00111830538655205660314201333	(21,21)
0.00098195014648415254815154109	(21,22)
0.00082934784978010112829481627	(21,23)
0.00066856499662994348143086826	(21,24)
0.00050837414670997833538319718	(21,25)
0.00035772147039554625275274655	(21,26)
0.0002251677189207743026365692	(21,27)
0.00011834271401533812884834127	(21,28)
0.00004345267203959623620128961	(21,29)
4.87588744120700170363704e-6	(21,30)
2.65300437573906201307291e-6	(22,1)
0.00002383251791884058871172863	(22,2)
0.0000659426939909857564105869	(22,3)
0.00012843300970779068232571956	(22,4)
0.00021035416395973832281792015	(22,5)
0.00031023281047383919574895039	(22,6)
0.00042594003300405235772162006	(22,7)
0.00055457872384284516261113393	(22,8)
0.00069241529096153950992054761	(22,9)
0.00083487820968610261169080813	(22,10)
0.00097664001199137100863969911	(22,11)
0.00111179088204135700273138479	(22,12)
0.00123410193594291001891498602	(22,13)
0.00133736559232983733027103726	(22,14)
0.00141579040762586148272738015	(22,15)
0.00146441956146232860229958785	(22,16)
0.00147953686833481674132522808	(22,17)
0.00145902248158064637883830503	(22,18)
0.00140262264844859008927453099	(22,19)
0.00131210381280024616467556933	(22,20)
0.00119127044989452770093514337	(22,21)
0.00104583730975019182698832071	(22,22)
0.00088315907689995934783041616	(22,23)
0.00071183259494944630712055452	(22,24)
0.00054119760772566215222488754	(22,25)
0.00038077049271946213950396931	(22,26)
0.00023965104746176985336192339	(22,27)
0.00012594469007605132712498067	(22,28)
0.00004624140975864708982181255	(22,29)
5.18867195213587404373932e-6	(22,30)
2.8055302950166960633442e-6	(23,1)
0.00002520268883798894289477541	(23,2)
0.00006973379760192132608541236	(23,3)
0.00013581641644624690884773148	(23,4)
0.00022244588096776700192777984	(23,5)
0.00032806245201206104663772526	(23,6)
0.00045041185945637317244455762	(23,7)
0.0005864259651293677540854722	(23,8)
0.00073215056114171902398369031	(23,9)
0.00088274422934979389003337503	(23,10)
0.00103256587608330953708115845	(23,11)
0.00117535956417108762884939535	(23,12)
0.00130453448538545167596529206	(23,13)
0.00141352651993602036400018436	(23,14)
0.00149621713372184329213689756	(23,15)
0.00154737667309390587096956882	(23,16)
0.00156309354607828738370181014	(23,17)
0.00154114909547519580343568329	(23,18)
0.00148130047895609605995359931	(23,19)
0.00138544037378136870518885979	(23,20)
0.00125761214363473537562806226	(23,21)
0.00110387119363058555236809643	(23,22)
0.00093199632642041725179933151	(23,23)
0.00075106767780343695925152073	(23,24)
0.00057093904776241723516202482	(23,25)
0.00040164118616032042860627071	(23,26)
0.00025275819236996854239340284	(23,27)
0.00013282133628664523533190933	(23,28)
0.00004876331377036479172338474	(23,29)
5.47148573592302647676887e-6	(23,30)
2.94378387835825730092388e-6	(24,1)
0.00002644464769572070827999395	(24,2)
0.00007317013831548456946729621	(24,3)
0.00014250880642259376272862296	(24,4)
0.00023340557339726416744088454	(24,5)
0.00034422189465918967316139717	(24,6)
0.00047258900580217695906908804	(24,7)
0.00061528242853416177991320921	(24,8)
0.00076814623316375128459031069	(24,9)
0.00092609229531915354236179945	(24,10)
0.00108319310587320481699505494	(24,11)
0.00123287716112396381440271827	(24,12)
0.00136822452490728151318474574	(24,13)
0.00148234806732418576011823167	(24,14)
0.00156883456283688357528707103	(24,15)
0.00162221067623704290816568923	(24,16)
0.00163839307271200701957275808	(24,17)
0.00161508026822890340802409856	(24,18)
0.00155204669169076845280447838	(24,19)
0.00145130651047024739018231726	(24,20)
0.00131712531336006942615254628	(24,21)
0.00115587059394991268605922122	(24,22)
0.00097570575677242407793292587	(24,23)
0.00078614567354032357805335013	(24,24)
0.00059750339010683399864040356	(24,25)
0.00042026644863308080398725893	(24,26)
0.00026444681862056171890017428	(24,27)
0.00013895036514297681684007673	(24,28)
0.00005101019175686184269395996	(24,29)
5.7234090320867890391898e-6	(24,30)
3.06791945017977677810705e-6	(25,1)
0.00002755978080181885048063486	(25,2)
0.00007625555156517630260435544	(25,3)
0.00014851764734518136238315643	(25,4)
0.00024324546338523634787854703	(25,5)
0.00035872913909049995885779511	(25,6)
0.00049249613009583656218701559	(25,7)
0.00064118010798081019610247767	(25,8)
0.00080044205691144933532540105	(25,9)
0.0009649700212109592162122818	(25,10)
0.00112857693274895855576949202	(25,11)
0.00128440590166487889580597593	(25,12)
0.00142524029219177462746237188	(25,13)
0.00154390316090323820987431212	(25,14)
0.00163371872293546984742207465	(25,15)
0.00168899893348883667680958245	(25,16)
0.00170551229920593156056124492	(25,17)
0.00168089051659803390453241444	(25,18)
0.00161493176626855485953559903	(25,19)
0.00150976716431420754600248879	(25,20)
0.00136986812878092335298887292	(25,21)
0.00120188599195647243263599967	(25,22)
0.00101432959653253064954333718	(25,23)
0.00081710037080977796756097145	(25,24)
0.00062091618717387568143856627	(25,25)
0.00043666419281357403042229667	(25,26)
0.00027472817442702000025073272	(25,27)
0.00014433768024368000690306406	(25,28)
0.00005298420983456880187576484	(25,29)
5.94468483316872932689595e-6	(25,30)
3.17852060727030696926055e-6	(26,1)
0.00002855333071915369016595039	(26,2)
0.00007900454283613676906077658	(26,3)
0.00015387118905608683219000202	(26,4)
0.0002520118135697865398922727	(26,5)
0.00037165239619096810807513498	(26,6)
0.00051022684326294268158339241	(26,7)
0.00066424080638334799769872442	(26,8)
0.00082918996927791502505406462	(26,9)
0.00099956038311204145668892575	(26,10)
0.00116893107791427129107394994	(26,11)
0.00133018864266027223002192959	(26,12)
0.00147585080535417641300112578	(26,13)
0.0015984826725099534438279158	(26,14)
0.00169117681960894901949969096	(26,15)
0.00174805846002265400489885303	(26,16)
0.00176477080813109936791631699	(26,17)
0.00173889437819025817603224534	(26,18)
0.00167025760158612706378591785	(26,19)
0.0015611044274114573553429825	(26,20)
0.00141609653509992333282240059	(26,21)
0.00124214204905723711540839037	(26,22)
0.00104805761597115751791064655	(26,23)
0.00084408482737904779101927695	(26,24)
0.00064129391521488654053154607	(26,25)
0.0004509164553695188915401036	(26,26)
0.00028365394743507487435931058	(26,27)
0.00014901047055125913427907637	(26,28)
0.00005469535749912743733016778	(26,29)
6.13643445452019011686644e-6	(26,30)
3.27646121195136501901405e-6	(27,1)
0.00002943314753542516765244686	(27,2)
0.00008143883254317678527391202	(27,3)
0.00015861173424293536375300519	(27,4)
0.00025977390576362719549996573	(27,5)
0.00038309383336033452186415203	(27,6)
0.00052592139485514549994082824	(27,7)
0.00068464708536872095518667587	(27,8)
0.00085461782918852493067517487	(27,9)
0.00103013800214518866600311722	(27,10)
0.00120457662525498084464909735	(27,11)
0.00137059068574635158762928759	(27,12)
0.00152046130375632511212411842	(27,13)
0.00164652548949670225541330087	(27,14)
0.00174167324235890485512189763	(27,15)
0.0017998694298103483651360183	(27,16)
0.00181665367430900597908413167	(27,17)
0.00178957028748909876521336258	(27,18)
0.00171848437684444076023770764	(27,19)
0.00160574916171389388104085928	(27,20)
0.00145620220176595080722165539	(27,21)
0.00127698315650604471247588253	(27,22)
0.00107718116522815218889561282	(27,23)
0.00086733433734320767724232937	(27,24)
0.00065881582660535925519540329	(27,25)
0.00046314959736721300863916851	(27,26)
0.00029130380516642882394044069	(27,27)
0.00015301066320554865287688151	(27,28)
0.00005615904395033787057094239	(27,29)
6.30038783085218632056247e-6	(27,30)
3.362786386229501957756e-6	(28,1)
0.00003020861980799658175511979	(28,2)
0.00008358439804633432379659977	(28,3)
0.00016278987737517397886698699	(28,4)
0.00026661460534726434363122307	(28,5)
0.00039317565921014274862473425	(28,6)
0.00053974756877826710427184836	(28,7)
0.00070261739328796167625663016	(28,8)
0.00087699836736096220041024056	(28,9)
0.00105703171133388333511623342	(28,10)
0.00123589824040933149781555973	(28,11)
0.00140604994931933225388114427	(28,12)
0.00155955795307990367150976513	(28,13)
0.00168855861087007321737576622	(28,14)
0.00178576616815697686162461604	(28,15)
0.00184500962315879960149982468	(28,16)
0.0018617452569202142716086889	(28,17)
0.00183349530545034403009413264	(28,18)
0.00176016782054886276164044744	(28,19)
0.00164422232860513218557490064	(28,20)
0.00149065926287271061802442185	(28,21)
0.00130682668158047671640285023	(28,22)
0.00110205369352828156883955861	(28,23)
0.000887134607934296400125921	(28,24)
0.0006736997529124172736661373	(28,25)
0.00047351727804197727380501377	(28,26)
0.00029777467762833309516830917	(28,27)
0.00015638929052718447940820078	(28,28)
0.00005739402972046733348527886	(28,29)
6.43865141676894420620213e-6	(28,30)
3.43861827010703808243508e-6	(29,1)
0.00003088982797035693441432921	(29,2)
0.00008546913119617708772589001	(29,3)
0.00016645994244914573529278843	(29,4)
0.00027262288903808611593904159	(29,5)
0.00040202910360612763857741297	(29,6)
0.00055188555363096296476378974	(29,7)
0.00071838636699805368522181875	(29,8)
0.00089662459355382264554295216	(29,9)
0.00108059490496566424513156439	(29,10)
0.00126330948826467829954155868	(29,11)
0.00143703749002419077331136643	(29,12)
0.00159366402752013408240779754	(29,13)
0.00172514966662365962743663229	(29,14)
0.0018240572989476424995733146	(29,15)
0.00188410243817486362434982085	(29,16)
0.00190067667150246371602845961	(29,17)
0.00187129331311822756562225785	(29,18)
0.00179590939583799096040907584	(29,19)
0.00167708837428698940509479798	(29,20)
0.00151998197779539498319825056	(29,21)
0.00133212577834898137216362139	(29,22)
0.00112305932653828159568297548	(29,23)
0.00090379641683851434850846123	(29,24)
0.00068618282487755009772236608	(29,25)
0.0004821868816305616459931766	(29,26)
0.00030317220987000513045580901	(29,27)
0.00015920199602470424776465071	(29,28)
0.00005842077614864882157255946	(29,29)
6.55352295335265324917791e-6	(29,30)
3.50508639801549157153497e-6	(30,1)
0.00003148691888837250274480191	(30,2)
0.00008712110777963963091222117	(30,3)
0.00016967661247696087987411535	(30,4)
0.00027788832447678383105072409	(30,5)
0.00040978627604516082420410107	(30,6)
0.00056251676438112194932550785	(30,7)
0.00073219027727736503515152934	(30,8)
0.00091379162397014882804302737	(30,9)
0.00110118362592084204054865003	(30,10)
0.00128722719752030429580638627	(30,11)
0.00146402831632756197046560632	(30,12)
0.00162330750679975230777307818	(30,13)
0.0017568717946020812265440642	(30,14)
0.00185715466586868470618827509	(30,15)
0.00191777839933765866692671705	(30,16)
0.00193408687741656362204625423	(30,17)
0.00190359660911089021962261367	(30,18)
0.00182631934785979567066286995	(30,19)
0.00170492062375440313120419917	(30,20)
0.00154469327259916989700752218	(30,21)
0.00135334173146742961050920824	(30,22)
0.00114058947784341726220832374	(30,23)
0.00091763673273834051576247195	(30,24)
0.00069650709767316879638816262	(30,25)
0.00048932939003352833383270354	(30,26)
0.0003076043804529654601856108	(30,27)
0.00016150567750225712997774497	(30,28)
0.00005926021205784490369152768	(30,29)
6.64735303176369261652273e-6	(30,30)
3.56327977754436029701907e-6	(31,1)
0.00003200967537286115583854302	(31,2)
0.00008856739639203002756176208	(31,3)
0.00017249260957033789416437069	(31,4)
0.00028249727047126756567688894	(31,5)
0.00041657456150803353032265578	(31,6)
0.00057181614752596927168461738	(31,7)
0.0007442570089913093904385887	(31,8)
0.00092878416907802205365308217	(31,9)
0.00111914147569978791279612733	(31,10)
0.00130805380283596570081167467	(31,11)
0.00148748127841357731214569912	(31,12)
0.00164899874082423826735835298	(31,13)
0.00178427941800335830114390904	(31,14)
0.00188564696157886747294882092	(31,15)
0.00194664857611205231509670208	(31,16)
0.0019625957823075121583817424	(31,17)
0.00193101934007444191333824081	(31,18)
0.0018519911086491589179342194	(31,19)
0.00172827728151089217193780887	(31,20)
0.00156530289477557132563292952	(31,21)
0.00137092472505202164036368686	(31,22)
0.00115502656293809979688102412	(31,23)
0.00092896555133201621162035927	(31,24)
0.00070490951516498500928156724	(31,25)
0.00049511230431450483006219492	(31,26)
0.00031117703673413647983099978	(31,27)
0.00016335613667188997497092166	(31,28)
0.00005993286976512454723642831	(31,29)
6.7224480871093458242966e-6	(31,30)
3.61421660286064048405512e-6	(32,1)
0.00003246724410835619343812809	(32,2)
0.00008983330563243485906372599	(32,3)
0.00017495722871261255825063517	(32,4)
0.00028653047541504731930039013	(32,5)
0.00042251307824506580880839931	(32,6)
0.00057994731696507482060247929	(32,7)
0.0007547997263625675553321193	(32,8)
0.00094186862151125815965464361	(32,9)
0.00113479006944140525264727076	(32,10)
0.00132616617111457400307665052	(32,11)
0.00150782633602041998182319559	(32,12)
0.00167121629911889361468008197	(32,13)
0.0018078928861786756311759942	(32,14)
0.00191008724767831373189305207	(32,15)
0.00197128768914437490898481281	(32,16)
0.00198678712328591759425231872	(32,17)
0.00195414056048480944802440197	(32,18)
0.00187348494690957711168756422	(32,19)
0.00174768606859204109944640509	(32,20)
0.00158229339786600522073219093	(32,21)
0.00138530147588285722408940101	(32,22)
0.0011667335019441008647231711	(32,23)
0.0009380773911840590839018572	(32,24)
0.00071161541292119132161601492	(32,25)
0.00049969505347701909561946411	(32,26)
0.00031399099431833284762966252	(32,27)
0.00016480655027296543134629209	(32,28)
0.00006045832258554338241636775	(32,29)
6.7810072151734516573971e-6	(32,30)
3.65882742007719308214477e-6	(33,1)
0.00003286798442361383182299671	(33,2)
0.0000909419656577149778018923	(33,3)
0.00017711552273678348090020947	(33,4)
0.00029006174226136608066887453	(33,5)
0.0004277107084666082721640762	(33,6)
0.00058705984927475548543455171	(33,7)
0.00076401334950778501016164079	(33,8)
0.00095328865341536857613009217	(33,9)
0.00114842372154360520250577909	(33,10)
0.00134190937533139505519995043	(33,11)
0.00152545745641265105028242097	(33,12)
0.00169039906690804156081828142	(33,13)
0.00182818988095524883267089442	(33,14)
0.00193098381960122118477628787	(33,15)
0.00199222461404250284313921946	(33,16)
0.00200719881554455807229666026	(33,17)
0.00197349464932067733419496142	(33,18)
0.00189131868311182997839211773	(33,19)
0.00176363546204319056023722207	(33,20)
0.00159611211426784636293265553	(33,21)
0.00139686811845396835203581716	(33,22)
0.00117604765310138191169012752	(33,23)
0.00094524635779733733122748597	(33,24)
0.00071683473211382566362313048	(33,25)
0.0005032263093863204017501065	(33,26)
0.00031614033563383234494646915	(33,27)
0.00016590657114862260470668656	(33,28)
0.00006085485357535879558647485	(33,29)
6.82508493316730509693041e-6	(33,30)
3.69794800461989053515683e-6	(34,1)
0.0000332194043071017913232435	(34,2)
0.00009191415113598966861495952	(34,3)
0.00017900795746123360116760193	(34,4)
0.00029315736353426787382751868	(34,5)
0.00043226526466108449894341663	(34,6)
0.00059328813808958664265380797	(34,7)
0.00077207306079899070934741099	(34,8)
0.00096326334784227246393801858	(34,9)
0.00116030718624592707363874733	(34,10)
0.0013555940413309252357104773	(34,11)
0.00154072957868866712410129585	(34,12)
0.00170694285337910137624904056	(34,13)
0.00184560171072042256103285025	(34,14)
0.00194879624341731530257386051	(34,15)
0.00200993823178594738241297792	(34,16)
0.00202431869955644171972238177	(34,17)
0.00198956704709444470497134385	(34,18)
0.00190596351602355848967291864	(34,19)
0.0017765707130346356389815181	(34,20)
0.00160716746420430224738787233	(34,21)
0.00140598689503362543418782104	(34,22)
0.00118327795823375730676847384	(34,23)
0.0009507237959028983706815748	(34,24)
0.00072076020091903612636590494	(34,25)
0.00050584268588285054183760668	(34,26)
0.000317711579700538407847395	(34,27)
0.00016670188718089662653601766	(34,28)
0.00006113929238849052451728673	(34,29)
6.85657280472237367694386e-6	(34,30)
3.73231888038021726949251e-6	(35,1)
0.00003352815608708645512261968	(35,2)
0.00009276826928714140879685514	(35,3)
0.00018067038835517576697368946	(35,4)
0.0002958760829525539597555084	(35,5)
0.00043626343255395965478762979	(35,6)
0.00059875131475529863549901025	(35,7)
0.00077913419945633873285917555	(35,8)
0.00097198706329031414888334508	(35,9)
0.00117067548774436132487151721	(35,10)
0.00136749613863735126727517591	(35,11)
0.00155395835984380977092074593	(35,12)
0.00172120008708756166235919855	(35,13)
0.00186051294914292425884788111	(35,14)
0.00196393493243683849270059155	(35,15)
0.00202485693948490088645030916	(35,16)
0.00203858398541693814333423161	(35,17)
0.00200279363796871087288551311	(35,18)
0.00191784335296288437635789872	(35,19)
0.00178689314256936248640735332	(35,20)
0.00161582824089623328429497884	(35,21)
0.00141298545942716452526814042	(35,22)
0.00118870429644643241755433775	(35,23)
0.00095473772273635027488751514	(35,24)
0.00072356687098031257507402598	(35,25)
0.00050766839201934140954956519	(35,26)
0.00031878345285613151528113964	(35,27)
0.00016723409625117853334372043	(35,28)
0.00006132696821792139007919812	(35,29)
6.87719409379311465107621e-6	(35,30)
3.76258910881980899621218e-6	(36,1)
0.00003380007046962564211513602	(36,2)
0.00009352045405651158415724729	(36,3)
0.00018213424391331310884535805	(36,4)
0.00029826939561024657594999689	(36,5)
0.00043978121336703725599694586	(36,6)
0.00060355385448988566149099569	(36,7)
0.00078533304864908903436908109	(36,8)
0.00097963041252365405452009526	(36,9)
0.00117973509375697154583867177	(36,10)
0.00137785834270283512217196439	(36,11)
0.00156542170956177755055949856	(36,12)
0.00173348149667834920670265911	(36,13)
0.00187326322515561382624242111	(36,14)
0.00197676300114681774090725732	(36,15)
0.002037360516811836505106617	(36,16)
0.0020503830776312065818982148	(36,17)
0.00201356248022958312323619987	(36,18)
0.00192733639909689995824036065	(36,19)
0.00179496155246814191400132955	(36,20)
0.00162242481869085757887627076	(36,21)
0.00141815787167355425114005609	(36,22)
0.00119257826846226484648207658	(36,23)
0.00095749341686241334260756636	(36,24)
0.00072541253436510690344251408	(36,25)
0.00050881550612988609172822544	(36,26)
0.0003194270509950438441233253	(36,27)
0.00016754078728952544510772558	(36,28)
0.00006143173849209896576384273	(36,29)
6.88850692405873142170553e-6	(36,30)
3.78932260212934727059909e-6	(37,1)
0.00003404021325068732263589847	(37,2)
0.00009418472302600355066491753	(37,3)
0.00018342683122007326313380375	(37,4)
0.00030038204828288290041127434	(37,5)
0.00044288466121877261520521095	(37,6)
0.00060778658774870729259330648	(37,7)
0.00079078815014732874666469539	(37,8)
0.00098634190001271333663087207	(37,9)
0.00118766588315050278267169508	(37,10)
0.00138689232596324861869732101	(37,11)
0.00157536238226870158466452531	(37,12)
0.00174405896516235788059254604	(37,13)
0.00188415028480996059252569691	(37,14)
0.00198759946598022774353517983	(37,15)
0.00204778338630902385685610853	(37,16)
0.00206005880950807979494516757	(37,17)
0.00202221692884508555385841106	(37,18)
0.00193477808776652450035728994	(37,19)
0.00180109489425693517169896389	(37,20)
0.00162725150714480582751053962	(37,21)
0.0014217666028625768769803439	(37,22)
0.00119512483783948465046939459	(37,23)
0.00095917470101575208018143542	(37,24)
0.00072643867077968109872296483	(37,25)
0.0005093846247354759378746108	(37,26)
0.00031970623871874750693006569	(37,27)
0.00016765574625688564073060777	(37,28)
0.00006146606355270418207678383	(37,29)
6.89191260430349648782663e-6	(37,30)
3.81300572898643886636332e-6	(38,1)
0.00003425295363995801961512485	(38,2)
0.00009477316645363847101897036	(38,3)
0.00018457170408759388739714519	(38,4)
0.00030225264221622537044470043	(38,5)
0.00044563077165568270136622329	(38,6)
0.00061152791906311799984245849	(38,7)
0.00079560188906005995522874267	(38,8)
0.00099224989651364927353948475	(38,9)
0.00119462351996648232521666637	(38,10)
0.00139478152417833748087492443	(38,11)
0.00158399111014393637148647001	(38,12)
0.00175316898465917561627456506	(38,13)
0.00189343370405257946394715684	(38,14)
0.00199672313576353517323993428	(38,15)
0.00205641858820719821319234999	(38,16)
0.0020679124013208022106690283	(38,17)
0.00202905947449410591307052407	(38,18)
0.00194046470320429778942356733	(38,19)
0.00180557559014101976666859628	(38,20)
0.00163056950201339684556329798	(38,21)
0.00142404506897134574129746628	(38,22)
0.00119654442359561933889138128	(38,23)
0.00095994559276473661530631388	(38,24)
0.00072677167748246003049097392	(38,25)
0.00050946571238544836380369348	(38,26)
0.00031967817609174574968920163	(38,27)
0.0001676092296752018909007735	(38,28)
0.00006144110625914290946848964	(38,29)
6.88866675809871096436713e-6	(38,30)
3.83405538027151403289672e-6	(39,1)
0.00003444203671654014031021063	(39,2)
0.00009529614774545215483217602	(39,3)
0.00018558905345817682633463738	(39,4)
0.00030391427237458842733511531	(39,5)
0.00044806842393763936037372679	(39,6)
0.00061484511964341632961379744	(39,7)
0.00079986217454371938371396415	(39,8)
0.0009974647333547505717953454	(39,9)
0.00120074197162006240309860554	(39,10)
0.0014016840712313291925192466	(39,11)
0.00159148992772899598307308299	(39,12)
0.00176101632375983594301616493	(39,13)
0.00190133883212233694483892679	(39,14)
0.00200437674697920108607475903	(39,15)
0.00206352200981688276387206122	(39,16)
0.0020742076778928486733162796	(39,17)
0.00203435584164580900486128318	(39,18)
0.00194465725650352794755739749	(39,19)
0.00180865309592671354464017868	(39,20)
0.00163261006144558112962874302	(39,21)
0.00142520036801292946782913813	(39,22)
0.00119701516970982937978175638	(39,23)
0.00095995210211947971750149494	(39,24)
0.00072652421423245562659616979	(39,25)
0.0005091390346323295813938368	(39,26)
0.00031939389894126512570437614	(39,27)
0.00016742826681502582139405888	(39,28)
0.00006136684224857724843977761	(39,29)
6.8798916568662529938432e-6	(39,30)
3.85282695797431479580965e-6	(40,1)
0.00003461065519463403794054713	(40,2)
0.00009576250201780957717403548	(40,3)
0.00018649609408527413037321273	(40,4)
0.00030539516058546004679664413	(40,5)
0.00045023931429805895316636675	(40,6)
0.00061779560753898067630399763	(40,7)
0.00080364410421296501213081032	(40,8)
0.00100208077621628197685338251	(40,9)
0.00120613600214919026458174107	(40,10)
0.00140773570447276331020826775	(40,11)
0.00159801546275019200784409852	(40,12)
0.00176777765726328332068487149	(40,13)
0.00190806069435679785578740709	(40,14)
0.00201077105677321045475441974	(40,15)
0.00206931657270391160290056496	(40,16)
0.00207917524600684795885918753	(40,17)
0.0020383390505938153229625014	(40,18)
0.001947585331577413961919522	(40,19)
0.00181054744136934811285505342	(40,20)
0.00163357766766739628775074222	(40,21)
0.00142541601043164010711442708	(40,22)
0.00119669521441578215567912445	(40,23)
0.00095932403356084280530634485	(40,24)
0.00072579655504333188845517691	(40,25)
0.00050847609806120785338846492	(40,26)
0.000318898904847414321225155	(40,27)
0.00016713696540196788472823606	(40,28)
0.00006125217162368060282003255	(40,29)
6.86658872098402919099429e-6	(40,30)
3.86962196217774238521726e-6	(41,1)
0.00003476151757863728775204736	(41,2)
0.00009617972466907675717522501	(41,3)
0.00018730743175345840333518564	(41,4)
0.00030671925679950149255434637	(41,5)
0.00045217884215184505725456643	(41,6)
0.00062042816313413453746404964	(41,7)
0.00080701154423951196520862915	(41,8)
0.00100617839345052821058565814	(41,9)
0.00121090353803284998815206769	(41,10)
0.00141305252066584700566427825	(41,11)
0.0016037020565527877501159883	(41,12)
0.0017736050066108598063181545	(41,13)
0.00191376769003343168244266949	(41,14)
0.00201608871974730595213462318	(41,15)
0.00207399619784406154211598162	(41,16)
0.00208301645018569585368934265	(41,17)
0.00204121326478633039815228938	(41,18)
0.00194945072966785349169051181	(41,19)
0.00181145258788080782196095437	(41,20)
0.00163365302909747352128180442	(41,21)
0.00142485451560052196966640411	(41,22)
0.00119572485204582309609110216	(41,23)
0.00095817670611649750907222978	(41,24)
0.00072467788108955361741151771	(41,25)
0.00050754055117413869945602222	(41,26)
0.00031823371573408608045934761	(41,27)
0.00016675680554630066516865334	(41,28)
0.00006110502644961819976796479	(41,29)
6.84965055832320012539733e-6	(41,30)
3.88469499746084350838399e-6	(42,1)
0.00003489691110273228611775517	(42,2)
0.00009655414551988142987546214	(42,3)
0.00018803540238797683652557428	(42,4)
0.00030790679429816968654282435	(42,5)
0.00045391692835270849788213124	(42,6)
0.00062278405127904165786640623	(42,7)
0.00081001858775589766009490396	(42,8)
0.0010098257722447887161519676	(42,9)
0.00121512785024252894883744822	(42,10)
0.00141773351659738958761655187	(42,11)
0.00160866463905799671756294226	(42,12)
0.00177862890766180923355556423	(42,13)
0.00191860499494380579342345666	(42,14)
0.00202048785302140195365738908	(42,15)
0.00207772945010310088161488812	(42,16)
0.0020859070073672241278706325	(42,17)
0.0020431573255767503952063457	(42,18)
0.00195043081853382209855264709	(42,19)
0.00181153951596968695607516493	(42,20)
0.00163299584345896384116896812	(42,21)
0.00142365980473018285770674863	(42,22)
0.00119422852855610073831579385	(42,23)
0.00095661254397002997340912097	(42,24)
0.00072324747856061638755914319	(42,25)
0.00050638902058720456018831768	(42,26)
0.0003174344009376271039806895	(42,27)
0.00016630691339996751278930318	(42,28)
0.00006093247093467634017836562	(42,29)
6.82987218911956932285113e-6	(42,30)
3.89826011803077667277729e-6	(43,1)
0.00003501875873010327352138669	(43,2)
0.00009689108651630591027836461	(43,3)
0.00018869037914739812314134316	(43,4)
0.00030897479245004060447385759	(43,5)
0.00045547875606086787462886156	(43,6)
0.00062489803709239744052309146	(43,7)
0.00081271087467937114567174488	(43,8)
0.00101308056153678851129440458	(43,9)
0.00121887952708749118050996772	(43,10)
0.00142186288459071679583625514	(43,11)
0.00161300132436989781970589302	(43,12)
0.00178296126824569207355358374	(43,13)
0.00192269762806598473774843159	(43,14)
0.00202410524666467615730220343	(43,15)
0.00208066281782345524070694342	(43,16)
0.00208800027597718484965854408	(43,17)
0.00204432793069228979280895989	(43,18)
0.00195068154444440612209660871	(43,19)
0.00181095900331259767160871156	(43,20)
0.00163174728637533689866937224	(43,21)
0.00142195935892042638276487017	(43,22)
0.00119231664417934979503708593	(43,23)
0.00095472251602950258087751066	(43,24)
0.00072157582490189775541767298	(43,25)
0.00050507187076621959037667433	(43,26)
0.00031653305326798543634922016	(43,27)
0.0001658043105730569691394235	(43,28)
0.00006074079282844366846779664	(43,29)
6.80796129212119132682091e-6	(43,30)
3.910496493933852871873e-6	(44,1)
0.00003512867005322979875691171	(44,2)
0.00009719500255730818282982413	(44,3)
0.00018928104664491109010449771	(44,4)
0.0003099375056163930526693214	(44,5)
0.00045688543215730227486654925	(44,6)
0.00062679929260278705908049914	(44,7)
0.00081512676926878498691659329	(44,8)
0.00101599133708380362469274319	(44,9)
0.00122221823232081690493111397	(44,10)
0.00142551205647300092446157819	(44,11)
0.00161679571973873553674938036	(44,12)
0.00178669790747174032120655115	(44,13)
0.00192615317375502207482679563	(44,14)
0.00202705921055598065347473908	(44,15)
0.00208292361843506841541782894	(44,16)
0.00208943015038389764567803567	(44,17)
0.00204486244765151810869562511	(44,18)
0.00195034009859920026370890605	(44,19)
0.00180984408558038375020888008	(44,20)
0.00163003221816270642253192788	(44,21)
0.00141986613574090197872668329	(44,22)
0.00119008715735960449389563005	(44,23)
0.00095258741948159683143800218	(44,24)
0.00071972555943581200011882579	(44,25)
0.00050363388431928922099898712	(44,26)
0.00031555821608894980241258394	(44,27)
0.00016526413822963869964269871	(44,28)
0.00006053558562952737875299405	(44,29)
6.78454742555458756768064e-6	(44,30)
3.92155341925805629025423e-6	(45,1)
0.00003522798628311881342560487	(45,2)
0.00009746960596619870438819991	(45,3)
0.00018981464331088910711846212	(45,4)
0.00031080681986522732528006745	(45,5)
0.00045815457165342182016382152	(45,6)
0.00062851219759543866489313865	(45,7)
0.00081729839980747333662206932	(45,8)
0.00101859889418838659590753426	(45,9)
0.00122519425517311790904482117	(45,10)
0.00142874150384801234335904747	(45,11)
0.00162011895689703978650172912	(45,12)
0.00178992078691394237633684906	(45,13)
0.0019290641705578723637565945	(45,14)
0.00202945206959227354035623617	(45,15)
0.00208462254257855838426361473	(45,16)
0.00209031359347950244176971201	(45,17)
0.00204488137475985792985465355	(45,18)
0.0019495272500808678779227182	(45,19)
0.00180831221119520786914762118	(45,20)
0.00162796111871339692787475344	(45,21)
0.00141748025270062901044983849	(45,22)
0.00118762699667195491473555505	(45,23)
0.00095027901239757745807854268	(45,24)
0.0007177523419388072172578822	(45,25)
0.00050211486516756478996422349	(45,26)
0.00031453526276587317062657024	(45,27)
0.00016469985652228786869903455	(45,28)
0.00006032182183190552650152017	(45,29)
6.76019024785697676161849e-6	(45,30)
3.93155470508761051403597e-6	(46,1)
0.00003531781971160577536997663	(46,2)
0.00009771797566908501881689444	(46,3)
0.00019029717396723360988782165	(46,4)
0.00031159260088618320546307442	(46,5)
0.00045930081010297316626234271	(46,6)
0.00063005704154683153774363299	(46,7)
0.00081925256938976156572754535	(46,8)
0.0010209373793196605221286978	(46,9)
0.00122784986591482182252216343	(46,10)
0.00143160231066003490303195038	(46,11)
0.00162303146407253019252390633	(46,12)
0.00179269995412649806982294606	(46,13)
0.00193151018897945164868845669	(46,14)
0.00203137233104737034053987791	(46,15)
0.00208585586150415417175747494	(46,16)
0.00209075283249229469511304978	(46,17)
0.00204449047443124391748101582	(46,18)
0.00194834936900464376774772187	(46,19)
0.00180646711190513229828127048	(46,20)
0.00162563176998510203681459074	(46,21)
0.00141489045431619787369864962	(46,22)
0.00118501329440339211435679502	(46,23)
0.0009478610060199380043519324	(46,24)
0.00071570560694118240996424533	(46,25)
0.00050055016984292473530401877	(46,26)
0.0003134867316613656984382745	(46,27)
0.00016412342098360003226626064	(46,28)
0.0000601039177902199783714216	(46,29)
6.73538680248193835373498e-6	(46,30)
3.94060251071140834890536e-6	(47,1)
0.00003539908812734741276413316	(47,2)
0.00009794265241020615520291823	(47,3)
0.00019073359520419684175448906	(47,4)
0.00031230299735135537258902935	(47,5)
0.00046033625028181984734139247	(47,6)
0.0006314506352612691141571927	(47,7)
0.00082101154904966611323112914	(47,8)
0.00102303527470235641999797138	(47,9)
0.00123022049397908847431465973	(47,10)
0.00143413753806762994835134351	(47,11)
0.00162558450159375456225757226	(47,12)
0.0017950952240819737788062321	(47,13)
0.0019335596261037127883288789	(47,14)
0.0020328965537814958474008171	(47,15)
0.00208670732858345428446067299	(47,16)
0.00209083724921983881906065803	(47,17)
0.00204378260951190683851021577	(47,18)
0.00194690016913935290203670394	(47,19)
0.00180440041621554401095418522	(47,20)
0.00162313071019739372754463113	(47,21)
0.00141217538343798532702628408	(47,22)
0.0011823144587462396634496735	(47,23)
0.00094538992995788515451540117	(47,24)
0.00071362922346858556058410511	(47,25)
0.00049897117352218646312519855	(47,26)
0.0003124326207107671548665186	(47,27)
0.00016354543793876295824934386	(47,28)
0.00005988579094766278869827714	(47,29)
6.71057794940026477261259e-6	(47,30)
3.94878067017693399302301e-6	(48,1)
0.00003547254469837794637836448	(48,2)
0.00009814572142332998132585089	(48,3)
0.00019112797632434080923354304	(48,4)
0.0003129447042523933501537165	(48,5)
0.0004612708498234277869576148	(48,6)
0.0006327068414060416606276659	(48,7)
0.0008225937652341327233945855	(48,8)
0.00102491625090805685236452488	(48,9)
0.00123233574684993295352602552	(48,10)
0.00143638340303242608244843732	(48,11)
0.00162782148559771711769356986	(48,12)
0.00179715762590366550536652322	(48,13)
0.00193527124690217165874199691	(48,14)
0.00203409095102846526193391891	(48,15)
0.00208724980783176679116248954	(48,16)
0.00209064499789867023881013311	(48,17)
0.00204283931520724288429225923	(48,18)
0.00194526220104227083947566981	(48,19)
0.00180219303428729615617175461	(48,20)
0.00162053448518894352419991351	(48,21)
0.00140940467862143729052637921	(48,22)
0.00117959110246707696889331555	(48,23)
0.0009429158842301568442727624	(48,24)
0.00071156207047243787423543173	(48,25)
0.00049740567777519125710785575	(48,26)
0.0003113906458401028663242653	(48,27)
0.00016297530112490687439658305	(48,28)
0.000059670910214955991316851	(48,29)
6.6861540309639040811749e-6	(48,30)
3.95615757045130444064133e-6	(49,1)
0.00003553880382664539967741552	(49,2)
0.00009832888395777597160776568	(49,3)
0.00019148363857825409326248976	(49,4)
0.00031352319067909886460841132	(49,5)
0.00046211275640284966006205605	(49,6)
0.00063383703301369469632300855	(49,7)
0.00082401439346074322281866811	(49,8)
0.00102659990228726852201037934	(49,9)
0.0012342202876934573716861715	(49,10)
0.00143837029177374354543850089	(49,11)
0.00162977912406859403598637183	(49,12)
0.00179893064195650201041004138	(49,13)
0.00193669550172256400658052412	(49,14)
0.00203501275810547449761691515	(49,15)
0.00208754666190385252775521786	(49,16)
0.0020902443834301305600447298	(49,17)
0.00204173213865447177352822164	(49,18)
0.0019435081261404326638560676	(49,19)
0.00179991634227278087867972185	(49,20)
0.00161791072175302158153869495	(49,21)
0.00140663991873296465445957482	(49,22)
0.001176896845387014472603224	(49,23)
0.00094048319166002763071012856	(49,24)
0.00070953853786658800090077704	(49,25)
0.00049587826677530741982498358	(49,26)
0.00031037646734862744295876073	(49,27)
0.00016242131163100733965907547	(49,28)
0.00005946234026309984582218246	(49,29)
6.66245985694039958430297e-6	(49,30)
3.96278863404862025228578e-6	(50,1)
0.00003559836344938053591789195	(50,2)
0.00009849351897307124913813309	(50,3)
0.00019180327525205193111871164	(50,4)
0.00031404289623546881505592959	(50,5)
0.0004628685966657525883715638	(50,6)
0.00063485048847775990240954519	(50,7)
0.00082528586929733271198312223	(50,8)
0.00102810237920911247012711634	(50,9)
0.00123589458866568116620622748	(50,10)
0.00144012362802510557090986588	(50,11)
0.00163148838805828551269731297	(50,12)
0.00180045126482900180967801053	(50,13)
0.00193787564777786681949688124	(50,14)
0.00203571139459350425957327948	(50,15)
0.00208765293012570759177767286	(50,16)
0.00208969503070789798971080149	(50,17)
0.00204052377617601492539985136	(50,18)
0.00194170180020057349334437042	(50,19)
0.00179763319214774035490269625	(50,20)
0.00161531904599478533022464203	(50,21)
0.0014039354344023379731305869	(50,22)
0.00117427900667160605604633517	(50,23)
0.00093813096305419218190160253	(50,24)
0.00070758896228116094096652707	(50,25)
0.00049441061816303205917743329	(50,26)
0.00030940388803354058794826464	(50,27)
0.00016189078309428243412465293	(50,28)
0.00005926278042817963006576484	(50,29)
6.63979908635579055967332e-6	(50,30)
3.96871845422925419340627e-6	(51,1)
0.00003565162421944923901114333	(51,2)
0.00009864073619810590285363268	(51,3)
0.00019208905493665144837709299	(51,4)
0.00031450739991261128919647963	(51,5)
0.00046354372454438174331808242	(51,6)
0.00063575473080816713109347812	(51,7)
0.00082641832681369822457563876	(51,8)
0.00102943692984639258457773855	(51,9)
0.00123737557535284973384348443	(51,10)
0.00144166461430373025850896222	(51,11)
0.00163297533897618787507145967	(51,12)
0.00180175089555314772421061974	(51,13)
0.00193884870007114881430429291	(51,14)
0.00203622944798340414524528002	(51,15)
0.0020876163244442885132186418	(51,16)
0.00208904887303589257810424944	(51,17)
0.00203926903547917189470948368	(51,18)
0.00193989919192209117778410871	(51,19)
0.0017953987705298931412665444	(51,20)
0.00161281186740547052296485192	(51,21)
0.00140133900386942387052661634	(51,22)
0.00117177920119560921981998734	(51,23)
0.0009358935862169518699413678	(51,24)
0.00070574000561271000312615366	(51,25)
0.00049302177404159613496338949	(51,26)
0.00030848502639545756727372846	(51,27)
0.00016139013386246678282462022	(51,28)
0.00005907459884446833835369817	(51,29)
6.61843807464432020299893e-6	(51,30)
3.97398262555772395018994e-6	(52,1)
0.00003569890594905795129109689	(52,2)
0.00009877142161845377014300742	(52,3)
0.00019234271005137902510506214	(52,4)
0.0003149195648164817795057444	(52,5)
0.00046414243398117277965880039	(52,6)
0.00063655581806058306151941225	(52,7)
0.00082741997354780426437078225	(52,8)
0.00103061436286272510511063783	(52,9)
0.00123867717613680774351342989	(52,10)
0.00144301086245883609171017757	(52,11)
0.00163426183061788167759029135	(52,12)
0.00180285610393775705566669739	(52,13)
0.00193964623449526414574865301	(52,14)
0.00203660350290007352753256465	(52,15)
0.00208747806815909736389322883	(52,16)
0.00208835098453566709498372891	(52,17)
0.00203801564698257215330363034	(52,18)
0.00193814915939185022559782481	(52,19)
0.0017932613271571625991839648	(52,20)
0.00161043504678943412980619459	(52,21)
0.00139889244853987222445137497	(52,22)
0.00116943385238468233610459838	(52,23)
0.00093380114837536564070548808	(52,24)
0.00070401498335133714667848949	(52,25)
0.00049172837682824237799096471	(52,26)
0.00030763046779846549350610763	(52,27)
0.00016092496759184061009013877	(52,28)
0.00005889986233539112281850161	(52,29)
6.59860924495256806154675e-6	(52,30)
3.9786093072088317868058e-6	(53,1)
0.00003574046165269987216188086	(53,2)
0.00009888627632138282423392672	(53,3)
0.0001925656124332275711609935	(53,4)
0.00031528166172059531492422396	(53,5)
0.00046466814045001839900941752	(53,6)
0.00063725859098837835717539175	(53,7)
0.00082829740990252322343609571	(53,8)
0.00103164344095260584126435814	(53,9)
0.0012398107885827300280643104	(53,10)
0.00144417692777915682196929157	(53,11)
0.00163536610233610213777054741	(53,12)
0.00180378926936331557051961094	(53,13)
0.00194029506308818112580255239	(53,14)
0.00203686483707109661652981788	(53,15)
0.00208727359922159549125235798	(53,16)
0.00208764027830190335377631392	(53,17)
0.00203680494532788896278148046	(53,18)
0.00193649410412446692529348264	(53,19)
0.00179126279087837291102295939	(53,20)
0.0016082284636351332682738663	(53,21)
0.00139663214135707362941876224	(53,22)
0.00116727463210508947890430075	(53,23)
0.00093187980014804581055158128	(53,24)
0.00070243414859603971769727829	(53,25)
0.00049054487395213737645945723	(53,26)
0.00030684939600890452668534172	(53,27)
0.00016050014351958321709067106	(53,28)
0.00005874036250831038096337005	(53,29)
6.58051403314139559196001e-6	(53,30)
3.98262055122322722323031e-6	(54,1)
0.00003577648947861995963330687	(54,2)
0.00009898584949911418661380125	(54,3)
0.00019275883755190369724379893	(54,4)
0.00031559547400247820484205535	(54,5)
0.00046512353505845499318952597	(54,6)
0.00063786688313280896644134533	(54,7)
0.00082905589980390674263938923	(54,8)
0.00103253121382963879845424656	(54,9)
0.00124078567330966013069275493	(54,10)
0.0014451747590205796484378842	(54,11)
0.00163630327756376898127967135	(54,12)
0.00180456911793790537648119907	(54,13)
0.00194081779875283740119977192	(54,14)
0.00203704000235482969317858161	(54,15)
0.00208703315691532572468203393	(54,16)
0.00208695008904066307758952797	(54,17)
0.00203567243914178713079234279	(54,18)
0.00193497051953526197252392514	(54,19)
0.00178943928833429547579653367	(54,20)
0.00160622649612136010940151177	(54,21)
0.00139458943902854081794817005	(54,22)
0.00116532883646564904855226915	(54,23)
0.00093015206785199765090416617	(54,24)
0.00070101493668209531463394491	(54,25)
0.00048948369471578646873090439	(54,26)
0.00030614970712446924860554667	(54,27)
0.00016011983743725566778143561	(54,28)
0.00005859763842264905102544219	(54,29)
6.56432544752777610111043e-6	(54,30)
3.98603342308663611898579e-6	(55,1)
0.00003580714277471539198726859	(55,2)
0.00009907056629090801595589149	(55,3)
0.00019292321867710424425889091	(55,4)
0.00031586238613977794358137364	(55,5)
0.00046551071444918402961761196	(55,6)
0.00063838369779092487495564694	(55,7)
0.00082969959844035203405680466	(55,8)
0.00103328329799278640048136484	(55,9)
0.00124160928427447024351059572	(55,10)
0.00144601407491839328946351819	(55,11)
0.00163708577984349325660833293	(55,12)
0.00180521116961819092478384233	(55,13)
0.00194123332424526221819691954	(55,14)
0.00203715130647235585890511968	(55,15)
0.00208678226795118397250558637	(55,16)
0.00208630865610861849335634603	(55,17)
0.00203464828433742490210288673	(55,18)
0.00193360944804009073890314479	(55,19)
0.00178782157805423854260740408	(55,20)
0.00160445842476317078785002188	(55,21)
0.00139279104727069458514226711	(55,22)
0.00116361970485905316937820464	(55,23)
0.00092863711974296119442982145	(55,24)
0.00069977217446363899142120821	(55,25)
0.00048855540203785222923639947	(55,26)
0.00030553810753971221493248899	(55,27)
0.00015978759420498400536589071	(55,28)
0.0000584729961333734939407931	(55,29)
6.55019027690694816258216e-6	(55,30)
3.98886093760820871901343e-6	(56,1)
0.00003583253849527249835235962	(56,2)
0.00009914075103521132682185104	(56,3)
0.0001930593921114588855559137	(56,4)
0.00031608345759292869838605864	(56,5)
0.00046583128920416968504346386	(56,6)
0.00063881135559240510400129572	(56,7)
0.00083023174197779642086273544	(56,8)
0.00103390410944298227618965859	(56,9)
0.00124228754299835434283812182	(56,10)
0.00144670267610048277873754397	(56,11)
0.00163772367662997771943515293	(56,12)
0.00180572810678932023435140189	(56,13)
0.00194155717793257054004173221	(56,14)
0.00203721720863686973203780845	(56,15)
0.00208654214546907382693978187	(56,16)
0.00208573952030341349003096776	(56,17)
0.00203375767372643153829195025	(56,18)
0.00193243685858309568338576762	(56,19)
0.00178643541049486133108243151	(56,20)
0.00160294876875447013514786894	(56,21)
0.00139125932657769609380435973	(56,22)
0.00116216668821771860475821447	(56,23)
0.00092735099073580796249863113	(56,24)
0.00069871825752762902072193333	(56,25)
0.0004877688212755503489015957	(56,26)
0.00030502019727775686266660829	(56,27)
0.00015950637248422099256846514	(56,28)
0.00005836752535363992128298629	(56,29)
6.5382309739287627250514e-6	(56,30)
3.99111282911414788778034e-6	(57,1)
0.00003585276411937347068403718	(57,2)
0.0000991966464046801386291252	(57,3)
0.00019316783441082263441144794	(57,4)
0.00031625948358698057875699978	(57,5)
0.0004660864729904085419787897	(57,6)
0.00063915161577783830524341541	(57,7)
0.0008306548033117394174255044	(57,8)
0.00103439705447598469393472548	(57,9)
0.00124282506299583546269590496	(57,10)
0.00144724669982290954500924893	(57,11)
0.00163822495941709206791383238	(57,12)
0.00180613007388012565826603415	(57,13)
0.00194180186673136796997031819	(57,14)
0.00203725264005168633950245998	(57,15)
0.00208633001213815189069502338	(57,16)
0.00208526184544402510400361286	(57,17)
0.00203302115345828736022276963	(57,18)
0.00193147395426522644403132857	(57,19)
0.0017853018226062812730343638	(57,20)
0.00160171756235637082762357695	(57,21)
0.00139001254457554052114394681	(57,22)
0.00116098567128908937655288265	(57,23)
0.00092630676924856609277726541	(57,24)
0.00069786329795810980586380838	(57,25)
0.00048713114788094788366738779	(57,26)
0.0003046005397486158228162488	(57,27)
0.00015927858222946541698690585	(57,28)
0.00005828211343095259889505157	(57,29)
6.52854723541131810607057e-6	(57,30)
3.99279617143026339631657e-6	(58,1)
0.0000358678832199823063808469	(58,2)
0.0000992384288088216765461072	(58,3)
0.00019324889234200080529826391	(58,4)
0.00031639104402384971654353918	(58,5)
0.00046627715427071717406607553	(58,6)
0.00063940577369834216452864043	(58,7)
0.0008309706171678531967679895	(58,8)
0.00103476468273630539398685255	(58,9)
0.00124322532952288020785003881	(58,10)
0.00144765082360014834052203909	(58,11)
0.00163859576719185416705871141	(58,12)
0.00180642491585625291601383131	(58,13)
0.00194197711474761815591005394	(58,14)
0.00203726925824407540613293228	(58,15)
0.00208615935648213905142373847	(58,16)
0.00208489067371360928512505551	(58,17)
0.00203245487480133181421600539	(58,18)
0.00193073741786877250552183889	(58,19)
0.00178443737381041888244289526	(58,20)
0.00160078057719629526997077827	(58,21)
0.00138906507977639540530443748	(58,22)
0.00116008915273216320133290665	(58,23)
0.00092551474904384199029868174	(58,24)
0.00069721524471177335679886212	(58,25)
0.00048664803526996020675246387	(58,26)
0.0003042827187670644793079757	(58,27)
0.00015910611536339026100403261	(58,28)
0.00005821745678951447745302293	(58,29)
6.52121729655022534470884e-6	(58,30)
3.99391585995829853531196e-6	(59,1)
0.00003587793979425259587780598	(59,2)
0.00009926622037022165428006854	(59,3)
0.00019330280617445703123919266	(59,4)
0.00031647854150442896824739669	(59,5)
0.00046640395203052614243633254	(59,6)
0.00063957473654301176683951865	(59,7)
0.00083118047719037969646512102	(59,8)
0.00103500880587053434911356282	(59,9)
0.00124349083873011266485397786	(59,10)
0.00144791842258387895771725174	(59,11)
0.00163884055881630150421098559	(59,12)
0.00180661836186533593827598896	(59,13)
0.00194209005443108076697089015	(59,14)
0.00203727564239498998359701	(59,15)
0.0020860401297007922745203622	(59,16)
0.00208463712189153833335390689	(59,17)
0.00203207078800279209103404205	(59,18)
0.00193023960142000119425287546	(59,19)
0.00178385432879168076226447493	(59,20)
0.00160014949505694645671116256	(59,21)
0.00138842758047655672755843547	(59,22)
0.00115948638598012885796522964	(59,23)
0.00092498254828741211706618779	(59,24)
0.0006967799781937907902953147	(59,25)
0.00048632366396600664368575112	(59,26)
0.00030406938347144037954989054	(59,27)
0.00015899036996226406234051084	(59,28)
0.00005817406995639314838875144	(59,29)
6.51629895209098960931648e-6	(59,30)
3.99447496530119349686231e-6	(60,1)
0.00003588296143999951496684926	(60,2)
0.00009928009770947026404758784	(60,3)
0.0001933297267644520253363179	(60,4)
0.00031652222921339903412762151	(60,5)
0.00046646725663635883294648498	(60,6)
0.00063965907883784083036317814	(60,7)
0.00083128520705022704498164562	(60,8)
0.00103513058435254792956813927	(60,9)
0.00124362319937279119311185205	(60,10)
0.00144805168443753785950465727	(60,11)
0.00163896223866370977932585455	(60,12)
0.00180671415888116283381697169	(60,13)
0.0019421453655049465543030697	(60,14)
0.00203727743518637256266902646	(60,15)
0.00208597888858363836758307596	(60,16)
0.00208450852394465231719973075	(60,17)
0.00203187678338168111117810779	(60,18)
0.00192998866447038912774428485	(60,19)
0.00178356079119826554663721404	(60,20)
0.0015998320346162498144147475	(60,21)
0.00138810708161678126240202093	(60,22)
0.00115918348307954548636240852	(60,23)
0.0009247151974861415500850371	(60,24)
0.0006965613802219151781316362	(60,25)
0.00048616079281175414687010977	(60,26)
0.00030396228162253973931752259	(60,27)
0.00015893226819596463409843585	(60,28)
0.00005815229225944588114830767	(60,29)
6.51383031423747589591892e-6	(60,30)