kuu3313_(sigma,mu)
-0.23362776574159900550642552167	(1,1)
-0.23361902228935374484092371955	(1,2)
-0.23356006206798085770678672148	(1,3)
-0.2333702096037210427220953331	(1,4)
-0.23293402530109920676067989516	(1,5)
-0.23210770639633517182889302542	(1,6)
-0.23072715622342403953350354686	(1,7)
-0.22861734957704066323909920283	(1,8)
-0.22560256082796757185706570715	(1,9)
-0.22151697952082352472497019219	(1,10)
-0.21621521733907611857772936056	(1,11)
-0.20958221151251456155450910779	(1,12)
-0.20154205295450054454343164233	(1,13)
-0.19206531167061565602764571177	(1,14)
-0.18117449537268057181344447392	(1,15)
-0.16894735701700909684415324339	(1,16)
-0.15551785969594944033702870267	(1,17)
-0.1410747089096401615823649082	(1,18)
-0.12585746829877443497338421526	(1,19)
-0.11015038079684248529948392981	(1,20)
-0.09427411823155798403276279084	(1,21)
-0.07857577424404679915254691165	(1,22)
-0.0634174939728187965389786086	(1,23)
-0.0491641958135469163764475587	(1,24)
-0.03617088298646562240736122584	(1,25)
-0.02477006373676234198621025586	(1,26)
-0.01525979780309491770842209031	(1,27)
-0.00789286332837099081671857064	(1,28)
-0.00286749363769490377118670342	(1,29)
-0.00032006918045289907264539371	(1,30)
-0.23493033662920993252480308445	(2,1)
-0.23492154441829278236767782146	(2,2)
-0.23486225539980048345596802705	(2,3)
-0.2346713442059798859699447986	(2,4)
-0.23423272748324290983436256171	(2,5)
-0.23340180054372771873041497717	(2,6)
-0.23201355163561283586025569013	(2,7)
-0.22989197954121421655441392715	(2,8)
-0.22686037874183622816900647027	(2,9)
-0.2227520142276676964553995569	(2,10)
-0.21742068706898014056511931766	(2,11)
-0.21075069306090645440001377748	(2,12)
-0.20266570009526823097192258653	(2,13)
-0.19313611441419269707511677115	(2,14)
-0.18218456964696879947889760186	(2,15)
-0.16988925276285600601973593808	(2,16)
-0.15638487430164811242150372498	(2,17)
-0.1418611924103080103646417263	(2,18)
-0.12655910686118876739910762254	(2,19)
-0.11076444569688786888271308582	(2,20)
-0.09479966878228163113716976371	(2,21)
-0.07901380489496087505099076856	(2,22)
-0.06377101800055842040027676792	(2,23)
-0.04943826056616418728299819557	(2,24)
-0.03637251441943228959487981538	(2,25)
-0.02490814086895945392493670286	(2,26)
-0.01534486060158979604925748549	(2,27)
-0.00793686027803869831203459434	(2,28)
-0.00288347774800349807264260604	(2,29)
-0.00032185332016167297008409309	(2,30)
-0.23764131286332871971204442908	(3,1)
-0.23763241912371562584953855011	(3,2)
-0.23757244546110287413225971959	(3,3)
-0.23737932970845738425475634136	(3,4)
-0.23693564804147206801175258126	(3,5)
-0.23609512597599654001870457066	(3,6)
-0.23469084637441730024221478336	(3,7)
-0.23254477585179874520124673132	(3,8)
-0.229478168787784785700065013	(3,9)
-0.22532236549616495211085094284	(3,10)
-0.21992947989305222392848506474	(3,11)
-0.21318247320888756439781417619	(3,12)
-0.20500413389748197687475002986	(3,13)
-0.19536452891172773128881130846	(3,14)
-0.18428655600420747416305046224	(3,15)
-0.17184930787863541381274213534	(3,16)
-0.15818905333674376340113075005	(3,17)
-0.14349774392574917396130982597	(3,18)
-0.12801906248341788581960230996	(3,19)
-0.11204213768650455438157015584	(3,20)
-0.0958931515218248724481512411	(3,21)
-0.07992516001393781930319378438	(3,22)
-0.06450652746167191647799288366	(3,23)
-0.05000843734502508102416640643	(3,24)
-0.03679198619068479205164520982	(3,25)
-0.02519538811515938872476917613	(3,26)
-0.01552181652977304126607276647	(3,27)
-0.00802838560832120919866421839	(3,28)
-0.00291672858836380914510723494	(3,29)
-0.00032556474522079232875050693	(3,30)
-0.24196393348740673177225570538	(4,1)
-0.2419548777375059487173140551	(4,2)
-0.2418938115821224389782770692	(4,3)
-0.24169717799802873999781075603	(4,4)
-0.241245414177165548981445155	(4,5)
-0.24038958119013344475868767325	(4,6)
-0.23895972163072616145309116301	(4,7)
-0.23677455974855051931729360165	(4,8)
-0.23365209524284939858025218684	(4,9)
-0.22942059843776112438924197967	(4,10)
-0.22392949293912369723943938513	(4,11)
-0.21705961308066086196242643674	(4,12)
-0.20873234749637336760125762557	(4,13)
-0.1989172259966151278546394191	(4,14)
-0.18763757260782636948709516806	(4,15)
-0.17497393031526068518100728264	(4,16)
-0.1610650591280868945124131609	(4,17)
-0.14610641437686400921734852275	(4,18)
-0.13034612205437506315801263069	(4,19)
-0.11407857771400977730181045467	(4,20)
-0.09763590014065244003390826569	(4,21)
-0.08137756611748411105867355735	(4,22)
-0.06567863395480568234917835129	(4,23)
-0.05091702744996549439386729676	(4,24)
-0.0374603957925745111930178945	(4,25)
-0.02565308667684619929904381172	(4,26)
-0.01580376855609247829876970791	(4,27)
-0.0081742136003266357809459468	(4,28)
-0.00296970652569502650169137444	(4,29)
-0.00033147803932477685259066913	(4,30)
-0.24818326486699625483327168616	(5,1)
-0.24817397578784243078953668741	(5,2)
-0.24811133621108695008851372584	(5,3)
-0.24790963620870240045125662956	(5,4)
-0.24744623241464211718929655141	(5,5)
-0.24656834865164372206617840212	(5,6)
-0.24510164920314668890701134899	(5,7)
-0.24286018933604617130594796703	(5,8)
-0.2396572826751253002901753842	(5,9)
-0.23531678040540021713509396959	(5,10)
-0.2296842350469253381239893711	(5,11)
-0.22263742274126071282796461637	(5,12)
-0.21409572261525780026773043161	(5,13)
-0.20402789881967391872933663862	(5,14)
-0.1924578982608219879660773305	(5,15)
-0.17946836193229906228666528879	(5,16)
-0.16520164641289304248579146246	(5,17)
-0.14985826021332453603801429133	(5,18)
-0.13369273249172227244450323969	(5,19)
-0.11700704426499916489673057531	(5,20)
-0.100141859676182924549815433	(5,21)
-0.08346589241774972840760905939	(5,22)
-0.06736382577449807590187220576	(5,23)
-0.05222327027648713798202373049	(5,24)
-0.03842128776659792925573518416	(5,25)
-0.02631103281958411687241389338	(5,26)
-0.01620906092215652553126611655	(5,27)
-0.0083838276887538140540719839	(5,28)
-0.00304585572117453646820791651	(5,29)
-0.00033997757184186014326868574	(5,30)
-0.25664546657595333260274013797	(6,1)
-0.2566358596489970710769817637	(6,2)
-0.25657107671323730674023317163	(6,3)
-0.25636247510147003444487583014	(6,4)
-0.25588321507698683917909141476	(6,5)
-0.25497529344676407078325038497	(6,6)
-0.25345841075562968846649008382	(6,7)
-0.25114026319987982160506412052	(6,8)
-0.24782778309189650378561644978	(6,9)
-0.24333880545212763206072447505	(6,10)
-0.23751361520402492741880148686	(6,11)
-0.2302258305952055825236589869	(6,12)
-0.22139210389416809146246017681	(6,13)
-0.21098016907312744279215170284	(6,14)
-0.19901483600639230702249715347	(6,15)
-0.18558161866468906557055443853	(6,16)
-0.17082778702643357888266894553	(6,17)
-0.15496074446771907259964786412	(6,18)
-0.13824374929884677016374259959	(6,19)
-0.12098911572949950145734926968	(6,20)
-0.10354914072184229511767577757	(6,21)
-0.08630510403038115605263152583	(6,22)
-0.06965477479394254885245447057	(6,23)
-0.05399892556551892409897170441	(6,24)
-0.03972740069359295607956570446	(6,25)
-0.02720530850907035613104673231	(6,26)
-0.01675990486200013880834198959	(6,27)
-0.00866870929368756984798980792	(6,28)
-0.00314934567576193112973631399	(6,29)
-0.00035152864432553881902417898	(6,30)
-0.26773378589706983411972506528	(7,1)
-0.26772376192516841925526731363	(7,2)
-0.26765616671043188740638346224	(7,3)
-0.26743850958190722630742237542	(7,4)
-0.26693844486699046709361335285	(7,5)
-0.26599111134603549475586759308	(7,6)
-0.26440838538047380551624286322	(7,7)
-0.26198962121345206372517811946	(7,8)
-0.25853338157599582678429503722	(7,9)
-0.25384961328559804485677310408	(7,10)
-0.24777169822927442848841116297	(7,11)
-0.24016781116557404698849516004	(7,12)
-0.23095104223397605707793398504	(7,13)
-0.220087792869331138335240234	(7,14)
-0.20760402682990850039368396907	(7,15)
-0.19358905009473083318985127419	(7,16)
-0.17819660042796390441269493792	(7,17)
-0.16164314470930658797181495106	(7,18)
-0.14420340447693053724775498344	(7,19)
-0.1262032520772515005927626885	(7,20)
-0.10801023593910132360230658375	(7,21)
-0.09002209863923145385846043645	(7,22)
-0.07265374096460249574392892998	(7,23)
-0.05632315518919745108137217075	(7,24)
-0.04143689824530274891679944217	(7,25)
-0.02837569837281619145263241889	(7,26)
-0.01748078625528963360945402339	(7,27)
-0.0090415137888694109854086168	(7,28)
-0.00328477175421356245653162177	(7,29)
-0.00036664405719763844247646326	(7,30)
-0.28184247144698928337408484889	(8,1)
-0.28183191603560720569608951673	(8,2)
-0.28176073714134214799706811027	(8,3)
-0.28153154061053747180910281705	(8,4)
-0.28100496468279606104607432419	(8,5)
-0.28000740938141123797954714828	(8,6)
-0.27834078183737155765909794857	(8,7)
-0.27579380861183631690978658008	(8,8)
-0.27215439176277146463898420867	(8,9)
-0.26722243409008294440757863048	(8,10)
-0.26082253310042905393241135109	(8,11)
-0.25281594407917458024356705638	(8,12)
-0.24311124039048720413635899029	(8,13)
-0.23167315268758160232423293722	(8,14)
-0.21852914585867605120330653871	(8,15)
-0.20377338991297140572013825314	(8,16)
-0.18756789431739916182869325167	(8,17)
-0.1701406994582767949345248901	(8,18)
-0.15178114833007848079508727249	(8,19)
-0.13283239040521976887299171857	(8,20)
-0.11368139211136022964066479342	(8,21)
-0.09474683895536690698416927074	(8,22)
-0.07646540818885244968770206062	(8,23)
-0.05927696392146192235620713247	(8,24)
-0.04360927565278409084331120418	(8,25)
-0.0298628843152299111747636626	(8,26)
-0.01839673626751614465319217538	(8,27)
-0.00951517558894998893056684184	(8,28)
-0.00345682995462330628283120713	(8,29)
-0.00038584780153976720459508844	(8,30)
-0.29934906168728702565090359429	(9,1)
-0.29933784574906801727802676306	(9,2)
-0.29926221269689216242657972028	(9,3)
-0.29901867385985159320750983023	(9,4)
-0.29845914733072802294781722547	(9,5)
-0.29739917228792328244975703872	(9,6)
-0.2956282666237352370245824453	(9,7)
-0.29292195112088791121721482537	(9,8)
-0.28905488411056177120168021692	(9,9)
-0.28381449557129104453325640438	(9,10)
-0.27701448164255475570933972011	(9,11)
-0.26850752104372543540946234118	(9,12)
-0.25819660417146858277681744412	(9,13)
-0.24604442265040113260951322448	(9,14)
-0.23208034948215153026667013206	(9,15)
-0.2164046440984016139543147798	(9,16)
-0.19918963791752191101245788929	(9,17)
-0.180677788916094139608940492	(9,18)
-0.16117663215633453516477379752	(9,19)
-0.14105079079027482483056699166	(9,20)
-0.1207113424882811828248551239	(9,21)
-0.10060295360108164171035134718	(9,22)
-0.08118929243697819183254575259	(9,23)
-0.06293730953058755156589144419	(9,24)
-0.04630102352565747184223693129	(9,25)
-0.03170547435073595796611137742	(9,26)
-0.01953150005875552902913805684	(9,27)
-0.01010196059509990166732559772	(9,28)
-0.00366997257321742400733339858	(9,29)
-0.00040963661955506650680759813	(9,30)
-0.32058531668025258637080036097	(10,1)
-0.32057329802031508247852687613	(10,2)
-0.32049225194448441578882091672	(10,3)
-0.32023128330524877744879880181	(10,4)
-0.31963171303188725910892682462	(10,5)
-0.31849588215365879951336294624	(10,6)
-0.31659825429012798811514058289	(10,7)
-0.31369830611905523786699239837	(10,8)
-0.3095546098577225715959569716	(10,9)
-0.30393945223232070906119499325	(10,10)
-0.29665330373920180532593951295	(10,11)
-0.28753845200317222994963609897	(10,12)
-0.27649114414724588040791998541	(10,13)
-0.2634716442996520650476843999	(10,14)
-0.24851170120853268878046680509	(10,15)
-0.2317190335462466735279362872	(10,16)
-0.21327857175817080637593831259	(10,17)
-0.19345033914897589988471070247	(10,18)
-0.17256400453833330902791351944	(10,19)
-0.15101028720093079622392236242	(10,20)
-0.12922953498018224704392846115	(10,21)
-0.10769792196986742159439045917	(10,22)
-0.08691181736726633056480296262	(10,23)
-0.06737095750023733060136801913	(10,24)
-0.04956110540421636094387763936	(10,25)
-0.03393690485333307452823371803	(10,26)
-0.02090562801150780470168607961	(10,27)
-0.01081247876660102390780982417	(10,28)
-0.00392804943290219018473207259	(10,29)
-0.00043843995649457714567942577	(10,30)
-0.34580774848148272584892761608	(11,1)
-0.3457947744891792428328425091	(11,2)
-0.34570728628833360141695122236	(11,3)
-0.34542557421069756021192681321	(11,4)
-0.34477834760546943627792054993	(11,5)
-0.34355224116976026074150406476	(11,6)
-0.34150380488872670116878232547	(11,7)
-0.33837342705775380887460503989	(11,8)
-0.33390054691176397712462520981	(11,9)
-0.32783944818658040770434029853	(11,10)
-0.31997489088334816930615432883	(11,11)
-0.31013683774379311158076200158	(11,12)
-0.2982135651550487826674257773	(11,13)
-0.28416251446226546736722113122	(11,14)
-0.26801833637917743401224030006	(11,15)
-0.24989770413264173597952638377	(11,16)
-0.23000061448436475709201231083	(11,17)
-0.20860805300212573718424468424	(11,18)
-0.18607606328498875472349161892	(11,19)
-0.16282642134117673158272666495	(11,20)
-0.13933426819533744331112923755	(11,21)
-0.11611318891669673258664498845	(11,22)
-0.09369833850224372517027508	(11,23)
-0.0726282996607374004425953015	(11,24)
-0.05342641130851181485601155164	(11,25)
-0.03658232790325585432506852212	(11,26)
-0.02253455856741061270329168296	(11,27)
-0.01165469266919571996287058082	(11,28)
-0.00423394772877843313966344394	(11,29)
-0.0004725797626607377096875026	(11,30)
-0.37517013520240355385116405167	(12,1)
-0.37515604658804037431172396393	(12,2)
-0.37506104212346043542200007954	(12,3)
-0.37475512797221686240884138333	(12,4)
-0.37405229943913865438279304425	(12,5)
-0.37272086734370844206122547743	(12,6)
-0.37049648463635744820750823423	(12,7)
-0.3670972761525353934474789954	(12,8)
-0.36224037256013333684583248319	(12,9)
-0.35565907754573397669789744071	(12,10)
-0.34711985904315160220343494038	(12,11)
-0.33643835345836971200910832541	(12,12)
-0.32349360741576156172855801475	(12,13)
-0.30823985375025815918983117669	(12,14)
-0.29071522457160792145723451614	(12,15)
-0.2710469395878079854809080968	(12,16)
-0.24945266611779150154004827236	(12,17)
-0.2262379205739314957220922551	(12,18)
-0.20178956095464345665410683311	(12,19)
-0.17656559700115203866980980848	(12,20)
-0.15108171033098891804645499763	(12,21)
-0.12589502307639687457426696636	(12,22)
-0.10158577365209003353512156007	(12,23)
-0.07873764724439784514569550572	(12,24)
-0.0579175633048783620595454609	(12,25)
-0.03965574148739782545094368994	(12,26)
-0.02442685159646756637774536609	(12,27)
-0.01263300425277374411189817704	(12,28)
-0.0045892603860321912627283995	(12,29)
-0.00051223348313604912574403685	(12,30)
-0.40870195501856040217032389305	(13,1)
-0.40868659038382747007821017044	(13,2)
-0.40858298129964826133917219164	(13,3)
-0.40824936068400292300156097606	(13,4)
-0.40748287964135895997995088093	(13,5)
-0.40603087342077738470541450819	(13,6)
-0.40360507639975465050494078273	(13,7)
-0.3998981358379302862537502508	(13,8)
-0.3946016619075148135961155684	(13,9)
-0.38742497141009132965017263106	(13,10)
-0.37811363924933179616256434393	(13,11)
-0.36646696839230146200389081966	(13,12)
-0.3523535272091718631373139978	(13,13)
-0.33572398214702668693501609298	(13,14)
-0.31662057081186687378637625035	(13,15)
-0.29518271055993644515844278563	(13,16)
-0.27164841339533663162416029052	(13,17)
-0.24635137040348224506339015493	(13,18)
-0.21971376808072484820223505468	(13,19)
-0.19223509431477828854678435164	(13,20)
-0.16447737335410935205846902938	(13,21)
-0.13704742787879520150359769779	(13,22)
-0.1105768949215774262930149574	(13,23)
-0.08570081563536926122083575181	(13,24)
-0.06303567377951947599471802105	(13,25)
-0.04315777355449266566188183122	(13,26)
-0.02658282531616652153898192585	(13,27)
-0.01374755065367069450638053086	(13,28)
-0.00499403043014108389940329472	(13,29)
-0.00055740553613858172714035828	(13,30)
-0.4462974337867721324635107897	(14,1)
-0.4462806346338777675882655237	(14,2)
-0.4461673521355921883634746661	(14,3)
-0.4458025836776694457503315423	(14,4)
-0.444964544460798745716295845	(14,5)
-0.4433769907398600721851997417	(14,6)
-0.4407247727394632682146213772	(14,7)
-0.4366719074485523488153637963	(14,8)
-0.4308813372992188800802791564	(14,9)
-0.4230354511853047187353898212	(14,10)
-0.4128563948288707639143066072	(14,11)
-0.40012519219167118251547630474	(14,12)
-0.38469874055248365458397035805	(14,13)
-0.36652382873999498345749114876	(14,14)
-0.34564745785008876998432764539	(14,15)
-0.32222291085616402351895527189	(14,16)
-0.29651121356219149238579250868	(14,17)
-0.26887784400796534262196514465	(14,18)
-0.23978476903840922251565822401	(14,19)
-0.20977810317946892812435969238	(14,20)
-0.17947188462237114655370930362	(14,21)
-0.14952863581349019496333821926	(14,22)
-0.12063751381640865535101563074	(14,23)
-0.09349095279388657256953513065	(14,24)
-0.06876075496380358155913092942	(14,25)
-0.0470745971869555165789450871	(14,26)
-0.02899389021338470784712449449	(14,27)
-0.01499386057741335930315902229	(14,28)
-0.00544662637357338208424066766	(14,29)
-0.00060791341637270370299587207	(14,30)
-0.4877190708193451580338219786	(15,1)
-0.4877006864468542629392161501	(15,2)
-0.4875767143157852132382313623	(15,3)
-0.487177525958559935955700146	(15,4)
-0.4862604120672676920327307863	(15,5)
-0.4845230752921903505452303595	(15,6)
-0.4816206640297768004213579234	(15,7)
-0.4771855718639437661987240476	(15,8)
-0.4708490895786012964027623716	(15,9)
-0.4622638962228477397434672918	(15,10)
-0.4511263190538313679993671526	(15,11)
-0.4371972843215628219007730485	(15,12)
-0.4203209246704766951217199578	(15,13)
-0.40043990453060878742184833951	(15,14)
-0.37760666918248033518407433863	(15,15)
-0.35199000979952536359589379041	(15,16)
-0.3238765561843948330450993603	(15,17)
-0.2936670490836831730851533728	(15,18)
-0.2618674912428044330328589524	(15,19)
-0.22907551662059110479509567119	(15,20)
-0.19596253701189752055636967127	(15,21)
-0.16325241314743656556385685081	(15,22)
-0.13169754428521490925995962974	(15,23)
-0.10205337075882217109665784345	(15,24)
-0.07505233568339351705838297876	(15,25)
-0.05137835598444402084923029779	(15,26)
-0.03164281267347409289540511974	(15,27)
-0.01636299128813201448512863915	(15,28)
-0.0059437921415755469339464179	(15,29)
-0.00066339327665738503358970929	(15,30)
-0.532616913891550922184544033	(16,1)
-0.5325968055651495649851846363	(16,2)
-0.5324612082835047532661054992	(16,3)
-0.5320245878549196750013101492	(16,4)
-0.5310214800305130521922214085	(16,5)
-0.5291212566814445955947087727	(16,6)
-0.5259467729529634204561687806	(16,7)
-0.5210960490956302480186772805	(16,8)
-0.5141659877912256395466615645	(16,9)
-0.5047770149783289190856887462	(16,10)
-0.4925974671278768012929173516	(16,11)
-0.4773665368393155158559480792	(16,12)
-0.4589146353739539653282728274	(16,13)
-0.4371801359676603510341601352	(16,14)
-0.4122216223252066736610848132	(16,15)
-0.38422497541928938573062582303	(16,16)
-0.35350487762915168939939586954	(16,17)
-0.32050058230955206410430770538	(16,18)
-0.28576607309298995087026893572	(16,19)
-0.24995500408664652248045527361	(16,20)
-0.21380105410348630118282775811	(16,21)
-0.17809453200182976263683235324	(16,22)
-0.14365622636709689841415135396	(16,23)
-0.11130959546464912319792625868	(16,24)
-0.08185244108021258401301442882	(16,25)
-0.05602920476005368451983145366	(16,26)
-0.03450497226786836692401434825	(16,27)
-0.01784217896409482155240437312	(16,28)
-0.00648088335994245435778511872	(16,29)
-0.00072332630305609319684451403	(16,30)
-0.580561202821440741600206788	(17,1)
-0.5805392466907529276114288936	(17,2)
-0.5803911891109339358188359433	(17,3)
-0.5799144476612911059457308582	(17,4)
-0.5788191694153984722253335548	(17,5)
-0.5767443637447975364551529648	(17,6)
-0.5732782822378154323497652828	(17,7)
-0.5679821237469904109607190719	(17,8)
-0.560415972983381535491277181	(17,9)
-0.5501657543485313599039048805	(17,10)
-0.5368699079627306414239803049	(17,11)
-0.5202444797798604311978555489	(17,12)
-0.5001053673285020805870932049	(17,13)
-0.476386578332999745473721185	(17,14)
-0.449153538071110145360618184	(17,15)
-0.4186107147728470223659837431	(17,16)
-0.38510310799523696713671076704	(17,17)
-0.34911144631157007947079610767	(17,18)
-0.31124124909302773507048627208	(17,19)
-0.27220620334087620929537142727	(17,20)
-0.2328065724761349549506007087	(17,21)
-0.19390357476466226608414904248	(17,22)
-0.15639083401296837152724100333	(17,23)
-0.1211641086783167109936673138	(17,24)
-0.08909054699069423010022294389	(17,25)
-0.06097869892256871084306726254	(17,26)
-0.03755044808421055640952829006	(17,27)
-0.01941591713213401398184163154	(17,28)
-0.00705225898464240417332152215	(17,29)
-0.00078708241906784720407309527	(17,30)
-0.6310826592853804846479444719	(18,1)
-0.631058747736021256200555185	(18,2)
-0.6308975041982970121123432585	(18,3)
-0.63037830536275977648968003	(18,4)
-0.629185490457680132345698167	(18,5)
-0.6269259424042031891983031986	(18,6)
-0.623151305632078706087325755	(18,7)
-0.6173838389255513626664314515	(18,8)
-0.6091447137967834852430681009	(18,9)
-0.5979834266442384064923060244	(18,10)
-0.583506907162391794219601107	(18,11)
-0.5654068855302536303771592946	(18,12)
-0.5434841333395413485714948059	(18,13)
-0.5176683202508824644324844383	(18,14)
-0.4880324268331673783690803572	(18,15)
-0.4548009149247807043324768397	(18,16)
-0.4183511655321526539242994759	(18,17)
-0.37920803158889421469908570718	(18,18)
-0.33803169689250695911262981404	(18,19)
-0.29559936069409920767005761086	(18,20)
-0.25278155897040395745507032972	(18,21)
-0.21051417142843603882033818619	(18,22)
-0.16976733622797072534965031775	(18,23)
-0.13151259684250986884566695834	(18,24)
-0.09668963806634589118344489234	(18,25)
-0.06617393678330484834315219078	(18,26)
-0.04074656740980289687639955659	(18,27)
-0.02106727365214526084500872635	(18,28)
-0.00765175945061219374218883536	(18,29)
-0.00085397363880406802941125132	(18,30)
-0.6837130191113694175116538563	(19,1)
-0.6836870605320915904180447815	(19,2)
-0.6835120132948330747015282869	(19,3)
-0.6829483682440609636636296814	(19,4)
-0.6816534491224816992142770744	(19,5)
-0.6792005125086842813517219655	(19,6)
-0.6751028947253065607260338731	(19,7)
-0.6688421212540997163429369769	(19,8)
-0.6598986864723672689524311698	(19,9)
-0.6477840520928214766668919832	(19,10)
-0.6320723143311963490049069267	(19,11)
-0.6124299640052955781380628373	(19,12)
-0.5886422187751800895883317431	(19,13)
-0.5606345458773161046609691787	(19,14)
-0.5284882139150213068038449697	(19,15)
-0.4924490034223926418634014448	(19,16)
-0.4529285511317516753414648943	(19,17)
-0.4104981797854498968408682085	(19,18)
-0.36587544827677501683525128899	(19,19)
-0.31990401964412180908989623241	(19,20)
-0.27352776303498151142692997773	(19,21)
-0.22776026109629673987972294338	(19,22)
-0.1836510738839275149376437216	(19,23)
-0.14225020935056495067524290025	(19,24)
-0.1045722710600165397560588926	(19,25)
-0.0715617043605647047612542506	(19,26)
-0.04406045543044009585460003721	(19,27)
-0.02277920802065597046462340912	(19,28)
-0.00827318488602617275402088399	(19,29)
-0.00092330742464129135000037338	(19,30)
-0.7380189847978373036945025714	(20,1)
-0.7379909020162467894877826653	(20,2)
-0.7378015307079848650751490035	(20,3)
-0.7371917641906195654530049291	(20,4)
-0.7357908939987439075903625823	(20,5)
-0.7331372889631126103907013941	(20,6)
-0.728704550065007627073490986	(20,7)
-0.7219319712957273576037145793	(20,8)
-0.712257907565030469250853674	(20,9)
-0.6991544722771079585963843057	(20,10)
-0.6821618745999445208580597106	(20,11)
-0.6609206735882807989953004114	(20,12)
-0.6352002835937479738843466373	(20,13)
-0.6049222174569257276986825524	(20,14)
-0.5701767979152214887055362739	(20,15)
-0.5312323921202999128658162089	(20,16)
-0.4885366096395222784655962474	(20,17)
-0.4427093247486984475547489841	(20,18)
-0.39452780924012837609680844421	(20,19)
-0.34490466186882482504819762761	(20,20)
-0.29485956741870473922908603613	(20,21)
-0.24548619071867775127174563187	(20,22)
-0.19791569548854666722271080524	(20,23)
-0.15327847042224436550560001386	(20,24)
-0.11266564981894985029483805288	(20,25)
-0.0770919447788654684356899126	(20,26)
-0.0474611695597032397668064565	(20,27)
-0.02453567412241329743711694006	(20,28)
-0.00891069545185066343873294701	(20,29)
-0.00099443135662577055722230475	(20,30)
-0.7936251957521843031901394775	(21,1)
-0.7935949235734630083143223031	(21,2)
-0.7933907885963034795897984314	(21,3)
-0.7927334855059221218149842349	(21,4)
-0.791223415378401315119303904	(21,5)
-0.7883629960795952578301131142	(21,6)
-0.7835848940253251236877521499	(21,7)
-0.7762849203814126599470160074	(21,8)
-0.7658580824315671676626016551	(21,9)
-0.7517360814551700320348520864	(21,10)
-0.7334244197583767917333622784	(21,11)
-0.7105372382501571009186437813	(21,12)
-0.6828280650959495967094372839	(21,13)
-0.6502148217957324177690000091	(21,14)
-0.6127977028613303887856027714	(21,15)
-0.5708689063545974687990134198	(21,16)
-0.5249136223727049254325914874	(21,17)
-0.4756021547570746998459371118	(21,18)
-0.4237735229147462589910950614	(21,19)
-0.37041133029128224949208837646	(21,20)
-0.31661306217990831077531048385	(21,21)
-0.263554264179372614405967684	(21,22)
-0.21244923971632063396931913025	(21,23)
-0.16450998752353648316045598635	(21,24)
-0.12090508487848526596923835218	(21,25)
-0.08272012487392372819808031512	(21,26)
-0.0509211561542311169955913864	(21,27)
-0.02632237320836134287221060904	(21,28)
-0.0095590847840874339114520396	(21,29)
-0.0010667636475921937343266223	(21,30)
-0.8502249538506160432485950261	(22,1)
-0.8501924361900018953468293728	(22,2)
-0.8499731593836349071362864869	(22,3)
-0.8492671025052068233228066884	(22,4)
-0.847645038587457040527769726	(22,5)
-0.8445725225316251711827016228	(22,6)
-0.839440261670298605086230167	(22,7)
-0.8315995235899136743316450342	(22,8)
-0.8204009584693152678783519443	(22,9)
-0.8052349906570429144936803841	(22,10)
-0.7855717872869904745350173231	(22,11)
-0.7609987605480264175829388224	(22,12)
-0.7312536207398480563442811049	(22,13)
-0.6962511777192850895755440531	(22,14)
-0.6561023864630567267264268118	(22,15)
-0.6111245338975597825963266885	(22,16)
-0.5618419428468305063691892756	(22,17)
-0.5089770895527015518905404913	(22,18)
-0.453432553027685588772297233	(22,19)
-0.39626469654332735785036356683	(22,20)
-0.33865038779287103925242314324	(22,21)
-0.28184836798311880514333480437	(22,22)
-0.22715706676688009906468785044	(22,23)
-0.17587072802503039936457783796	(22,24)
-0.12923567145242680307022834519	(22,25)
-0.08840838623230842259091761141	(22,26)
-0.05441696067328441369202588394	(22,27)
-0.02812712165229068943282618478	(22,28)
-0.01021391371245612210873178021	(22,29)
-0.00113980807526135838451151872	(22,30)
-0.9075801459329764755007942205	(23,1)
-0.9075453329794468539463249752	(23,2)
-0.907310578495542063837885544	(23,3)
-0.9065546869289751721211309028	(23,4)
-0.904818148953046146877162696	(23,5)
-0.9015288492563314200883485164	(23,6)
-0.8960346335366614849048481451	(23,7)
-0.8876412999317625779166426823	(23,8)
-0.875654275752312249239080612	(23,9)
-0.8594219922446617236467442016	(23,10)
-0.8383788025530444064219927548	(23,11)
-0.8120852251583197818184538365	(23,12)
-0.7802633563823318184623778726	(23,13)
-0.7428254916921657331810668656	(23,14)
-0.6998943246809181183910034203	(23,15)
-0.6518135385656505544755282997	(23,16)
-0.5991481377186811566260563524	(23,17)
-0.542674444936583036803942035	(23,18)
-0.4833602664926178738576493728	(23,19)
-0.4223362541638943013223425789	(23,20)
-0.36085993031684858484151867532	(23,21)
-0.30027415922934451821877066655	(23,22)
-0.24196203032735762854848942882	(23,23)
-0.18730016763023778134186738438	(23,24)
-0.137612408981255518577167477	(23,25)
-0.09412563338451795706990282165	(23,26)
-0.05792928530756163197143551147	(23,27)
-0.02993988209364773518329203756	(23,28)
-0.01087152190812942387180651525	(23,29)
-0.00121315530131482828173660503	(23,30)
-0.9655133930484086247955213316	(24,1)
-0.9654762387779017158930399428	(24,2)
-0.9652256963114774767221693798	(24,3)
-0.9644189714836360664772718872	(24,4)
-0.9625656687726965170045187389	(24,5)
-0.959055259418655655280087595	(24,6)
-0.9531919006579753262357601305	(24,7)
-0.9442350813588950457539378143	(24,8)
-0.9314442357142023776609595061	(24,9)
-0.9141251901324049847394928584	(24,10)
-0.8916761175355280087128641985	(24,11)
-0.8636305966419373229352393219	(24,12)
-0.8296954352583096504184044779	(24,13)
-0.7897811295908161888940775732	(24,14)
-0.7440231948716053363694994469	(24,15)
-0.6927930978896135497537552409	(24,16)
-0.6366981144314084017534383428	(24,17)
-0.5765700761844980231752717891	(24,18)
-0.5134436072610419336537329307	(24,19)
-0.448525025533107031505614723	(24,20)
-0.38315355180703137740623407934	(24,21)
-0.31875679804386541328378634612	(24,22)
-0.25680267968452459743260796474	(24,23)
-0.19874992033692636050217852291	(24,24)
-0.14599920926855290444791713102	(24,25)
-0.09984686431971768479152742966	(24,26)
-0.06144258158004102914949930293	(24,27)
-0.03175255474777063740541173046	(24,28)
-0.01152895257120616318071663686	(24,29)
-0.00128647449364865943249363904	(24,30)
-1.0238958521116912991546534576	(25,1)
-1.0238563123313793235578861409	(25,2)
-1.0235896839331197133663649023	(25,3)
-1.0227311671390529276944738743	(25,4)
-1.02075890109160074747456216	(25,5)
-1.0170232323198639627816069382	(25,6)
-1.0107838421329971857612432998	(25,7)
-1.0012531179530666550931095895	(25,8)
-0.9876437882084595344500619326	(25,9)
-0.9692185323889439566310476298	(25,10)
-0.9453390604514871335794526539	(25,11)
-0.9155120631027263504489220225	(25,12)
-0.8794294953301794545843766499	(25,13)
-0.8370008867414489758726603211	(25,14)
-0.7883757732894169652116818315	(25,15)
-0.733954895046603173401767585	(25,16)
-0.6743894633673066611794503425	(25,17)
-0.6105685121157053820321408108	(25,18)
-0.5435950476470889056090218966	(25,19)
-0.4747523379841923116847791116	(25,20)
-0.40546218036173350855340109201	(25,21)
-0.33723732262170013676157207484	(25,22)
-0.27163037380494360763847762062	(25,23)
-0.21018153025930023763298977702	(25,24)
-0.1543672915041538936185595859	(25,25)
-0.10555208321155097445199432448	(25,26)
-0.06494438661337824125865958713	(25,27)
-0.03355863654657961468391481039	(25,28)
-0.01218382920236357500026554185	(25,29)
-0.00135949960598548742881532543	(25,30)
-1.0826336326070808457370605249	(26,1)
-1.0825916635928840476158484834	(26,2)
-1.0823086544817412203573606272	(26,3)
-1.0813973973051038716331027259	(26,4)
-1.079303993458801776879102015	(26,5)
-1.075338963151130243212542302	(26,6)
-1.0687167383212510429122458629	(26,7)
-1.058601833646036288493499321	(26,8)
-1.0441595903043376591675634255	(26,9)
-1.0246090441347630634547111386	(26,10)
-0.9992752224409555800225079096	(26,11)
-0.9676380624278165646477463993	(26,12)
-0.9293752037069961078676175968	(26,13)
-0.8843961582915323328251128957	(26,14)
-0.8328658043684857725839913438	(26,15)
-0.7752157612258261390276477599	(26,16)
-0.7121429349766140099023539468	(26,17)
-0.6445953129861403382566292977	(26,18)
-0.5737458548624187232106576846	(26,19)
-0.5009560071805865360901737486	(26,20)
-0.4277308982720886566694497421	(26,21)
-0.3556686101498761601312263984	(26,22)
-0.2864060642634121987946131031	(26,23)
-0.22156400883207506584443761811	(26,24)
-0.16269339128593106600130891662	(26,25)
-0.11122508651774963450629320008	(26,26)
-0.06842458175189260427377861234	(26,27)
-0.0353528402573763216596345908	(26,28)
-0.01283421786762462207048226468	(26,29)
-0.00143201404006258775125860868	(26,30)
-1.1416549243215236138322678921	(27,1)
-1.1416104820260666303213851706	(27,2)
-1.1413107952483976169837658237	(27,3)
-1.1403458423658274616500680319	(27,4)
-1.1381291109022596445594105136	(27,5)
-1.1339305898053608689586064319	(27,6)
-1.1269186874769772136744213503	(27,7)
-1.1162092798220285513906586633	(27,8)
-1.1009196549757126134861027631	(27,9)
-1.0802247394128756073054849921	(27,10)
-1.0534127088990855004909484858	(27,11)
-1.0199369550109142364273502898	(27,12)
-0.9794614351825337927143198458	(27,13)
-0.9318967068754837797963073419	(27,14)
-0.8774244358880693818296531705	(27,15)
-0.8165088479245662464817398544	(27,16)
-0.7498944065914101395783734455	(27,17)
-0.6785898740066032316396434594	(27,18)
-0.6038397560177287877832194363	(27,19)
-0.5270848696476875183347537949	(27,20)
-0.4499143289997060836798195328	(27,21)
-0.37401158649382565866768567383	(27,22)
-0.30109727847591010103814299116	(27,23)
-0.23287152679524149470182860514	(27,24)
-0.17095808307627678414353358711	(27,25)
-0.11685232644153390073613348166	(27,26)
-0.07187469865481202819384188549	(27,27)
-0.03713073807214966549543524944	(27,28)
-0.01347849833127843743390263564	(27,29)
-0.0015038362963860197112343164	(27,30)
-1.2008990314840584794985323584	(28,1)
-1.2008520712433192806189416643	(28,2)
-1.200535405694715837793304929	(28,3)
-1.1995157885061129823226716953	(28,4)
-1.1971735096163832423584891616	(28,5)
-1.1927373136175267111068827587	(28,6)
-1.1853288049723858958603453914	(28,7)
-1.1740144541684497950363646304	(28,8)
-1.1578628402342420967939393958	(28,9)
-1.1360043398458084597125277639	(28,10)
-1.1076901538459147693544295304	(28,11)
-1.0723474046755157325750267737	(28,12)
-1.0296270923649899439155863808	(28,13)
-0.9794419932008405670663219645	(28,14)
-0.9219921264825955000620482909	(28,15)
-0.8577761697637106335865538104	(28,16)
-0.7875881078605939569689352956	(28,17)
-0.712499367205084642104551408	(28,18)
-0.6338276149898752706061231487	(28,19)
-0.5530941970779649556544210232	(28,20)
-0.4719727751156849516488982347	(28,21)
-0.39223205838267238947800675013	(28,22)
-0.3156756024184130816053730271	(28,23)
-0.24408149108844020111744243484	(28,24)
-0.17914438417706854971268114708	(28,25)
-0.12242196611754783663939793055	(28,26)
-0.07528734293120174725903267735	(28,27)
-0.03888846575569068891674938509	(28,28)
-0.01411525712953006170992339485	(28,29)
-0.00157480807053437995425032146	(28,30)
-1.2603077825002569425078166151	(29,1)
-1.2602582591473187298975011062	(29,2)
-1.2599243103395045376595491187	(29,3)
-1.258849049435402467516811437	(29,4)
-1.2563789789770127077639875439	(29,5)
-1.2517008797746678710587748209	(29,6)
-1.2438887677227499062418198202	(29,7)
-1.2319589426110342505351040632	(29,8)
-1.2149306297284801702570425839	(29,9)
-1.1918892418861304808132531848	(29,10)
-1.1620489272206109714301647137	(29,11)
-1.1248108828329710427568746393	(29,12)
-1.0798139645281808180998011904	(29,13)
-1.0269744457270987278497517762	(29,14)
-0.9665123777938629403986344727	(29,15)
-0.8989628436033570567893321223	(29,16)
-0.825171401838069728206768396	(29,17)
-0.7462740882167750866549855081	(29,18)
-0.6636633562183929813382795746	(29,19)
-0.578942195577328305744333793	(29,20)
-0.4938692788220393854226137046	(29,21)
-0.41029830923519128030582025511	(29,22)
-0.33011477524017437148223276632	(29,23)
-0.25517309268837113702603892952	(29,24)
-0.18723670276704252288029778748	(29,25)
-0.12792316889768434770654654809	(29,26)
-0.0786557611872360086947175135	(29,27)
-0.0406225006392063372297924848	(29,28)
-0.01474320738850953236706099578	(29,29)
-0.00164478532986437231451293932	(29,30)
-1.3198192984478660492936596575	(30,1)
-1.3197671667417659158229485401	(30,2)
-1.3194156296941264800488864039	(30,3)
-1.3182837441623022802833072711	(30,4)
-1.3156836350169938650269181074	(30,5)
-1.3107594004894614978341188949	(30,6)
-1.302536686841877068536055383	(30,7)
-1.2899808672627273144848916846	(30,8)
-1.27206118759806114432065184	(30,9)
-1.2478177152633796454115572814	(30,10)
-1.2164275174693434046755596596	(30,11)
-1.1772662779681122121922283502	(30,12)
-1.1299616069714194183128316195	(30,13)
-1.0744346509153192807302435246	(30,14)
-1.0109272724705038588202132869	(30,15)
-0.9400130049810898277885841045	(30,16)
-0.8625911027215443323487035301	(30,17)
-0.7798641892049006818443048739	(30,18)
-0.6933011171422945334961657634	(30,19)
-0.6045875724301959761254490545	(30,20)
-0.5155675888886540078045314322	(30,21)
-0.42817944409776819754474083414	(30,22)
-0.34438938321409252859550351018	(30,23)
-0.26612631504388266400501722733	(30,24)
-0.19522012198008254523178319682	(30,25)
-0.1333456159973983208825460396	(30,26)
-0.08197354782389102749095303027	(30,27)
-0.04232951151505086829970784668	(30,28)
-0.01536113466782262077570840903	(30,29)
-0.00171363228968311037723181113	(30,30)
-1.3793638358793439426509109799	(31,1)
-1.3793090511671867050082167493	(31,2)
-1.3789396248711077151985283602	(31,3)
-1.3777501466654977058074491592	(31,4)
-1.3750177817152541409609997298	(31,5)
-1.3698432382515548635972173448	(31,6)
-1.3612030274477768261508889046	(31,7)
-1.3480108617588932759021123939	(31,8)
-1.3291854124586131378226892438	(31,9)
-1.3037210622476704158948767463	(31,10)
-1.270757825201024565680727236	(31,11)
-1.2296463539241628127567092643	(31,12)
-1.1800039936931743359042047085	(31,13)
-1.1217582278675322330142527405	(31,14)
-1.0551745945210986110081744072	(31,15)
-0.9808671926785328758634502068	(31,16)
-0.8997911368404573171995282045	(31,17)
-0.8132176216206527500887927035	(31,18)
-0.722693471174410592475656965	(31,19)
-0.6299880312493899075868034657	(31,20)
-0.5370309142608162810225564331	(31,21)
-0.44584438334361000222802438548	(31,22)
-0.35847407161392164875325437107	(31,23)
-0.27692133969843421240433224207	(31,24)
-0.20307997317961011542077390998	(31,25)
-0.13867922031132926271245327937	(31,26)
-0.08523447169832023538796296611	(31,27)
-0.04400627012522423585217216205	(31,28)
-0.01596786507984225142227226558	(31,29)
-0.00178121787005094894469289789	(31,30)
-1.4388613126444207518324787902	(32,1)
-1.4388038316892071841705641979	(32,2)
-1.4384162246896972846715779073	(32,3)
-1.437168216594766729911023361	(32,4)
-1.4343014499455585050245581977	(32,5)
-1.4288725603522902700521639746	(32,6)
-1.41980818906840728276093837	(32,7)
-1.4059696908731410959881372629	(32,8)
-1.3862246123324626287715804914	(32,9)
-1.3595213662121564481674928986	(32,10)
-1.3249630050438255603641275343	(32,11)
-1.2818757049438030378717018121	(32,12)
-1.2298676044619378401350808978	(32,13)
-1.1688740639275754779011837913	(32,14)
-1.0991862264238347413439881186	(32,15)
-1.0214609158918562505688952217	(32,16)
-0.9367112834951244503938783879	(32,17)
-0.8462790493081141151058927079	(32,18)
-0.7517905070360719664517584239	(32,19)
-0.655099507614434468038832906	(32,20)
-0.5582213031593612556069569288	(32,21)
-0.4632613705217857224123701004	(32,22)
-0.37234316568831613309920152679	(32,23)
-0.28753826461437908363326295564	(32,24)
-0.21080163620882995642972497247	(32,25)
-0.14391399376020884663709280614	(32,26)
-0.08843239637048163433356464545	(32,27)
-0.04564961064858574523047084058	(32,28)
-0.01656225074514996738169122607	(32,29)
-0.0018474140818406327044987482	(32,30)
-1.4982201190146008027357718602	(33,1)
-1.4981599009355885228320580646	(33,2)
-1.4977538376715583243823937253	(33,3)
-1.4964464137072843847719594602	(33,4)
-1.4934432175070068579514668596	(33,5)
-1.4877561694630534743022292498	(33,6)
-1.4782613536972075166639418729	(33,7)
-1.4637671249326660948870685348	(33,8)
-1.4430894160033902312044758635	(33,9)
-1.4151304516978700552433579443	(33,10)
-1.3789564866419087041027356687	(33,11)
-1.3338698493512478002295421628	(33,12)
-1.2794706014638452602212154864	(33,13)
-1.2157035821365405463981019143	(33,14)
-1.1428875120089713847076017518	(33,15)
-1.0617241134591051142033892531	(33,16)
-0.9732867276620763501785098584	(33,17)
-0.8789894883731332917892383901	(33,18)
-0.7805395467371373111003047166	(33,19)
-0.6798759543395844318067166894	(33,20)
-0.5790994841076886525012429462	(33,21)
-0.4803978579016259618575840572	(33,22)
-0.38597059054782156114284771053	(33,23)
-0.29795704977413126821935704031	(33,24)
-0.21837050378707878730444225226	(33,25)
-0.14904002516667436767097679229	(33,26)
-0.09156126746108556992149998668	(33,27)
-0.04725642350275025693617401584	(33,28)
-0.01714316761531298498252456045	(33,29)
-0.00191209578759539560258848738	(33,30)
-1.5573368623091928085143592365	(34,1)
-1.5572738695940078539415531287	(34,2)
-1.5568490972221947699939229888	(34,3)
-1.5554814446040904405750652608	(34,4)
-1.5523399594198956118357951705	(34,5)
-1.546391260623458741731883392	(34,6)
-1.5364602538149236748746080871	(34,7)
-1.5213017243484066442404411542	(34,8)
-1.4996795804022503141493493153	(34,9)
-1.4704497214159078192078383576	(34,10)
-1.4326418478123437278501233016	(34,11)
-1.3855351444209691994041825718	(34,12)
-1.3287227896748158287064292841	(34,13)
-1.2621607484463229900033226236	(34,14)
-1.1861973089355111764381774898	(34,15)
-1.1015812469768298513295234464	(34,16)
-1.0094481863477601411543287797	(34,17)
-0.9112864572406169781099545279	(34,18)
-0.8088853086211341615417196494	(34,19)
-0.7042695067098818799192165546	(34,20)
-0.5996250235565721088173452493	(34,21)
-0.4972206485601689837597226042	(34,22)
-0.39932999222811406050945839175	(34,23)
-0.30815761436498054216533068701	(34,24)
-0.2257720544439328707718781773	(34,25)
-0.15404753064324558716451041305	(34,26)
-0.09461514374049504276465199873	(34,27)
-0.04882367138601018128663843685	(34,28)
-0.017709521281245922075033103	(34,29)
-0.00197514134839334322709538684	(34,30)
-1.6160967591680731898428557358	(35,1)
-1.6160309587254773547179973222	(35,2)
-1.6155872542183317795126471968	(35,3)
-1.6141586561973219153771572401	(35,4)
-1.6108772434010910642015874729	(35,5)
-1.6046638204702960483369768405	(35,6)
-1.594291577742489266472236253	(35,7)
-1.5784612539740585054278982761	(35,8)
-1.5558844171054818240993078734	(35,9)
-1.5253705978539698788615087469	(35,10)
-1.4859132735148008000549413448	(35,11)
-1.4367692636312029171941777611	(35,12)
-1.3775261113863876790036546735	(35,13)
-1.3081525801188237886288927988	(35,14)
-1.2290285049832120415863473725	(35,15)
-1.1409518165792184633450010089	(35,16)
-1.0451224135629015285101359851	(35,17)
-0.9431044595244414940916141743	(35,18)
-0.8367703569236931050399256973	(35,19)
-0.7282308887650648207589358369	(35,20)
-0.6197566811887694341849296025	(35,21)
-0.5136961959767836175830113354	(35,22)
-0.4123949801373315125531770457	(35,23)
-0.31812002384358944896862010436	(35,24)
-0.23299198873194295477929227198	(35,25)
-0.15892694559956750665096419864	(35,26)
-0.09758825297665254299020367773	(35,27)
-0.05034841777298914494293114397	(35,28)
-0.01826025721884247020994106709	(35,29)
-0.00203643376107195717742129824	(35,30)
-1.674374456764777441722427519	(36,1)
-1.6743058209939877297358073983	(36,2)
-1.6738429983489847883462101743	(36,3)
-1.6723528574078117149821866122	(36,4)
-1.6689301523676997225355255614	(36,5)
-1.6624494512185677582771325657	(36,6)
-1.651631795946242749749923566	(36,7)
-1.6351235126188148638779708893	(36,8)
-1.6115836257209805162382019781	(36,9)
-1.5797753606098899564577317541	(36,10)
-1.5386563961499359844218849171	(36,11)
-1.4874620373904347117669032074	(36,12)
-1.4257754828383078951566342623	(36,13)
-1.3535799715054648226436057094	(36,14)
-1.2712888240169009106891401855	(36,15)
-1.1797511363114935696028070666	(36,16)
-1.0802329332643981492217619059	(36,17)
-0.974375662666539800110114983	(36,18)
-0.8641357153812622584225777812	(36,19)
-0.7517099534204041407911309048	(36,20)
-0.6394528712534899991064958258	(36,21)
-0.529790984948238618626736243	(36,22)
-0.42513942964122779779421994912	(36,23)
-0.32782471963568376158731840309	(36,24)
-0.24001639415456413291939021698	(36,25)
-0.1636690348362665343399126984	(36,26)
-0.10047505812318889688617551138	(36,27)
-0.05182786044032866598862926337	(36,28)
-0.01879437278379054220755988293	(36,29)
-0.00209586198629242842124551218	(36,30)
-1.7320351233641735305423190464	(37,1)
-1.7319636312213116107758774735	(37,2)
-1.7314815486507269480855729941	(37,3)
-1.7299294096352916683607344396	(37,4)
-1.7263643747453359539378438039	(37,5)
-1.7196144606156317358104117359	(37,6)
-1.708348250263290225712590635	(37,7)
-1.6911574208320249880681125254	(37,8)
-1.6666483789422979043154829818	(37,9)
-1.6335382265215476737964677971	(37,10)
-1.5907493672844629133514362837	(37,11)
-1.5374965112150845368914980476	(37,12)
-1.4733598317700792594801499031	(37,13)
-1.398338701891069274499107026	(37,14)
-1.3128817932716367027719291137	(37,15)
-1.2178912488156826049420668956	(37,16)
-1.1147008891145779207829230912	(37,17)
-1.005030671280506424490302349	(37,18)
-0.8909215546864908390663106064	(37,19)
-0.7746562776130881799114114025	(37,20)
-0.6586721627450339466126140519	(37,21)
-0.5454719381671113348284578334	(37,22)
-0.4375378002221257336093747978	(37,23)
-0.33725275724356444478332129863	(37,24)
-0.24683191387964349462418565331	(37,25)
-0.16826500382408490415838685069	(37,26)
-0.10327032353143017959977265418	(37,27)
-0.05325936472751096618797140626	(37,28)
-0.01931092904255061271918261066	(37,29)
-0.00215332225452976256735990795	(37,30)
-1.7889356964098732283892711327	(38,1)
-1.7888613344550077208847298838	(38,2)
-1.7883599014446558026155871239	(38,3)
-1.7867454742714310766521727637	(38,4)
-1.7830374509957378049477751289	(38,5)
-1.7760171065584978256034133553	(38,6)
-1.7643003952014015373097723171	(38,7)
-1.7464242568343163037262561983	(38,8)
-1.7209425501965623092880992525	(38,9)
-1.686526564982726655358880645	(38,10)
-1.6420640551592671665255259023	(38,11)
-1.5867501182774200713051244755	(38,12)
-1.5201632360608666391107110461	(38,13)
-1.4423205295912612380900717423	(38,14)
-1.3537077809967215401777053186	(38,15)
-1.2552818940686603988687864513	(38,16)
-1.1484459323275204995075550829	(38,17)
-1.0349993237429992847950727356	(38,18)
-0.9170678902046299602658923254	(38,19)
-0.7970197571540703776716266983	(38,20)
-0.6773737715202659347430947247	(38,21)
-0.5607068098557095392683386974	(38,22)
-0.44956543852084829842133937453	(38,23)
-0.34638602936960860553079545581	(38,24)
-0.25342590233265307090625830526	(38,25)
-0.17270659979153540486247581721	(38,26)
-0.10596917428805350325395305863	(38,27)
-0.05464049301140666761151650383	(38,28)
-0.01980906117211377822894230464	(38,29)
-0.00220871920921353438602738397	(38,30)
-1.8449262127317060990048654525	(39,1)
-1.8448489761415479923757567027	(39,2)
-1.8443281602777601421588191786	(39,3)
-1.8426513418931951256194468451	(39,4)
-1.8388001010815668631984318434	(39,5)
-1.8315089212459962932185250278	(39,6)
-1.8193411164470742118776891138	(39,7)
-1.8007789661405944404502310969	(39,8)
-1.7743240100436501174789430049	(39,9)
-1.7386021754752872048158221853	(39,10)
-1.6924672962151392542789613895	(39,11)
-1.6350958961729044433232725779	(39,12)
-1.5660660954144084318295246269	(39,13)
-1.485414306937102967938544158	(39,14)
-1.3936650423979152480559635298	(39,15)
-1.2918314740729778104629578651	(39,16)
-1.1813870941015751859515759394	(39,17)
-1.064211463696442416137001759	(39,18)
-0.942515247218005900316857703	(39,19)
-0.8187511644215128172509141166	(39,20)
-0.6955180134210918780740622759	(39,21)
-0.5754645412989266588188812356	(39,22)
-0.46119884652955885074090677905	(39,23)
-0.35520745922879939865278978535	(39,24)
-0.25978655710743636415414401326	(39,25)
-0.17698619561133994220020321183	(39,26)
-0.1085671444810407792835407278	(39,27)
-0.05596902827394372972983264997	(39,28)
-0.02028798667093895352765905096	(39,29)
-0.00226196680319228230021619123	(39,30)
-1.899851171941997065350238993	(40,1)
-1.8997710654740636109779199746	(40,2)
-1.8992308989432812461345401885	(40,3)
-1.8974917942276131900202870166	(40,4)
-1.8934975839978393263400317943	(40,5)
-1.8859360660696717085251592074	(40,6)
-1.8733180779149707131079476075	(40,7)
-1.8540714964178046390618716711	(40,8)
-1.8266459431936995817958926763	(40,9)
-1.7896225796687459916063184325	(40,10)
-1.7418221536883428393486031494	(40,11)
-1.6824037019453400064978511337	(40,12)
-1.6109462914717606335825656071	(40,13)
-1.5275070733020437826450660292	(40,14)
-1.4326507332859819561697951381	(40,15)
-1.3274479756651920911704318658	(40,16)
-1.2134436080433350645435674452	(40,17)
-1.0925976555242695825032740404	(40,18)
-0.9672052667151501544935452855	(40,19)
-0.8398026460138277425567477381	(40,20)
-0.713066699594746192370981185	(40,21)
-0.5897155633467285871561940413	(40,22)
-0.47241590354034790361892288155	(40,23)
-0.36370115573810920918196457007	(40,24)
-0.26590302145403762057597316358	(40,25)
-0.18109685279183806958215543005	(40,26)
-0.11106021224497987504327430066	(40,27)
-0.05724299070351733281206830328	(40,28)
-0.02074701100934399681351543465	(40,29)
-0.00231298890778121202211640686	(40,30)
-1.953550902570815117838533179	(41,1)
-1.9534679414651518667980564325	(41,2)
-1.9529085271323669871490920392	(41,3)
-1.9511074684463134537457862468	(41,4)
-1.9469710589427222439073736768	(41,5)
-1.9391406868451180386223463928	(41,6)
-1.9260750669939036770379778993	(41,7)
-1.9061481273262819222473471947	(41,8)
-1.8777581560499992391207981922	(41,9)
-1.8394422982526222945115239183	(41,10)
-1.7899891538477618120793719875	(41,11)
-1.7285413965546569612926966868	(41,12)
-1.6546803084204636130751254085	(41,13)
-1.5684850994537687722071668208	(41,14)
-1.4705618663012008004205442541	(41,15)
-1.3620398282842923368780665113	(41,16)
-1.2445356617572359354838265102	(41,17)
-1.1200898255915249813881981313	(41,18)
-0.9910812363116758116937854222	(41,19)
-0.8601281477807759210024074246	(41,20)
-0.7299834641522317640722952401	(41,21)
-0.6034320385055194217374868236	(41,22)
-0.48319603660289247491116665359	(41,23)
-0.37185252706716001422434872138	(41,24)
-0.27176545514513532474082581835	(41,25)
-0.18503236230898667336443628296	(41,26)
-0.11344482093366251825240373945	(41,27)
-0.05846064704451860134276106234	(41,28)
-0.02118553062850702851788222471	(41,29)
-0.00236171962498834253559937437	(41,30)
-2.0058629128646117037729536678	(42,1)
-2.0057771236692358110075400925	(42,2)
-2.005198640642012608060145973	(42,3)
-2.0033362057165098106351894607	(42,4)
-1.9990589300587082073167348718	(42,5)
-1.9909622513246331491895008299	(42,6)
-1.9774533199515325061757862221	(42,7)
-1.9568527773507369125891240917	(42,8)
-1.9275083568690261175435003496	(42,9)
-1.8879140947506314132899274944	(42,10)
-1.8368274823926501568230955767	(42,11)
-1.7733759817392822861849774509	(42,12)
-1.6971442977016600996463651797	(42,13)
-1.6082348677461757474485837723	(42,14)
-1.5072961954359636086816916733	(42,15)
-1.3955166839214788904206383948	(42,16)
-1.2745850665745017122145896548	(42,17)
-1.1466218201523869850706237463	(42,18)
-1.0140885391980373707275204191	(42,19)
-0.8796837620606472250805159965	(42,20)
-0.7462340207415332287068349932	(42,21)
-0.6165880406582127610301228356	(42,22)
-0.49352033864564320654278429797	(42,23)
-0.37964835245326731174290772668	(42,24)
-0.27736507403449188498696978324	(42,25)
-0.18878726372855506769063434129	(42,26)
-0.11571788681882598924426128835	(42,27)
-0.05962051295031830482160081238	(42,28)
-0.02160303339301448954930717749	(42,29)
-0.0024081033153210405488165027	(42,30)
-2.0566232160660634139651684318	(43,1)
-2.0565346373723720856782038712	(43,2)
-2.0559373459577339249183405312	(43,3)
-2.0540143738287281570648123288	(43,4)
-2.0495981645690839531117468763	(43,5)
-2.0412388588263827354085697071	(43,6)
-2.0272928173544556512417203773	(43,7)
-2.0060282775205931216055240843	(43,8)
-1.9757433985193337354288120203	(43,9)
-1.9348901764457448859335349349	(43,10)
-1.8821961313882195804225449684	(43,11)
-1.8167746800415138921796647128	(43,12)
-1.7382150781601053037467172946	(43,13)
-1.646643980291384330288697876	(43,14)
-1.5427530220216005160962700747	(43,15)
-1.4277901136577436716867772718	(43,16)
-1.3035158412299195383587835953	(43,17)
-1.17212987721151321187161814	(43,18)
-1.0361750198476054002052140022	(43,19)
-0.8984279971569229141700170696	(43,20)
-0.7617863491205469117875825927	(43,21)
-0.6291596742295102649047933793	(43,22)
-0.5033716364590518769055011857	(43,23)
-0.38707681452791513203765488378	(43,24)
-0.282694160326682274966092518	(43,25)
-0.19235684422094948803911989426	(43,26)
-0.11787679441442610775179460985	(43,27)
-0.06072134895294852439951755269	(43,28)
-0.02199909673072174747030341711	(43,29)
-0.00245209436788355358167471961	(43,30)
-2.105667624706946379249159395	(44,1)
-2.1055763077815712311408177387	(44,2)
-2.1049605537446396250541020011	(44,3)
-2.1029781584401564818691473056	(44,4)
-2.0984255788608991468034871578	(44,5)
-2.0898085165558854267356387681	(44,6)
-2.075433544124232707145564891	(44,7)
-2.0535176067170012272164865725	(44,8)
-2.0223104786631658140052075512	(44,9)
-1.9802233474407473175581500396	(44,10)
-1.9259549920692078746676800369	(44,11)
-1.858605953769663299208634562	(44,12)
-1.7777710680222509749188732194	(44,13)
-1.6836019922932526026776672596	(44,14)
-1.5768339203369903433079461523	(44,15)
-1.4587742200681786172943016204	(44,16)
-1.3312547099661758681174293916	(44,17)
-1.1965530140072595447455269826	(44,18)
-1.0572912692234232623632597554	(44,19)
-0.9163219726432146549814139677	(44,20)
-0.776610815868873386773717308	(44,21)
-0.641125137141796179762649583	(44,22)
-0.5127345127482327296948557233	(44,23)
-0.39412749592289881099973454022	(44,24)
-0.2877460466647214261335827924	(44,25)
-0.19573711979277127090730655219	(44,26)
-0.11991938095701113811139125248	(44,27)
-0.06176215087987754614708612356	(44,28)
-0.02237338377104246115319587346	(44,29)
-0.00249365674801984937660527452	(44,30)
-2.1528330109743123592192057489	(45,1)
-2.1527390202743946099423151182	(45,2)
-2.152105238311002755085214359	(45,3)
-2.1500648200085040960479494917	(45,4)
-2.1453790896143490946322756812	(45,5)
-2.1365103797680862644847954438	(45,6)
-2.1217167114610582124378691188	(45,7)
-2.099165085931959321490049246	(45,8)
-2.0670582949293480026808967559	(45,9)
-2.0237681117184989916383699598	(45,10)
-1.9679658917892717247095851886	(45,11)
-1.8987404617302472090560870538	(45,12)
-1.8156931482487142809339265831	(45,13)
-1.719001170959109048861760301	(45,14)
-1.6094433842596554895910061464	(45,15)
-1.4883861679996626472804673857	(45,16)
-1.3577315186621966598449162021	(45,17)
-1.2198333347105085113326005129	(45,18)
-1.0773908348817995865611182207	(45,19)
-0.9333295464189303841755241995	(45,20)
-0.7906802353469569530248770176	(45,21)
-0.6524647334997724365599430137	(45,22)
-0.5215952876917274334423653645	(45,23)
-0.40079134482467394091983656864	(45,24)
-0.29251507776252025353164780716	(45,25)
-0.19892480145540909248349537539	(45,26)
-0.12184391180079780885837558326	(45,27)
-0.06274213565938171243165173389	(45,28)
-0.02272563783138472285329047853	(45,29)
-0.00253276336196266813529393367	(45,30)
-2.1979585312875113823300963899	(46,1)
-2.1978619448471872843511492387	(46,2)
-2.1972106611881852085941315803	(46,3)
-2.1951139145779414994830574461	(46,4)
-2.1902989281809945440601166491	(46,5)
-2.181185954050375020880350019	(46,6)
-2.1659859390471666937731381748	(46,7)
-2.1428175300963306048958173952	(46,8)
-2.1098381539931147956065817677	(46,9)
-2.0653817255324277710597391317	(46,10)
-2.008093574997461416327761276	(46,11)
-1.9370519543115074293626272064	(46,12)
-1.8518654586926084091518696816	(46,13)
-1.7527371824033217093549415788	(46,14)
-1.6404893984446725231329528305	(46,15)
-1.5165466383009096911273799805	(46,16)
-1.3828795745919245702730454426	(46,17)
-1.241916264808948877690437472	(46,18)
-1.0964303630496175335157267507	(46,19)
-0.9494173808725881807429857627	(46,20)
-0.8039698781767627750262870168	(46,21)
-0.6631608428385146505110635988	(46,22)
-0.5299419660917747168232498149	(46,23)
-0.40706061458365519008668011068	(46,24)
-0.29699655358250190339794953941	(46,25)
-0.20191724920609530666182938617	(46,26)
-0.12364904856408380450334054784	(46,27)
-0.0636607234890511562698080331	(46,28)
-0.02305567561158667571851753343	(46,29)
-0.00256939527897369685795435546	(46,30)
-2.2408868133794111707681148773	(47,1)
-2.2407877230564644339258886759	(47,2)
-2.240119557129305075065349475	(47,3)
-2.237968476744864145103277694	(47,4)
-2.2330288165968362711717611231	(47,5)
-2.2236802582230491913722689973	(47,6)
-2.2080883962112464202702545681	(47,7)
-2.1843253564406640000124599259	(47,8)
-2.1505050339304698499596987154	(47,9)
-2.1049251990398907862996855087	(47,10)
-2.0462066288544840417347481348	(47,11)
-1.9734181083882928118532102109	(47,12)
-1.8861761295337090565710554437	(47,13)
-1.784709710118927705175634584	(47,14)
-1.6698839387600299714012363342	(47,15)
-1.5431802103504078796669648415	(47,16)
-1.4066359166451502929111781567	(47,17)
-1.2627507197676306585851560151	(47,18)
-1.1143696807171179522745217287	(47,19)
-0.9645549562848748270023234449	(47,20)
-0.8164574350923304983317502621	(47,21)
-0.6731978531534631782662463828	(47,22)
-0.5377641564236349061814707368	(47,23)
-0.41292878258538398186119086949	(47,24)
-0.30118665807982885367726914058	(47,25)
-0.20471241667780745911759959071	(47,26)
-0.12533381183396844418635697325	(47,27)
-0.06451751731924838063957886046	(47,28)
-0.02336337944609274778555851688	(47,29)
-0.00260354085022505717427713933	(47,30)
-2.2814651037844183641620591089	(48,1)
-2.281363615357584369113855952	(48,2)
-2.2806792804410824914618268674	(48,3)
-2.2784761627510717919982210477	(48,4)
-2.2734171032539046560616707127	(48,5)
-2.263842946024570284733608738	(48,6)
-2.2478759004600114502301810494	(48,7)
-2.2235436481566957130812540388	(48,8)
-2.1889185991246016751030386305	(48,9)
-2.1422642471317376983107924536	(48,10)
-2.0821783542909475495647488216	(48,11)
-2.0077213038629332673926311796	(48,12)
-1.9185179509487658304627127685	(48,13)
-1.8148230092027336569059566059	(48,14)
-1.6975434073919842848120240466	(48,15)
-1.5682156799337786967313416064	(48,16)
-1.4289415235104661104576765545	(48,17)
-1.2822892161339031146124736029	(48,18)
-1.1311718262338537745174221989	(48,19)
-0.9787145398973649737198197336	(48,20)
-0.8281229441510037112742041947	(48,21)
-0.6825620649422644525138779408	(48,22)
-0.5450529680062443619082529047	(48,23)
-0.41839045344953633303808639678	(48,24)
-0.30508237737793246473249165681	(48,25)
-0.2073087891739998631037601022	(48,26)
-0.12689754013250239229949861081	(48,27)
-0.06531228054258137988260775451	(48,28)
-0.02364868893978185094882151222	(48,29)
-0.00263519476091274475760711334	(48,30)
-2.3195463729598773073524035715	(49,1)
-2.3194426060691600856087619294	(49,2)
-2.3187429088899640912131505038	(49,3)
-2.3164903509861480824324630433	(49,4)
-2.3113178556053742804587534823	(49,5)
-2.3015293841322839480915467915	(49,6)
-2.2852059712182896120050333752	(49,7)
-2.2603331716382860706591366781	(49,8)
-2.224944166613498755905124686	(49,9)
-2.1772701891462970406307778994	(49,10)
-2.1158875831832211579239206715	(49,11)
-2.0398493436721428780269313386	(49,12)
-1.9487889841237470892873456327	(49,13)
-1.8429864007666347786326967363	(49,14)
-1.7233890083408172798782914218	(49,15)
-1.5915863193374606920226606194	(49,16)
-1.4497414675925674384367479352	(49,17)
-1.3004879334399500372654547552	(49,18)
-1.1468030369650488055019784823	(49,19)
-0.9918711190179649654265310345	(49,20)
-0.8389486891281911328590936339	(49,21)
-0.6912415732352647931377214817	(49,22)
-0.551800892216387616786690446	(49,23)
-0.42344125131651593913078643041	(49,24)
-0.30868141096387654104020599119	(49,25)
-0.20970531758401645722060402507	(49,26)
-0.12833984669575799254868293972	(49,27)
-0.06604491369561613901868753124	(49,28)
-0.02391159228095441967763414419	(49,29)
-0.00266435704838637862280525476	(49,30)
-2.3549903744856013827500825748	(50,1)
-2.3548844624101591520528636532	(50,2)
-2.3541703016442705699038189062	(50,3)
-2.3518711964083568614098524412	(50,4)
-2.3465919065224280073987376593	(50,5)
-2.3366016833416624961791382708	(50,6)
-2.3199428359385701814405687962	(50,7)
-2.2945613449686179896130418463	(50,8)
-2.2584536222464632846297866739	(50,9)
-2.2098207967440169693137969235	(50,10)
-2.1472194420315466495626298886	(50,11)
-2.0696961189199060166442340736	(50,12)
-1.9768931166502206064173664332	(50,13)
-1.8691147109818391816967578033	(50,14)
-1.7473470690783191562628736403	(50,15)
-1.6132300865673908344606232418	(50,16)
-1.4689850224248911635567660264	(50,17)
-1.3173067351582973859676560551	(50,18)
-1.1612327023639375996702789885	(50,19)
-1.0040023062306175973773360187	(50,20)
-0.8489190765330744298170345722	(50,21)
-0.6992261341574589697569072402	(50,22)
-0.5580016732259540297395176997	(50,23)
-0.42807770556927118211383975944	(50,24)
-0.3119820791423591934577029577	(50,25)
-0.21190135040774792730082614324	(50,26)
-0.12966057543854689012690053276	(50,27)
-0.06671543088102624097970154042	(50,28)
-0.02415211748801163333153322851	(50,29)
-0.00269103211487640863206152682	(50,30)
-2.3876646540201094759126158092	(51,1)
-2.3875567432907343081828011974	(51,2)
-2.386829106950056726185321395	(51,3)
-2.3844866346352571317345863979	(51,4)
-2.3791078501764920195776949814	(51,5)
-2.3689296790076046185963790007	(51,6)
-2.3519583850618439911692049126	(51,7)
-2.326103154699630805186234995	(51,8)
-2.2893262844725613964290005551	(51,9)
-2.2398010887650832708724152922	(51,10)
-2.1760660621691096944174895721	(51,11)
-2.0971622205347217871567291011	(51,12)
-2.0027405651643606263704180288	(51,13)
-1.8931286590680911017570787368	(51,14)
-1.769349314015403323740248856	(51,15)
-1.6330897904501333626906419344	(51,16)
-1.4866257311240077349401868358	(51,17)
-1.3327091566646117019079667124	(51,18)
-1.174433290421570353004586487	(51,19)
-1.0150882243009193625782318637	(51,20)
-0.858020498151582242267412608	(51,21)
-0.7065070220149494833009885463	(51,22)
-0.5636501732131351516040283027	(51,23)
-0.4322971338663299200016389871	(51,24)
-0.31498322959950539442070865301	(51,25)
-0.21389656582887795276010405483	(51,26)
-0.13085975728751574616878057198	(51,27)
-0.06732393651551394306746485574	(51,28)
-0.02437032380788069649105261525	(51,29)
-0.00271522775904316066350768116	(51,30)
-2.4174455030220694457855300311	(52,1)
-2.4173357528679760737822872384	(52,2)
-2.4165957145700015261073044153	(52,3)
-2.4142133307916081539155822445	(52,4)
-2.4087429826676007178460621693	(52,5)
-2.3983918562183882627380429131	(52,6)
-2.3811330717105547576388002202	(52,7)
-2.3548420174142420250648265521	(52,8)
-2.3174497130873702445134866003	(52,9)
-2.2671040714640079792151192024	(52,10)
-2.2023272361735161450460680066	(52,11)
-2.122155498556442747681446971	(52,12)
-2.0262483278402905036040478159	(52,13)
-1.91495519831223079026942475	(52,14)
-1.7893330951865584327919101704	(52,15)
-1.6511132180856564020732808873	(52,16)
-1.5026214430718700597568042796	(52,17)
-1.3466623677170045760376594962	(52,18)
-1.1863802549288835325019262807	(52,19)
-1.0251113777799467448166239869	(52,20)
-0.8662411854020618500614642599	(52,21)
-0.7130768822842087656722292351	(52,22)
-0.5687422364274431923967444885	(52,23)
-0.43609752586662422041428100945	(52,24)
-0.3176841455293143769040887068	(52,25)
-0.21569090548406281676111253672	(52,26)
-0.13193756787609795444266127143	(52,27)
-0.067870602907382736419932601	(52,28)
-0.02456629344653290277111542769	(52,29)
-0.00273695424631647494701202973	(52,30)
-2.4442188517230529156679070912	(53,1)
-2.4441074333555360739585581883	(53,2)
-2.4433561474934465062521307284	(53,3)
-2.4409375676842777982625000857	(53,4)
-2.4353841821093593766057377041	(53,5)
-2.4248762146765090745122808611	(53,6)
-2.407356751520216945080288642	(53,7)
-2.3806705821186898688608279542	(53,8)
-2.3427204598600834991737876858	(53,9)
-2.2916314221541562118343093425	(53,10)
-2.2259110198326144305505126896	(53,11)
-2.1445915698702015389542836175	(53,12)
-2.047340589075361312754284347	(53,13)
-1.9345278139152747084401360421	(53,14)
-1.8072415852344427063822331628	(53,15)
-1.6672532307351072219215109703	(53,16)
-1.5169343255481799679423548814	(53,17)
-1.3591371164165815829007367872	(53,18)
-1.1970519303725880796998407489	(53,19)
-1.034056517651438990981095875	(53,20)
-0.8735710611217562611045535392	(53,21)
-0.7189295852418221440647198148	(53,22)
-0.5732745559087091099573946344	(53,23)
-0.4394774305345026417479118147	(53,24)
-0.32008445738704721825077558705	(53,25)
-0.21728451129468843691851015504	(53,26)
-0.13289428741498526795231606739	(53,27)
-0.06835564907208353694900269389	(53,28)
-0.02474012377663080343316242691	(53,29)
-0.00275622343402108577997927599	(53,30)
-2.467881095493944374860575127	(54,1)
-2.4677681912323917229500905959	(54,2)
-2.4670068870825829880572010912	(54,3)
-2.464556067532538565123333489	(54,4)
-2.4589287225436695021629010989	(54,5)
-2.448281067930640455388619895	(54,6)
-2.4305294576975545042705416205	(54,7)
-2.4034914692087714443671563503	(54,8)
-2.3650447576769333673248346315	(54,9)
-2.313294114025538403223898174	(54,10)
-2.2467342787574342853026224107	(54,11)
-2.1643942749442454241359612129	(54,12)
-2.0659490784252606928277730548	(54,13)
-1.9517867811475944540308415545	(54,14)
-1.8230239373980919126447235992	(54,15)
-1.6814678337718200482373744527	(54,16)
-1.5295308564993032578890141459	(54,17)
-1.3701076610042943871243392424	(54,18)
-1.2064294206221764661273521068	(54,19)
-1.0419105046778311214881784734	(54,20)
-0.8800015937216755744770983927	(54,21)
-0.7240600843355583026693937607	(54,22)
-0.5772445460966826461030454623	(54,23)
-0.44243584944411085686765504467	(54,24)
-0.32218405996950330557350600169	(54,25)
-0.21867766646830010142083965149	(54,26)
-0.13373026338737327718892823801	(54,27)
-0.06877932110742288318486647972	(54,28)
-0.02489192013550989068888674981	(54,29)
-0.00277304796371108641462149903	(54,30)
-2.4883398485982333353825221101	(55,1)
-2.4882256508469155925018851271	(55,2)
-2.487455625670727152878189838	(55,3)
-2.4849767413332122013651605853	(55,4)
-2.4792850159097187966579398818	(55,5)
-2.468515771454569431922019499	(55,6)
-2.4505621062445012779467383122	(55,7)
-2.4232179416036534582606503309	(55,8)
-2.3843391446818388131818150784	(55,9)
-2.3320129797329376801717415593	(55,10)
-2.2647231785476580902220017291	(55,11)
-2.1814960839065157827086814256	(55,12)
-2.082013385574199542953284203	(55,13)
-1.9666793869523902500615001615	(55,14)
-1.8366354167894655544730700144	(55,15)
-1.6937202258202004945424673278	(55,16)
-1.5403818040462606955296596448	(55,17)
-1.3795516952005241053952821961	(55,18)
-1.2144964868774007411308217567	(55,19)
-1.0486621764052802660185511871	(55,20)
-0.8855256579785432262264895029	(55,21)
-0.7284642827861718545466006136	(55,22)
-0.5806502240381879017118877536	(55,23)
-0.44497213806961338345796934593	(55,24)
-0.32398303619170216670205390795	(55,25)
-0.21987074154473076569958372839	(55,26)
-0.13444587657293517063492568499	(55,27)
-0.06914187437423866345603620496	(55,28)
-0.02502178929898779297816220656	(55,29)
-0.00278744053003667304881723531	(55,30)
-2.5055146193758035027154072159	(56,1)
-2.5053993294627264220318401199	(56,2)
-2.5046219406784525862138560181	(56,3)
-2.5021193599883946632987053512	(56,4)
-2.4963732763364007771802624479	(56,5)
-2.4855013741067012855015387849	(56,6)
-2.4673771263133243858604287982	(56,7)
-2.439774503648239277107455519	(56,8)
-2.4005310198748925684263304151	(56,9)
-2.3477192112922297531916950741	(56,10)
-2.2798136173035554219010300955	(56,11)
-2.1958384521165888674747591663	(56,12)
-2.0954812328666902740560877115	(56,13)
-1.9791601177878664987261068011	(56,14)
-1.8480375067977959470215562371	(56,15)
-1.703978831670590279293631965	(56,16)
-1.5494621977205628529142096569	(56,17)
-1.3874502721262329883487664125	(56,18)
-1.2212394396544270274331062267	(56,19)
-1.054302222106436881404621399	(56,20)
-0.8901374060928213356445854834	(56,21)
-0.7321389113380497555075703895	(56,22)
-0.5834901014145171258567915747	(56,23)
-0.44708591665989836274122376536	(56,24)
-0.32548158863856440749160415358	(56,25)
-0.22086414616078666968152213554	(56,26)
-0.13504151078015058140842764232	(56,27)
-0.06944355766407057396522283692	(56,28)
-0.02512983369318141814346254484	(56,29)
-0.00279941323286758732362985476	(56,30)
-2.5193374011469574844311998788	(57,1)
-2.5192212280387735276608247183	(57,2)
-2.5184378845583149313863883537	(57,3)
-2.5159161415652085460487000066	(57,4)
-2.5101261012615889718640992916	(57,5)
-2.4991711877239035777946066864	(57,6)
-2.4809090108549108038306789802	(57,7)
-2.4530974235464331834651041513	(57,8)
-2.41355912674082551119975995	(57,9)
-2.3603547938684114797325957249	(57,10)
-2.2919515992417350066113299613	(57,11)
-2.2073721252559528224325485184	(57,12)
-2.1063087066857759923498178567	(57,13)
-1.9891908161442870611314720525	(57,14)
-1.8571979939983611004820709579	(57,15)
-1.7122173230003892064178639967	(57,16)
-1.556751295786781970805692187	(57,17)
-1.3937877311727821300211080309	(57,18)
-1.2266470389092392087571974026	(57,19)
-1.0588230692857772240778746322	(57,20)
-0.8938321520428060278448265305	(57,21)
-0.7350814195545720566196570409	(57,22)
-0.5857630891791962466517919378	(57,23)
-0.44877699195749305670717260997	(57,24)
-0.3266799797210348857064577187	(57,25)
-0.22165828703814611507432750716	(57,26)
-0.13551752656364038335994961916	(57,27)
-0.06968459948275846896864119439	(57,28)
-0.02521614638759871619319397339	(57,29)
-0.00280897701729842561125393785	(57,30)
-2.5297531735576431484860190205	(58,1)
-2.5296363324671088564847215488	(58,2)
-2.5288484853083885377378725327	(58,3)
-2.5263122494816378004706323414	(58,4)
-2.5204889642951384364585589155	(58,5)
-2.5094712699959430736203617557	(58,6)
-2.4911047830802291948069621296	(58,7)
-2.4631351753941186336023071136	(58,8)
-2.4233739617150846591680718824	(58,9)
-2.3698728711830330269910353995	(58,10)
-2.3010935482060185974301261752	(58,11)
-2.2160573938685768713808294273	(58,12)
-2.1144604487388158253891294152	(58,13)
-1.996740807817152042726800778	(58,14)
-1.864091034468350059467397185	(58,15)
-1.7184146303612833896266253248	(58,16)
-1.5622325523748142359082311372	(58,17)
-1.3985516315220094363122508059	(58,18)
-1.2307104057384319510770737871	(58,19)
-1.0622187847539798264386436336	(58,20)
-0.8966062717125251579209605813	(58,21)
-0.737289882584779952389413124	(58,22)
-0.5874684162173842484428968578	(58,23)
-0.45004529073188754711351480373	(58,24)
-0.32757848105826409480775835936	(58,25)
-0.22225353256106578531730435494	(58,26)
-0.1358742391207483700800429656	(58,27)
-0.06986519653747025484575799616	(58,28)
-0.02528080689803807262383168135	(58,29)
-0.00281614120453517997552681174	(58,30)
-2.5367203096869025660770207049	(59,1)
-2.5366030205915606274595380703	(59,2)
-2.5358121528926057177790758346	(59,3)
-2.5332661970038798556504292068	(59,4)
-2.5274206153192667481524360783	(59,5)
-2.5163608163161965195779431326	(59,6)
-2.4979243747596019653520081673	(59,7)
-2.4698487973189473168727876348	(59,8)
-2.4299381046430148191988086152	(59,9)
-2.37623804050200645075786259	(59,10)
-2.3072065599624467939440122308	(59,11)
-2.2218642972315404262506584681	(59,12)
-2.1199098081053827229374088598	(59,13)
-2.001787001664322056651297815	(59,14)
-1.8686972039320740507553253838	(59,15)
-1.7225549493156683123608793052	(59,16)
-1.5658935875096887291120241422	(59,17)
-1.4017326953654296865104312386	(59,18)
-1.2334229484656033287569792501	(59,19)
-1.0644849926986041320181726874	(59,20)
-0.8984571207671896693828649634	(59,21)
-0.7387629249113392118601429852	(59,22)
-0.5886055631113177349406607123	(59,23)
-0.45089080585488711888730688045	(59,24)
-0.32817733253835332580516947637	(59,25)
-0.22265018420127405796670320808	(59,26)
-0.13611190049808599178039975527	(59,27)
-0.06998550448341475796187751807	(59,28)
-0.02532387781689296082119162487	(59,29)
-0.00282091311546588498412931898	(59,30)
-2.5402108849854825076591783548	(60,1)
-2.5400933710780829964955791433	(60,2)
-2.5393009876510403853456069055	(60,3)
-2.5367501541780630020597419516	(60,4)
-2.5308933840397137972189571697	(60,5)
-2.5198124569910276642625610242	(60,6)
-2.5013409130171827109845636699	(60,7)
-2.4732121627872916294893312865	(60,8)
-2.4332264688332862666092379182	(60,9)
-2.3794265754754082568966196067	(60,10)
-2.3102685923204075288962473188	(60,11)
-2.2247727764171012270611470288	(60,12)
-2.1226389547107847582954009277	(60,13)
-2.0043139632241750260445964478	(60,14)
-1.8710035336741108306187215587	(60,15)
-1.7246277430265104502438084247	(60,16)
-1.5677261624967252908489956756	(60,17)
-1.4033247632346512929114280596	(60,18)
-1.2347803053176445340141775518	(60,19)
-1.0656188116377575017456133305	(60,20)
-0.8993829717919211800602600431	(60,21)
-0.7394996622220872247801839783	(60,22)
-0.5891742118167937997485541278	(60,23)
-0.45131355544525564048562378128	(60,24)
-0.32847671137548954339143272919	(60,25)
-0.2228484549636453114320757495	(60,26)
-0.13623068619176668246551695778	(60,27)
-0.07004563096412187388687913402	(60,28)
-0.02534540228082204794629068434	(60,29)
-0.00282329778789389758386525042	(60,30)