kuu1313_(sigma,mu)
0.4669356303361129420059378176	(1,1)
0.4669356303358564188282784301	(1,2)
0.4669356303341265914192461851	(1,3)
0.4669356303285565309817341435	(1,4)
0.4669356303157593679901237465	(1,5)
0.4669356302915160890338313378	(1,6)
0.4669356302510122800819660775	(1,7)
0.4669356301891128957652564284	(1,8)
0.4669356301006623408358660303	(1,9)
0.4669356299807959199129850986	(1,10)
0.4669356298252481000665727663	(1,11)
0.4669356296306430657167092928	(1,12)
0.4669356293947537263474927172	(1,13)
0.4669356291167166359050391718	(1,14)
0.4669356287971921426041078549	(1,15)
0.466935628438461428656848648	(1,16)
0.4669356280444548194367582673	(1,17)
0.4669356276207087223440072512	(1,18)
0.4669356271742516671263842852	(1,19)
0.4669356267134230257327370857	(1,20)
0.4669356262476309550887928547	(1,21)
0.466935625787058800638394808	(1,22)
0.4669356253423315039078541389	(1,23)
0.4669356249241553723896764392	(1,24)
0.4669356245429458146431046069	(1,25)
0.4669356242084582623950546338	(1,26)
0.4669356239294374665278543463	(1,27)
0.4669356237132996655391031488	(1,28)
0.466935623565860812177258447	(1,29)
0.4669356234911221625158232881	(1,30)
0.4669732846593968674872180345	(2,1)
0.4669732846386236926264904969	(2,2)
0.4669732844985427549765254695	(2,3)
0.4669732840474808250525641824	(2,4)
0.4669732830111701576316184268	(2,5)
0.4669732810479562229125983985	(2,6)
0.4669732777679691007328125471	(2,7)
0.4669732727553742056372502077	(2,8)
0.4669732655926727799027378761	(2,9)
0.4669732558859229839094064566	(2,10)
0.4669732432897028913473860358	(2,11)
0.4669732275306395263397166078	(2,12)
0.4669732084283832291618486916	(2,13)
0.4669731859130117786151359494	(2,14)
0.466973160037999308224708025	(2,15)
0.4669731309880746074139374542	(2,16)
0.4669730990815136604063662898	(2,17)
0.4669730647666526526503762485	(2,18)
0.4669730286126596387518622496	(2,19)
0.4669729912948546126310906625	(2,20)
0.4669729535751078497628744708	(2,21)
0.4669729162780645880016923861	(2,22)
0.4669728802641308076454337619	(2,23)
0.46697284640030185657592094	(2,24)
0.4669728155300164587501373432	(2,25)
0.466972788443268766990619558	(2,26)
0.4669727658482083002251810099	(2,27)
0.4669727483454018710258330513	(2,28)
0.4669727364058252949640543114	(2,29)
0.4669727303535003151329399575	(2,30)
0.4672230057942339023830280959	(3,1)
0.467223005634040504356261657	(3,2)
0.4672230045537992070064727736	(3,3)
0.4672230010754121444650221175	(3,4)
0.4672229930838497428941382901	(3,5)
0.4672229779444261628505588382	(3,6)
0.4672229526506409736438783617	(3,7)
0.4672229139957675403416081716	(3,8)
0.4672228587602485831015028415	(3,9)
0.4672227839061911491722101481	(3,10)
0.4672226867698712537299225888	(3,11)
0.4672225652431801904746858043	(3,12)
0.4672224179353697647206270757	(3,13)
0.4672222443072645221097903537	(3,14)
0.4672220447712705545983011893	(3,15)
0.4672218207519723564039547559	(3,16)
0.4672215747038079386111520346	(3,17)
0.4672213100841739964391009782	(3,18)
0.4672210312822561372202915163	(3,19)
0.4672207435058191253806395572	(3,20)
0.4672204526300439277194343115	(3,21)
0.4672201650141809439936223328	(3,22)
0.46721988729322838026933711	(3,23)
0.4672196261529779915104229916	(3,24)
0.4672193880975474100676916678	(3,25)
0.4672191792189044990966034552	(3,26)
0.4672190049778671322882056432	(3,27)
0.4672188700056317761790007115	(3,28)
0.4672187779340642681374571987	(3,29)
0.4672187312618112456158086793	(3,30)
0.4680056648798373385643766605	(4,1)
0.468005664265106008193388742	(4,2)
0.4680056601197531237715241499	(4,3)
0.4680056467716785241373702641	(4,4)
0.4680056161046016968440351261	(4,5)
0.4680055580081026562482244359	(4,6)
0.4680054609449628758202401128	(4,7)
0.4680053126096377611828870504	(4,8)
0.4680051006473929802593737892	(4,9)
0.468004813400687423489661734	(4,10)
0.4680044406479181041917833164	(4,11)
0.4680039742997244361464048573	(4,12)
0.4680034090196805554510832765	(4,13)
0.4680027427393161232724295531	(4,14)
0.4680019770418646240295688674	(4,15)
0.4680011173947504425966747047	(4,16)
0.4680001732173478724828422915	(4,17)
0.4679991577776922840390041056	(4,18)
0.4679980879192837494492937151	(4,19)
0.4679969836265701473426099458	(4,20)
0.4679958674448040517636821504	(4,21)
0.4679947637764240082066000885	(4,22)
0.4679936980816328184504822294	(4,23)
0.4679926960151905677760889502	(4,24)
0.467991782534416984077948379	(4,25)
0.4679909810148745891049384903	(4,26)
0.467990312410114585991354342	(4,27)
0.4679897944902132891149827276	(4,28)
0.4679894411906779322845301108	(4,29)
0.4679892620987916057663964013	(4,30)
0.4697382921690601631122888799	(5,1)
0.4697382904923522988003219833	(5,2)
0.469738279185712631561577754	(5,3)
0.4697382427782310429671014377	(5,4)
0.4697381591323970951034420448	(5,5)
0.4697380006716362912616567696	(5,6)
0.4697377359278161225939149956	(5,7)
0.4697373313373523901979342198	(5,8)
0.4697367532028122069028527565	(5,9)
0.4697359697288545341256449963	(5,10)
0.4697349530373355233510446409	(5,11)
0.4697336810666210089957458157	(5,12)
0.4697321392645933837841997008	(5,13)
0.4697303219933296297665688368	(5,14)
0.4697282335755975332088020283	(5,15)
0.4697258889286408479939342658	(5,16)
0.4697233137485337793106608444	(5,17)
0.4697205442279019810349180151	(5,18)
0.4697176263101760460090092078	(5,19)
0.4697146145038703677731503065	(5,20)
0.4697115702997725846013346721	(5,21)
0.4697085602515347579498923978	(5,22)
0.4697056537952037709445275593	(5,23)
0.4697029208950546211585251822	(5,24)
0.4697004296111773220909046141	(5,25)
0.4696982436882609249531873015	(5,26)
0.4696964202647405132100201116	(5,27)
0.4696950077969345848681302827	(5,28)
0.4696940442841954571178968311	(5,29)
0.4696935558687942972070152532	(5,30)
0.4728706344383815166777006114	(6,1)
0.4728706307080136662615290543	(6,2)
0.4728706055528125651028514683	(6,3)
0.4728705245528496650776920256	(6,4)
0.4728703384562898401018242578	(6,5)
0.4728699859105592264346591247	(6,6)
0.4728693969055090352481943472	(6,7)
0.4728684967698181948517201061	(6,8)
0.4728672105357377259441347083	(6,9)
0.4728654674693126211779101353	(6,10)
0.4728632055542404499038446657	(6,11)
0.4728603757179662783919212895	(6,12)
0.4728569455984838990167066599	(6,13)
0.4728529026692098252595567306	(6,14)
0.4728482565664127953215683382	(6,15)
0.4728430404978425103924871827	(6,16)
0.4728373116509138264552830484	(6,17)
0.4728311505623215517052027501	(6,18)
0.4728246594563679420703796187	(6,19)
0.4728179596045751956576127735	(6,20)
0.4728111878023289280774352037	(6,21)
0.4728044920974517398114481218	(6,22)
0.4727980269390161384308996927	(6,23)
0.4727919479409090334970352872	(6,24)
0.4727864064725135509836739526	(6,25)
0.472781544297605958601220272	(6,26)
0.4727774884818049165173455566	(6,27)
0.4727743467786993279255467094	(6,28)
0.4727722036855696995310758171	(6,29)
0.4727711173322407607352397454	(6,30)
0.4778184669076460006708816425	(7,1)
0.4778184596645683816316529912	(7,2)
0.4778184108219153145280468901	(7,3)
0.4778182535481903562258240482	(7,4)
0.4778178922136757129144096181	(7,5)
0.4778172076938093790161440296	(7,6)
0.4778160640554008512410308216	(7,7)
0.4778143163175204522697560265	(7,8)
0.4778118189280344852233089106	(7,9)
0.4778084345617283957035866	(7,10)
0.4778040428283801206743434067	(7,11)
0.4777985484798787811425747291	(7,12)
0.4777918887245891504018783629	(7,13)
0.4777840392938809884685505771	(7,14)
0.4777750189585200420305021715	(7,15)
0.4777648922591657061320707206	(7,16)
0.4777537702926144767889293375	(7,17)
0.4777418094802393182294458041	(7,18)
0.4777292083335277988286559449	(7,19)
0.4777162023197723048757644309	(7,20)
0.4777030570148869864699745879	(7,21)
0.4776900598062931207226214408	(7,22)
0.4776775104734762310059877759	(7,23)
0.4776657110243489178049165273	(7,24)
0.477654955199775144503408893	(7,25)
0.4776455180750831309765273971	(7,26)
0.4776376461854612227617797158	(7,27)
0.4776315485819422772661897654	(7,28)
0.4776273891871661065620104862	(7,29)
0.4776252807669225634330224884	(7,30)
0.4849019426168951726515205521	(8,1)
0.4849019298680068918062630155	(8,2)
0.4849018438977188038057843718	(8,3)
0.4849015670728129737013555362	(8,4)
0.4849009310714258899106705863	(8,5)
0.4848997262188196192326615139	(8,6)
0.4848977132581733808440524398	(8,7)
0.4848946370142050501487192946	(8,8)
0.4848902413176231035504391446	(8,9)
0.4848842844963743030339624118	(8,10)
0.4848765547083148068531452261	(8,11)
0.4848668843909032546775735224	(8,12)
0.4848551631369868051763808106	(8,13)
0.484841348370455964899437702	(8,14)
0.4848254732887744619788507805	(8,15)
0.4848076516571000028247127033	(8,16)
0.4847880791756863742379392313	(8,17)
0.4847670312923543833999456071	(8,18)
0.4847448574882622180305460111	(8,19)
0.4847219722209181264555226888	(8,20)
0.484698842856333365576371284	(8,21)
0.4846759750557808384405564515	(8,22)
0.4846538961958895086487502546	(8,23)
0.4846331374888390234735021725	(8,24)
0.4846142155284949371027220688	(8,25)
0.4845976140160557195817265102	(8,26)
0.4845837664141919173474528283	(8,27)
0.4845730402421782742201952956	(8,28)
0.4845657236579297097887261837	(8,29)
0.4845620148791592455932158807	(8,30)
0.4942948314212539647427226566	(9,1)
0.4942948106000865994590932123	(9,2)
0.4942946701955674929677861129	(9,3)
0.4942942180922837916420042222	(9,4)
0.4942931793924772650058797991	(9,5)
0.4942912116653380496083221959	(9,6)
0.4942879241754062737580592902	(9,7)
0.4942829002050961482800622298	(9,8)
0.494275721439046844820316894	(9,9)
0.4942659932758417411764210366	(9,10)
0.4942533698805711636638348059	(9,11)
0.4942375777925815607507745617	(9,12)
0.4942184369570711271175402175	(9,13)
0.4941958781550355716315630077	(9,14)
0.4941699559590821904497677495	(9,15)
0.4941408565361658177598971188	(9,16)
0.4941088998436906605303273595	(9,17)
0.4940745360123940561191966035	(9,18)
0.4940383359666183269032234095	(9,19)
0.494000976588124224471861488	(9,20)
0.493963220971771235316104244	(9,21)
0.4939258945391942204379906552	(9,22)
0.4938898579603458896604730886	(9,23)
0.4938559779745084993960095888	(9,24)
0.4938250972962551516074548788	(9,25)
0.493798004834301898767068914	(9,26)
0.4937754074410327604862070575	(9,27)
0.4937579043487923508892242491	(9,28)
0.4937459653390490202498671791	(9,29)
0.4937399135373514274910394259	(9,30)
0.5059886545864786983388873335	(10,1)
0.5059886225541933370793274457	(10,2)
0.5059884065491635299983171185	(10,3)
0.5059877110122643627256383209	(10,4)
0.5059861130302046160298785558	(10,5)
0.5059830858004517286642769475	(10,6)
0.5059780282223830374436191877	(10,7)
0.5059702992541693827706602898	(10,8)
0.5059592554469972563804310921	(10,9)
0.5059442899093697915900926898	(10,10)
0.5059248708723554676604999489	(10,11)
0.5059005780265564474252209854	(10,12)
0.5058711348844374634458320834	(10,13)
0.5058364355848328764360958079	(10,14)
0.5057965647933621353813309378	(10,15)
0.5057518096528180393353533373	(10,16)
0.5057026630877138399222744638	(10,17)
0.5056498181507951576245410517	(10,18)
0.505594153498365308707910588	(10,19)
0.5055367104768851429103881677	(10,20)
0.5054786626769289844164775099	(10,21)
0.5054212791449731068584689798	(10,22)
0.5053658827236775587569258512	(10,23)
0.5053138052052930544307422246	(10,24)
0.5052663411220587860001516842	(10,25)
0.5052247020571552211914231383	(10,26)
0.5051899733388637377866570269	(10,27)
0.5051630748815036747175464719	(10,28)
0.5051447277650571694265438594	(10,29)
0.5051354279094249230965394866	(10,30)
0.5197749855930470524952100836	(11,1)
0.5197749386909158859178172099	(11,2)
0.5197746224133211913833894936	(11,3)
0.519773603999202854502174358	(11,4)
0.5197712642176444125554563531	(11,5)
0.5197668317340210560108718372	(11,6)
0.5197594264545382427451030489	(11,7)
0.5197481098589336527956730756	(11,8)
0.5197319399951188196831223178	(11,9)
0.5197100285738546868724029011	(11,10)
0.519681597478472401482228081	(11,11)
0.5196460320019167544897182675	(11,12)
0.5196029282434734427407282886	(11,13)
0.5195521323370938927817056892	(11,14)
0.519493769532863584322177632	(11,15)
0.5194282615976146518962626875	(11,16)
0.5193563315194466334969263947	(11,17)
0.5192789950692585427786523641	(11,18)
0.5191975393627663265771810291	(11,19)
0.5191134891501809259973199839	(11,20)
0.5190285621096519725516846028	(11,21)
0.5189446149089296084821742037	(11,22)
0.518863582205409625039564368	(11,23)
0.5187874110606297773524905582	(11,24)
0.5187179934397697925918725098	(11,25)
0.5186570995439732555836098123	(11,26)
0.5186063146831846840954437558	(11,27)
0.518566982244621928679086232	(11,28)
0.5185401550562932867045483243	(11,29)
0.5185265570989429744599524128	(11,30)
0.5352490100941803669231753528	(12,1)
0.5352489442507072871544964325	(12,2)
0.535248500245078912595419215	(12,3)
0.5352470705478652424518888058	(12,4)
0.5352437858608386276164990886	(12,5)
0.535237563375971092517739202	(12,6)
0.5352271676525589597009893768	(12,7)
0.5352112813215466395369986935	(12,8)
0.5351885823505860942420671223	(12,9)
0.5351578242673787530291576596	(12,10)
0.5351179155607009301479431092	(12,11)
0.5350679944703484770766149402	(12,12)
0.5350074955437290752508046938	(12,13)
0.5349362046741887367652397591	(12,14)
0.5348542998315899662661034773	(12,15)
0.5347623753274807262001244627	(12,16)
0.5346614481956779636779419015	(12,17)
0.5345529460780360834337147191	(12,18)
0.534438676844103500020106397	(12,19)
0.5343207810001640950330618029	(12,20)
0.5342016687168297003505080582	(12,21)
0.534083943987710105013848784	(12,22)
0.5339703189936133903075066631	(12,23)
0.5338635221637967433871306172	(12,24)
0.5337662036831696256959439023	(12,25)
0.5336808422859531582753460481	(12,26)
0.5336096571042108234128822161	(12,27)
0.5335545281130852120368216195	(12,28)
0.5335169283484246934140614584	(12,29)
0.5334978705859215842531492918	(12,30)
0.551836591995533859495714054	(13,1)
0.5518365028765941072252619659	(13,2)
0.5518359019165008152472346474	(13,3)
0.5518339668282302110213946727	(13,4)
0.5518295210317634986826269813	(13,5)
0.5518210989945808201214453955	(13,6)
0.5518070286723512157463222119	(13,7)
0.5517855272770632018569618145	(13,8)
0.551754805950189962762900322	(13,9)
0.5517131784557058294391731056	(13,10)
0.5516591687582803099187282377	(13,11)
0.5515916123341669057286043607	(13,12)
0.5515097462844055204429271815	(13,13)
0.5514132837782582847299115852	(13,14)
0.5513024690325877763573910796	(13,15)
0.5511781099003967785813078895	(13,16)
0.5510415861572778448021807434	(13,17)
0.5508948326867416591488355272	(13,18)
0.5507402979166860832311585969	(13,19)
0.5505808789897512798781205994	(13,20)
0.5504198362021207867384643168	(13,21)
0.5502606901666862241961219983	(13,22)
0.550107105905039510106989948	(13,23)
0.5499627686178912746347178918	(13,24)
0.5498312562074873124179343865	(13,25)
0.5497159137233629663880435832	(13,26)
0.5496197347807854362046471773	(13,27)
0.5495452546754289332793474327	(13,28)
0.5494944594112417298799288544	(13,29)
0.5494687141987880621418663784	(13,30)
0.5688445010148647913377740272	(14,1)
0.5688443841870048092644498137	(14,2)
0.56884359637624816520231115	(14,3)
0.5688410596328037053502600313	(14,4)
0.5688352315720756611994871076	(14,5)
0.5688241910635588914227518509	(14,6)
0.5688057463686989438580134053	(14,7)
0.5687775607889670088884638606	(14,8)
0.5687372900248479369729806593	(14,9)
0.568682724827899533669803314	(14,10)
0.5686119321885820307220189521	(14,11)
0.56852338826921228856640435	(14,12)
0.5684160965777733746370970521	(14,13)
0.5682896854816503640898064449	(14,14)
0.5681444800596492647122499415	(14,15)
0.5679815444462275663669155614	(14,16)
0.5678026921768606945278521968	(14,17)
0.5676104635271276376721046084	(14,18)
0.5674080703706699057158400143	(14,19)
0.567199310579916283427155144	(14,20)
0.5669884553790096793832939933	(14,21)
0.566780114260714826257422399	(14,22)
0.5665790830424217195339879296	(14,23)
0.5663901813222668704615535912	(14,24)
0.5662180859850705615953177432	(14,25)
0.5660671674973708494713149962	(14,26)
0.5659413355351008847572538264	(14,27)
0.5658439000324075201637513265	(14,28)
0.5657774530600596223830040992	(14,29)
0.5657437760756657389119822442	(14,30)
0.585529045045154659706544227	(15,1)
0.5855288961077421032314405645	(15,2)
0.5855278917714972419875847627	(15,3)
0.5855246578221598179081100038	(15,4)
0.5855172279846854479248609534	(15,5)
0.5855031532097491175021657195	(15,6)
0.5854796396246064136144944235	(15,7)
0.5854437088621512147417559156	(15,8)
0.5853923733722631402199454919	(15,9)
0.585322818514105765456639869	(15,10)
0.5852325827776526941901515789	(15,11)
0.5851197274260099664216065774	(15,12)
0.5849829872084310356628071336	(15,13)
0.5848218945667731695091687542	(15,14)
0.5846368709199823110481908523	(15,15)
0.5844292801105256255750644806	(15,16)
0.5842014408578729086762583584	(15,17)
0.5839565969919706468156132444	(15,18)
0.5836988462264622377552015784	(15,19)
0.5834330301656624456633492361	(15,20)
0.5831645900148596987308412091	(15,21)
0.5828993939882059427574895585	(15,22)
0.5826435436108063798873152252	(15,23)
0.5824031669451468242007641385	(15,24)
0.5821842072164339884319045933	(15,25)
0.5819922153711545530081295311	(15,26)
0.5818321548032597167023136267	(15,27)
0.581708225863147453420864646	(15,28)
0.5816237168755057040720641759	(15,29)
0.5815808872860416378908424503	(15,30)
0.6011734188870073051818962505	(16,1)
0.6011732335266282086485801087	(16,2)
0.6011719835782718963699612018	(16,3)
0.6011679587670110644164890146	(16,4)
0.6011587119972306831092715156	(16,5)
0.6011411954295419264533820884	(16,6)
0.6011119322947046046822879348	(16,7)
0.6010672166348684809905807183	(16,8)
0.601003331763774811793271434	(16,9)
0.6009167772117963120214531877	(16,10)
0.6008044933367975301027833413	(16,11)
0.6006640726916120832293756152	(16,12)
0.6004939476756123909098807074	(16,13)
0.6002935449649127116577093648	(16,14)
0.6000633986831356295980377459	(16,15)
0.5998052161769770591037388895	(16,16)
0.5995218924994625022249187551	(16,17)
0.5992174721533825634877894402	(16,18)
0.5988970591655274736774333822	(16,19)
0.598566679001866666018870365	(16,20)
0.598233098055848225502919272	(16,21)
0.5979036083278280042582195538	(16,22)
0.5975857863740592841502050778	(16,23)
0.597287236584391543539449957	(16,24)
0.5970153293306017212179506051	(16,25)
0.5967769445269089253011835043	(16,26)
0.5965782307022121259309447063	(16,27)
0.5964243888597958097212987376	(16,28)
0.596319489263915717307517357	(16,29)
0.5962663279142688679274604918	(16,30)
0.6151608144524780185380366731	(17,1)
0.6151605883873319852056929705	(17,2)
0.6151590639534940974887800308	(17,3)
0.6151541553118027677403745856	(17,4)
0.6151428780386273770216490033	(17,5)
0.6151215151722021419984240404	(17,6)
0.6150858269289791729261435418	(17,7)
0.6150312945839975648372053734	(17,8)
0.6149533872795842728029586222	(17,9)
0.6148478392438872896301278375	(17,10)
0.6147109241542473514935924726	(17,11)
0.6145397132437847485505740559	(17,12)
0.6143323042696305561259584703	(17,13)
0.6140880096479287076377343592	(17,14)
0.6138074938797369276564661944	(17,15)
0.6134928527616256723293175993	(17,16)
0.613147629668802440663090678	(17,17)
0.6127767672544669672887211574	(17,18)
0.6123864960417013852399030562	(17,19)
0.6119841644027074561697090741	(17,20)
0.6115780171460606574183124846	(17,21)
0.6111769322158806676354050344	(17,22)
0.6107901267384310679834787878	(17,23)
0.6104268447705196233321409116	(17,24)
0.6100960395975534368397806882	(17,25)
0.609806063327970503610904019	(17,26)
0.6095643758995089151302194109	(17,27)
0.6093772845373204431755389451	(17,28)
0.6092497232788567072201309134	(17,29)
0.609185080497584561839191963	(17,30)
0.6270305857597804863942014746	(18,1)
0.6270303145695541250546522563	(18,2)
0.6270284858429175815309102151	(18,3)
0.6270225973961024327081517352	(18,4)
0.6270090691482989969720125481	(18,5)
0.6269834424303259711201744142	(18,6)
0.6269406317953287516345862122	(18,7)
0.6268752179531539854414542518	(18,8)
0.626781768342838356796949712	(18,9)
0.6266551702757915694193201376	(18,10)
0.6264909606419575963428716192	(18,11)
0.6262856359714090746602774936	(18,12)
0.626036927250943173418427158	(18,13)
0.6257440253289273263670648502	(18,14)
0.6254077449637998696083100618	(18,15)
0.6250306184817187122267740754	(18,16)
0.624616913446947065631388866	(18,17)
0.624172572506660673955515377	(18,18)
0.6237050774122845575116273454	(18,19)
0.623223242897977454941082399	(18,20)
0.6227369493870367530845886747	(18,21)
0.6222568262121141630208212306	(18,22)
0.6217938990445869915256256315	(18,23)
0.6213592164660686793990408355	(18,24)
0.6209634710789357980928362007	(18,25)
0.6206166302969748173874675971	(18,26)
0.6203275910776634191574777213	(18,27)
0.6201038714743163714217236639	(18,28)
0.6199513501259196033869836747	(18,29)
0.6198740627825595309394936494	(18,30)
0.6365088450029840201563813117	(19,1)
0.6365085238704313555231152463	(19,2)
0.6365063583671525081970770417	(19,3)
0.6364993855236370919163816948	(19,4)
0.6364833660417644146898042901	(19,5)
0.6364530204665184990634050854	(19,6)
0.6364023276832744512440812987	(19,7)
0.6363248723006487242029004036	(19,8)
0.6362142249400999658948665585	(19,9)
0.6360643375223156822417689263	(19,10)
0.6358699344665708366164010141	(19,11)
0.6356268804342812986471395293	(19,12)
0.6353325059445866406129167723	(19,13)
0.6349858739015928201065364412	(19,14)
0.6345879727589097865694150043	(19,15)
0.6341418255845851044572927365	(19,16)
0.6336525084775235206923418037	(19,17)
0.6331270763608113524271461344	(19,18)
0.6325743988354041308739405004	(19,19)
0.6320049132094861022753003336	(19,20)
0.6314303057400640121206065522	(19,21)
0.6308631353042849332183401988	(19,22)
0.6303164160046174232335262427	(19,23)
0.6298031765362969305631797889	(19,24)
0.6293360145231610159252067545	(19,25)
0.6289266635463722934019521544	(19,26)
0.6285855893875915884876446094	(19,27)
0.6283216302484151417799524099	(19,28)
0.6281416935580454956430060751	(19,29)
0.6280505195897318183730251014	(19,30)
0.6435112833991364428475652262	(20,1)
0.6435109068113671019541692552	(20,2)
0.6435083673568036655182106499	(20,3)
0.6435001904227259707805606787	(20,4)
0.6434814047622904889254564649	(20,5)
0.6434458196627985503853527778	(20,6)
0.6433863754103070580238159419	(20,7)
0.6432955513349397167718208663	(20,8)
0.6431658126853679817727800274	(20,9)
0.6429900752381783023889649462	(20,10)
0.6427621650899815646396553072	(20,11)
0.6424772506810371145712233761	(20,12)
0.6421322248864686699263361544	(20,13)
0.6417260170382616982146027484	(20,14)
0.6412598179655660533880952139	(20,15)
0.6407372054132217419308367169	(20,16)
0.6401641622672869830804872803	(20,17)
0.6395489855474106434754594549	(20,18)
0.6389020897354689290382945428	(20,19)
0.6382357133067395379175261627	(20,20)
0.6375635419589863763980667703	(20,21)
0.6369002657158251235860063147	(20,22)
0.6362610896349834673894146936	(20,23)
0.6356612192142868908882449864	(20,24)
0.63511534180189235104318537	(20,25)
0.6346371245158256780577353132	(20,26)
0.6342387475555456561925345952	(20,27)
0.6339304895668066533385170564	(20,28)
0.6337203791173451295329806798	(20,29)
0.6336139235402085574736467434	(20,30)
0.6481222924261872310446075763	(21,1)
0.6481218538893029906543711307	(21,2)
0.6481188966937660771572466781	(21,3)
0.648109374677588708796825123	(21,4)
0.6480874989792768457664554818	(21,5)
0.6480460610856700247649346907	(21,6)
0.647976841511871154123092123	(21,7)
0.6478710858727948281934731774	(21,8)
0.6477200264917795082067021102	(21,9)
0.6475154248586844240042213628	(21,10)
0.6472501084431421324152109923	(21,11)
0.6469184748170799289083204874	(21,12)
0.6465169369184032664737854809	(21,13)
0.6460442856759089379309918575	(21,14)
0.6455019500716611678565316165	(21,15)
0.6448941398601171470800084993	(21,16)
0.6442278622782457222176133739	(21,17)
0.6435128107450475838871692705	(21,18)
0.6427611302764131808163860387	(21,19)
0.6419870706392637289136367173	(21,20)
0.6412065436957416915792901624	(21,21)
0.6404366056038265716175249323	(21,22)
0.6396948873410306125816592477	(21,23)
0.6389989983476143749140001327	(21,24)
0.6383659280298617445137282845	(21,25)
0.6378114686193376685663290736	(21,26)
0.6373496807194546186436291686	(21,27)
0.6369924200813043277326523549	(21,28)
0.6367489410156077069643296022	(21,29)
0.6366255885957496162874852158	(21,30)
0.6505585216946184055480173023	(22,1)
0.6505580135055288299131066758	(22,2)
0.6505545866256233936782265555	(22,3)
0.6505435522844530307204611359	(22,4)
0.6505182023978205248069670375	(22,5)
0.6504701843037965883343424035	(22,6)
0.6503899751016246668188806866	(22,7)
0.650267434535926694242507313	(22,8)
0.6500924110754311067229268503	(22,9)
0.6498553724125926945730345439	(22,10)
0.6495480293714657488732215078	(22,11)
0.6491639214567569663942350023	(22,12)
0.6486989332432033439118536964	(22,13)
0.6481517136104265235408888395	(22,14)
0.6475239744344155339151819978	(22,15)
0.6468206515324380851861371992	(22,16)
0.6460499180282374199869659841	(22,17)
0.6452230483235090809899682421	(22,18)
0.6443541389142518388778093481	(22,19)
0.6434596997559094442396061917	(22,20)
0.642558136210788560466962917	(22,21)
0.6416691463946863624483198938	(22,22)
0.6408130617477574315736130804	(22,23)
0.6400101598531034024639901114	(22,24)
0.6392799780601883973343940239	(22,25)
0.6386406546225199333372533449	(22,26)
0.638108321196566656017830978	(22,27)
0.637696567060402832851161029	(22,28)
0.6374159916517787782147044699	(22,29)
0.6372738582762917102039349723	(22,30)
0.6511260623253382194477254351	(23,1)
0.6511254754259475323658409155	(23,2)
0.6511215177813787011601044775	(23,3)
0.6511087744559764665128099867	(23,4)
0.6510794986731328813464866464	(23,5)
0.6510240450903846315205180431	(23,6)
0.6509314185908401196514269066	(23,7)
0.6507899143766452179560548151	(23,8)
0.6505878200532773838049873767	(23,9)
0.650314146255812495838232779	(23,10)
0.64995934959091018958569339	(23,11)
0.6495160106455405268467752771	(23,12)
0.6489794308636434123521848212	(23,13)
0.6483481153859225395540529937	(23,14)
0.6476241144518474978913395202	(23,15)
0.6468132034074524900653106552	(23,16)
0.6459248902500059087289366371	(23,17)
0.6449722492914585306341995465	(23,18)
0.6439715891555596482201469275	(23,19)
0.6429419721565843344530098796	(23,20)
0.6419046094604344532191087473	(23,21)
0.6408821618085472854482112196	(23,22)
0.6398979787395186098231736636	(23,23)
0.6389753101747668400156151929	(23,24)
0.6381365231729495172668733544	(23,25)
0.6374023540031834041387042781	(23,26)
0.6367912219329613043744859808	(23,27)
0.6363186267798403790219392396	(23,28)
0.6359966477856242082353656552	(23,29)
0.6358335570769397490826422615	(23,30)
0.6501790172519433128024983417	(24,1)
0.6501783411714784173625029341	(24,2)
0.6501737821562303201178240949	(24,3)
0.6501591025199693147476570289	(24,4)
0.6501253787068974855609605078	(24,5)
0.6500615010519015930342957109	(24,6)
0.6499548072421568889151219664	(24,7)
0.6497918217218408113260334712	(24,8)
0.649559067229206926798732322	(24,9)
0.6492439096480314197619845535	(24,10)
0.6488353939063921965188263376	(24,11)
0.6483250272811617488760563589	(24,12)
0.6477074675929605900307478104	(24,13)
0.6469810776442000010506550058	(24,14)
0.6461483138381793523647731211	(24,15)
0.6452159258893035472440397415	(24,16)
0.6441949552643897035246527654	(24,17)
0.6431005316178930450158463193	(24,18)
0.6419514780071090867206316303	(24,19)
0.6407697461114921014532630734	(24,20)
0.6395797111905903621444217286	(24,21)
0.6384073625089041437905638513	(24,22)
0.6372794281637488648841452847	(24,23)
0.6362224737345295004909246269	(24,24)
0.6352620122773383241103218978	(24,25)
0.6344216594719934990132375127	(24,26)
0.6337223628462934450154283354	(24,27)
0.6331817286082247392169869477	(24,28)
0.6328134642723976946203231951	(24,29)
0.632626950377733889430343787	(24,30)
0.6480845212340397810501718379	(25,1)
0.6480837441107732183552256194	(25,2)
0.6480785037396796752028516383	(25,3)
0.6480616302715098795905625067	(25,4)
0.6480228669605103618693828387	(25,5)
0.647949445446262523667698474	(25,6)
0.6478268155290205244653046737	(25,7)
0.6476394977045064039129358591	(25,8)
0.6473720195337536088029200813	(25,9)
0.6470098908578428152625456637	(25,10)
0.6465405685818734519551904172	(25,11)
0.6459543599210965389451441899	(25,12)
0.6452452141927858840941173083	(25,13)
0.6444113577830299175414202216	(25,14)
0.6434557348091570766344136433	(25,15)
0.6423862268274585358989067093	(25,16)
0.6412156379049042359946857831	(25,17)
0.6399614453804017533675525028	(25,18)
0.638645330424103725196300061	(25,19)
0.6372925148213437741444388645	(25,20)
0.635930940219922318733571044	(25,21)
0.6345903326870989768516376916	(25,22)
0.6333011985489351349969277949	(25,23)
0.6320937972789618607753641162	(25,24)
0.6309971341762206375723454773	(25,25)
0.630038010481205416694573214	(25,26)
0.6292401622855835784365084908	(25,27)
0.6286235129319537565492894236	(25,28)
0.6282035572666894096159260231	(25,29)
0.6279908905806891990642077268	(25,30)
0.6451964760503888098095002234	(26,1)
0.6451955847164234050977500462	(26,2)
0.6451895741969876153731631645	(26,3)
0.6451702210237244348108165086	(26,4)
0.645125761651971196635806336	(26,5)
0.6450415533401825399589168032	(26,6)
0.6449009132524114318324420302	(26,7)
0.6446860996032643042093487034	(26,8)
0.644379390120985110750324789	(26,9)
0.643964205752887047627693748	(26,10)
0.6434262222146935241967004642	(26,11)
0.6427544095674192077271395498	(26,12)
0.6419419412434242712049931356	(26,13)
0.6409869192908473144885734647	(26,14)
0.6398928720749497621667700181	(26,15)
0.6386689937586652300705323804	(26,16)
0.6373301105700285735322512206	(26,17)
0.635896375745833377598031887	(26,18)
0.634392711516309316334101569	(26,19)
0.6328480310051574231392549223	(26,20)
0.6312942841813892392502068953	(26,21)
0.6297653791926332433368329931	(26,22)
0.6282960332663905689454274542	(26,23)
0.6269206061653906448254320628	(26,24)
0.6256719646538924366609364079	(26,25)
0.6245804195906412103058379167	(26,26)
0.6236727692324788592788516431	(26,27)
0.6229714741618022183685832029	(26,28)
0.6224939817867536407322020793	(26,29)
0.6222522121605875255810361469	(26,30)
0.6418380972811072006876742222	(27,1)
0.6418370773923709800772032845	(27,2)
0.6418302000014534553687105071	(27,3)
0.6418080557217358482644394612	(27,4)
0.6417571851251559061544264343	(27,5)
0.6416608362507847806439435761	(27,6)
0.641499927319696622015268826	(27,7)
0.641254173526910075627221686	(27,8)
0.640903326632625033136579552	(27,9)
0.6404284671684180397740687008	(27,10)
0.6398132824733269119640031337	(27,11)
0.6390452606127552762250368747	(27,12)
0.6381167314958087230750187916	(27,13)
0.637025692803490357484433333	(27,14)
0.6357763697117607326676856906	(27,15)
0.6343794732069133626505596085	(27,16)
0.6328521407586475318198134126	(27,17)
0.631217563448734043586073916	(27,18)
0.6295043233192554005526197587	(27,19)
0.6277454817502740832279972175	(27,20)
0.6259774725328701565540451194	(27,21)
0.6242388610146097650981803692	(27,22)
0.6225690330282542054636656365	(27,23)
0.6210068747342187860735501873	(27,24)
0.6195894980279362279733624219	(27,25)
0.6183510571324297430090875885	(27,26)
0.6173216918515791429678020832	(27,27)
0.6165266230092148237288309765	(27,28)
0.6159854168597666869450982063	(27,29)
0.6157114283597755425024489637	(27,30)
0.63829206187155792622893091882	(28,1)
0.63829089806752959802361079766	(28,2)
0.63828305022851634644373282042	(28,3)
0.63825778138227099995790395369	(28,4)
0.63819973377222327498978612504	(28,5)
0.63808979487611736949228218868	(28,6)
0.637906199163930096051268594	(28,7)
0.63762581899238713299063010186	(28,8)
0.63722558599042617946385269104	(28,9)
0.63668397351279793936250216722	(28,10)
0.63598246257495022878431841782	(28,11)
0.63510690958785347742208446575	(28,12)
0.63404873546993099617275861441	(28,13)
0.6328058631325803010761340562	(28,14)
0.6313833439931350424792559237	(28,15)
0.6297936332722708218011415603	(28,16)
0.6280564967465247343395693767	(28,17)
0.6261985560764022976396482039	(28,18)
0.6242525032512530174183159883	(28,19)
0.6222560346472979192659823201	(28,20)
0.620250569774969935435999195	(28,21)
0.6182798279007084949945610348	(28,22)
0.6163883372069040117591151218	(28,23)
0.6146199467193239718222733876	(28,24)
0.613016402270971979010194872	(28,25)
0.6116160360450155747104512909	(28,26)
0.6104526065661014299077296838	(28,27)
0.6095543139951284702959816192	(28,28)
0.6089430054300373131219899794	(28,29)
0.6086335773272333867227562414	(28,30)
0.63479649984533050110088946403	(29,1)
0.63479517592707254252039151717	(29,2)
0.63478624841049102087392800571	(29,3)
0.6347575033458171424405834966	(29,4)
0.63469147119836464316681365063	(29,5)
0.63456641398691473858170816535	(29,6)
0.63435758251559451713309642723	(29,7)
0.63403869108467513821732081191	(29,8)
0.6335835427984346099984615652	(29,9)
0.63296772557549640329647094202	(29,10)
0.63217028890637056852242613625	(29,11)
0.63117530615404743499714329914	(29,12)
0.62997322841271547107969420298	(29,13)
0.62856194468404706486746842475	(29,14)
0.62694747952267306563498936307	(29,15)
0.62514428234854360170099447317	(29,16)
0.62317509025071573208898781845	(29,17)
0.62107037543492996366851727476	(29,18)
0.61886741627095094690841851319	(29,19)
0.6166090541539664556009936037	(29,20)
0.6143422148012337553680021181	(29,21)
0.6121162809256358516876439027	(29,22)
0.6099814034277808043754543213	(29,23)
0.607986831388213838722663271	(29,24)
0.6061793290824422066348271981	(29,25)
0.6046017332507247152462806801	(29,26)
0.6032916882028082057806271119	(29,27)
0.6022805819682689894622233032	(29,28)
0.6015926950143860532888702927	(29,29)
0.601244564805665170719128578	(29,30)
0.63154504960991306786222432775	(30,1)
0.63154354872914735056191656949	(30,2)
0.63153342792773532706694441392	(30,3)
0.63150084090739979164093186579	(30,4)
0.63142598440233956736412588006	(30,5)
0.63128421964575682977382517926	(30,6)
0.63104750234865058858233414141	(30,7)
0.63068606202159234957580587915	(30,8)
0.63017025460674654742275784606	(30,9)
0.6294724967216242219628518975	(30,10)
0.62856917747407432180727177623	(30,11)
0.62744243714726437515714855058	(30,12)
0.62608170319236970562880919915	(30,13)
0.62448488427153028649017567445	(30,14)
0.62265914274154743173282297831	(30,15)
0.62062119371174674388209171132	(30,16)
0.6183971120272710597817335799	(30,17)
0.61602166359196971394912851741	(30,18)
0.61353721032042891731346471623	(30,19)
0.61099226497513383980959894377	(30,20)
0.60843979044233062035100775514	(30,21)
0.60593534626496926506297194617	(30,22)
0.60353518364595207490490995378	(30,23)
0.60129438017334776862186522709	(30,24)
0.59926508965771970784103897363	(30,25)
0.5974949635900137640528227891	(30,26)
0.5960257816232961376388699151	(30,27)
0.5948923114693733779774909602	(30,28)
0.59412140527793321594923581	(30,29)
0.5937313307257855211266007937	(30,30)
0.62868945306271985253004688232	(31,1)
0.62868775791808650605216933164	(31,2)
0.6286763271702848671505366877	(31,3)
0.62863952263396306573844087683	(31,4)
0.62855497945064018813748340039	(31,5)
0.62839487555315498214635102927	(31,6)
0.62812755233756935234842671631	(31,7)
0.62771942028035718491749410468	(31,8)
0.62713706336411689067055834279	(31,9)
0.62634943738398522699381154434	(31,10)
0.62533004214515582284454721545	(31,11)
0.62405893919480524204898877381	(31,12)
0.62252448774452407548168051979	(31,13)
0.62072468357675197672381535425	(31,14)
0.61866800923129471749124548693	(31,15)
0.61637373706913344666928021602	(31,16)
0.61387166661223217106425405024	(31,17)
0.61120131930924143301419522647	(31,18)
0.60841065256736231795767029554	(31,19)
0.60555438596972350735515132087	(31,20)
0.60269205279477936720318279094	(31,21)
0.59988589780113756749725089418	(31,22)
0.59719873819100215815352819476	(31,23)
0.59469189081862061135040787149	(31,24)
0.59242324825840826391639188733	(31,25)
0.59044556289973555970965973008	(31,26)
0.58880497518917773068700938904	(31,27)
0.58753980221500320924537165707	(31,28)
0.58667958780699895540148433053	(31,29)
0.5862444060020858405782877018	(31,30)
0.62634352430185423723593504464	(32,1)
0.62634161734085978736870660113	(32,2)
0.62632875829265040108166904634	(32,3)
0.62628735524240471791937404967	(32,4)
0.62619225063731160685908527204	(32,5)
0.62601215273602559703760300047	(32,6)
0.6257114654139295632090305113	(32,7)
0.62525244244430063991400563271	(32,8)
0.62459756903122783028413748815	(32,9)
0.62371205092539216913373959945	(32,10)
0.62256627317843762723873034963	(32,11)
0.62113808018623128239412941941	(32,12)
0.61941472950853798763003135166	(32,13)
0.61739438623520142421522080235	(32,14)
0.61508705270855242017846337828	(32,15)
0.61251486824485055495211460653	(32,16)
0.60971176099245908780385444828	(32,17)
0.60672248355037004574024872276	(32,18)
0.60360110926472494871450144548	(32,19)
0.60040910170300128319048302953	(32,20)
0.59721309184097231934109032219	(32,21)
0.59408250445579976040676446115	(32,22)
0.59108716796223542691825486909	(32,23)
0.58829502330499516352379037886	(32,24)
0.58577002161460544395712809871	(32,25)
0.58357027160922371644196339288	(32,26)
0.58174647025192962098076116854	(32,27)
0.58034062709209507002166565923	(32,28)
0.57938507598060270521904425013	(32,29)
0.57890175820011747659640783161	(32,30)
0.62458767615774145448519305168	(33,1)
0.62458553978427385563676489482	(33,2)
0.62457113378853262365454449608	(33,3)
0.62452475029480183235855866118	(33,4)
0.62441820745438347036759530779	(33,5)
0.62421645703311058331189079329	(33,6)
0.62387964209364220857694908395	(33,7)
0.62336552277160568516862505117	(33,8)
0.6226321608291459685969217055	(33,9)
0.62164072698632347280526720651	(33,10)
0.62035827299242410702173141731	(33,11)
0.6187602975865218208941059177	(33,12)
0.61683293610744897249759433099	(33,13)
0.61457462029781418198125487162	(33,14)
0.61199708819354187515984064131	(33,15)
0.60912567144473377232273447885	(33,16)
0.60599884382812680385416981361	(33,17)
0.60266707306563318595256981751	(33,18)
0.59919107078354449950893435227	(33,19)
0.59563957589257682464435769165	(33,20)
0.5920868303956094007643188355	(33,21)
0.58860991210877052563329692091	(33,22)
0.58528607743230444830808154919	(33,23)
0.58219024291050339302759905544	(33,24)
0.57939270203120309213338080064	(33,25)
0.5769571389817380350748543056	(33,26)
0.57493896871080650184979606237	(33,27)
0.57338400621256575233985582249	(33,28)
0.57232744952819435483204978054	(33,29)
0.5717931511927025979053214149	(33,30)
0.62347348119513926696099492731	(34,1)
0.62347109798299958985457740329	(34,2)
0.62345502753939313996618820918	(34,3)
0.62340328537719173594088941404	(34,4)
0.62328443606783640539382466644	(34,5)
0.62305939112641449263197095994	(34,6)
0.62268371341446583827200219417	(34,7)
0.6221103374645174618791075012	(34,8)
0.62129258330046745167137723863	(34,9)
0.62018730976671419549050063314	(34,10)
0.61875802697387540367363764418	(34,11)
0.61697777184470672062128559269	(34,12)
0.61483155107848426190651096045	(34,13)
0.61231817554257073745795008828	(34,14)
0.60945134961451705413928744385	(34,15)
0.60625993527870662906425790089	(34,16)
0.60278737745411686400877183035	(34,17)
0.59909034546334103199247130035	(34,18)
0.59523670654080832648165425522	(34,19)
0.59130299290161394677151950806	(34,20)
0.58737154906272047992788637152	(34,21)
0.58352754938795289187561885734	(34,22)
0.5798560593736111504808678146	(34,23)
0.57643928292926207145521993764	(34,24)
0.5733540982574956120361949945	(34,25)
0.57066994345994447500048552073	(34,26)
0.56844707530281133977891106142	(34,27)
0.56673519464940572272284050038	(34,28)
0.56557241206007134425617766322	(34,29)
0.56498451743231649461704353322	(34,30)
0.62302796415334590487443949902	(35,1)
0.62302531706624443060480214678	(35,2)
0.62300746730468572902812121481	(35,3)
0.62294999672967435018144836526	(35,4)
0.6228179922668089201423555641	(35,5)
0.62256804808635070354428469138	(35,6)
0.62215083545178343476384303678	(35,7)
0.62151414060816216403068110182	(35,8)
0.62060623415556077859988588606	(35,9)
0.61937939822186065629952011542	(35,10)
0.61779340632246243393968633263	(35,11)
0.61581873192234934146694071855	(35,12)
0.61343926172874765637047015547	(35,13)
0.61065431279273305210891035481	(35,14)
0.60747979913203051372005346185	(35,15)
0.60394846001199725576594869408	(35,16)
0.60010914039512502955381085866	(35,17)
0.59602519385744082641263435898	(35,18)
0.5917721483694509170907278708	(35,19)
0.58743482639136629004587566881	(35,20)
0.58310413698525529456772376892	(35,21)
0.57887375787362399481800425999	(35,22)
0.57483690268010536417703204246	(35,23)
0.57108332928622296480524491129	(35,24)
0.56769669721531290196887910335	(35,25)
0.56475233301897354630192371824	(35,26)
0.56231541924143450497635614019	(35,27)
0.56043958904742015439079658832	(35,28)
0.55916588716875464012030729406	(35,29)
0.55852204864692385840374387966	(35,30)
0.62325747618105035475293734281	(36,1)
0.62325454879913803834438204023	(36,2)
0.62323480900727600533050655884	(36,3)
0.62317125367319197009785365298	(36,4)
0.62302527621266784559357150156	(36,5)
0.62274888672189445903668454987	(36,6)
0.62228756564539876905308159451	(36,7)
0.62158364192344008644899648978	(36,8)
0.62058004392470276445858110384	(36,9)
0.61922422803042492150285088365	(36,10)
0.61747205258665027926042299135	(36,11)
0.61529134235710579268102547891	(36,12)
0.61266488826186642001049084119	(36,13)
0.60959265410113126869790452612	(36,14)
0.60609301675657540527244351044	(36,15)
0.60220294435480468898180183757	(36,16)
0.59797710848575461039353507039	(36,17)
0.59348601903322627467941217113	(36,18)
0.58881335021213433301932054093	(36,19)
0.58405268305793116284710994853	(36,20)
0.57930391646420885153161125334	(36,21)
0.57466959505045927708001670543	(36,22)
0.57025137196374260968074244792	(36,23)
0.5661467761381365309753612929	(36,24)
0.56244639612161153814841632128	(36,25)
0.55923153550763413868647410195	(36,26)
0.55657234559295460149770386053	(36,27)
0.5545264038363050731718432998	(36,28)
0.55313768407128577705521153293	(36,29)
0.55243585605542360273103416425	(36,30)
0.62415110059619456047972345465	(37,1)
0.62414787734860423273318647287	(37,2)
0.62412614253980025636487179865	(37,3)
0.62405616454579594809656403573	(37,4)
0.62389543867107820280461749428	(37,5)
0.62359113836288976914483343696	(37,6)
0.62308327047161828402755253436	(37,7)
0.62230841572792097381374719044	(37,8)
0.62120388661289719863827779048	(37,9)
0.61971208427061306389544917047	(37,10)
0.61778479249975404857900806933	(37,11)
0.61538712007910081259668625012	(37,12)
0.61250080194648280637095446988	(37,13)
0.6091266010837281413637795145	(37,14)
0.60528561703523433565782697335	(37,15)
0.60101939806406506475316784264	(37,16)
0.59638886040092212632599084575	(37,17)
0.59147212452942562311242353313	(37,18)
0.58636146921527414731017966226	(37,19)
0.58115966631036478311483114857	(37,20)
0.57597598619593577916303039331	(37,21)
0.5709221547564724741819518732	(37,22)
0.56610850377259977294816415949	(37,23)
0.56164049748269104964233694855	(37,24)
0.55761575025342789377318144312	(37,25)
0.55412158447338521948450041543	(37,26)
0.55123312212609377331474919067	(37,27)
0.54901186298793541077118304807	(37,28)
0.54750467888455350796275017826	(37,29)
0.54674314627387376695852897084	(37,30)
0.62568359939691607638763011803	(38,1)
0.62568006579908324230502942414	(38,2)
0.62565623831257781789999171032	(38,3)
0.62557952335373367039324945976	(38,4)
0.62540332789737315073612077361	(38,5)
0.62506975417873122934025059902	(38,6)
0.62451307345527870956045927232	(38,7)
0.62366384993399995382373015186	(38,8)
0.62245352995455816359085635376	(38,9)
0.62081925309524572161373640369	(38,10)
0.61870859102302244429800041744	(38,11)
0.61608388842875214595477702295	(38,12)
0.61292587925260808461619443818	(38,13)
0.60923628775852613938752112347	(38,14)
0.60503919856947542015477292661	(38,15)
0.6003810855294832165497930074	(38,16)
0.59532951221254065668174702428	(38,17)
0.58997063875870743210250063918	(38,18)
0.5844057719375500849933976627	(38,19)
0.5787472632990863745630582891	(38,20)
0.5731140863407698396256567544	(38,21)
0.56762740825278911987806559199	(38,22)
0.56240642255999391705275735014	(38,23)
0.55756463798606398731602903716	(38,24)
0.55320673969807028674510212834	(38,25)
0.5494260639728895616920529393	(38,26)
0.5463026652975359585761545547	(38,27)
0.54390191112118623718509429557	(38,28)
0.54227351544073850549887987196	(38,29)
0.54145091687447468957912860971	(38,30)
0.62781794172236064716414943773	(39,1)
0.627814084616159085078594686	(39,2)
0.62778807573617909376734803913	(39,3)
0.62770433831452578507940235162	(39,4)
0.6275120183158803813903895943	(39,5)
0.62714793410524988790147902261	(39,6)
0.6265403844795650005044558333	(39,7)
0.62561367587039235770889910467	(39,8)
0.62429316581377414855759118591	(39,9)
0.62251055263520334783173822592	(39,10)
0.62020908243105563245178127246	(39,11)
0.61734830774371258346751426991	(39,12)
0.61390803079417767116992055795	(39,13)
0.60989110615605708076764674427	(39,14)
0.60532486404038473676033680839	(39,15)
0.60026103744102778194838790405	(39,16)
0.59477421753094286987858207156	(39,17)
0.58895900025356608701177278846	(39,18)
0.58292610137665128275003515497	(39,19)
0.57679779071617105567085248989	(39,20)
0.57070302066672431907012839656	(39,21)
0.564772601078452316170357559	(39,22)
0.55913471157350466942160602025	(39,23)
0.55391095826726469791741316477	(39,24)
0.54921309043889293952650775366	(39,25)
0.54514040785047567145953809906	(39,26)
0.54177782098710946530526920399	(39,27)
0.53919447968188946612343470473	(39,28)
0.53744286145355852730582260642	(39,29)
0.53655820745168340421262839517	(39,30)
0.63050746952995405463082452182	(40,1)
0.63050327732397034459105720259	(40,2)
0.63047500889973396372292786688	(40,3)
0.6303839975377011746760029939	(40,4)
0.63017497620355504657862134088	(40,5)
0.62977929252364217436871517395	(40,6)
0.62911906542748687371828838925	(40,7)
0.62811213379554355964558372813	(40,8)
0.6266775753683056112318085358	(40,9)
0.62474149746785644635594039085	(40,10)
0.62224273340299931537149141147	(40,11)
0.61913803603979566332589567008	(40,12)
0.61540635811215188562930826263	(40,13)
0.61105185721356985854371738638	(40,14)
0.60610536272495934335143156116	(40,15)
0.60062418201483345422417054669	(40,16)
0.59469028425056256968139848557	(40,17)
0.5884070566723510580172105733	(40,18)
0.58189495515339750816020294148	(40,19)
0.5752864495078147699750539972	(40,20)
0.56872068580477723029881494013	(40,21)
0.56233825570799177971720264846	(40,22)
0.55627638873147205396379806594	(40,23)
0.55066478480527516180837654107	(40,24)
0.54562220006878133403476483061	(40,25)
0.54125380391095164009236186151	(40,26)
0.53764925053504541384007704968	(40,27)
0.53488135885511932518889190502	(40,28)
0.53300527076702608978777064323	(40,29)
0.53205795696577104011276888197	(40,30)
0.63369775886237439025384595827	(41,1)
0.63369322176899604378568275162	(41,2)
0.63366262781319443080811445069	(41,3)
0.63356413019732650569029520824	(41,4)
0.63333792069982799366964782812	(41,5)
0.63290971895273061543803445522	(41,6)
0.63219529031628425604100581312	(41,7)
0.63110583211439852919874634046	(41,8)
0.62955398688094916345828698591	(41,9)
0.62746015418410158736244839204	(41,10)
0.62475869532223957057030386195	(41,11)
0.62140357660475057533903311393	(41,12)
0.61737299469497750975633663555	(41,13)
0.61267258291029344848995696036	(41,14)
0.60733691102890961204871355342	(41,15)
0.60142915090466178436375347072	(41,16)
0.59503896268634700187089577672	(41,17)
0.58827883208747188498472352035	(41,18)
0.58127922919786329805538700314	(41,19)
0.57418304275501916938065931085	(41,20)
0.56713976186512936997342736917	(41,21)
0.56029983432245920841615933919	(41,22)
0.55380954190855290667937920307	(41,23)
0.5478066190310208882148781483	(41,24)
0.54241672284440563372132625803	(41,25)
0.53775075784529819361162323526	(41,26)
0.53390297706742620638526520277	(41,27)
0.5309497302971555242016912175	(41,28)
0.52894870684377155559326696095	(41,29)
0.52793852255629638110808977069	(41,30)
0.63732823195833795390990552895	(42,1)
0.63732334222377025903413604378	(42,2)
0.63729037046333360558996455148	(42,3)
0.63718421843398881305006813014	(42,4)
0.6369404353525937040913972972	(42,5)
0.6364789889123971553002013946	(42,6)
0.635709154996910807467587543	(42,7)
0.63453535524289658096628826997	(42,8)
0.63286368082659975299293474259	(42,9)
0.63060874259584042109282408847	(42,10)
0.62770040005262792796592263277	(42,11)
0.62408986646113911331172507482	(42,12)
0.619754684858408469699499315	(42,13)
0.61470213292952662743610769352	(42,14)
0.6089707440067265699784229746	(42,15)
0.6026298124988991728717755101	(42,16)
0.59577695759371535191627162977	(42,17)
0.58853401491797875591873989985	(42,18)
0.58104167925025708522971498894	(42,19)
0.57345340906286459667068220814	(42,20)
0.56592911684774570481484076067	(42,21)
0.5586291142684248893489026804	(42,22)
0.55170867637474319093178519844	(42,23)
0.54531345852816119970564829194	(42,24)
0.53957586717816428612584889934	(42,25)
0.53461237016020042647530216258	(42,26)
0.53052164548805043843535453872	(42,27)
0.52738341416177189105726032318	(42,28)
0.52525778103175896649486489255	(42,29)
0.52418491339625917793972862271	(42,30)
0.64133356919111395952900853434	(43,1)
0.64132832131399317570593781609	(43,2)
0.64129293466393299005775772491	(43,3)
0.64117900895699334741504375385	(43,4)
0.64091737914895908617503652323	(43,5)
0.64042217386532600133452090934	(43,6)
0.63959608525775842416306934582	(43,7)
0.63833666885866075716960622206	(43,8)
0.63654339097615868399630214264	(43,9)
0.63412503101095483534243411629	(43,10)
0.63100694741222324919968357554	(43,11)
0.62713765369158034153344851857	(43,12)
0.62249414824405552790183009924	(43,13)
0.61708551338605697365129328981	(43,14)
0.61095444522017468594007815214	(43,15)
0.60417657981917842149303605093	(43,16)
0.59685771121927349289953943622	(43,17)
0.5891292136577812504327524723	(43,18)
0.5811421474031905777569206765	(43,19)
0.57306061882213159208531205573	(43,20)
0.56505497239408861553109334852	(43,21)
0.55729532396188474629859800182	(43,22)
0.54994582236228465814238107157	(43,23)
0.5431598785249236578894525954	(43,24)
0.53707645393530871054220206843	(43,25)
0.53181737463371211339452908595	(43,26)
0.52748554478005692767400565104	(43,27)
0.52416387915170029036464839323	(43,28)
0.52191475439636838918962956104	(43,29)
0.52077978840116497984493527618	(43,30)
0.64564496229969315088209434237	(44,1)
0.64563935323364629090813260441	(44,2)
0.64560153116262714740049987387	(44,3)
0.64547976580237957080117601324	(44,4)
0.64520013847069731828655948306	(44,5)
0.64467089164777822888058148807	(44,6)
0.64378808469580302759452204515	(44,7)
0.64244236383145435575784078562	(44,8)
0.64052654263764404747566703299	(44,9)
0.63794356666116693725533543588	(44,10)
0.6346143252993752805122081501	(44,11)
0.63048470444575400334679799141	(44,12)
0.6255312706304081809010425475	(44,13)
0.61976505821372631953554506486	(44,14)
0.61323309547454341131841364228	(44,15)
0.60601753356152766310583956995	(44,16)
0.59823249798966876570685400284	(44,17)
0.59001902113863149693813580569	(44,18)
0.58153859461395301814307734018	(44,19)
0.57296597450487077277913682269	(44,20)
0.56448187229952058465231615044	(44,21)
0.55626608091941102078918276348	(44,22)
0.54849144469240953415629108998	(44,23)
0.54131891583116246755335323771	(44,24)
0.53489377787644776690217282626	(44,25)
0.5293429807837190933174998354	(44,26)
0.52477343521212295664163089415	(44,27)
0.52127105826414099092560483123	(44,28)
0.51890034583203445173974572664	(44,29)
0.51770426052848869363327766097	(44,30)
0.65019124272349160211445637836	(45,1)
0.65018527205882026308771652287	(45,2)
0.65014501181395072152545076357	(45,3)
0.65001539805257195594094283393	(45,4)
0.64971775377176305594354313943	(45,5)
0.64915443117112723361289740522	(45,6)
0.64821485611194793589989961225	(45,7)
0.64678277255479035523599309029	(45,8)
0.6447443617309148866205767863	(45,9)
0.64199677490834105199639915961	(45,10)
0.63845649604710026813012616394	(45,11)
0.63406687316725971950311708006	(45,12)
0.62880415458132329354669509184	(45,13)
0.62268145676350666193930708122	(45,14)
0.61575027405889468172421796875	(45,15)
0.60809939404043767003975103117	(45,16)
0.59985136479285345046759858065	(45,17)
0.59115692152985108933024259237	(45,18)
0.58218797367750903639595444213	(45,19)
0.57312984979649884823858553795	(45,20)
0.56417348890370941197339199995	(45,21)
0.55550816733211384838767119112	(45,22)
0.54731519014334903855826438273	(45,23)
0.5397627911251094205369846431	(45,24)
0.53300230832577710406452755756	(45,25)
0.52716555655951728319605177409	(45,26)
0.52236321674910431495883973819	(45,27)
0.51868400658712450000478598665	(45,28)
0.51619438284264700284856549636	(45,29)
0.51493854407113297677321997396	(45,30)
0.65489991166761033844268815846	(46,1)
0.65489358178725894168277784821	(46,2)
0.65485089944547730632933776404	(46,3)
0.65471348914420318512902855865	(46,4)
0.65439794760368613599292147666	(46,5)
0.65380077801894107635152033557	(46,6)
0.65280482305458948857962887531	(46,7)
0.65128698430382563772757484406	(46,8)
0.64912688132732327147894119178	(46,9)
0.64621595387713126641201620985	(46,10)
0.64246637568831312836907642627	(46,11)
0.63781906278526961840301955403	(46,12)
0.63225005677753823755028124279	(46,13)
0.62577466460616695344981406234	(46,14)
0.61844893968741118041213590595	(46,15)
0.61036836949194912343409560839	(46,16)
0.60166394461779663005160038731	(46,17)
0.59249606818999544308895200128	(46,18)
0.58304697114653955791908081183	(46,19)
0.57351239642342830711443122471	(46,20)
0.56409329657172986548696720606	(46,21)
0.55498817271206001807877269908	(46,22)
0.54638650235689438429873714182	(46,23)
0.53846349959926088942478163824	(46,24)
0.53137625923139888204552135157	(46,25)
0.52526118153021669529335574802	(46,26)
0.5202324690078894720375238937	(46,27)
0.51638143152508669420005114256	(46,28)
0.51377632538744050024874103356	(46,29)
0.51246247534864971323267767901	(46,30)
0.65969809210257071186754041015	(47,1)
0.65969140830768521171600952206	(47,2)
0.65964633962209925494100360701	(47,3)
0.65950124797233677125923201256	(47,4)
0.65916807420443649146632909375	(47,5)
0.65853756116940182158588765396	(47,6)
0.65748607176561335374063884639	(47,7)
0.65588377991270248642343103502	(47,8)
0.6536038660063959919824046069	(47,9)
0.65053218495169143574128216126	(47,10)
0.64657672668967362826536681009	(47,11)
0.64167609559135213052332557713	(47,12)
0.63580623296413774596667266935	(47,13)
0.6289847187398307266917716959	(47,14)
0.62127221266497009916397207486	(47,15)
0.61277090263211364510357118227	(47,16)
0.60362016586133069634677091207	(47,17)
0.59398995511365997247822581759	(47,18)
0.58407264137775348415457301185	(47,19)
0.57407414227128233065595827385	(47,20)
0.56420513623683864953126762657	(47,21)
0.55467302790311690619196622846	(47,22)
0.54567512883291271840977353715	(47,23)
0.5373932947070412520911667231	(47,24)
0.52999005349116492420807920573	(47,25)
0.52360609552439486563588281634	(47,26)
0.51835888775557945528703653299	(47,27)
0.51434212046832640957491081289	(47,28)
0.51162568781129018882166389202	(47,29)
0.51025593181491467299392239546	(47,30)
0.66451341734475602052617281885	(48,1)
0.66450638794545027576628441197	(48,2)
0.66445898895708865787364898326	(48,3)
0.66430639644649299901908831453	(48,4)
0.66395600532173884046992088346	(48,5)
0.66329293554367773256156792826	(48,6)
0.66218722827932762126734683064	(48,7)
0.66050250059894721060266746487	(48,8)
0.65810566896899525787781366834	(48,9)
0.65487717423021987948745784158	(48,10)
0.65072097945201590650068304131	(48,11)
0.6455735103596206346321380939	(48,12)
0.6394107063918772533537179754	(48,13)
0.63225247345925421949275006253	(48,14)
0.62416407496626012984852902775	(48,15)
0.61525433263467742337732355538	(48,16)
0.60567087496543609032281925676	(48,17)
0.59559300013982531171932920081	(48,18)
0.58522295135456812174337871583	(48,19)
0.57477649988626915277741847964	(48,20)
0.56447369048097079155565481815	(48,21)
0.55453045024518115761855836968	(48,22)
0.54515154003886123265938463678	(48,23)
0.5365250852034491702342414482	(48,24)
0.52881870184041031436772364382	(48,25)
0.52217706307058577335879827074	(48,26)
0.51672063831788152050482158379	(48,27)
0.51254528627246290628930817116	(48,28)
0.50972237921649509123843270409	(48,29)
0.50829916993236468202946756115	(48,30)
0.66927486617264854637228689079	(49,1)
0.66926750254006969710575055971	(49,2)
0.66921784992870019565115779933	(49,3)
0.66905800346753477313827102504	(49,4)
0.66869096226354984009906981863	(49,5)
0.66799641041777937158308985373	(49,6)
0.66683828078674405009921341791	(49,7)
0.66507386116173897521139961013	(49,8)
0.66256403229706426299347895994	(49,9)
0.6591840355481134628070062032	(49,10)
0.65483399347280669509477345214	(49,11)
0.64944829695794276445957296957	(49,12)
0.64300297141939171760354589144	(49,13)
0.63552026903420993338778975024	(49,14)
0.62707000090535459808613079723	(49,15)
0.61776748576592772832604471494	(49,16)
0.60776838619315933575162089244	(49,17)
0.59726105428471773949701916696	(49,18)
0.5864572511641543680310540515	(49,19)
0.57558220069207155956601910004	(49,20)
0.56486488486400578030769226167	(49,21)
0.55452931589829669518876322132	(49,22)
0.54478727685324496871251739801	(49,23)
0.53583276183528152946866326204	(49,24)
0.52783811273060595381634929955	(49,25)
0.52095167009365743060390366604	(49,26)
0.51529664234821242291810082654	(49,27)
0.51097084697909370494620534788	(49,28)
0.50804697868645206496696187264	(49,29)
0.50657309821035133527947407906	(49,30)
0.67391355055781978617285714303	(50,1)
0.6739058671342332668655485302	(50,2)
0.67385405828614592545619598918	(50,3)
0.67368727142289980428382536683	(50,4)
0.67330430030452401531607437214	(50,5)
0.67257962988596019935695233806	(50,6)
0.67137135355182665390846566103	(50,7)
0.66953071399028565482291961547	(50,8)
0.66691283700781446875838494679	(50,9)
0.66338802200011189476603153563	(50,10)
0.6588527654599556885803430783	(50,11)
0.65323957617569683869105657986	(50,12)
0.64652464051012883753104542351	(50,13)
0.63873254199983712729823504248	(50,14)
0.62993752781037713676348298262	(50,15)
0.62026120472259612669933103983	(50,16)
0.6098669692132113705668949985	(50,17)
0.59895184845917993791057531524	(50,18)
0.587736681920081265491073702	(50,19)
0.57645566716694422409787073812	(50,20)
0.56534622811054329483589645268	(50,21)
0.55463997220670057486232552461	(50,22)
0.54455523940618738284782685944	(50,23)
0.53529146685017318271352889502	(50,24)
0.52702534641277385952167079337	(50,25)
0.519908566081891310821629904	(50,26)
0.51406681114757559504571817498	(50,27)
0.50959965293347092383194171288	(50,28)
0.50658095848647563095024197384	(50,29)
0.50505949851521503748036214098	(50,30)
0.67836345895434854570177765111	(51,1)
0.6783554732187342692720842723	(51,2)
0.67830162599458498001538241706	(51,3)
0.67812827816654504204188823079	(51,4)
0.67773024845318135311587539725	(51,5)
0.67697710845273776916446618167	(51,6)
0.67572143557685625845177475287	(51,7)
0.67380876726095028597393448172	(51,8)
0.67108880653611900581725988957	(51,9)
0.66742720993295389467839258793	(51,10)
0.66271708879303297593997680145	(51,11)
0.65688922967325989746924241077	(51,12)
0.64992004011347380827525823104	(51,13)
0.64183638319099802354994785218	(51,14)
0.63271677351272169273868110927	(51,15)
0.62268882416645816939557491422	(51,16)
0.61192328264787865667655602073	(51,17)
0.60062538633451461314205905489	(51,18)
0.58902453042839816939715049189	(51,19)
0.5773633327207178495324701573	(51,20)
0.56588710123582645741996725764	(51,21)
0.55483450042732221386904333618	(51,22)
0.54442992779406260146110844415	(51,23)
0.53487781687776078420511606446	(51,24)
0.52635882379717541630433543265	(51,25)
0.51902766227543653928196957648	(51,26)
0.51301223604435471555025619509	(51,27)
0.50841367176216751276229240997	(51,28)
0.50530686566664068705768922742	(51,29)
0.50374120605568753737560138844	(51,30)
0.68256215561590311202549768767	(52,1)
0.682553888003447788604974851	(52,2)
0.68249814019528090076576516144	(52,3)
0.68231867497913115150450704665	(52,4)
0.68190660511970694423529865762	(52,5)
0.68112692237715796834577420597	(52,6)
0.67982706477912037408293223094	(52,7)
0.67784725829414659523451169162	(52,8)
0.67503216490828227234872268053	(52,9)
0.67124313705604838486053393965	(52,10)
0.66637016645850937911903504644	(52,11)
0.66034248274857940638305945295	(52,12)
0.6531367587701523153627928706	(52,13)
0.64478204755974049032598790664	(52,14)
0.63536090541500915960687804421	(52,15)
0.62500659793898196966189902635	(52,16)
0.61389675974859756458328944719	(52,17)
0.60224429013510029944473248298	(52,18)
0.59028653790004611423920833609	(52,19)
0.57827391699624347259291323136	(52,20)
0.56645900364993854712189632804	(52,21)
0.55508693707421896669261298571	(52,22)
0.54438764304185130171869578515	(52,23)
0.53457008760562989277121417213	(52,24)
0.52581849850721903350353684886	(52,25)
0.51829029425537627422327821949	(52,26)
0.51211534415874320589517467984	(52,27)
0.5073961394805591759925790696	(52,28)
0.50420847029314379556573909224	(52,29)
0.50260225624642496230898121334	(52,30)
0.68645143451885620499489201591	(53,1)
0.6864429082937184123503833506	(53,2)
0.68638541676697188879502306942	(53,3)
0.68620033911599249400919033695	(53,4)
0.68577538834117819165510775015	(53,5)
0.684971355518840556952517482	(53,6)
0.68363096658179257213511854283	(53,7)
0.68158958120429726393410545557	(53,8)
0.67868724906168707348846718384	(53,9)
0.67478139454507328400970163785	(53,10)
0.66975917785454470517864798622	(53,11)
0.6635484409292146232327892247	(53,12)
0.65612614913805392403200925238	(53,13)
0.64752341820881325687081775835	(53,14)
0.63782656432454178587930521216	(53,15)
0.62717408187882409857222091089	(53,16)
0.61574995080672384760850220107	(53,17)
0.60377410457034956687107187881	(53,18)
0.59149116842727753034361285658	(53,19)
0.57915866270772538855554062225	(53,20)
0.56703576263670299098793102384	(53,21)
0.55537346045685831225379840741	(53,22)
0.54440665498496303223830012443	(53,23)
0.5343483669468073030117232649	(53,24)
0.52538599880085834508121582303	(53,25)
0.51767935555435316497977745956	(53,26)
0.51136002610913396616406873655	(53,27)
0.50653168422698869458455993199	(53,28)
0.50327088675869363507897937699	(53,29)
0.50162800487519658262349620565	(53,30)
0.68997792509163733864745044103	(54,1)
0.68996916617342297419889890179	(54,2)
0.68991010569687182058283180079	(54,3)
0.68971997817431003965510687881	(54,4)
0.6892834378483018511737930554	(54,5)
0.68845749706898601184786786974	(54,6)
0.68708064446579654915298097753	(54,7)
0.68498386663502929493740048405	(54,8)
0.68200307344349604753723798026	(54,9)
0.67799217171612038356297695558	(54,10)
0.67283579859027150477346523384	(54,11)
0.66646058015461053736644264617	(54,12)
0.65884378441511729072566677086	(54,13)
0.65001842587277261569437017399	(54,14)
0.64007424504696136598996358438	(54,15)
0.62915447497186854930827335393	(54,16)
0.61744882570224562815079842902	(54,17)
0.60518356289273118065931292042	(54,18)
0.59260984168792954099540767396	(54,19)
0.57999153884282539537366361159	(54,20)
0.56759371128595198256509769576	(54,21)
0.5556725476425685175930279827	(54,22)
0.54446734236925979786731412087	(54,23)
0.53419468200259869136271581508	(54,24)
0.52504474462544194946162335853	(54,25)
0.51717940749305988902453702188	(54,26)
0.51073174079579344219048663571	(54,27)
0.50580642769587025488817619166	(54,28)
0.50248067319682966858089195998	(54,29)
0.50080522657337574732548998684	(54,30)
0.69309364602150353233508891385	(55,1)
0.69308468276698712462029321845	(55,2)
0.69302424454098106847680649296	(55,3)
0.69282968258296050468276401883	(55,4)
0.69238296533160149497890266685	(55,5)
0.69153778762670846854389626216	(55,6)
0.69012891911193925448873499752	(55,7)
0.68798351046178120399813549324	(55,8)
0.68493384412112029773224428862	(55,9)
0.68083075095834792467606044624	(55,10)
0.67555667152554923412210980912	(55,11)
0.66903718944300674200642390629	(55,12)
0.66124986876986212285236585953	(55,13)
0.65222942421005746646347391303	(55,14)
0.64206863485665192922026908508	(55,15)
0.63091492066696530123705809333	(55,16)
0.61896303907064161820708957707	(55,17)
0.60644481811425813031275111046	(55,18)
0.59361713335220047752697585381	(55,19)
0.58074941403120616401192557407	(55,20)
0.56811183890118775671931891331	(55,21)
0.55596510598909961864531902454	(55,22)
0.54455230936180186350108299839	(55,23)
0.5340931040027302959969227734	(55,24)
0.52478004394022537201723876808	(55,25)
0.51677676930991196898366936109	(55,26)
0.51021760125824569370044234493	(55,27)
0.50520806820313071352258552443	(55,28)
0.50182591288698075374114115771	(55,29)
0.50012219545191258326897887686	(55,30)
0.69575650287320917129342421528	(56,1)
0.69574736581593615863433924039	(56,2)
0.69568575571669960567998513156	(56,3)
0.69548742198186385451507760183	(56,4)
0.69503204872841134389686785971	(56,5)
0.69417050954454485449860789323	(56,6)
0.6927344122260393957440014335	(56,7)
0.69054764780699854804407957267	(56,8)
0.68743941909879770931218350395	(56,9)
0.68325795007158162206837119311	(56,10)
0.67788382674956856076879143087	(56,11)
0.67124176437946483883691599377	(56,12)
0.66330960081639318683238993495	(56,13)
0.65412352067339929980700612851	(56,14)
0.64377891033555566377661308745	(56,15)
0.63242676953087961806193457999	(56,16)
0.62026615986937452092353752992	(56,17)
0.60753364167411040348515977132	(56,18)
0.59449094588655289403116834254	(56,19)
0.58141220306516800990007183566	(56,20)
0.56857191705603193233149499787	(56,21)
0.55623458251964545613497491433	(56,22)
0.5446464817733343121907189841	(56,23)
0.53402983450197711211868952883	(56,24)
0.52457917153230575894947241155	(56,25)
0.51645959174127976213234694756	(56,26)
0.50980644469399877509698392087	(56,27)
0.50472594841091127734574500817	(56,28)
0.50129628063287509897425655583	(56,29)
0.49956875086212810400922963121	(56,30)
0.69793072505839746493628658378	(57,1)
0.69792144660986768642669035206	(57,2)
0.69785888317480935958579266872	(57,3)
0.69765748106097569005022326338	(57,4)
0.69719506615362826992821841338	(57,5)
0.69632021726529234488482019882	(57,6)
0.69486197093252263956150490131	(57,7)
0.69264156849722519951936276898	(57,8)
0.68948571130621698290532609198	(57,9)
0.68524050890954742152772460349	(57,10)
0.67978504792793981790749402748	(57,11)
0.6730433494635145241995062529	(57,12)
0.66499348883701760780799552428	(57,13)
0.65567286235046161951151881698	(57,14)
0.64517899264981792481574022026	(57,15)
0.63366580394375710270151331335	(57,16)
0.62133586660257007236393112959	(57,17)
0.60842959127827252927173077825	(57,18)
0.59521265183316596253498049967	(57,19)
0.58196298890393132106081006522	(57,20)
0.56895860378868265931552649121	(57,21)
0.55646705370669998873779877589	(57,22)
0.54473718557363363101774286271	(57,23)
0.53399327538545521246136610672	(57,24)
0.52443143282294190028030247159	(57,25)
0.51621791648268080654865523326	(57,26)
0.50948888900303348739141640631	(57,27)
0.50435111001946128360829339379	(57,28)
0.50088309638141609360845211349	(57,29)
0.49913635052712695361745115259	(57,30)
0.69958723779278061272026013371	(58,1)
0.69957785190990782658489855403	(58,2)
0.69951456409559108619735557678	(58,3)
0.69931083052523821383192946164	(58,4)
0.69884306518982843381307592529	(58,5)
0.69795810345834692387174113803	(58,6)
0.69648302869695171881766039366	(58,7)
0.69423707014969571506425230309	(58,8)
0.69104503075987985201472578943	(58,9)
0.6867514172328983769294997642	(58,10)
0.68123418241191364523854369024	(58,11)
0.67441682727142937424023823507	(58,12)
0.66627761631746028488008260557	(58,13)
0.65685487596826049744536099235	(58,14)
0.64624776107197858021426228526	(58,15)
0.63461242521104211449738317096	(58,16)
0.62215410907613142545689091167	(58,17)
0.60911614919042948617443059481	(58,18)
0.59576721115429720584678711175	(58,19)
0.58238812196602590527740060327	(58,20)
0.5692595278684200122209537018	(58,21)
0.55665129765741934700950133461	(58,22)
0.54481420969704937497882663099	(58,23)
0.533974084647692706379240476	(58,24)
0.52432821457579788777937378222	(58,25)
0.51604372338056418180174582792	(58,26)
0.50925737764763722318975697727	(58,27)
0.504076337165069777367240663	(58,28)
0.50057936778450825093317747578	(58,29)
0.4988181127274097341278107412	(58,30)
0.70070396502601779734635839721	(59,1)
0.70069450685044963530209028679	(59,2)
0.70063073160087040954736991099	(59,3)
0.70042542919655689254081946714	(59,4)
0.69995406359189521998098557784	(59,5)
0.69906229709344003398907199128	(59,6)
0.69757589905145878691989344973	(59,7)
0.69531274536515721936855917021	(59,8)
0.69209636265305693421971491482	(59,9)
0.68777018088695257142008964641	(59,10)
0.68221139265922139518830349689	(59,11)
0.67534315247947672305154578166	(59,12)
0.66714385637883703251983497034	(59,13)
0.65765246119714104167492201764	(59,14)
0.64696922442042221246020503737	(59,15)
0.63525180325605949888772069054	(59,16)
0.6227072372741791904655023362	(59,17)
0.6095808319114201073406651195	(59,18)
0.59614326383942776971993538317	(59,19)
0.58267729808514371952669351648	(59,20)
0.56946535461318070223335316958	(59,21)
0.55677885022279466126176813092	(59,22)
0.54486985465864764544493270415	(59,23)
0.53396521943376471182745802057	(59,24)
0.5242630239463902160529293237	(59,25)
0.51593096673906026874131288318	(59,26)
0.50910621415958065929442046038	(59,27)
0.50389618981223967969227925501	(59,28)
0.50037982296086122124761468944	(59,29)
0.49860884878156571919988661425	(59,30)
0.70126605988407206224981874168	(60,1)
0.70125656535970814102294316902	(60,2)
0.70119254502760471196862486955	(60,3)
0.7009864538147334934270771497	(60,4)
0.70051327800540885909285487437	(60,5)
0.69961809012106601819066583162	(60,6)
0.69812599890749548877059505828	(60,7)
0.69585419998276210476675390958	(60,8)
0.69262557856592368094542253603	(60,9)
0.68828302379854667075354761365	(60,10)
0.68270334682673392908013832687	(60,11)
0.67580952902552700294465376328	(60,12)
0.66758003383394860276216642227	(60,13)
0.65805413644184778070450959227	(60,14)
0.64733265004847477173798138394	(60,15)
0.63557398893218284429170365479	(60,16)
0.62298609774559599304493515857	(60,17)
0.60981527191771989850941471973	(60,18)
0.59633319865528472675773502861	(60,19)
0.58282361615012641548729352725	(60,20)
0.56956983435876553958640886565	(60,21)
0.55684404616202693324509264115	(60,22)
0.54489896810696409037568128259	(60,23)
0.53396196743933937560336978479	(60,24)
0.52423151692756396777864782968	(60,25)
0.51587560175049117180301235101	(60,26)
0.50903158726008115686597617016	(60,27)
0.50380702806959651205864356826	(60,28)
0.5002809343618040335016544912	(60,29)
0.49850508671293158523123716002	(60,30)