ldd112_(sigma,mu)
0.00194953215426678462451202947	(1,1)
0.017513745244990273692969941	(1,2)
0.04847169096788335743516499176	(1,3)
0.0944844227279376136184724065	(1,4)
0.1550485134354095827714053749	(1,5)
0.2295019292705501764060748792	(1,6)
0.3170316735251563835053936682	(1,7)
0.4166830549888124440515110162	(1,8)
0.5273704165339735363796515937	(1,9)
0.6478891498883174653865536973	(1,10)
0.7769288216689129775569674837	(1,11)
0.913087242371032909982233358	(1,12)
1.0548853222427267646712928259	(1,13)
1.20078257343098200577064368	(1,14)
1.349193133812559509358059459	(1,15)
1.498502201914535118827066364	(1,16)
1.647082781988501357485205298	(1,17)
1.793312641885196490771287268	(1,18)
1.935591382884907325768630729	(1,19)
2.072357509937010537449094473	(1,20)
2.202105373606121224797954065	(1,21)
2.323401833003840391814759293	(1,22)
2.434902464387291337446775912	(1,23)
2.5353671156897500692741919	(1,24)
2.62367458598918129742857111	(1,25)
2.69883619371497313369518409	(1,26)
2.76000799077488138849686036	(1,27)
2.8065013836652984232317328	(1,28)
2.837791938098464379426517	(1,29)
2.8535261708825798269141	(1,30)
0.00194929733946809199752332499	(2,1)
0.0175116357983759111602039778	(2,2)
0.04846585328836894168373582519	(2,3)
0.0944730466715074493967460782	(2,4)
0.1550298572850412736321512169	(2,5)
0.2294743479311133057630784919	(2,6)
0.3169936499934258613767847149	(2,7)
0.4166332344271302479202258571	(2,8)
0.5273076415505844328749672151	(2,9)
0.6478124949874846043210704734	(2,10)
0.7768376243625637622633250313	(2,11)
0.9129811282083733810791748782	(2,12)
1.0547642210594716950022680216	(2,13)
1.200646724461800786662881112	(2,14)
1.349043077934552065940482612	(2,15)
1.498338760151468534992485038	(2,16)
1.646907020434201721445087638	(2,17)
1.793125824308951540141871785	(2,18)
1.935394913359566429937131842	(2,19)
2.072152868777583702744553457	(2,20)
2.201894050627502296510408779	(2,21)
2.323185262523269230401485874	(2,22)
2.434681966458756909777310958	(2,23)
2.53514384774368983406056533	(2,24)
2.62344950837567710295143638	(2,25)
2.69861005165984972775754708	(2,26)
2.75978131403307623153046578	(2,27)
2.80627450379502234516121	(2,28)
2.837565021897532089447747	(2,29)
2.8532992672430988904992	(2,30)
0.00194810348018640306200263952	(3,1)
0.01750091074462214831262840055	(3,2)
0.04843617128644161734146345589	(3,3)
0.0944151950494132941615867081	(3,4)
0.1549349479902301356921573658	(3,5)
0.229333933713626900195459162	(3,6)
0.3167998447025225051120407536	(3,7)
0.4163788354294214335884757274	(3,8)
0.5269862508163080173622518753	(3,9)
0.647418634112992185714183829	(3,10)
0.7763668378721389383126174949	(3,11)
0.9124300690457990390518866973	(3,12)
1.0541307123304939332351939879	(3,13)
1.199929792255632444551756376	(3,14)
1.348242951405293474658050958	(3,15)
1.497456836886214123080831039	(3,16)
1.645945797326601887029172039	(3,17)
1.792088796506792939097518757	(3,18)
1.934286446150488427525233305	(3,19)
2.07097804930285484128856686	(3,20)
2.200658527871817924592202855	(3,21)
2.321895084957919895432631512	(3,22)
2.433343426908919510890705166	(3,23)
2.5337633444657333895441181	(3,24)
2.62203342999549298262180318	(3,25)
2.69716469163586465064114247	(3,26)
2.75831281782682098252440929	(3,27)
2.8047888491646586867480193	(3,28)
2.836068029911594211194871	(3,29)
2.8517966389867436819433	(3,30)
0.00194462580344717143769895299	(4,1)
0.01746966890701400095405769258	(4,2)
0.04834970691688061233599440027	(4,3)
0.0942466632947708499611599073	(4,4)
0.1546584283433772145578299344	(4,5)
0.2289247436419620519338238721	(4,6)
0.3162348538088135958051401372	(4,7)
0.4156367756408354402543218215	(4,8)
0.5260480158743420881938269185	(4,9)
0.6462675597161462029524172827	(4,10)
0.7749889524725857106751897145	(4,11)
0.9108143047383543158774626275	(4,12)
1.0522690656392063839032468888	(4,13)
1.197817425970631769108629281	(4,14)
1.345878230900560024933948918	(4,15)
1.494841297410234294906488159	(4,16)
1.643084042369151974224171839	(4,17)
1.788988331207971045607887904	(4,18)
1.93095745349677930304772064	(4,19)
2.06743312020810283167138761	(4,20)
2.196912358854616799320791209	(4,21)
2.317964158745685021650137246	(4,22)
2.42924569175171269024369298	(4,23)
2.52951790716124211845136112	(4,24)
2.61766027565312792219895901	(4,25)
2.69268444019483951664676325	(4,26)
2.75374652353956194250513695	(4,27)
2.8001578449876813219817744	(4,28)
2.831393814382228008872828	(4,29)
2.8471007990895752474128	(4,30)
0.00193717514741545874712906609	(5,1)
0.01740273560048530947461865901	(5,2)
0.04816446228850374877048485579	(5,3)
0.0938855869862751282716512238	(5,4)
0.1540659622747268945864719211	(5,5)
0.2280479428592614480402717255	(5,6)
0.3150240287448294384436624926	(5,7)
0.4140461172410019075948065201	(5,8)
0.524036192005752400401404718	(5,9)
0.643798268693599483357629519	(5,10)
0.7720314177837528959376314556	(5,11)
0.9073436944368058577750401374	(5,12)
1.0482668205997998471842697815	(5,13)
1.193271483335928173039093527	(5,14)
1.340783132516573525091410046	(5,15)
1.489198177642664560616061862	(5,16)
1.636900495072804946577815608	(5,17)
1.78227816136521637197962924	(5,18)
1.923740324665253814224926631	(5,19)
2.05973411393523720618754965	(5,20)
2.188761466177915058972996463	(5,21)
2.309395726437284012328278037	(5,22)
2.420297846837953280485342344	(5,23)
2.52023198235313975983087251	(5,24)
2.60808025572036526534042115	(5,25)
2.6828564452185015695554409	(5,26)
2.74371833973975943779079427	(5,27)
2.7899785079013031281348281	(5,28)
2.821113243089238290126324	(5,29)
2.8367694744975432018284	(5,30)
0.00192401873695307583287588237	(6,1)
0.01728454433852007453530147187	(6,2)
0.04783735517230473461607492705	(6,3)
0.0932479882009216806275734368	(6,4)
0.1530197460924222045059005352	(6,5)
0.2264995655055745152131900461	(6,6)
0.3128856370677766933900604355	(6,7)
0.4112366199996657931896085081	(6,8)
0.5204822756610211594964017955	(6,9)
0.6394353362859783842829740127	(6,10)
0.7668044273318021247095891753	(6,11)
0.9012078726967841551311094309	(6,12)
1.0411882292603586139764347237	(6,13)
1.185227417871928122285285667	(6,14)
1.331762338891664558421011201	(6,15)
1.479200878541244058271580649	(6,16)
1.625938224903230290318797578	(6,17)
1.770373417327556913259497338	(6,18)
1.910926049066688095687146574	(6,19)
2.046053030002625642567410893	(6,20)
2.174265295251887334017083728	(6,21)
2.294144318140286477691061723	(6,22)
2.404358255257694663583174801	(6,23)
2.50367752033763124890820503	(6,24)
2.59098955611960567926153098	(6,25)
2.66531255261859114638643032	(6,26)
2.72580784939111175315477239	(6,27)
2.7717907607606783487711833	(6,28)
2.802739577880618383506888	(6,29)
2.818302530178169411167	(6,30)
0.00190373559006013792122214598	(7,1)
0.01710232964868469805925227987	(7,2)
0.04733305554338762431756150527	(7,3)
0.0922650002417604869232735988	(7,4)
0.1514067738813521126239217196	(7,5)
0.2241123521535425458408996926	(7,6)
0.3095886543192996808294497868	(7,7)
0.4069046947039447124437653131	(7,8)
0.5150021269782985014753829366	(7,9)
0.6327069933837968418669862538	(7,10)
0.7587424947352576822546269284	(7,11)
0.8917426099220270608528379892	(7,12)
1.0302664132287517119186827639	(7,13)
1.172812960988956619698443784	(7,14)
1.317836642443503663186315927	(7,15)
1.463762909829689632141352947	(7,16)
1.609004316707067449361187755	(7,17)
1.751976799082723959068693333	(7,18)
1.891116129743421859677673962	(7,19)
2.024894462158204993561103619	(7,20)
2.151836857357775816943799471	(7,21)
2.270537657377519946409103368	(7,22)
2.379676535113579028448060382	(7,23)
2.47803401634794275043815212	(7,24)
2.56450623908943509618816571	(7,25)
2.63811869199916584038010729	(7,26)
2.69803866080581350339121699	(7,27)
2.7435861117613512245464759	(7,28)
2.774242755786683964187217	(7,29)
2.7896590662456921580981	(7,30)
0.00187553668764685454513379432	(8,1)
0.01684900333734472562858969464	(8,2)
0.046631946025737893810728821	(8,3)
0.0908983846194168190182854816	(8,4)
0.1491643005126296670163588237	(8,5)
0.220793439203883875744500344	(8,6)
0.30500482591724820621438739	(8,7)
0.4008818257241524526644641306	(8,8)
0.5073825612805787632502591639	(8,9)
0.6233514952549427698210581153	(8,10)
0.7475319901518276302676749337	(8,11)
0.8785796737596782867238342952	(8,12)
1.0150764611285645339417289862	(8,13)
1.155545110398567969468985381	(8,14)
1.298464216202745079205262408	(8,15)
1.442283567072167347169425085	(8,16)
1.585439809028921630685958107	(8,17)
1.726372363907637007859468075	(8,18)
1.863539546492338917234470542	(8,19)
1.995434809105547320350441232	(8,20)
2.120603016912364566710368841	(8,21)
2.237656624151576051647965241	(8,22)
2.34529158399994501538999688	(8,23)
2.4423027867084759060400193	(8,24)
2.52759878621430517871453224	(8,25)
2.60021554871723318501128155	(8,26)
2.65932894129753666675494461	(8,27)
2.7042656772605061346043988	(8,28)
2.734512449101402133419108	(8,29)
2.7497230100577926007949	(8,30)
0.00183947536503581374648239228	(9,1)
0.01652504455457962682154690584	(9,2)
0.04573535289787219827649940912	(9,3)
0.0891507276445710388404950564	(9,4)
0.1462965740139038990511562269	(9,5)
0.2165491255056190566594468219	(9,6)
0.2991428782710058714663130117	(9,7)
0.3931795330714046709579284593	(9,8)
0.4976382502643970522964893413	(9,9)
0.6113870186099384959739286423	(9,10)
0.7331949467659133717259023579	(9,11)
0.8617453051681084625371619183	(9,12)
0.9956491725241685399712548189	(9,13)
1.133459571602767412929264252	(9,14)
1.273686009212431128136005417	(9,15)
1.414809361149978251323507529	(9,16)
1.55529706086120961597837702	(9,17)
1.693618557876896592725214922	(9,18)
1.828261007218195787028409032	(9,19)
1.957745133712828001178400978	(9,20)
2.080641186729475935281899351	(9,21)
2.195584863726796973409936616	(9,22)
2.301293038802200091132997294	(9,23)
2.39657908942658437008346297	(9,24)
2.48036757539890526571482127	(9,25)
2.55170799325595293635229073	(9,26)
2.60978731086800501824250398	(9,27)
2.6539409837238427168643789	(9,28)
2.683662168186548389267925	(9,29)
2.6986088780727874622134	(9,30)
0.00179649378002844251151522412	(10,1)
0.01613891724293893983912573059	(10,2)
0.04466670143849294670305959407	(10,3)
0.0870676925024805972684311839	(10,4)
0.1428785311895557014826729325	(10,5)
0.211490342524248540794788104	(10,6)
0.2921560750581521107333909163	(10,7)
0.3839993034833033910433471644	(10,8)
0.4860242905590850630963479852	(10,9)
0.5971271013580393545558010034	(10,10)
0.7161075739138058007963988237	(10,11)
0.8416819732408005593437466065	(10,12)
0.972496186979171132654896773	(10,13)
1.107139356343555779703624595	(10,14)
1.24415787095452446731397202	(10,15)
1.382069685916658356227549142	(10,16)
1.51937894014490925945850566	(10,17)
1.654590863389490658917860713	(10,18)
1.786226953952503790787078496	(10,19)
1.912840389536529026322230888	(10,20)
2.033031601398270256419484311	(10,21)
2.145463899837521526390426874	(10,22)
2.248878991063916492605862909	(10,23)
2.34211217648764302529822666	(10,24)
2.4241069806495755006689741	(10,25)
2.49392891834986276435719155	(10,26)
2.55077808940826943340883297	(10,27)
2.5940002841740741661450832	(10,28)
2.623096296279037489054939	(10,29)
2.6377291714857993600883	(10,30)
0.00174829459323543233026940832	(11,1)
0.01570591736998783935890225374	(11,2)
0.04346832549202758653601352152	(11,3)
0.0847318002812557535379499705	(11,4)
0.1390455924934461995291202581	(11,5)
0.2058175492671243571384679793	(11,6)
0.2843213523688088810998220883	(11,7)
0.3737051694839135785914768567	(11,8)
0.4730015028223867171040051907	(11,9)
0.5811380183762454135095401477	(11,10)
0.6969491538611970286840864281	(11,11)
0.8191883311822336411323918436	(11,12)
0.9465406363182872520836834391	(11,13)
1.0776358709940387500060604753	(11,14)
1.211061921098371948066047562	(11,15)
1.345378421303965276131745487	(11,16)
1.479130719167024215435230859	(11,17)
1.610864151704489760834068703	(11,18)
1.739138641144965150147712874	(11,19)
1.862543594065128799345462875	(11,20)
1.979713051084534772652409922	(11,21)
2.089340985975735506139815545	(11,22)
2.190196598062611910789858681	(11,23)
2.28113938561530647731789338	(11,24)
2.36113373643146869077091723	(11,25)
2.42926273051581246702932845	(11,26)
2.48474082355602599785944457	(11,27)
2.5269250723324943304725805	(11,28)
2.555324576309879906561369	(11,29)
2.569607843697118445797	(11,30)
0.00169707693135400753866519709	(12,1)
0.01524580093853613108430563138	(12,2)
0.04219490267677578109817473366	(12,3)
0.0822496335129964714301540646	(12,4)
0.1349726634526195043555667101	(12,5)
0.1997896513053341137179972632	(12,6)
0.2759963860465217474011066101	(12,7)
0.3627672864587968807087869246	(12,8)
0.459165028958341279690490153	(12,9)
0.5641510749433956516620226344	(12,10)
0.6765968880046511469272601655	(12,11)
0.795295665047846231945899075	(12,12)
0.9189744493820317316309552836	(12,13)
1.0463065425887237917112411138	(12,14)
1.175924179423437340740355745	(12,15)
1.306431470122194347396338319	(12,16)
1.436417642047648047661327739	(12,17)
1.564470623698700167975354697	(12,18)
1.689191006588498718832219062	(12,19)
1.809206394269271258726926992	(12,20)
1.923186104821623679237688468	(12,21)
2.029856137286432991056712947	(12,22)
2.128014249146400556471762566	(12,23)
2.21654492735524825442721474	(12,24)
2.29443397617106053698349605	(12,25)
2.36078239744170171864585634	(12,26)
2.41481920833759921148146528	(12,27)
2.4559128317174264006455424	(12,28)
2.483580707451870155878534	(12,29)
2.4974968092736197194513	(12,30)
0.00164521059596292320083253245	(13,1)
0.01477985722181504276693571694	(13,2)
0.04090535418152011871276140186	(13,3)
0.0797360468110692543548451267	(13,4)
0.1308482248551018013706431075	(13,5)
0.1936856505089030289406240754	(13,6)
0.2675666179936725877947386849	(13,7)
0.3516923139069780545566772164	(13,8)
0.4451562306642138464683242163	(13,9)
0.5469543895153730953314636207	(13,10)
0.6559961537131483556111642066	(13,11)
0.7711154531545989753026742702	(13,12)
0.891082294139426443137007423	(13,13)
1.0146144853855734928342097391	(13,14)
1.140389567062180419096874211	(13,15)
1.267056976389400322337753796	(13,16)
1.393250515243508248844401552	(13,17)
1.51760119770322743076763954	(13,18)
1.638750546199989522638960755	(13,19)
1.755364373918348537024350055	(13,20)
1.866147040786272859140531813	(13,21)
1.969856105419954790662042833	(13,22)
2.065317222035211914742537605	(13,23)
2.1514390568965807178261643	(13,24)
2.22722793087424830169401621	(13,25)
2.29180184013164641222712829	(13,26)
2.34440347170432644724929278	(13,27)
2.3844118188855492343542383	(13,28)
2.411352015008523459290161	(13,29)
2.4249030433532403195256	(13,30)
0.00159492857395168645076220711	(14,1)
0.01432814641257467796443511954	(14,2)
0.03965519960082987911128404261	(14,3)
0.0772992645046848733879469757	(14,4)
0.1268498785111014994634690287	(14,5)
0.1877684493548514375462715021	(14,6)
0.2593952588771339761729168377	(14,7)
0.3409577088422409029730174523	(14,8)
0.4315795396820302353505217061	(14,9)
0.5302907603513110365920775502	(14,10)
0.6360380575591460160216282155	(14,11)
0.7476955017488191065238042151	(14,12)
0.8640754294525384012493411525	(14,13)
0.9839394495885666953131535477	(14,14)
1.106009586639733629507768631	(14,15)
1.228979628306282573767774378	(14,16)
1.351526782070961696350741791	(14,17)
1.472323758964709155685180573	(14,18)
1.590051391039212983812200716	(14,19)
1.703411851886514906569359197	(14,20)
1.811142490118388516469462906	(14,21)
1.912030209666773382248733773	(14,22)
2.004926245591708529813739772	(14,23)
2.08876109830265996090434893	(14,24)
2.16255931132543441933311793	(14,25)
2.22545371580893447346912629	(14,26)
2.27669872517466677617933871	(14,27)
2.3156822499369780239893379	(14,28)
2.341935817709925411749275	(14,29)
2.3551425263423595650937	(14,30)
0.00154809700375762663138289491	(15,1)
0.01390743310118183227115040397	(15,2)
0.03849083756987065251677847305	(15,3)
0.0750297321604533206908453582	(15,4)
0.1231260530632166180765874013	(15,5)
0.1822577731288450334386564657	(15,6)
0.2517858857939569518596379481	(15,7)
0.3309625722602463733020756067	(15,8)
0.4189402567663472524741016393	(15,9)
0.5147812657124058286646902171	(15,10)
0.6174678435244498811681048255	(15,11)
0.7259123371873806932649326138	(15,12)
0.8389674354874270535856586576	(15,13)
0.9554364294279290900074160105	(15,14)
1.074083537263193093527724686	(15,15)
1.193644401498152998506725773	(15,16)
1.312836907672308160036909088	(15,17)
1.430372489765337101301939064	(15,18)
1.544968071728119088647329826	(15,19)
1.655358749564921275852140639	(15,20)
1.760311247621726815407036459	(15,21)
1.858638093257307717503208793	(15,22)
1.949212354939098460868304013	(15,23)
2.03098269004769058750437907	(15,24)
2.1029883601688204391806511	(15,25)
2.1643738020923951118144715	(15,26)
2.21440229883362655333716987	(15,27)
2.2524682809696836806928898	(15,28)
2.278107806007025380220493	(15,29)
2.29100681134144187849957	(15,30)
0.00150608775281537652505291935	(16,1)
0.01353004156778496332845402632	(16,2)
0.03744637764152584443232995695	(16,3)
0.0729939411363437324221671376	(16,4)
0.119785870414089427966168271	(16,5)
0.1773151711277671086363807291	(16,6)
0.2449617250576246344937867717	(16,7)
0.3220004239062247691299304228	(16,8)
0.4076101014412526720071870069	(16,9)
0.5008829524386586442922153901	(16,10)
0.6008341723027438440858328821	(16,11)
0.7064116220992342712264821288	(16,12)
0.8165054120251990891688191776	(16,13)
0.9299573916931801878594651263	(16,14)
1.045570626412546208484259884	(16,15)
1.162119013415050527848071552	(16,16)
1.278357240776267708320859961	(16,17)
1.393031307610784967577288591	(16,18)
1.504889803815832604138658469	(16,19)
1.612696092371924816988563956	(16,20)
1.715241452311456262978715156	(16,21)
1.81135913470688910729567822	(16,22)
1.89993916844727349968802718	(16,23)
1.979943639062320261800605347	(16,24)
2.05042206375725873772724712	(16,25)
2.11052640871338937930547878	(16,26)
2.15952524754504664117174742	(16,27)
2.1968165464956863688644403	(16,28)
2.221938583351612255930342	(16,29)
2.23457856123568864411511	(16,30)
0.00146974754275377941974535074	(17,1)
0.0132035784170076398188124214	(17,2)
0.03654287264804322093901200798	(17,3)
0.0712329322982783898495026672	(17,4)
0.116896690524569352574586017	(17,5)
0.1730403830216372421272326321	(17,6)
0.2390606339593171808304351738	(17,7)
0.3142526091211618146558793852	(17,8)
0.3978188718050330631725590408	(17,9)
0.4888785968827954280703181249	(17,10)
0.5864768536345341418211371318	(17,11)
0.6895937529198817553525269221	(17,12)
0.7971533595134682060318555817	(17,13)
0.9080323836714638452232214928	(17,14)
1.021068773277498487289623328	(17,15)
1.135070415422482397971071244	(17,16)
1.248824212149579057080050544	(17,17)
1.361105811128309771879588948	(17,18)
1.470690244847452406540794674	(17,19)
1.576363663537551777937775985	(17,20)
1.676936244531700803049149387	(17,21)
1.771256235271302614222489583	(17,22)
1.858224952238604178992472612	(17,23)
1.936812427934606456978353213	(17,24)
2.00607328563687714166446391	(17,25)
2.06516233749599246918890514	(17,26)
2.11334935252075670979077481	(17,27)
2.1500324303630572663569191	(17,28)
2.1747494442306096923136	(17,29)
2.18718707851689561767647	(17,30)
0.00143943865714686860788202112	(18,1)
0.01293129827881708199008199482	(18,2)
0.0357893308323604171025693034	(18,3)
0.06976426896285561963994743699	(18,4)
0.1144873490987731606814041573	(18,5)
0.1694761315202869015477969076	(18,6)
0.234141721908139453935426578	(18,7)
0.3077970023501129832262710611	(18,8)
0.3896654620627023614252965987	(18,9)
0.4788902434414857282910522809	(18,10)
0.5745430858642336283255409455	(18,11)
0.6756329514473812748912299497	(18,12)
0.7811142425879617857723619958	(18,13)
0.8898946558203947801871748043	(18,14)
1.0008428434477734192351288286	(18,15)
1.112796156848503728797014605	(18,16)
1.224568809057288414280941182	(18,17)
1.334960809536011379924082763	(18,18)
1.442767987485233676552632633	(18,19)
1.546793334822483536606653497	(18,20)
1.645859775522551209826077933	(18,21)
1.738824318589158860912010003	(18,22)
1.824593394314219003731723457	(18,23)
1.902139024658796672585358877	(18,24)
1.97051535347506842763314785	(18,25)
2.02887497207192563843049313	(18,26)
2.07648442690205521052384079	(18,27)
2.1127382908630597665314927	(18,28)
2.137171215794626938644398	(18,29)
2.14946745619721756847502	(18,30)
0.00141512090558205500890391639	(19,1)
0.01271284013796337479274077975	(19,2)
0.03518475374180852943651495721	(19,3)
0.06858600930926045857311277835	(19,4)
0.112554676317974469643578635	(19,5)
0.1666177714300295845206277268	(19,6)
0.2301986796771519406384931843	(19,7)
0.3026255263554506895111763714	(19,8)
0.383140035856792302896337887	(19,9)
0.4709064454270914669401929476	(19,10)
0.5650201224036214852858426557	(19,11)
0.6645156553986710029316660159	(19,12)
0.7683743399947171219730883685	(19,13)
0.8755311399775413197210551587	(19,14)
0.9848813555025435968219864448	(19,15)
1.0952873495096122712313767	(19,16)
1.205585755949740135242503562	(19,17)
1.314595606635705681717097746	(19,18)
1.421127764272729167437289783	(19,19)
1.523995942425526273145559993	(19,20)
1.622029441476565395609460374	(19,21)
1.714087551264269087926570361	(19,22)
1.799075386955191817335404357	(19,23)
1.875960755167671740368112813	(19,24)
1.94379150945665429792429659	(19,25)
2.00171275975393735380316177	(19,26)
2.04898325493636048186633446	(19,27)
2.0849902613307378269323106	(19,28)
2.109262308079071326594678	(19,29)
2.12147925541808247939763	(19,30)
0.00139644858600157962458969304	(20,1)
0.01254509840124774796999994862	(20,2)
0.03472054702524810358145814282	(20,3)
0.06768140566828234841445788315	(20,4)
0.1110712083295960948985750867	(20,5)
0.1644247040876207660758960702	(20,6)
0.2271755470178461040984827987	(20,7)
0.2986648756226129226976128861	(20,8)
0.3781502538187537114162296029	(20,9)
0.4648144847531419097385744803	(20,10)
0.5577739056159420671639064479	(20,11)
0.656085917658764469209318407	(20,12)
0.758755685130631200220138105	(20,13)
0.86474212824572322134663593	(20,14)
0.9729635136105429017645965659	(20,15)
1.082303085867274313469204254	(20,16)
1.191615265764600140439201715	(20,17)
1.29973294913386189442887853	(20,18)
1.405476375020822980940860946	(20,19)
1.507663896906289333409671722	(20,20)
1.605124805429921426076348855	(20,21)
1.696714137760119953034606992	(20,22)
1.781329193761927578117755326	(20,23)
1.857927286844861019195127859	(20,24)
1.92554410715564660331939479	(20,25)
1.98331197863036822798875708	(20,26)
2.03047725341599048438044894	(20,27)
2.0664161043418310511163121	(20,28)
2.090648040415210425090558	(20,29)
2.10284657105987269814042	(20,30)
0.00138286432757587973698262209	(21,1)
0.01242306594078107346904713969	(21,2)
0.0343828536685872004867850329	(21,3)
0.06702345261443600953295393774	(21,4)
0.1099926505912601525264451967	(21,5)
0.1628314244028559540489229151	(21,6)
0.2249819725582799804870456948	(21,7)
0.2957965720447708450176124806	(21,8)
0.3745466552653931235483759273	(21,9)
0.4604315511781884065838593188	(21,10)
0.5525864509982103058043427864	(21,11)
0.6500893337596317801638288224	(21,12)
0.7519668018799576909175820552	(21,13)
0.8571990054003102011231679181	(21,14)
0.9647240451620948295215736717	(21,15)
1.073442409262115718463727961	(21,16)
1.182222088302848902434672281	(21,17)
1.289905017591991422305386177	(21,18)
1.395315405755675152572280099	(21,19)
1.497270339993956522310942146	(21,20)
1.59459283092005707255465403	(21,21)
1.686127204729231433969924963	(21,22)
1.770756499774369215992379685	(21,23)
1.84742130776727951893355984	(21,24)
1.915139338537230382834078	(21,25)
1.9730248933193760851012384	(21,26)
2.02030740639010030938600334	(21,27)
2.0563482513945712409246913	(21,28)
2.08065509422451976895688	(21,29)
2.09289319401555303850124	(21,30)
0.0013736798996178160898375172	(22,1)
0.01234056004578785141896850716	(22,2)
0.03415456316253933929458662199	(22,3)
0.06657880335550117403172246466	(22,4)
0.1092643045674955733656082402	(22,5)
0.161757033387918094944366863	(22,6)
0.2235063537691535601325621454	(22,7)
0.2938742339802777638757317488	(22,8)
0.3721445124024465404103550435	(22,9)
0.4575315868717269964368272353	(22,10)
0.5491880316911837504889078105	(22,11)
0.6462108559673290773943658052	(22,12)
0.7476463741931374422359998835	(22,13)
0.8524939330265832548123779566	(22,14)
0.9597089893297068530711114075	(22,15)
1.068206226140469015796212099	(22,16)
1.176863494416428269851807237	(22,17)
1.284527360815107460887958115	(22,18)
1.39002092365262871258613837	(22,19)
1.492154345896410370945037086	(22,20)
1.589738275432126151442318315	(22,21)
1.681600017566356893576251564	(22,22)
1.766602033123667683242012043	(22,23)
1.843662092535960306093132466	(22,24)
1.91177424621095249968300636	(22,25)
1.97002968495953397270204908	(22,26)
2.01763655893706441640931464	(22,27)
2.0539378866288721590945527	(22,28)
2.078426798131942849758285	(22,29)
2.09075849942000817131095	(22,30)
0.00136814035321301189297258409	(23,1)
0.01229079864274544488827208178	(23,2)
0.03401690626621805341780431264	(23,3)
0.0663108783285041102709968649	(23,4)
0.1088261688111624158141646761	(23,5)
0.1611127884352649300166050818	(23,6)
0.2226262661031476416173209203	(23,7)
0.2927372820133118420366251887	(23,8)
0.3707411739820011846984761961	(23,9)
0.4558665884887816761913949726	(23,10)
0.547282714803264285606217714	(23,11)
0.6441047914448169002576497227	(23,12)
0.7453978823271654377146079695	(23,13)
0.8501792461658938638175820259	(23,14)
0.9574199206661212820042065296	(23,15)
1.066046366343171828507404158	(23,16)
1.174943125890080892307023482	(23,17)
1.28295743245929796492519364	(23,18)
1.38890654391165254983188145	(23,19)
1.491588311596516857819895659	(23,20)
1.589795150911786975652324384	(23,21)
1.682331216173552353894177999	(23,22)
1.768032244198312778522334501	(23,23)
1.845787260991029694954734074	(23,24)
1.91456117054892050707263623	(23,25)
1.97341717272255326629922241	(23,26)
2.0215379803432977955042811	(23,27)
2.0582449041343045471676601	(23,28)
2.083014020820447473675076	(23,29)
2.0954888091163297959805	(23,30)
0.00136547179824313434831704465	(24,1)
0.01226682950295327799034205717	(24,2)
0.033950642891630371981869747	(24,3)
0.0661821806679811912676073053	(24,4)
0.1086167384866259605138288313	(24,5)
0.1608077269265398409103731428	(24,6)
0.2222162304000907296123365251	(24,7)
0.2922211458215199514563556536	(24,8)
0.3701289797146937680043651268	(24,9)
0.4551824662953783066824702764	(24,10)
0.5465673684173190997953852578	(24,11)
0.6434171235092495608196434544	(24,12)
0.7448153654892202546080058091	(24,13)
0.8497967432881815149297532448	(24,14)
0.9573468098102917736877743393	(24,15)
1.066402014834629930345382025	(24,16)
1.17585095568814104867377403	(24,17)
1.284537995778841294425976994	(24,18)
1.391270155690956165004168423	(24,19)
1.494827844370598820268041357	(24,20)
1.593979580546649255275185094	(24,21)
1.687500419802414119382454668	(24,22)
1.77419341229540509424409055	(24,23)
1.852913118971992006555217525	(24,24)
1.92259003865846913644497229	(24,25)
1.98225474979682320460701025	(24,26)
2.03106063320313601598749653	(24,27)
2.0683041860399728924122964	(24,28)
2.093442126193269908987112	(24,29)
2.10610468669129601517547	(24,30)
0.00136491510150471720663757884	(25,1)
0.01226183297125605027848761339	(25,2)
0.0339368999384130823219665181	(25,3)
0.0661559293188069032739828947	(25,4)
0.1085756850984735293449792382	(25,5)
0.1607526321819144751496658716	(25,6)
0.2221531900818254141278738266	(25,7)
0.292164460289990422552876125	(25,8)
0.3701043629546520097637295118	(25,9)
0.4552302185150653102219818821	(25,10)
0.5467450477590368138719193192	(25,11)
0.6438012227120413585715022348	(25,12)
0.7455015420240800208818972966	(25,13)
0.8508982694992831630379775254	(25,14)
0.9589910925314686940353728133	(25,15)
1.068725258207506113938663977	(25,16)
1.178991273067378026217025203	(25,17)
1.288627479568755070098067048	(25,18)
1.39642655447061433611978645	(25,19)
1.501146552378296445509533215	(25,20)
1.601526608715802824150788052	(25,21)
1.696306899907491548818541863	(25,22)
1.784252010122496131301323583	(25,23)
1.864176530747056011317737643	(25,24)
1.93497155039787939534593793	(25,25)
1.99563067947482630411848345	(25,26)
2.04527436811297086838853868	(25,27)
2.0831714776031155169889775	(25,28)
2.108757305250055934678736	(25,29)
2.12164749873122197110101	(25,30)
0.00136574845443176412579126691	(26,1)
0.01226932470399847202021392298	(26,2)
0.0339577323875911760811450159	(26,3)
0.0661971526884034719390853584	(26,4)
0.1086456509012347437885572671	(26,5)
0.1608626887792629348939663144	(26,6)
0.2223201774286973740992813563	(26,7)
0.2924138806376553775958371078	(26,8)
0.370473938396437478213924085	(26,9)
0.4557733992023192594466534443	(26,10)
0.5475339329239483193473566996	(26,11)
0.6449283245590005100940080933	(26,12)
0.7470798764290482164129247981	(26,13)
0.8530594004514727696414727113	(26,14)
0.9618809761474304067113133154	(26,15)
1.072497997636794507733045293	(26,16)
1.183801166665990080462933238	(26,17)
1.294619976423575412060985996	(26,18)
1.403728884370423254483958167	(26,19)
1.509858846495037835078122646	(26,20)
1.611714267044132448931551326	(26,21)
1.707994806731047124744911581	(26,22)
1.797420980610456854695105321	(26,23)
1.878762130277547298847923712	(26,24)
1.95086520339333938688626669	(26,25)
2.01268280846538555068132228	(26,26)
2.06329919511049711135050264	(26,27)
2.101953082096323712058418	(26,28)
2.128056555785213640284402	(26,29)
2.1412095377244844380749	(26,30)
0.00136730167115413623680307561	(27,1)
0.01228328411574672603692652804	(27,2)
0.03399647878075886309765409379	(27,3)
0.0662733814792284216659106212	(27,4)
0.1087733854853801586381932288	(27,5)
0.1610591639419135963897102909	(27,6)
0.2226086339622422295929207371	(27,7)
0.2928271275773480734980907199	(27,8)
0.3710583478128690061698773888	(27,9)
0.4565928288452750247580189154	(27,10)
0.5486729557045011568356210345	(27,11)
0.6464941097962047729119913775	(27,12)
0.7492021353516506223369119848	(27,13)
0.8558879809467578801331458172	(27,14)
0.9655809524986214261533407137	(27,15)
1.077242413787551376840329781	(27,16)
1.189761906329955182547467503	(27,17)
1.301957496101514005817966628	(27,18)
1.412581709871052674642534955	(27,19)
1.520333772003406393320099915	(27,20)
1.623878104737910603053353274	(27,21)
1.721868335653794738516704176	(27,22)
1.812975476177655170667334624	(27,23)
1.895918569845597697726381743	(27,24)
1.96949598642553013711266748	(27,25)
2.0326156384483129642420048	(27,26)
2.08432266392285466063778637	(27,27)
2.1238234768520725498325294	(27,28)
2.150505457944527057175921	(27,29)
2.16395187812938498269595	(27,30)
0.00136896464461208301604847276	(28,1)
0.01229823034432859745607274716	(28,2)
0.03403797144509983253259739423	(28,3)
0.0663550583571169859388376071	(28,4)
0.1089104175999177260674411476	(28,5)
0.1612704007285423205727002657	(28,6)
0.2229197795680684732572373169	(28,7)
0.2932747810394527442966823279	(28,8)
0.3716945198479342929980950067	(28,9)
0.4574893532228702606517865439	(28,10)
0.5499250808907303548522912089	(28,11)
0.6482225210372078276086261933	(28,12)
0.7515527414572196753656236737	(28,13)
0.859029007069837976725774059	(28,14)
0.9696971892312281252502401408	(28,15)
1.082526839454788967990592508	(28,16)
1.196405262751040824221954487	(28,17)
1.310136693805403111387407901	(28,18)
1.422448113095886312262852285	(28,19)
1.53200243640892736815855004	(28,20)
1.637418911476639866046213604	(28,21)
1.737299713639600337943303559	(28,22)
1.83026108105065160753229663	(28,23)
1.914966953419971059998310204	(28,24)
1.99016300023290043272744433	(28,25)
2.05470911009470469033835599	(28,26)
2.10760878475569768881625312	(28,27)
2.1480343411120594627639392	(28,28)
2.175347275930802633949848	(28,29)
2.1891135158279419300697	(28,30)
0.00137019185588600723595507465	(29,1)
0.0123092627594531679512613324	(29,2)
0.03406864858360802296922234135	(29,3)
0.0664157563014524164590999311	(29,4)
0.109013412921447866819562413	(29,5)
0.1614323460802541367144127706	(29,6)
0.2231653384289052380172598917	(29,7)
0.2936412272550109074554582741	(29,8)
0.3722368560043656114674123821	(29,9)
0.458285279408051290063064574	(29,10)
0.5510789957942235260665281611	(29,11)
0.6498677010772411397822112672	(29,12)
0.7538509474401820505080265202	(29,13)
0.8621670149658596443631256537	(29,14)
0.9738801058425663074187273102	(29,15)
1.087968490814895574316684481	(29,16)
1.203316359899597938486787612	(29,17)
1.318711810717781998067777561	(29,18)
1.432852693133113625370687038	(29,19)
1.544361044282472384809549573	(29,20)
1.651805771920150454854742149	(29,21)
1.753732265166047297878593704	(29,22)
1.848696887018006202119742154	(29,23)
1.935303925339242711947462975	(29,24)
2.01224256444427820654399986	(29,25)
2.07832173323377623647712304	(29,26)
2.13250118422672430276972491	(29,27)
2.1739177364992353977560081	(29,28)
2.201906157721372704500076	(29,29)
2.21601457841845936795555	(29,30)
0.00137050432746694764651181667	(30,1)
0.01231207850856869614214698845	(30,2)
0.0340766028082056507960082512	(30,3)
0.0664322730370866212620245597	(30,4)
0.1090443283676094916266846613	(30,5)
0.1614887774174814718642869704	(30,6)
0.2232678478606124799014840303	(30,7)
0.293825056300650242690803831	(30,8)
0.3725577187571572974405378439	(30,9)
0.4588249506276680760254154289	(30,10)
0.5519497615071280058988182848	(30,11)
0.6512147032619146271333993412	(30,12)
0.7558515814715208941776608287	(30,13)
0.8650268315605506206951640866	(30,14)
0.977825095883760945662367238	(30,15)
1.093234125879389009458886195	(30,16)
1.210134236119323436637714853	(30,17)
1.327295108949111816346089303	(30,18)
1.443381853732489230602365459	(30,19)
1.556971026318581131593920201	(30,20)
1.66657603529344385765998964	(30,21)
1.770680231515012379410736279	(30,22)
1.867775179798861082293600936	(30,23)
1.956401246554618352791938591	(30,24)
2.03518770870952565515440071	(30,25)
2.10289001703196979921429234	(30,26)
2.15842249548482013387471446	(30,27)
2.2008854733036251903642445	(30,28)
2.229586488864095280520323	(30,29)
2.24405567387976493704985	(30,30)
0.00136948998820888176701084013	(31,1)
0.01230297579372110358900310963	(31,2)
0.0340515901769213250295230829	(31,3)
0.0663846484496209977887770532	(31,4)
0.1089704399199349522055843372	(31,5)
0.1613913417093155353643191661	(31,6)
0.223160707422659385014801185	(31,7)
0.2937391169466164384753208959	(31,8)
0.3725474835963771405946213112	(31,9)
0.4589747816622975169595532925	(31,10)
0.5523788117713759197250976347	(31,11)
0.6520794276674273872287198994	(31,12)
0.7573448887843668171099611772	(31,13)
0.8673732853057315798555650517	(31,14)
0.98127206858633044016591159	(31,15)
1.098039379745865730969728558	(31,16)
1.216550940243248325002438695	(31,17)
1.335555703673002838933257039	(31,18)
1.453682357334913284107383907	(31,19)
1.569457313548663593394785831	(31,20)
1.681333320727131896502956386	(31,21)
1.787726529544926425120784381	(31,22)
1.887058982294294259522781767	(31,23)
1.977803158663499162188311413	(31,24)
2.05852539532205526696355039	(31,25)
2.12792558711795603511162685	(31,26)
2.18487140133351978378541739	(31,27)
2.2284261053588491867580909	(31,28)
2.257869859099098286332986	(31,29)
2.27271484433399198406998	(31,30)
0.00136680308835688928585672111	(32,1)
0.01227884861447751010709955095	(32,2)
0.0339850156079156771008667339	(32,3)
0.0662561359257245265056662467	(32,4)
0.108764294736314423672658635	(32,5)
0.1610994821942684986327623655	(32,6)
0.2227880721890116003434800863	(32,7)
0.2933103654205302189360520483	(32,8)
0.3721143280417367303526393634	(32,9)
0.4586229676262729715329086431	(32,10)
0.552233555120354048683867575	(32,11)
0.6523080842562510606953360821	(32,12)
0.758155818401255941475920661	(32,13)
0.8690102757857340241303645573	(32,14)
0.984004260206813909486758976	(32,15)
1.10214727961245947919756354	(32,16)
1.222309719091183396719879045	(32,17)
1.343217402326996158465622175	(32,18)
1.463458808242151581950061014	(32,19)
1.581505471038601847108650844	(32,20)
1.695744321919238272632420558	(32,21)
1.804519259581976959748051688	(32,22)
1.906178306459746191264865562	(32,23)
1.999122424936089755563910345	(32,24)
2.08185239487925595161151199	(32,25)
2.15301093813653040483470157	(32,26)
2.21141830026264830865965834	(32,27)
2.256100539340290788751201	(32,28)
2.286310638164147227382358	(32,29)
2.30154312649652352367713	(32,30)
0.00136216305986160000910705806	(33,1)
0.0122371765273370781814036422	(33,2)
0.0338699044970914148972432976	(33,3)
0.066033146776324479981381353	(33,4)
0.108403619001851361851128253	(33,5)
0.1605802993334488826772304871	(33,6)
0.2221046545976039165698636328	(33,7)
0.2924795929000347026235133402	(33,8)
0.3711838652438554993456674911	(33,9)
0.4576789988034032661054040619	(33,10)
0.5514067401479361822728796453	(33,11)
0.651776372030727768095823958	(33,12)
0.7581429750532473802656040025	(33,13)
0.8697794549819912278478765167	(33,14)
0.985846602172786752543038248	(33,15)
1.105366262210812336392326178	(33,16)
1.22720265550082111130478961	(33,17)
1.350055946964526133244715588	(33,18)
1.472470497762418560870381345	(33,19)
1.592858159750826902636090348	(33,20)
1.709534913966831187242929119	(33,21)
1.820767497026562444524810196	(33,22)
1.924825677079308330389051021	(33,23)
2.020035636757475602145480272	(33,24)
2.1048304247190399691449697	(33,25)
2.17779444887136846842331411	(33,26)
2.23770023608829898680098241	(33,27)
2.2835369090793433068829657	(33,28)
2.314530817817647936606052	(33,29)
2.3301593790145871165235	(33,30)
0.0013553530453604615556156624	(34,1)
0.0121760114284205045011038571	(34,2)
0.0337008660940708207830618839	(34,3)
0.0657051785749198647394393834	(34,4)
0.1078711993106870264279918636	(34,5)
0.1598083723801616008575908754	(34,6)
0.221075471435258390457399745	(34,7)
0.2912010800050265673405033314	(34,8)
0.3696986836727798534429186821	(34,9)
0.4560730577793464388453185966	(34,10)
0.549815676410659288765510057	(34,11)
0.6503884845063546170769574817	(34,12)
0.7571973660041551804532767049	(34,13)
0.869558670872399638940032841	(34,14)
0.986663819176163300175966089	(34,15)
1.10754789061278475961694186	(34,16)
1.231067978699252286331426677	(34,17)
1.355895907014263813864467434	(34,18)
1.480527884056914538677470667	(34,19)
1.603311224114547325148243591	(34,20)
1.722485883386849835082080042	(34,21)
1.836236710192485572496862493	(34,22)
1.942751288978323310090423335	(34,23)
2.040278163245265943651157536	(34,24)
2.1271809412087918694262478	(34,25)
2.20198506149599082913436976	(34,26)
2.26341550062391369510573551	(34,27)
2.3104251298474326253311664	(34,28)
2.342214538522430604257891	(34,29)
2.3582447968182015802592	(34,30)
0.0013462182028977552886638233	(35,1)
0.012093962321377480634570435	(35,2)
0.0334740512998080877426457543	(35,3)
0.0652647326085245027590339936	(35,4)
0.1071547461308037802320311393	(35,5)
0.1587655542888757062503278039	(35,6)
0.2196755536818901960948546035	(35,7)
0.2894422018828126600225703266	(35,8)
0.367617823294188958849220292	(35,9)
0.4537553371160038163695052234	(35,10)
0.5474013582171378070060794306	(35,11)
0.6480759990688255107136730859	(35,12)
0.7552410120798173110838303235	(35,13)
0.868260255904806499382197707	(35,14)
0.986358354486698886052353792	(35,15)
1.108584383776119382692063749	(35,16)
1.233787177543414155540837716	(35,17)
1.360607370766588678191903342	(35,18)
1.487488872855741632111527054	(35,19)
1.612709588739245488968330601	(35,20)
1.734428480817039731853312594	(35,21)
1.850744018180009124144226106	(35,22)
1.959758023668367640702254494	(35,23)
2.059638979942551675363289471	(35,24)
2.14867982943794383113023894	(35,25)
2.2253468741043039121846156	(35,26)
2.28831816239747809276493973	(35,27)
2.3365113881099687435900516	(35,28)
2.369102557731372757394442	(35,29)
2.3855373700763127412378	(35,30)
0.0013346638185905254323880919	(36,1)
0.0119901783599121251908323399	(36,2)
0.0331871056880018578190432814	(36,3)
0.0647072220124769262880451235	(36,4)
0.106246741958834382674151653	(36,5)
0.1574407439026460765868445622	(36,6)
0.217889624839986250671952652	(36,7)
0.287182991649698745265264167	(36,8)
0.364916198722066629919453639	(36,9)
0.4506952915458041160146152391	(36,10)
0.5441275097391996369850607583	(36,11)
0.6447966742828697798211953088	(36,12)
0.7522254539632552383954238612	(36,13)
0.865829199871456876146274038	(36,14)
0.9848681719534303288310344	(36,15)
1.108406019565808170923199219	(36,16)
1.235281989650467367486921935	(36,17)
1.364102521440292423816651579	(36,18)
1.493254997698978125726056083	(36,19)
1.620943075085952854864843876	(36,20)
1.745239918161264039166380122	(36,21)
1.864153419853563368905722907	(36,22)
1.975696463912363716415643732	(36,23)
2.077955520563931982576674016	(36,24)
2.16915213800946290827865981	(36,25)
2.24769379645980816376015729	(36,26)
2.31221267250237398662497077	(36,27)
2.3615927182814802518685532	(36,28)
2.394986811389006818345825	(36,29)
2.4118264393471183871059	(36,30)
0.001320653214594151218657285	(37,1)
0.0118643300513943574602488606	(37,2)
0.0328391174375207029624504157	(37,3)
0.0640308699883694560110893427	(37,4)
0.1051442732127828153445585641	(37,5)
0.1558296341040116691956271025	(37,6)
0.2157117461493924332047690987	(37,7)
0.2844156605174298487499825477	(37,8)
0.3615839680023123449931509633	(37,9)
0.4468808242912598644846117929	(37,10)
0.5399795528788443887689960455	(37,11)
0.6405331595428445730947768052	(37,12)
0.7481301624340001247744921453	(37,13)
0.862241221598088237322450961	(37,14)
0.982164456269707846246654258	(37,15)
1.106978441228841905243519739	(37,16)
1.235511305680064763261029687	(37,17)
1.366332146756789278575172783	(37,18)
1.497767558092847057742455933	(37,19)
1.627942205164183054074753422	(37,20)
1.75483888464889298605783305	(37,21)
1.876371074192010521410667856	(37,22)
1.990459990549370954989271414	(37,23)
2.095108638561621423254154103	(37,24)
2.18846694673283060597579812	(37,25)
2.26888435677272669588450721	(37,26)
2.33494863477545122971378982	(37,27)
2.385511752826286081759779	(37,28)
2.419705154235046518743193	(37,29)
2.4369474320702790146602	(37,30)
0.0013042054160778883308941451	(38,1)
0.0117165882956327312108650362	(38,2)
0.032430559275407303246950426	(38,3)
0.0632365963599815336734288083	(38,4)
0.1038488430368347603840610912	(38,5)
0.1539344318524410095924630992	(38,6)
0.2131449232980142405500987043	(38,7)
0.2811440680021661226322661566	(38,8)
0.3576258395255539343467925071	(38,9)
0.4423173996795507440746634114	(38,10)
0.5349634905812657043246976224	(38,11)
0.6352916113873366426753053063	(38,12)
0.742960849817786805068766032	(38,13)
0.857500741058188518672061766	(38,14)
0.978249218791222446731638532	(38,15)
1.104299881383164399074228245	(38,16)
1.234468010284108274512286289	(38,17)
1.367282111144112699938614671	(38,18)
1.501003751883700997814693411	(38,19)
1.633674034777881596918102672	(38,20)
1.76318112918932681686727611	(38,21)
1.887340682674305121931539919	(38,22)
2.003980013945371453129378207	(38,23)
2.111017731190766060036701112	(38,24)
2.20653241914551497135617231	(38,25)
2.28881671001175330464360211	(38,26)
2.35641578912323955994935162	(38,27)
2.4081516929320792385524221	(38,28)
2.443136324916864622779182	(38,29)
2.4607768257505517679407	(38,30)
0.0012853925319399898835578668	(39,1)
0.0115476008522122297581787701	(39,2)
0.0319632233068831960032440337	(39,3)
0.0623278902879282812708394351	(39,4)
0.1023661614829176929035721864	(39,5)
0.1517635449892871074414214406	(39,6)
0.21020066781747925307496493	(39,7)
0.2773831337791663949878500561	(39,8)
0.3530603073009559353463437163	(39,9)
0.4370270715165039243803050152	(39,10)
0.5291046951372722307575321494	(39,11)
0.6291002071998825648383752817	(39,12)
0.736747675820758372873855315	(39,13)
0.851638748854889386823810493	(39,14)
0.973152810809639922436480078	(39,15)
1.100398311272776308898862421	(39,16)
1.232175773758674593912192153	(39,17)
1.366969810773625632159591143	(39,18)
1.502972827553470403032203049	(39,19)
1.638138046392458081022830885	(39,20)
1.770255142030225396559352066	(39,21)
1.897039008120851120476328518	(39,22)
2.016221374489128880047724079	(39,23)
2.125636059354320736451014533	(39,24)
2.22329107124085612028295054	(39,25)
2.30742387686404744720260642	(39,26)
2.37653923485501308238636288	(39,27)
2.4294315246728731145792246	(39,28)
2.465195159418051560713055	(39,29)
2.4832273606023665412379	(39,30)
0.0012643368049117623014580369	(40,1)
0.0113584658380665804013500506	(40,2)
0.0314401476317180037136817891	(40,3)
0.0613106670088575266648954858	(40,4)
0.1007059096092000310002894194	(40,5)
0.1493312308069955444633693323	(40,6)
0.2068985065212324934366046734	(40,7)
0.2731581829825456142522991564	(40,8)
0.3479188051429014314534458478	(40,9)
0.4310474171002874782071771641	(40,10)
0.5224465915285023326849818079	(40,11)
0.6220075475927553973234164015	(40,12)
0.729543341488971821580781712	(40,13)
0.844710570440907350806428596	(40,14)
0.966931346279608925008952651	(40,15)
1.095328522552954472791996358	(40,16)
1.228685807078345520367077943	(40,17)
1.365440629132482705959811656	(40,18)
1.503712278264574811380521729	(40,19)
1.641362126302665448962416772	(40,20)
1.776077961794080285914103479	(40,21)
1.905471556031174373664046196	(40,22)
2.027177936925633826577974815	(40,23)
2.138946285900301072815406819	(40,24)
2.23871527647996451416451363	(40,25)
2.32466923073128359067464405	(40,26)
2.39527490894364270528268946	(40,27)
2.449301493570589521209016	(40,28)
2.485828064304890830066399	(40,29)
2.5042435124360774192779	(40,30)
0.0012412072941047614444864974	(41,1)
0.0111507019234762232459958193	(41,2)
0.0308655338304277705886032797	(41,3)
0.0601931068238444794409101904	(41,4)
0.0988814746243316011303672153	(41,5)
0.146657202249841989548445115	(41,6)
0.2032654335427600129702283564	(41,7)
0.2685042183203227777362606387	(41,8)
0.3422447722935238375367170162	(41,9)
0.4244303691374053391289531318	(41,10)
0.5150492286438164807433756748	(41,11)
0.61408094187752749776857524	(41,12)
0.721421068356323654154442216	(41,13)
0.836793525805478384057093796	(41,14)
0.959664039151429384178090294	(41,15)
1.089169151535552027058221932	(41,16)
1.224073594873298393250331471	(41,17)
1.362764411660878556566544883	(41,18)
1.503284099058702973297867901	(41,19)
1.643398649019618487665309534	(41,20)
1.780691130903008668429649025	(41,21)
1.912668440240438193601118264	(41,22)
2.036868398184611061425189079	(41,23)
2.15095624927219914757881815	(41,24)
2.25280302103325327650610988	(41,25)
2.34054224389154310057435013	(41,26)
2.41260532791502692595691189	(41,27)
2.4677388443656874608888899	(41,28)
2.505008755323056901475981	(41,29)
2.5237972306771708947643	(41,30)
0.0012162161645133115817721872	(42,1)
0.0109262149976120054581901711	(42,2)
0.0302446546885523950706149959	(42,3)
0.0589854751152234798708900857	(42,4)
0.096909654114273601950625381	(42,5)
0.1437661889517257577511855424	(42,6)
0.1993353013663039215220932203	(42,7)
0.2634651147566795206722803052	(42,8)
0.3360926259608728309862067214	(42,9)
0.4172409413518646164808317083	(42,10)
0.5069877352487032092528096126	(42,11)
0.605404575504571317528186434	(42,12)
0.71247246458524586789356811	(42,13)
0.827984490136242157976223365	(42,14)
0.951450465001798669846758082	(42,15)
1.082019659822551878083455611	(42,16)
1.218435624074060561317368758	(42,17)
1.359031980077221552351102866	(42,18)
1.501771129495286976511735201	(42,19)
1.644320691441358008745205513	(42,20)
1.7841568209127929734803969	(42,21)
1.91868045229700958681167653	(42,22)
2.045332325278530009665068634	(42,23)
2.16169498595493436486198556	(42,24)
2.26557391962450973184349368	(42,25)
2.3550545004702648240419802	(42,26)
2.42853559878702250156139967	(42,27)
2.4847438297712928633757164	(42,28)
2.522734264048711288551205	(42,29)
2.5418839436995758300141	(42,30)
0.001189614571765135930583708	(43,1)
0.0106872611985347681990603436	(43,2)
0.0295837518697029818116428466	(43,3)
0.0576999228375672546180291946	(43,4)
0.094810328478310654546059665	(43,5)
0.1406874519184693193292943269	(43,6)
0.1951481494293368769227312278	(43,7)
0.2580927353344746203793135804	(43,8)
0.329526639724397564950158262	(43,9)
0.4095558476745627289788749176	(43,10)
0.4983506622300052897265475709	(43,11)
0.596077563396739462882873747	(43,12)
0.702805285144299840691817843	(43,13)
0.818397366137520502725674682	(43,14)
0.942407761462046947805278665	(43,15)
1.073997289391865472203873727	(43,16)
1.211886129145888866064742901	(43,17)
1.354351709084329266259216765	(43,18)
1.499273504881660250115079579	(43,19)
1.64421839908228239255615665	(43,20)
1.786554147997048008365061408	(43,21)
1.923575351941195930480864618	(43,22)
2.052626437370370956696991368	(43,23)
2.171209012515922135767500109	(43,24)
2.27706549977614028912492704	(43,25)
2.3682359815220174979162187	(43,26)
2.44308970245095273434508182	(43,27)
2.5003359902717303615929761	(43,28)
2.539021213833138626398169	(43,29)
2.5585188323253558780222	(43,30)
0.0011616881452779420631414433	(44,1)
0.0104364063360890232387812828	(44,2)
0.028889923617382046847336598	(44,3)
0.056350267646874724845313175	(44,4)
0.0926061018738419123655032236	(44,5)
0.137454252382038880137201909	(44,6)
0.1907494712142586547938753137	(44,7)
0.2524459697080981232403466884	(44,8)
0.3226197304143751858460226732	(44,9)
0.4014620191593128737591704804	(44,10)
0.489238217386943424042362544	(44,11)
0.586211898159316253263124971	(44,12)
0.692541098188593108480235879	(44,13)
0.808160483583073055927901792	(44,14)
0.932667786305676273708025766	(44,15)
1.065234013737929784638531699	(44,16)
1.204553877322051581868116628	(44,17)
1.348846189458243593066302059	(44,18)
1.495905239371499166132733613	(44,19)
1.643195525695787389135880124	(44,20)
1.787975697035562850077753569	(44,21)
1.927434393714275794730385305	(44,22)
2.058821143492629582426047462	(44,23)
2.179558875421157225063647609	(44,24)
2.28732975983822940428160183	(44,25)
2.38013162543777906969298498	(44,26)
2.45630705117442538586182729	(44,27)
2.5145507056566022740305321	(44,28)
2.553902365170919044014404	(44,29)
2.5737333713733931377086	(44,30)
0.0011327520880332698488824199	(45,1)
0.010176481871345518458855626	(45,2)
0.0281710029394900285501719123	(45,3)
0.0549517565588733909378430932	(45,4)
0.0903219131547347106940494257	(45,5)
0.1341032770872374474423765858	(45,6)
0.1861894230922132253205209045	(45,7)
0.2465896999421351869126817456	(45,8)
0.3154521596759866615647725854	(45,9)
0.3930550269134970554760325939	(45,10)
0.479760403570298232891965049	(45,11)
0.575930306853528526383952792	(45,12)
0.681812874417250810925119207	(45,13)
0.79741394588844634049952138	(45,14)
0.922374255559916395361578242	(45,15)
1.055873509209033773639053157	(45,16)
1.196579018646371533472856592	(45,17)
1.342649001724314382984563515	(45,18)
1.491790963279682909052210984	(45,19)
1.641366165745259409067685471	(45,20)
1.788524270193249810112859158	(45,21)
1.930349101769355991633747185	(45,22)
2.063997344338997956774720532	(45,23)
2.186815973881777020909689448	(45,24)
2.29643000356018239082954935	(45,25)
2.39079816465354265168064728	(45,26)
2.46823932006030894782589252	(45,27)
2.5274360174824526760607383	(45,28)
2.567423429374160229855627	(45,29)
2.5875721380241990575322	(45,30)
0.0011031459257619590690055965	(46,1)
0.0099105377472345472181169408	(46,2)
0.0274354270915701334486663852	(46,3)
0.0535208117308271233075517115	(46,4)
0.0879846194333308377194104417	(46,5)
0.1306740239412655991284612385	(46,6)
0.1815219804303810968611516322	(46,7)
0.2405937009709589179710708607	(46,8)
0.3081101598176474734760994339	(46,9)
0.3844374231625903372029957798	(46,10)
0.470035075068870382347165749	(46,11)
0.565364034143442400470070177	(46,12)
0.670762520042133792103266675	(46,13)
0.786306946780371841290559881	(46,14)
0.91167988644831868708524944	(46,15)
1.046068172058872295146706439	(46,16)
1.188110025830137630998037332	(46,17)
1.335901623648889388720232856	(46,18)
1.487062834946905580882651896	(46,19)
1.63885169635669922202373561	(46,20)
1.788309872536281182234949711	(46,21)
1.932418301396355716772950802	(46,22)
2.068243503035894335357009646	(46,23)
2.193059657716664062757339358	(46,24)
2.30443795105887508276191904	(46,25)
2.40030123714026207353850864	(46,26)
2.47894755019008751744948703	(46,27)
2.5390497198705483994709199	(46,28)
2.579640147879795532491973	(46,29)
2.6000898843296931633804	(46,30)
0.0010732279519551300820308062	(47,1)
0.0096417924873402637759912002	(47,2)
0.0266920995129646865182099786	(47,3)
0.0520747616175745067517201018	(47,4)
0.0856225559628823546167817269	(47,5)
0.1272081535065969751203814504	(47,6)
0.1768040485494830305613676386	(47,7)
0.2345314857122074665335219623	(47,8)
0.3006844966024894820158028621	(47,9)
0.3757170159600438542076019828	(47,10)
0.460185930670050874511264712	(47,11)
0.554650573032733326886529737	(47,12)
0.659538376995366038752131339	(47,13)
0.774995082428369345543811669	(47,14)
0.900743571303818129765002615	(47,15)
1.035976206941844641855952707	(47,16)
1.179300747970094531039213892	(47,17)
1.328750492721889430396498061	(47,18)
1.481857644528164382828602977	(47,19)
1.635777941788002176213134769	(47,20)
1.787446943293680316564822481	(47,21)
1.933745411778173555008474105	(47,22)
2.07165298597818876038207549	(47,23)
2.198374598720313477810623914	(47,24)
2.31143112294233292592736253	(47,25)
2.40871276846773306879632481	(47,26)
2.48849951885513307730917769	(47,27)
2.5494567140112586739863733	(47,28)
2.590615632673972104801335	(47,29)
2.6113488694518667582207	(47,30)
0.0010433694273957597138452598	(48,1)
0.0093735810901295373201905958	(48,2)
0.0259502456748586634229386813	(48,3)
0.0506315603436766754828720562	(48,4)
0.0832650769960521446609274114	(48,5)
0.1237488132056984400968487541	(48,6)
0.1720945379647030525039224105	(48,7)
0.2284791071145700414786385042	(48,8)
0.2932689842934016423654126091	(48,9)
0.367005095925199586096501696	(48,10)
0.450340464702044653958626908	(48,11)
0.543931367036647761860631284	(48,12)
0.648292716095914598909296781	(48,13)
0.763637685692621220811666734	(48,14)
0.889727608869648964686770428	(48,15)
1.025758811740105675989448089	(48,16)
1.170307600225945336015390274	(48,17)
1.321344241884264621461097697	(48,18)
1.476314123415899258556066458	(48,19)
1.632272569330778518203376297	(48,20)
1.7860518370901668751408805	(48,21)
1.934436000303593749160332487	(48,22)
2.0743216708988411949450185	(48,23)
2.20284843049312973690137693	(48,24)
2.31749049122920914605957432	(48,25)
2.4161086175022194151849968	(48,26)
2.49696736986866877924440565	(48,27)
2.5587266195759554960036757	(48,28)
2.600417961305338650203552	(48,29)
2.6214164452789436538405	(48,30)
0.0010139486035615919954009947	(49,1)
0.0091093013415880810182534863	(49,2)
0.0252192645635511671216690654	(49,3)
0.0492094986457679281219906713	(49,4)
0.080942083104007363722384521	(49,5)
0.1203399423007022810307592093	(49,6)
0.1674534149200405797967775123	(49,7)
0.2225139313493575555997882188	(49,8)
0.2859589704546378591900740073	(49,9)
0.358414635694628120889027249	(49,10)
0.440627899564635538840331327	(49,11)
0.533349509475312737241888091	(49,12)
0.637179250113131752831136117	(49,13)
0.752395209503981659544528726	(49,14)
0.878795018753172497255349216	(49,15)
1.015577481892923747143058772	(49,16)
1.161286908843088814876345311	(49,17)
1.313831123226569237597565194	(49,18)
1.470570468923554812817951615	(49,19)
1.628462721207109925883093642	(49,20)
1.78424055512539152071290985	(49,21)
1.934595594629847456084045674	(49,22)
2.076345815565262202137357788	(49,23)
2.20656964832791785693113872	(49,24)
2.32269838774519617073550934	(49,25)
2.42256647618808925220988539	(49,26)
2.50442549461416127987722012	(49,27)
2.5669316340920421265042817	(49,28)
2.609118017932139459991692	(49,29)
2.6303628870964099477264	(49,30)
0.0009853446480616366905892308	(50,1)
0.0088523592483689159597115703	(50,2)
0.0245085777408115809086484923	(50,3)
0.0478269101620579230376902146	(50,4)
0.0786835411229491100664510773	(50,5)
0.1170255666889678234276618621	(50,6)
0.1629407395041831039534241085	(50,7)
0.2167133978937476235074267059	(50,8)
0.2788498097162357604549979643	(50,9)
0.35005848448525214779228712	(50,10)
0.431177124770826155828186254	(50,11)
0.523047466654365041275556333	(50,12)
0.626350694074594581978741211	(50,13)
0.74142668594100016515932869	(50,14)
0.868106963380098086252905172	(50,15)
1.005591455018378429061004509	(50,16)
1.152392427680828550198164624	(50,17)
1.306356630527161372296276081	(50,18)
1.464762089633692145698240799	(50,19)
1.624472882713774319141543027	(50,20)
1.782126722114745251521701184	(50,21)
1.9343277448471047035761112	(50,22)
2.077820177062276700980872622	(50,23)
2.20962575773443791857447042	(50,24)
2.32713665804365668975992726	(50,25)
2.42816401153290102442640899	(50,26)
2.51094865237386720118567632	(50,27)
2.5741446293667627695730454	(50,28)
2.616787569959074414333227	(50,29)
2.6382594591370610558417	(50,30)
0.0009579315570744364377252783	(51,1)
0.0086061143546745140490548258	(51,2)
0.0238274780918548609481270005	(51,3)
0.0465018771717904159383837814	(51,4)
0.0765190034186279921774269768	(51,5)
0.1138490933001479172097530131	(51,6)
0.1586157045958567985990926757	(51,7)
0.2111537833818748726814601561	(51,8)
0.2720353469071674197611048318	(51,9)
0.342047581289513640375828443	(51,10)
0.422114668374058387140973854	(51,11)
0.513164852070450192242977358	(51,12)
0.615956399860004980142664179	(51,13)
0.730887286443879164040045858	(51,14)
0.85782029979805642050271748	(51,15)
0.99595531379755246430280161	(51,16)
1.143773038919555588417646844	(51,17)
1.299061327574994509404261378	(51,18)
1.459019572717467540422606794	(51,19)
1.620422982844516551663710627	(51,20)
1.779819801056464522773831495	(51,21)
1.933732324738625534054986558	(51,22)
2.078836368696114152156185962	(51,23)
2.21210165766620964182797231	(51,24)
2.3308850467186408886492125	(51,25)
2.43297723598670527096528408	(51,26)
2.51661031671727805687414798	(51,27)
2.5804374723766076030325283	(51,28)
2.623497568198117275162943	(51,29)
2.6451767032304912999204	(51,30)
0.0009320721444458815249977871	(52,1)
0.0083738257482004857450318897	(52,2)
0.0231849804875811933011537182	(52,3)
0.0452519401111360297527396762	(52,4)
0.0744771335164895538878229557	(52,5)
0.1108526143814468452139059281	(52,6)
0.154535689516943354672268328	(52,7)
0.2059089868092075467797161884	(52,8)
0.265606430658167493085307438	(52,9)
0.334489210767643525736334559	(52,10)
0.413562726882619326908905962	(52,11)
0.503836278512122380863257077	(52,12)
0.606140091210432457929572132	(52,13)
0.720926006955341622596779316	(52,14)
0.848085281285992406903381036	(52,15)
0.986816762048529862722029546	(52,16)
1.135570647105156306057980767	(52,17)
1.292078885466500497120674187	(52,18)
1.453466870779992882924674828	(52,19)
1.616426720083608029268304944	(52,20)
1.777423534716031283821825129	(52,21)
1.932904058391721641013920297	(52,22)
2.079481439248991481456548063	(52,23)
2.2140782425860154521123588	(52,24)
2.33401979834042915604041843	(52,25)
2.43707909096379959421282938	(52,26)
2.52148123339972767940374085	(52,27)
2.5858795567626422720145906	(52,28)
2.629316657228820731024899	(52,29)
2.6511829375169690435376	(52,30)
0.0009081121996140802104006225	(53,1)
0.0081585995829957181117848542	(53,2)
0.0225896766497126212528781509	(53,3)
0.044093815310578942091177684	(53,4)
0.0725852453312820025480767511	(53,5)
0.1080762322101746643459938952	(53,6)
0.1507553425684031087385308574	(53,7)
0.2010493539661707140068805468	(53,8)
0.259649478775200761547331025	(53,9)
0.327485325895478575346350676	(53,10)
0.405637279413383473083617096	(53,11)
0.495189314100335806286449951	(53,12)
0.597037723876433539619436177	(53,13)
0.711683499751449156156274799	(53,14)
0.839043426116518966611801582	(53,15)
0.978314585847829750680239184	(53,16)
1.127918272346759319039179375	(53,17)
1.285534328671584725027962799	(53,18)
1.448219702550926553168436942	(53,19)
1.612590103154856207095197635	(53,20)
1.775034600234730504579471268	(53,21)
1.931931256380897528540008094	(53,22)
2.079836657692809609992993167	(53,23)
2.21563120621844095587308616	(53,24)
2.33661245719084484148213889	(53,25)
2.44053822734345743326273177	(53,26)
2.52562817437566150257722269	(53,27)
2.5905365302431615075556788	(53,28)
2.634309881798557095009243	(53,29)
2.6563429513469149040498	(53,30)
0.0008863749068404523414596524	(54,1)
0.007963338949878900530327581	(54,2)
0.0220495965148915771231506948	(54,3)
0.0430431254116215772403105575	(54,4)
0.0708688632444696143080612658	(54,5)
0.1055574147764873644292115222	(54,6)
0.1473257065898223854452052579	(54,7)
0.1966405588570432300600875804	(54,8)
0.254245116408076902149825668	(54,9)
0.321130960902705939156814503	(54,10)
0.398446310967586771224941943	(54,11)
0.487342567010122706086239624	(54,12)
0.588775493841385222555526715	(54,13)
0.703290071459926607641267198	(54,14)
0.83082556815044827495568017	(54,15)
0.970576808627589933622982684	(54,16)
1.120938345478179468065133661	(54,17)
1.279542486777216625834743777	(54,18)
1.443384159142915750985249102	(54,19)
1.609010194320440813897378806	(54,20)
1.772741461535976830258434267	(54,21)
1.930894744451890465438146318	(54,22)
2.079976485552013448044841333	(54,23)
2.21683002919859398707789416	(54,24)
2.33872884851480999703389836	(54,25)
2.44341796641518926478680187	(54,26)
2.52911287218481046862979476	(54,27)
2.5944692028959957835831233	(54,28)
2.638537574719315731114929	(54,29)
2.6607168820858882436235	(54,30)
0.000867155616365777787742918	(55,1)
0.0077906969083285308937344123	(55,2)
0.0215720783473464590717326376	(55,3)
0.042114146828962945280184414	(55,4)
0.0693513101232497556492235183	(55,5)
0.1033303927391828156753878711	(55,6)
0.1442934013269778312821292092	(55,7)
0.192742559345220639854569402	(55,8)
0.249466907311709029566732249	(55,9)
0.315512757036747627409675532	(55,10)
0.392088168381953311770085996	(55,11)
0.480403921918376237097114868	(55,12)
0.581468014492015914850815077	(55,13)
0.695863864382125985210709503	(55,14)
0.823550101349400292012996286	(55,15)
0.96371904652105696713233077	(55,16)
1.11474120544573536304182218	(55,17)
1.274206646538748153051095685	(55,18)
1.439055505714662246100188604	(55,19)
1.605774041396390395511749226	(55,20)
1.770623403236833649809186254	(55,21)
1.929866967079306169212616458	(55,22)
2.079967718872214398545181662	(55,23)
2.2177371328127558780723739	(55,24)
2.34042822411342326478625587	(55,25)
2.44577542488594133676482739	(55,26)
2.53199111911129494836210249	(55,27)
2.5977326213685934185391999	(55,28)
2.642054411785169264646684	(55,29)
2.6643592595889015204656	(55,30)
0.0008507170541464492145804294	(56,1)
0.0076430334581536775019977173	(56,2)
0.0211636497511068168383587439	(56,3)
0.0413195784316441694093015034	(56,4)
0.0680533300572657616470702686	(56,5)
0.1014256074830142015619497886	(56,6)
0.1416998757276915803358564152	(56,7)
0.1894086433778346255489107572	(56,8)
0.245380197351943540333320799	(56,9)
0.310707622256952714332403414	(56,10)
0.386650070780172777407677941	(56,11)
0.474468949209522476426073086	(56,12)
0.575216681359147253471296546	(56,13)
0.689509235839898610704202347	(56,14)
0.817321427878220101146647571	(56,15)
0.957843067943696773833781122	(56,16)
1.109423797175476035746416106	(56,17)
1.269617397254764095908788611	(56,18)
1.435317167228716332167249623	(56,19)
1.602957783987751095497643357	(56,20)
1.768749729552290911684501085	(56,21)
1.928911248414751382031615927	(56,22)
2.079868782157924337828492534	(56,23)
2.21840718159236351972677029	(56,24)
2.34176255573826944779012163	(56,25)
2.44766078820295126613823265	(56,26)
2.53431201611371073519846327	(56,27)
2.6003752946188786584598887	(56,28)
2.644908619732037753444248	(56,29)
2.6673182045781042682571	(56,30)
0.0008372850508703485405892944	(57,1)
0.0075223771757507735397399593	(57,2)
0.0208299215847247950358327681	(57,3)
0.0406703353284166117982663685	(57,4)
0.0669927521172752893033427709	(57,5)
0.0998692194109411702015773987	(57,6)
0.1395807423342629929349720814	(57,7)
0.1866845809089627705492289956	(57,8)
0.242041087880724531260183954	(57,9)
0.306781544150299695913895445	(57,10)
0.382206794282093924789814693	(57,11)
0.46961950571166028381866548	(57,12)
0.570108240696009389860360332	(57,13)
0.684315347940204784174988543	(57,14)
0.812228617308241650293712322	(57,15)
0.953035559543277166272122324	(57,16)
1.105068566741579015747335766	(57,17)
1.265851661546658124082718983	(57,18)
1.432239886577051758235698716	(57,19)
1.600625919514563962944492681	(57,20)
1.76717911215738364580184676	(57,21)
1.928081193927457944881733969	(57,22)
2.079729157626369574979254938	(57,23)
2.21888651860520087357147729	(57,24)
2.3427759608490230075490509	(57,25)
2.44911671751513411164565178	(57,26)
2.53611735753307497943448845	(57,27)
2.6024385577336709262230632	(57,28)
2.647141324152490989029968	(57,29)
2.6696347680199043583849	(57,30)
0.00082704486315391922965409	(58,1)
0.0074303921697081119334022952	(58,2)
0.0205754965877692305942692005	(58,3)
0.0401753712660689681387312907	(58,4)
0.0661842008260692059608590086	(58,5)
0.0986826847068752464285117566	(58,6)
0.1379652047255977696882075588	(58,7)
0.1846078950937587044582650956	(58,8)
0.239495554737539263179550345	(58,9)
0.303788573212778966565631034	(58,10)
0.378819548377717441389781998	(58,11)
0.465922543291824593503046363	(58,12)
0.566213575760873337836586467	(58,13)
0.68035497794452815206948549	(58,14)
0.808344282569498183655293419	(58,15)
0.949367099255929126177001831	(58,16)
1.101742549809058045318636861	(58,17)
1.262971903350178439088586653	(58,18)
1.429881043619450447951910299	(58,19)
1.598830715341932619668924273	(58,20)
1.765959072078134614577971295	(58,21)
1.92742021739120387298392619	(58,22)
2.079588934610674324293768239	(58,23)
2.21921271881648024446686939	(58,24)
2.34350424680177696423925938	(58,25)
2.45017787703904856590362896	(58,26)
2.53744113895183488734428007	(58,27)
2.6039560616651902303394428	(58,28)
2.648786025517010604085252	(58,29)
2.6713423998068573566453	(58,30)
0.0008201381503693773246188054	(59,1)
0.0073683509256163029562098089	(59,2)
0.0204038942936547062762181153	(59,3)
0.0398415326936886557172235569	(59,4)
0.0656388582905731023905490983	(59,5)
0.0978824077253167787467588059	(59,6)
0.1368755875128866734981978673	(59,7)
0.1832072645026238421236946805	(59,8)
0.237778726469689437923263436	(59,9)
0.301769991209756917529876319	(59,10)
0.376535058792739628501858582	(59,11)
0.463429139061766142773495435	(59,12)
0.563586722270154959878662206	(59,13)
0.677683557380060040583183478	(59,14)
0.805723676750582229632100117	(59,15)
0.946891336261375533272769008	(59,16)
1.099496649030674373544076218	(59,17)
1.261025505264881042369480707	(59,18)
1.428284124575835945246358679	(59,19)
1.597611754667397649206810601	(59,20)
1.76512558233468310406618712	(59,21)
1.926961179707583810577740851	(59,22)
2.079478465855885601461592262	(59,23)
2.21941424779437367805988203	(59,24)
2.34397456137691032234832485	(59,25)
2.45087057035145747854532032	(59,26)
2.53830917724440737896728048	(59,27)
2.6049533783166742311531876	(59,28)
2.649868192988296805811745	(59,29)
2.6724665365560630126877	(59,30)
0.000816660659664237449012089	(60,1)
0.0073371135121614299347009631	(60,2)
0.020317493533125151795139896	(60,3)
0.0396734470214439828968077595	(60,4)
0.0653642820925002433055286616	(60,5)
0.0974794749286702246200224807	(60,6)
0.1363269767422375647354620406	(60,7)
0.1825020660455502046698404281	(60,8)
0.236914332949405803378002307	(60,9)
0.30075367666330460444553729	(60,10)
0.375384868909997978012556546	(60,11)
0.462173758276278087271733246	(60,12)
0.562264122116376411225194213	(60,13)
0.676338446146344463074856137	(60,14)
0.804404013598894061327461325	(60,15)
0.945644377106528464202049107	(60,16)
1.098365096286178877515443914	(60,17)
1.260044308287503677881115267	(60,18)
1.427478332650829835471686631	(60,19)
1.596995605667651564456174992	(60,20)
1.76470278016966400285094014	(60,21)
1.926726128291077959049433226	(60,22)
2.079418119706334224701024932	(60,23)
2.21951021523750040194147953	(60,24)
2.3442051396671800259739884	(60,25)
2.45121247613897271019355391	(60,26)
2.5387388337714065314510332	(60,27)
2.6054477122412743047805842	(60,28)
2.650404967494063415497775	(60,29)
2.6730243000871492677316	(60,30)