ldd231_(sigma,mu)
4.3082902423533e-16	(1,1)
3.87023437252048e-15	(1,2)
1.070869097842885e-14	(1,3)
2.085710223874603e-14	(1,4)
3.416220586030254e-14	(1,5)
5.03866675520295e-14	(1,6)
6.918814600943485e-14	(1,7)
9.010128267356509e-14	(1,8)
1.1252659887369135e-13	(1,9)
1.3572982558701108e-13	(1,10)
1.5885428244126088e-13	(1,11)
1.8094764682369072e-13	(1,12)
2.0100293590546954e-13	(1,13)
2.1801191747182812e-13	(1,14)
2.3102763642693034e-13	(1,15)
2.3923145607678393e-13	(1,16)
2.4199911014879918e-13	(1,17)
2.3895985156496939e-13	(1,18)
2.3004292953514688e-13	(1,19)
2.15506336505745e-13	(1,20)
1.9594399456890513e-13	(1,21)
1.7226919906351734e-13	(1,22)
1.4567406414109865e-13	(1,23)
1.1756674972164084e-13	(1,24)
8.949020607047336e-14	(1,25)
6.30278691333798e-14	(1,26)
3.97030155294505e-14	(1,27)
2.0879215856368e-14	(1,28)
7.6694324513327e-15	(1,29)
8.60772992742e-16	(1,30)
3.1362921466986112e-13	(2,1)
2.8174020284798515e-12	(2,2)
7.79557121750232298e-12	(2,3)
1.518327740743982762e-11	(2,4)
2.486895071903653794e-11	(2,5)
3.667981962651135971e-11	(2,6)
5.036667095134197294e-11	(2,7)
6.559073899824114631e-11	(2,8)
8.191562304412084789e-11	(2,9)
9.880679943598695005e-11	(2,10)
1.1564063311642930822e-10	(2,11)
1.3172386468046642993e-10	(2,12)
1.4632344397142160791e-10	(2,13)
1.5870541143694619934e-10	(2,14)
1.6818041538708454481e-10	(2,15)
1.7415251584450949481e-10	(2,16)
1.7616726821857240856e-10	(2,17)
1.7395478161400971775e-10	(2,18)
1.6746355254541808115e-10	(2,19)
1.5688139166862074549e-10	(2,20)
1.426406551402704233e-10	(2,21)
1.2540619200316216942e-10	(2,22)
1.0604582181927394906e-10	(2,23)
8.558463793050438089e-11	(2,24)
6.514585621198759042e-11	(2,25)
4.58821644664006376e-11	(2,26)
2.89024563107250664e-11	(2,27)
1.5199364635080611e-11	(2,28)
5.5830879538814743e-12	(2,29)
6.26613679551257e-13	(2,30)
6.7015773505855301e-12	(3,1)
6.020178202442094638e-11	(3,2)
1.6657448026932423894e-10	(3,3)
3.2443376657822151635e-10	(3,4)
5.3139563095034932975e-10	(3,5)
7.8376831300354284446e-10	(3,6)
1.07622665451191657319e-9	(3,7)
1.40153194761641497399e-9	(3,8)
1.75035922908745503155e-9	(3,9)
2.11128685644236088771e-9	(3,10)
2.4709890680517210588e-9	(3,11)
2.81465238441828922534e-9	(3,12)
3.12661309387645723624e-9	(3,13)
3.39118806970614463521e-9	(3,14)
3.59364738119849180531e-9	(3,15)
3.72125712973118279011e-9	(3,16)
3.76430689256976567215e-9	(3,17)
3.71702978095183224023e-9	(3,18)
3.57832538388656413245e-9	(3,19)
3.35220691376243121387e-9	(3,20)
3.04791297361432433773e-9	(3,21)
2.67965000344401973955e-9	(3,22)
2.26596143864113462495e-9	(3,23)
1.82875126252000953883e-9	(3,24)
1.39202007245300196323e-9	(3,25)
9.803981732876776805e-10	(3,26)
6.175800547367233061e-10	(3,27)
3.2477595926524723e-10	(3,28)
1.192979177572907718e-10	(3,29)
1.3389311395151647e-11	(3,30)
5.019889837772140781e-11	(4,1)
4.5094803478133976363e-10	(4,2)
1.24774436389033859984e-9	(4,3)
2.43020658239888760671e-9	(4,4)
3.98047692450792172154e-9	(4,5)
5.87090168756458272711e-9	(4,6)
8.06159189716974195502e-9	(4,7)
1.04983247750661658076e-8	(4,8)
1.311125006854575702819e-8	(4,9)
1.581481200633518522893e-8	(4,10)
1.850919177161677422765e-8	(4,11)
2.108342672421531164112e-8	(4,12)
2.342018571090424819251e-8	(4,13)
2.540199255473820828317e-8	(4,14)
2.691851164543028318741e-8	(4,15)
2.787435950080380547514e-8	(4,16)
2.819680094169737160795e-8	(4,17)
2.784264077223206915534e-8	(4,18)
2.6803638840467298364e-8	(4,19)
2.510985910775106133154e-8	(4,20)
2.283050647593006520861e-8	(4,21)
2.007199717964547863829e-8	(4,22)
1.697323309485068701836e-8	(4,23)
1.369828738060299927936e-8	(4,24)
1.042693684950513194569e-8	(4,25)
7.3436741434902496413e-9	(4,26)
4.6259813945110650837e-9	(4,27)
2.4327320338775307735e-9	(4,28)
8.935999028686198463e-10	(4,29)
1.00292490329297e-10	(4,30)
2.249487100480902251e-10	(5,1)
2.02076503389075435752e-9	(5,2)
5.59132752254104333179e-9	(5,3)
1.089011574167869766856e-8	(5,4)
1.783710558509438167533e-8	(5,5)
2.630837497271026536032e-8	(5,6)
3.612517244628050234778e-8	(5,7)
4.704451308206544230993e-8	(5,8)
5.875338136754095659039e-8	(5,9)
7.086838185876308466986e-8	(5,10)
8.294220394980344927757e-8	(5,11)
9.447760084294076861364e-8	(5,12)
1.0494879001735487901944e-7	(5,13)
1.1382934329517127370878e-7	(5,14)
1.2062483611115603268745e-7	(5,15)
1.2490785314571660883983e-7	(5,16)
1.2635247597113148175984e-7	(5,17)
1.2476516449644437530038e-7	(5,18)
1.2010902028496814485061e-7	(5,19)
1.1251879087646000400233e-7	(5,20)
1.0230461582044120844976e-7	(5,21)
8.994337594639881060212e-8	(5,22)
7.605751369400832827292e-8	(5,23)
6.138225461105698179156e-8	(5,24)
4.672318155693856533574e-8	(5,25)
3.2906998705246954357e-8	(5,26)
2.07289880054498408704e-8	(5,27)
1.0901041248494362142e-8	(5,28)
4.0042065753086476832e-9	(5,29)
4.49408829438216112e-10	(5,30)
7.4110021318153192068e-10	(6,1)
6.65747046566550347428e-9	(6,2)
1.8420794379954393541e-8	(6,3)
3.58778072812195175689e-8	(6,4)
5.876486229832364963536e-8	(6,5)
8.667368355914353573078e-8	(6,6)
1.1901534995226859275955e-7	(6,7)
1.5498931149036342875787e-7	(6,8)
1.9356429055637322076172e-7	(6,9)
2.334771333974710055994e-7	(6,10)
2.7325411373263933803624e-7	(6,11)
3.1125699487262572204314e-7	(6,12)
3.4575354420736031625609e-7	(6,13)
3.7500942844348514667263e-7	(6,14)
3.9739578674420095818767e-7	(6,15)
4.1150456326842788664623e-7	(6,16)
4.1626212739811291101551e-7	(6,17)
4.1103100606550235384338e-7	(6,18)
3.9568980508573739333337e-7	(6,19)
3.7068262029524096403281e-7	(6,20)
3.3703135441650401288806e-7	(6,21)
2.9630719268466758406119e-7	(6,22)
2.5056080606701351474186e-7	(6,23)
2.0221435036405150856509e-7	(6,24)
1.5392169351776127832849e-7	(6,25)
1.084062191622779013499e-7	(6,26)
6.82877450164560915786e-8	(6,27)
3.59113460924284959814e-8	(6,28)
1.31910544845818156534e-8	(6,29)
1.480486000072947145e-9	(6,30)
1.98594022569391334336e-9	(7,1)
1.784014915276649260101e-8	(7,2)
4.936254859637903961017e-8	(7,3)
9.61424245780527150384e-8	(7,4)
1.5747325478862750174785e-7	(7,5)
2.3226092568418009784226e-7	(7,6)
3.1892720829399531355027e-7	(7,7)
4.1532672363075408756022e-7	(7,8)
5.1869576358669328523842e-7	(7,9)
6.2564922411492839117992e-7	(7,10)
7.3223771643778746859174e-7	(7,11)
8.3407103649257254459779e-7	(7,12)
9.2650716892809249885855e-7	(7,13)
1.00489858809879505355048e-6	(7,14)
1.06488056496949734947277e-6	(7,15)
1.10268025034402511169318e-6	(7,16)
1.1154211435471578375946e-6	(7,17)
1.10139567267291947975936e-6	(7,18)
1.06027929433576956425361e-6	(7,19)
9.9326280699984137288395e-7	(7,20)
9.0308524633509628456108e-7	(7,21)
7.9395733875160855850477e-7	(7,22)
6.7137437699189326744714e-7	(7,23)
5.4182675800291209610512e-7	(7,24)
4.124254330551897156067e-7	(7,25)
2.904673253576455143788e-7	(7,26)
1.829716307861411549904e-7	(7,27)
9.62212610435496920428e-8	(7,28)
3.53441681007115246779e-8	(7,29)
3.966815414663435818e-9	(7,30)
4.58163802024780662285e-9	(8,1)
4.115788785047856545503e-8	(8,2)
1.1388123093371688654391e-7	(8,3)
2.2180410743055579169282e-7	(8,4)
3.6329646327531787969285e-7	(8,5)
5.3583396430332694828492e-7	(8,6)
7.3577527310269509961174e-7	(8,7)
9.5817045979152773078284e-7	(8,8)
1.19664293059188773125678e-6	(8,9)
1.44338239102335641868175e-6	(8,10)
1.68927668693797908218159e-6	(8,11)
1.92419678034068033637075e-6	(8,12)
2.1374329480077157451426e-6	(8,13)
2.31826317559277298642935e-6	(8,14)
2.45661843802360264505037e-6	(8,15)
2.5437958525269390478826e-6	(8,16)
2.57316109350069190057728e-6	(8,17)
2.54077712552523002434286e-6	(8,18)
2.44589790226634131803744e-6	(8,19)
2.29127328309043736599558e-6	(8,20)
2.08322453302584095475179e-6	(8,21)
1.83146734075893127134351e-6	(8,22)
1.54867980189386033673697e-6	(8,23)
1.24983444192426419742592e-6	(8,24)
9.513341217179622321458e-7	(8,25)
6.700096470545007791559e-7	(8,26)
4.220503894193647460751e-7	(8,27)
2.219469052212412633864e-7	(8,28)
8.1525619967920086438e-8	(8,29)
9.149923747072962241e-9	(8,30)
9.42371379370635738639e-9	(9,1)
8.465534595436074875607e-8	(9,2)
2.3423588688618064795778e-7	(9,3)
4.5621627284699559592862e-7	(9,4)
7.4724349794137011524823e-7	(9,5)
1.10212488728848399806603e-6	(9,6)
1.51336987704459206616848e-6	(9,7)
1.97079587029339816307033e-6	(9,8)
2.46128538459018289454309e-6	(9,9)
2.96877169229811243271325e-6	(9,10)
3.47451024391264461637681e-6	(9,11)
3.95766519560606730296557e-6	(9,12)
4.39620707361457912249323e-6	(9,13)
4.76808237120052104476747e-6	(9,14)
5.05258235761919776024037e-6	(9,15)
5.23181017838650922764109e-6	(9,16)
5.29212559564883559575953e-6	(9,17)
5.22543783870478710721295e-6	(9,18)
5.03022036284727546715772e-6	(9,19)
4.71213702267203307066543e-6	(9,20)
4.28419620660837070175947e-6	(9,21)
3.76638566886242726660106e-6	(9,22)
3.18478301027817225211836e-6	(9,23)
2.57018123044408933585021e-6	(9,24)
1.9563114388425858760346e-6	(9,25)
1.3777817083976067791079e-6	(9,26)
8.678786908282679442428e-7	(9,27)
4.563943089469014849397e-7	(9,28)
1.676419815744225309876e-7	(9,29)
1.8815029687417243813e-8	(9,30)
1.768359721406024379396e-8	(10,1)
1.5885573908615830500008e-7	(10,2)
4.3954355298111141592241e-7	(10,3)
8.5608941181639563498251e-7	(10,4)
1.40220078343947977888738e-6	(10,5)
2.06813228915010459634852e-6	(10,6)
2.83982556191222715497346e-6	(10,7)
3.69816944161274001922421e-6	(10,8)
4.61854426782974801801142e-6	(10,9)
5.57079522804509562951609e-6	(10,10)
6.51974232058278571597428e-6	(10,11)
7.42628194555393024901829e-6	(10,12)
8.24907258934885027734873e-6	(10,13)
8.94673086016709580347409e-6	(10,14)
9.4804011691096710494677e-6	(10,15)
9.81650940247131080548352e-6	(10,16)
9.92947393069867463330752e-6	(10,17)
9.80413072484802968538577e-6	(10,18)
9.43763573790871660780164e-6	(10,19)
8.84063735875954788517937e-6	(10,20)
8.03756266230128744953556e-6	(10,21)
7.06592922422294085925771e-6	(10,22)
5.97467354796203054583151e-6	(10,23)
4.8215705670128928714019e-6	(10,24)
3.6698986136735193366303e-6	(10,25)
2.5845732634676128321871e-6	(10,26)
1.6280250611602466917168e-6	(10,27)
8.56125328025942474187e-7	(10,28)
3.144680621883827968748e-7	(10,29)
3.5293681342935581097e-8	(10,30)
3.076405502635496005575e-8	(11,1)
2.7636043455729764090647e-7	(11,2)
7.6467135072905237520466e-7	(11,3)
1.48933316577851621129235e-6	(11,4)
2.43939736846598275118227e-6	(11,5)
3.59790691128469371251827e-6	(11,6)
4.94039915077253219176917e-6	(11,7)
6.43361836602773718607334e-6	(11,8)
8.03472298020343626660596e-6	(11,9)
9.69123987581788047272296e-6	(11,10)
0.00001134195304960221107772288	(11,11)
0.00001291882229442297946430047	(11,12)
0.00001434991859270619061736351	(11,13)
0.00001556324752484046171228785	(11,14)
0.00001649122229866740802888005	(11,15)
0.000017075455819065298694429	(11,16)
0.00001727147690391554671404056	(11,17)
0.00001705294711834379878488139	(11,18)
0.00001641496613722210304105938	(11,19)
0.00001537610553218258273373895	(11,20)
0.00001397889985967160279140701	(11,21)
0.00001228864261639816312099388	(11,22)
0.00001039047269229025176763166	(11,23)
8.3848819890457547696801e-6	(11,24)
6.3819136121783528807341e-6	(11,25)
4.4944396143842146819833e-6	(11,26)
2.8309964244554592073723e-6	(11,27)
1.4887062859408628300863e-6	(11,28)
5.468191904635389455129e-7	(11,29)
6.1370815729210000804e-8	(11,30)
5.020783239261815806966e-8	(12,1)
4.5102825494900507620079e-7	(12,2)
1.24796565430566947991074e-6	(12,3)
2.43063336042844311348792e-6	(12,4)
3.98116005309116912020367e-6	(12,5)
5.87186482864889103795198e-6	(12,6)
8.06281252090650003548508e-6	(12,7)
0.0000104997115450951506962179	(12,8)
0.00001311262008866866182201366	(12,9)
0.00001581587300035399824284769	(12,10)
0.00001850953523394876095065658	(12,11)
0.00002108253797123723760948245	(12,12)
0.00002341747525021724248206514	(12,13)
0.00002539685019678700083041631	(12,14)
0.00002691038058716159649670044	(12,15)
0.00002786282286384303580324131	(12,16)
0.00002818166888862815525598964	(12,17)
0.00002782402341095797429595504	(12,18)
0.00002678198959354574161620347	(12,19)
0.00002508597563722121470828592	(12,20)
0.00002280548161810716538074365	(12,21)
0.00002004712001592428081936	(12,22)
0.0000169498490347610895380743	(12,23)
0.0000136776343512664289845495	(12,24)
0.0000104099806918516596125034	(12,25)
7.330968720059853828322e-6	(12,26)
4.6175769378606373997572e-6	(12,27)
2.4281489516449543105444e-6	(12,28)
8.918755137620741022308e-7	(12,29)
1.00096627284211512323e-7	(12,30)
7.757389223060912044283e-8	(13,1)
6.9686370685688323251415e-7	(13,2)
1.92817586634117194847942e-6	(13,3)
3.75546035353501858761656e-6	(13,4)
6.15109898643826467155458e-6	(13,5)
9.07231035025317623004483e-6	(13,6)
0.00001245736979491160851789867	(13,7)
0.00001622235961126355653269345	(13,8)
0.00002025917008311091985795256	(13,9)
0.00002443538939629452000528425	(13,10)
0.00002859655549597924840028733	(13,11)
0.00003257101103118728301504612	(13,12)
0.00003617732624851288762230152	(13,13)
0.00003923396226403612441499802	(13,14)
0.00004157056932916643870647882	(13,15)
0.0000430400817145659145487687	(13,16)
0.00004353060909662525706179689	(13,17)
0.00004297605363608878454862903	(13,18)
0.00004136441323748793642029453	(13,19)
0.0000387428655855192933106244	(13,20)
0.00003521895492675811185164974	(13,21)
0.0000309575051705877861182529	(13,22)
0.0000261732320637318704733702	(13,23)
0.0000211193922999058190873614	(13,24)
0.0000160731549352932341108823	(13,25)
0.0000113186782437518825952648	(13,26)
7.1290954463467197373477e-6	(13,27)
3.7487348652286614249937e-6	(13,28)
1.3769120977425195291171e-6	(13,29)
1.54531726083198984716e-7	(13,30)
1.1430628680859185529564e-7	(14,1)
1.02683902314186291373248e-6	(14,2)
2.84119505270514792277951e-6	(14,3)
5.53372063749074107616475e-6	(14,4)
9.06370877504549362880829e-6	(14,5)
0.00001336809636698861628675377	(14,6)
0.00001835588903338082796244552	(14,7)
0.00002390336895044682739103472	(14,8)
0.00002985114948868194827033519	(14,9)
0.00003600401836083642380311974	(14,10)
0.00004213426736706558944710903	(14,11)
0.00004798886390248993083958405	(14,12)
0.00005330041080408153766288943	(14,13)
0.00005780140864430570789236145	(14,14)
0.00006124092395762591772850339	(14,15)
0.00006340242301593881363448616	(14,16)
0.00006412129290562327947500171	(14,17)
0.00006330046908456867801659481	(14,18)
0.00006092263730360048447199441	(14,19)
0.0000570576785542097571753894	(14,20)
0.00005186436387728444782446106	(14,21)
0.0000455857526971708766804024	(14,22)
0.0000385382639304743508120568	(14,23)
0.000031094926434115638485441	(14,24)
0.0000236638249536749129378485	(14,25)
0.0000166631925723878892880099	(14,26)
0.0000104949205708702394148914	(14,27)
5.5184319322358091274471e-6	(14,28)
2.0268788681531846996906e-6	(14,29)
2.27475421158301444951e-7	(14,30)
1.6162318126798980878926e-7	(15,1)
1.45189723409496298569622e-6	(15,2)
4.01730146519682400330544e-6	(15,3)
7.82438396400737089962238e-6	(15,4)
0.00001281556723826872464795429	(15,5)
0.00001890164061239810426726305	(15,6)
0.00002595386779944074726116495	(15,7)
0.00003379720482509316539516636	(15,8)
0.00004220613566344993292534602	(15,9)
0.00005090446001790666893940833	(15,10)
0.00005957002204524231279230736	(15,11)
0.00006784488192074637449202259	(15,12)
0.00007535085176665500653457424	(15,13)
0.00008170970319297982631205747	(15,14)
0.00008656677086876188849326281	(15,15)
0.00008961618935609645406508398	(15,16)
0.00009062566495395839894286788	(15,17)
0.00008945854212114549880810326	(15,18)
0.00008609099752723981616973946	(15,19)
0.00008062248430020225701459761	(15,20)
0.00007327803275192783318647468	(15,21)
0.0000644016498993658411074334	(15,22)
0.0000544407909467815863252706	(15,23)
0.0000439226343830357188146348	(15,24)
0.00003342360848740734688149	(15,25)
0.00002353422492139470699047	(15,26)
0.0000148217191012398899884688	(15,27)
7.7932368197567596069363e-6	(15,28)
2.8623202496988422146038e-6	(15,29)
3.21232108383500988859e-7	(15,30)
2.2044690373960481413634e-7	(16,1)
1.9803237893834395768295e-6	(16,2)
5.47941981378704919952491e-6	(16,3)
0.00001067209657132698859209478	(16,4)
0.00001747978707261923567513997	(16,5)
0.00002578073926432240460985001	(16,6)
0.00003539923512387971012270349	(16,7)
0.00004609632967228617538509443	(16,8)
0.00005756417138083037367224154	(16,9)
0.00006942572902123575580934235	(16,10)
0.00008124127658606213786457017	(16,11)
0.00009252232033859137816691527	(16,12)
0.00010275285592153307863822852	(16,13)
0.00011141700087297458413350664	(16,14)
0.00011803124915129666522094007	(16,15)
0.00012217892814460924800615	(16,16)
0.00012354398252421397377484345	(16,17)
0.0001219410202817204621722273	(16,18)
0.00011733866438860154851533123	(16,19)
0.00010987365798792404373399865	(16,20)
0.0000998538401965341651198757	(16,21)
0.0000877489842554518686391397	(16,22)
0.000074169489631201339176789	(16,23)
0.0000598339519973154635040656	(16,24)
0.0000455276042655465970997527	(16,25)
0.0000320544391483397806072439	(16,26)
0.0000201864152993604543978392	(16,27)
0.0000106134624502471745926582	(16,28)
3.89800899962087176874e-6	(16,29)
4.37457799321172500495e-7	(16,30)
2.9138328414086533196023e-7	(17,1)
2.61756095108300409262287e-6	(17,2)
7.24260765326414994585681e-6	(17,3)
0.00001410618051159161937813706	(17,4)
0.00002310437563566957448533502	(17,5)
0.00003407614440676328755002947	(17,6)
0.00004678901734747960591122377	(17,7)
0.00006092684591510634086095347	(17,8)
0.00007608229604890610280964293	(17,9)
0.00009175651387064539218844336	(17,10)
0.00010736775490547649589175183	(17,11)
0.00012226988013641504278380704	(17,12)
0.00013578056247805529257560299	(17,13)
0.00014721792578833966454543828	(17,14)
0.00015594327658607663421327285	(17,15)
0.00016140670555827500470437916	(17,16)
0.00016319173553810765392285198	(17,17)
0.00016105495089506895231576183	(17,18)
0.00015495669910056326277213946	(17,19)
0.0001450795055166696528532598	(17,20)
0.0001318317422478447757701737	(17,21)
0.0001158352595092512425408454	(17,22)
0.0000978970143057251760186237	(17,23)
0.0000789660919161069993884126	(17,24)
0.0000600787843730508938696309	(17,25)
0.0000422954511597722487856404	(17,26)
0.0000266336464745657034513317	(17,27)
0.0000140023895721605325300841	(17,28)
5.1424483163512681552351e-6	(17,29)
5.7710409437679919269e-7	(17,30)
3.7474524776562521632614e-7	(18,1)
3.36641973742748664214787e-6	(18,2)
9.31464176592088559239629e-6	(18,3)
0.00001814177540983619433878415	(18,4)
0.00002971410382342128153080972	(18,5)
0.00004382431705014272879853447	(18,6)
0.00006017311054935325241510413	(18,7)
0.00007835339304148343495361353	(18,8)
0.00009784063382545827823039973	(18,9)
0.00011799247515049315041001341	(18,10)
0.0001380599210521889157096314	(18,11)
0.0001572112629641564025280865	(18,12)
0.00017456852778483316802696184	(18,13)
0.00018925477953128470621589375	(18,14)
0.00020044923023854741584611711	(18,15)
0.00020744597602036488176959931	(18,16)
0.00020971140609493448973823089	(18,17)
0.00020693503461347011688808597	(18,18)
0.00019906872603359009381189352	(18,19)
0.0001863500171785393820723584	(18,20)
0.0001693064202914949812970072	(18,21)
0.0001487391108831656107595484	(18,22)
0.0001256861170509896347338952	(18,23)
0.0001013668705833120009197255	(18,24)
0.0000771115920455351920601853	(18,25)
0.0000542803163136856478658903	(18,26)
0.0000341773057504711953180092	(18,27)
0.0000179670683604075211987168	(18,28)
6.5981638712207293394638e-6	(18,29)
7.40450822032722178375e-7	(18,30)
4.7060629546922923102653e-7	(19,1)
4.22756034476241041653064e-6	(19,2)
0.00001169734740948081812521334	(19,3)
0.00002278242710689693131095418	(19,4)
0.00003731474489993316541577241	(19,5)
0.00005503367586581419579896591	(19,6)
0.00007556285358921036146728905	(19,7)
0.00009839029735149077825272794	(19,8)
0.00012285629244334992376127491	(19,9)
0.00014815296810530872984437277	(19,10)
0.00017333848722286099355117278	(19,11)
0.00019736730260010087459714825	(19,12)
0.00021913619044008177643772305	(19,13)
0.00023754392636401088645506551	(19,14)
0.00025156072724868828914952998	(19,15)
0.00026030214491651456902999016	(19,16)
0.00026310113955750951571307586	(19,17)
0.00025957170655586557224427871	(19,18)
0.0002496577392312243829161811	(19,19)
0.0002336617673470577218753326	(19,20)
0.0002122497307671861545170895	(19,21)
0.0001864298824563803048527788	(19,22)
0.0001575060761970699787880296	(19,23)
0.0001270078737937837819973792	(19,24)
0.000096601900319057699134713	(19,25)
0.0000679905054938176322385404	(19,26)
0.0000428049170794264974432137	(19,27)
0.0000225006114104413057496766	(19,28)
8.26254416220760577437e-6	(19,29)
9.27200247159979352437e-7	(19,30)
5.7886627096929513677355e-7	(20,1)
5.20008294786439270527867e-6	(20,2)
0.00001438823298296231200167726	(20,3)
0.00002802327120926380897045138	(20,4)
0.00004589828792573514986159589	(20,5)
0.00006769228391343696100095242	(20,6)
0.00009294157694928440435349113	(20,7)
0.000121015297178692924310157	(20,8)
0.00015110048294860968312964999	(20,9)
0.00018220165761417500519550509	(20,10)
0.0002131584886317199251448611	(20,11)
0.00024268331484209485296697671	(20,12)
0.00026941815584683591070806118	(20,13)
0.00029200851999751838585020739	(20,14)
0.00030918916308865176134784867	(20,15)
0.00031987517347239119198207609	(20,16)
0.00032325059068305314942611774	(20,17)
0.00031884635891744833117681936	(20,18)
0.000306599843286491509266323	(20,19)
0.0002868893697720515353279679	(20,20)
0.0002605391718667100610309768	(20,21)
0.0002287925451867539111181096	(20,22)
0.0001932536835375844162950405	(20,23)
0.0001558013345418138453665877	(20,24)
0.0001184798199903691927963783	(20,25)
0.0000833749028011005948631521	(20,26)
0.0000524832916630895636838	(20,27)
0.0000275851638780330747359497	(20,28)
0.000010128930427285929590967	(20,29)
1.136599335828130782282e-6	(20,30)
6.9931407166026729338568e-7	(21,1)
6.28209104380986272642611e-6	(21,2)
0.00001738204873452234231870327	(21,3)
0.00003385406877370371552482735	(21,4)
0.00005544790928403089477137209	(21,5)
0.0000817751793891102240018172	(21,6)
0.00011227466462488525751802339	(21,7)
0.00014618263768865599528822405	(21,8)
0.00018251485878521027083510414	(21,9)
0.00022006620254732014279147337	(21,10)
0.00025743228612135414200795155	(21,11)
0.00029305525045089212713481994	(21,12)
0.00032529318462460501134835867	(21,13)
0.00035250986817190599951090859	(21,14)
0.00037317886059044839340524367	(21,15)
0.00038599380969507157051229812	(21,16)
0.00038997545353250363462562972	(21,17)
0.0003845653440871318544513305	(21,18)
0.0003696969036981488260937827	(21,19)
0.0003458359940430027207124609	(21,20)
0.0003139855745718859770150201	(21,21)
0.0002756520023278424890634438	(21,22)
0.0002327737713395451367706639	(21,23)
0.0001876166841878141693586484	(21,24)
0.0001426422904730342957383251	(21,25)
0.0001003586701248634550290946	(21,26)
0.0000631641110371066735075565	(21,27)
0.0000331948393780105921889061	(21,28)
0.000012187695071146958640828	(21,29)
1.367560793233400066051e-6	(21,30)
8.3167736435706344868946e-7	(22,1)
7.47113805899701923214136e-6	(22,2)
0.00002067202248099749639790027	(22,3)
0.00004026161300869394776196799	(22,4)
0.00006594191434090338597825042	(22,5)
0.00009725018839620262565202862	(22,6)
0.0001335175339064471582840597	(22,7)
0.00017383345880080492124420253	(22,8)
0.00021702448250523666951206216	(22,9)
0.00026165388588668703299576905	(22,10)
0.00030604784455511460281625292	(22,11)
0.00034835049674138001985097365	(22,12)
0.00038660727738809084884226499	(22,13)
0.00041887244708034119667328151	(22,14)
0.00044333355545944076841755628	(22,15)
0.00045844299710618522377914719	(22,16)
0.0004630451785850833497115873	(22,17)
0.0004564873462908564951912145	(22,18)
0.0004387029123416121359555059	(22,19)
0.0004102580920945214295053396	(22,20)
0.0003723556208866274064260724	(22,21)
0.0003267929280582090778113134	(22,22)
0.0002758760293698226428559015	(22,23)
0.000222294161205553149613621	(22,24)
0.0001689634672655524608273901	(22,25)
0.000118850582560787414853609	(22,26)
0.0000747885589228172788440686	(22,27)
0.000039298160573460956576153	(22,28)
0.000014427139393773772871866	(22,29)
1.618763891891655297107e-6	(22,30)
9.7565531158939842889511e-7	(23,1)
8.76452133699529902594691e-6	(23,2)
0.0000242506730564823060329373	(23,3)
0.00004723131363085728828267155	(23,4)
0.00007735633256287695227870282	(23,5)
0.00011408175275967452169814354	(23,6)
0.00015662089204081576904984891	(23,7)
0.0002039026418977489860538242	(23,8)
0.0002545463788787913087344747	(23,9)
0.00030686193593177670635504295	(23,10)
0.00035888082043726375163114674	(23,11)
0.00040842165996377970820206858	(23,12)
0.00045318900672060010828091484	(23,13)
0.00049090056444024125904673416	(23,14)
0.00051943410290914825659426574	(23,15)
0.00053698227678406777094541524	(23,16)
0.0005422016737339798577559924	(23,17)
0.0005343419526397992894159714	(23,18)
0.0005133419861486264414600083	(23,19)
0.0004798823900849333447203243	(23,20)
0.0004353874259476292042224316	(23,21)
0.0003819735928920403308701576	(23,22)
0.0003223468070683056722363234	(23,23)
0.0002596544263156985095553507	(23,24)
0.0001973021070407149949975504	(23,25)
0.0001387482725755732999238609	(23,26)
0.0000872906480514708168924685	(23,27)
0.0000458598185033238762111973	(23,28)
0.000016834142339427338569675	(23,29)
1.88872742780491625525e-6	(23,30)
1.13093497629720634598479e-6	(24,1)
0.00001015942950669069509874336	(24,2)
0.00002811021809041184063284534	(24,3)
0.00005474799121080878876824236	(24,4)
0.00008966621906046692608147191	(24,5)
0.00013223285102950490079949436	(24,6)
0.00018153337712409195799617868	(24,7)
0.00023632225521455908506495799	(24,8)
0.00029499384927037319830015276	(24,9)
0.00035558274975573114059745431	(24,10)
0.00041580070623558350504705335	(24,11)
0.00047311361078363320998278714	(24,12)
0.0005248574103971553811874171	(24,13)
0.00056838701226121901087033119	(24,14)
0.00060124776709304970419841357	(24,15)
0.0006213555571997629142275229	(24,16)
0.0006271693674973175022642603	(24,17)
0.0006178397961109759667083514	(24,18)
0.0005933183559354286228022437	(24,19)
0.0005544154777489990698240077	(24,20)
0.0005027994832296031328307085	(24,21)
0.00044093393597381279734806	(24,22)
0.0003719561179188438741400299	(24,23)
0.0002995043566217994129365733	(24,24)
0.0002275060797399788313312679	(24,25)
0.00015994147266816034385249	(24,26)
0.00010059929771322730462071	(24,27)
0.0000528417796280500065386581	(24,28)
0.000019394570822089275292795	(24,29)
2.17585598416225691924e-6	(24,30)
1.29719475593861356214274e-6	(25,1)
0.00001165297333360187983363601	(25,2)
0.00003224265940755484316049816	(25,3)
0.00006279604373332563384342233	(25,4)
0.00010284592826096780072041993	(25,5)
0.00015166540454350277836036993	(25,6)
0.00020820212126871090060469699	(25,7)
0.00027102229847495491738038278	(25,8)
0.00033827742201036505985737475	(25,9)
0.00040770507365391299478081492	(25,10)
0.00047667226525005438755977138	(25,11)
0.00054226519735714948746389769	(25,12)
0.0006014240045739096035491201	(25,13)
0.00065111539781103354021249271	(25,14)
0.0006885308796788715771627984	(25,15)
0.000711294097654346107508683	(25,16)
0.0007176584965217224503249852	(25,17)
0.0007066761029520680665737362	(25,18)
0.0006783201023117858192638503	(25,19)
0.0006335476332696308494997979	(25,20)
0.0005742944540803242087402418	(25,21)
0.0005033991786757392601162588	(25,22)
0.0004244609335526697731602054	(25,23)
0.0003416398906252460157941065	(25,24)
0.0002594146669863286523875205	(25,25)
0.0001823137180234120429759257	(25,26)
0.0001146394511605171671805197	(25,27)
0.0000602038919730076090862508	(25,28)
0.000022093507060291076447878	(25,29)
2.47846571407303723479e-6	(25,30)
1.47409908397263055471555e-6	(26,1)
0.00001324213812490715167440748	(26,2)
0.00003663965138809275218000426	(26,3)
0.0000713591905332784178608389	(26,4)
0.00011686869573425261743613936	(26,5)
0.00017233966412043883268144188	(26,6)
0.00023657191644420879949068363	(26,7)
0.00030792963264766620360977833	(26,8)
0.000384303544769700491375735	(26,9)
0.00046311247404376038568325194	(26,10)
0.00054135381666508319080832181	(26,11)
0.00061570740098030944194550467	(26,12)
0.00068269088629667561228916057	(26,13)
0.00073885828540127204330890292	(26,14)
0.0007810271228631245528657668	(26,15)
0.0008065150345878143526912118	(26,16)
0.0008133639659094321086160668	(26,17)
0.0008005299543349969049927689	(26,18)
0.0007680188518121518349094997	(26,19)
0.0007169529456440136769064256	(26,20)
0.0006495596648782747647688161	(26,21)
0.0005690806066837113158835262	(26,22)
0.0004796061338231365720352798	(26,23)
0.0003858470187922816465915824	(26,24)
0.0002928594741842701386020284	(26,25)
0.0002057430880387705854372758	(26,26)
0.0001293325954141489591511446	(26,27)
0.000067904180141610842851521	(26,28)
0.000024915362401503491374771	(26,29)
2.7947974272526050459e-6	(26,30)
1.66128832706885296059795e-6	(27,1)
0.00001492369297742372573381076	(27,2)
0.00004129224993022731461229974	(27,3)
0.00008041998377957428449388048	(27,4)
0.00013170583964291026331878877	(27,5)
0.00019421303673737111129151644	(27,6)
0.00026658361364994375516607307	(27,7)
0.00034696591589827706514125368	(27,8)
0.00043297204397630585488411678	(27,9)
0.00052168033452581420362317947	(27,10)
0.00060969381587099634303605575	(27,11)
0.00069325957855337340529459326	(27,12)
0.00076844674904808925185185389	(27,13)
0.0008313731230412186732500838	(27,14)
0.0008784635232004156417253941	(27,15)
0.0009067176039151829975825936	(27,16)
0.0009139619512284241527641039	(27,17)
0.0008990613928449645143685078	(27,18)
0.0008620674717835138709558505	(27,19)
0.0008042876307659963328557512	(27,20)
0.0007282660222336819085153034	(27,21)
0.0006376750113514145225686755	(27,22)
0.0005371243620213147221144116	(27,23)
0.000431901918506264959613932	(27,24)
0.0003276647097529483186414383	(27,25)
0.0002301025129283381214162381	(27,26)
0.0001445970125121179445967029	(27,27)
0.000075899001214446568444595	(27,28)
0.000027843940560390594951763	(27,29)
3.12302402786070797455e-6	(27,30)
1.85836692862020740952288e-6	(28,1)
0.0000166940842725155432399756	(28,2)
0.0000461906178396763480641413	(28,3)
0.00008995923518435221744696919	(28,4)
0.00014732582368333037656218428	(28,5)
0.00021723870887926767232995562	(28,6)
0.00029817224509322541407392947	(28,7)
0.00038804518319077435490249577	(28,8)
0.00048417314694633198436430128	(28,9)
0.00058327233807403912880894572	(28,10)
0.00068152685110764158652976497	(28,11)
0.00077472506676551513283403901	(28,12)
0.00085846222440506293857469028	(28,13)
0.0009283974820510714553969479	(28,14)
0.0009805457692525004098539547	(28,15)
0.0010115787213231459443518481	(28,16)
0.0010191059128600521187928587	(28,17)
0.0010019080109221275732467684	(28,18)
0.0009600973258379404869877433	(28,19)
0.0008951879891259566504354687	(28,20)
0.0008100666473776908558192835	(28,21)
0.0007088639198009416839885093	(28,22)
0.0005967357276585635482626428	(28,23)
0.0004795709837547564104688685	(28,24)
0.0003636473951613880908984368	(28,25)
0.0002552600375644239458369562	(28,26)
0.0001603480066053563128966618	(28,27)
0.0000841431889635441226129	(28,28)
0.000030862496798055488557356	(28,29)
3.46125750928720200503e-6	(28,30)
2.06489186079745505549231e-6	(29,1)
0.0000185493319434391197255832	(29,2)
0.00005132373790409242938430766	(29,3)
0.00009995545776623151710142087	(29,4)
0.00016369334500839789658831633	(29,5)
0.0002413643076386819504778104	(29,6)
0.00033126520026924155424668912	(29,7)
0.00043107150016728085543632585	(29,8)
0.00053778460399713426608130596	(29,9)
0.00064773708145672042730527591	(29,10)
0.00075666981219931793322526375	(29,11)
0.00085988700638752486236597672	(29,12)
0.0009524854995794610556845451	(29,13)
0.0010296446343801057099862822	(29,14)
0.0010869539315755560397513211	(29,15)
0.0011207490276574757583400485	(29,16)
0.0011284231305672390345611598	(29,17)
0.0011086821009762463068486348	(29,18)
0.0010617161133425455997716291	(29,19)
0.0009892689470420943800785068	(29,20)
0.0008945960693330662042746926	(29,21)
0.0007823133362245164275232255	(29,22)
0.0006581479541111013964814663	(29,23)
0.0005286112207070836788608859	(29,24)
0.0004006178565093018688567255	(29,25)
0.0002810792845317224855212426	(29,26)
0.0001764982565974359609866064	(29,27)
0.0000925902639697109392435812	(29,28)
0.000033953821253507550542255	(29,29)
3.80755865558842214078e-6	(29,30)
2.28036259746037832637148e-6	(30,1)
0.00002048493940556230166318917	(30,2)
0.00005667916378435094027248503	(30,3)
0.00011038438134751647937276228	(30,4)
0.0001807685432162826159987491	(30,5)
0.00026653074120267211829641186	(30,6)
0.00036578065024323662873473729	(30,7)
0.00047593694395058948630071297	(30,8)
0.00059366922534649771567636212	(30,9)
0.00071490520035562058086306639	(30,10)
0.00083491867228736995932203845	(30,11)
0.0009485048857362735060513161	(30,12)
0.0010502387605463368744564078	(30,13)
0.0011348000572615064542662255	(30,14)
0.0011973392010113225326826549	(30,15)
0.0012338500258577080183850279	(30,16)
0.0012415123780780361085153627	(30,17)
0.0012189689630330487219400348	(30,18)
0.0011665068487879328430479729	(30,19)
0.0010861236836305383022061959	(30,20)
0.0009814704153374604098967184	(30,21)
0.0008576743631977523433465648	(30,22)
0.0007210572687216714081005123	(30,23)
0.0005787712380940154969188943	(30,24)
0.0004383806638344455919195734	(30,25)
0.0003074202283289985566397972	(30,26)
0.0001929583621058753316563451	(30,27)
0.0001011927441577450298175512	(30,28)
0.000037100358820158610143279	(30,29)
4.15995082415606466932e-6	(30,30)
2.50421319607164364273761e-6	(31,1)
0.00002249582243281628791731188	(31,2)
0.00006224282333978763269089695	(31,3)
0.00012121857024444641381708906	(31,4)
0.00019850637698000251636550846	(31,5)
0.0002926712873112616783913189	(31,6)
0.00040162631405513073239574471	(31,7)
0.00052252003265673125789657334	(31,8)
0.00065167298393376754129154287	(31,9)
0.00078458718583722305799368485	(31,10)
0.00091604609135048449113067171	(31,11)
0.0010403120371239520385909968	(31,12)
0.0011514157146792621176603251	(31,13)
0.0012435191325967301913711241	(31,14)
0.0013113219180873207499225446	(31,15)
0.0013504725786808516666305683	(31,16)
0.0013579429941912359759732758	(31,17)
0.0013323266051726003347703477	(31,18)
0.0012740281880716676430090726	(31,19)
0.0011853245176247801695941446	(31,20)
0.0010702887377373498318579682	(31,21)
0.0009345848081763981185420408	(31,22)
0.0007851501098081114139640526	(31,23)
0.0006297928812344080696029188	(31,24)
0.0004767360474015007112475656	(31,25)
0.0003341402963719711624208823	(31,26)
0.0002096375899868175976312823	(31,27)
0.0001099025584869195668979102	(31,28)
0.000040284366303998858963805	(31,29)
4.51643787698750464422e-6	(31,30)
2.73580667136601472884331e-6	(32,1)
0.00002457625862197358434469014	(32,2)
0.00006799887892740511765361368	(32,3)
0.00013242715197941559165358157	(32,4)
0.00021685618272753846033969236	(32,5)
0.00031971095079658121967629918	(32,6)
0.00043869859589793481676360132	(32,7)
0.00057068464025180407631174822	(32,8)
0.00071162372867599481836799022	(32,9)
0.00085657194377579234385781775	(32,10)
0.00099979989859585039351366493	(32,11)
0.0011350141463732470556266127	(32,12)
0.0012556802526215035901515844	(32,13)
0.0013554260963749324599032163	(32,14)
0.001428490939918382999439099	(32,15)
0.0014701768002459649788907726	(32,16)
0.0014772553662597159420301588	(32,17)
0.0014482868328873091780456176	(32,18)
0.001383816077363968704709797	(32,19)
0.0012864250106811970194854204	(32,20)
0.001160635418568366162409687	(32,21)
0.0010126717063978550022145898	(32,22)
0.0008501055783383984736054171	(32,23)
0.0006814134406990717135775951	(32,24)
0.0005154817310348268608839469	(32,25)
0.0003610957500348494716544668	(32,26)
0.0002264447895960013063414678	(32,27)
0.0001186715461022418070780613	(32,28)
0.000043488100125797971092368	(32,29)
4.87502549088642254726e-6	(32,30)
2.97443161000481278379608e-6	(33,1)
0.00002671985698852784583201564	(33,2)
0.00007392964341000416389830283	(33,3)
0.00014397565453430517731645964	(33,4)
0.00023576141124510564652555089	(33,5)
0.00034756608393559039181306668	(33,6)
0.00047688208404930432565154133	(33,7)
0.00062027938416983480232226979	(33,8)
0.00077333049092664734862770592	(33,9)
0.00093062607390596882497439059	(33,10)
0.0010859024224652712090019926	(33,11)
0.0012322887339674476427548113	(33,12)
0.0013626661952399588415571682	(33,13)
0.0014701141686077888279032137	(33,14)
0.0015484042573199398638475449	(33,15)
0.001592493234633409063745194	(33,16)
0.0015989626993158498465609961	(33,17)
0.0015663575818583414256123497	(33,18)
0.0014953865635142083048850749	(33,19)
0.0013889631158824169021753653	(33,20)
0.0012520834773383497600623121	(33,21)
0.0010915545906471296099321397	(33,22)
0.0009155984779513289310366946	(33,23)
0.0007333682998476040538607214	(33,24)
0.0005544150726695429924033989	(33,25)
0.0003881432644910268287984742	(33,26)
0.0002432894236263286439855382	(33,27)
0.000127452012203189086381781	(33,28)
0.000046694023816028719412826	(33,29)
5.23374462908478509365e-6	(33,30)
3.21930085994528257418091e-6	(34,1)
0.00002891954620035976656372175	(34,2)
0.0000800155477367402407898491	(34,3)
0.00015582594406822781293625539	(34,4)
0.00025515952889878770955117376	(34,5)
0.00037614424978033604315621071	(34,6)
0.00051604938382864871396806974	(34,7)
0.00067113744860083753888464406	(34,8)
0.00083658333604319290819116524	(34,9)
0.00100649380755892835387257349	(34,10)
0.00117405059239453305958639	(34,11)
0.0013317855148423284586332803	(34,12)
0.0014719780133256928595277366	(34,13)
0.0015871467301649494024476259	(34,14)
0.001670590705966968078461279	(34,15)
0.001716925142679663850238971	(34,16)
0.0017225538707508209523518687	(34,17)
0.0016860262762738086899292938	(34,18)
0.0016082395358947184885621284	(34,19)
0.001492465136608397962234526	(34,20)
0.0013441985513456548423742248	(34,21)
0.0011708492907872547784593034	(34,22)
0.0009813027486387482261234792	(34,23)
0.0007853938561702318735979101	(34,24)
0.0005933353812962652360986688	(34,25)
0.0004151416122149008928840495	(34,26)
0.0002600826531120677123080615	(34,27)
0.000136197307765241436668709	(34,28)
0.00004988502309387366680495	(34,29)
5.59067579650269442686e-6	(34,30)
3.46955208524678218969557e-6	(35,1)
0.00003116757956900176787152089	(35,2)
0.00008623515489010879197261534	(35,3)
0.00016793625293724399136369657	(35,4)
0.00027498206674334260314417434	(35,5)
0.00040534430354801786059838063	(35,6)
0.00055606124981120624004667999	(35,7)
0.00072307679706693022360616846	(35,8)
0.00090115370015770498958908	(35,9)
0.0010838975285693484498200938	(35,10)
0.0012639167189753271169064391	(35,11)
0.0014331275233582877801150025	(35,12)
0.0015831923843668666075090427	(35,13)
0.0017060593870234742388857533	(35,14)
0.0017945525876350662136984843	(35,15)
0.0018429516892792611232971155	(35,16)
0.0018474971417380121247049494	(35,17)
0.0018067639674820174028401185	(35,18)
0.001721863144911079485780894	(35,19)
0.0015964502400122637552274636	(35,20)
0.0014365433013642375345713893	(35,21)
0.0012501720340902536971637614	(35,22)
0.0010468950918662657237276948	(35,23)
0.0008372305474030037497715171	(35,24)
0.0006320462780671048271150145	(35,25)
0.0004419533550813953135914167	(35,26)
0.0002767384158271548178395002	(35,27)
0.000144862400834661047135902	(35,28)
0.000053044616600878153760682	(35,29)
5.94397273591064980474e-6	(35,30)
3.72424997361790385697996e-6	(36,1)
0.00003345555488759365111694475	(36,2)
0.0000925652149080323608022452	(36,3)
0.00018026128768535955987420765	(36,4)
0.00029515480050374422654954049	(36,5)
0.00043505666671429621236963679	(36,6)
0.0005967669818809641915016301	(36,7)
0.00077590072696949068584967628	(36,8)
0.00096679515092976172484099729	(36,9)
0.0011625388000398028325078314	(36,10)
0.0013551498567883321647059682	(36,11)
0.0015359128869852788643955882	(36,12)
0.0016958604471420809551594416	(36,13)
0.0018263627584976435041405283	(36,14)
0.0019197690136306834354258886	(36,15)
0.001970031820163417932753191	(36,16)
0.0019732444945370024494199843	(36,17)
0.0019280300077316295427184957	(36,18)
0.001835738644976462263295836	(36,19)
0.0017004352748293503141936916	(36,20)
0.0015286820038468216704794279	(36,21)
0.0013291436280034234817947705	(36,22)
0.0011120585968374168759780525	(36,23)
0.000888625825446277038986658	(36,24)
0.000670357980307146799386887	(36,25)
0.0004684464588921751203001933	(36,26)
0.0002931744435378752246856674	(36,27)
0.000153404410657999839996529	(36,28)
0.00005615715172752089117513	(36,29)
6.29188437960792983274e-6	(36,30)
3.98238989890379863800695e-6	(37,1)
0.0000357744473384171139876328	(37,2)
0.00009898075605972382497210517	(37,3)
0.00019275240739549128125114379	(37,4)
0.00031559804558861100013769477	(37,5)
0.00046516377017151519725915161	(37,6)
0.00063800505203612951562402666	(37,7)
0.0008293987217771662335109167	(37,8)
0.00103324451471536561556069721	(37,9)
0.0012420998239629361198456661	(37,10)
0.0014473776591403538472311156	(37,11)
0.0016397171378727012288570776	(37,12)
0.0018095106212973567842746797	(37,13)
0.0019475458334200966999993175	(37,14)
0.0020456997912556012081839583	(37,15)
0.0020976086276483950511934051	(37,16)
0.002099236377609665012143324	(37,17)
0.0020492770292166745114865742	(37,18)
0.0019493454280515323899218824	(37,19)
0.0018039396641898104427823325	(37,20)
0.0016201851137336028761524621	(37,21)
0.0014073935308432446757542628	(37,22)
0.0011764862010022383855975051	(37,23)
0.0009393369425661967648819009	(37,24)
0.0007080894053483340936459898	(37,25)
0.0004944957581244905598624977	(37,26)
0.0003093131729914895098891991	(37,27)
0.000161783081118469470258197	(37,28)
0.000059207976949464038691233	(37,29)
6.63277409696274416253e-6	(37,30)
4.24290286146104145806916e-6	(38,1)
0.0000381146538792781900491966	(38,2)
0.0001054552077696420886058987	(38,3)
0.00020535786379300826686824195	(38,4)
0.00033622705293764061341152429	(38,5)
0.00049554064523336886593740452	(38,6)
0.00067960393217759697784329094	(38,7)
0.00088334756083716329896906944	(38,8)
0.0011002233179737386729726258	(38,9)
0.0013222452672358068748994873	(38,10)
0.0015402086417003454899155638	(38,11)
0.0017440959605901707363253265	(38,12)
0.0019236518697343901397532713	(38,13)
0.0020690797507564686368652513	(38,14)
0.0021717896888969589296066998	(38,15)
0.0022251140222600647749678525	(38,16)
0.0022249066609409947042761772	(38,17)
0.0021699560223487543746540758	(38,18)
0.0020621660406692526633671345	(38,19)
0.0019064901734742945131432406	(38,20)
0.0017106336128483127559972978	(38,21)
0.0014845636469076375511984899	(38,22)
0.0012398838473673802231902498	(38,23)
0.0009891334406433891467282166	(38,24)
0.0007450700128687106338029711	(38,25)
0.0005199842151157425757030459	(38,26)
0.0003250825164326042530169988	(38,27)
0.000169961175918758562571384	(38,28)
0.000062183584339420872095011	(38,29)
6.96513553383090995817e-6	(38,30)
4.50466154945220414997827e-6	(39,1)
0.00004046604769843787724853168	(39,2)
0.000111960551383184995313182	(39,3)
0.0002180230954675417346561416	(39,4)
0.00035695249310116053751494081	(39,5)
0.00052605564362797453373718479	(39,6)
0.00072138309636868049848590195	(39,7)
0.00093751265107329133590202092	(39,8)
0.0011674394961632291972164541	(39,9)
0.0014026243943163448418855564	(39,10)
0.0016332347802026959996545589	(39,11)
0.0018485882841883296532586718	(39,12)
0.0020377772935040773766695977	(39,13)
0.0021904218754045459463909839	(39,14)
0.0022974729324618281034414704	(39,15)
0.0023519735475681514733323529	(39,16)
0.0023496876279926638957087174	(39,17)
0.0022895213348614424157414638	(39,18)
0.0021736910083348603373608898	(39,19)
0.0020076253866801758855901221	(39,20)
0.0017996229934589757047693587	(39,21)
0.001560311716629607001871748	(39,22)
0.0013019732330679859174573848	(39,23)
0.0010377992622620772011785889	(39,24)
0.0007811413273055012989167166	(39,25)
0.0005448039349473470505490738	(39,26)
0.0003404164686551332808072587	(39,27)
0.000177904784036486339327298	(39,28)
0.000065071718202409966582732	(39,29)
7.2876045985506007453e-6	(39,30)
4.76648738065697057049001e-6	(40,1)
0.00004281804147660818647160328	(40,2)
0.0001184674952797709524828143	(40,3)
0.00023069106938272398123752779	(40,4)
0.00037768101727249921280295618	(40,5)
0.00055657126958856305255837274	(40,6)
0.00076315417379524611923980993	(40,7)
0.00099164954848747900875194548	(40,8)
0.0012345893281030394601992744	(40,9)
0.0014828734527671760621775592	(40,10)
0.0017260343749073182968979847	(40,11)
0.0019527196361098672740301038	(40,12)
0.0021513679605609734703102765	(40,13)
0.0023110200543633725846609554	(40,14)
0.0024221778035933735057911837	(40,15)
0.0024776111970002577980711773	(40,16)
0.00247301485610346507707741	(40,17)
0.0024074354425783153359803597	(40,18)
0.0022834233237029195565466003	(40,19)
0.0021068997595255811820299502	(40,20)
0.0018867667621293478193795798	(40,21)
0.0016343142070078581412544677	(40,22)
0.0013624940755747192342443547	(40,23)
0.0010851344300970747518497823	(40,24)
0.0008161581042154293109017732	(40,25)
0.0005688569137226279929117128	(40,26)
0.0003552555383031705865247176	(40,27)
0.000185583529744442582341092	(40,28)
0.000067861447932609182765809	(40,29)
7.59896739235311993042e-6	(40,30)
5.02715839665060053328012e-6	(41,1)
0.00004515965830463195733729005	(41,2)
0.00012494567114399401797573548	(41,3)
0.0002433026634400807088272442	(41,4)
0.00039831588498031232396736533	(41,5)
0.00058694510863228149258014448	(41,6)
0.00080472223075137305761451067	(41,7)
0.001045505640238836721310755	(41,8)
0.0013013595575855314201245643	(41,9)
0.0015626182629415542451800909	(41,10)
0.001818175121047610401289844	(41,11)
0.0020560056839763976764542124	(41,12)
0.0022638968806908079105128426	(41,13)
0.0024303169524317533216587579	(41,14)
0.0025453312276293696532554194	(41,15)
0.0026014541128756900883350418	(41,16)
0.0025943318626949644227099958	(41,17)
0.0025231733720309785303527384	(41,18)
0.002390882487368763697755706	(41,19)
0.0022038871518437750689980721	(41,20)
0.0019716993836537036509037221	(41,21)
0.0017062686408380845415068655	(41,22)
0.001421205853161069716731301	(41,23)
0.0011309562669069467692571187	(41,24)
0.0008499891250163898220552017	(41,25)
0.0005920555128934334632911271	(41,26)
0.0003695470007780221033199474	(41,27)
0.000192970686638400093820011	(41,28)
0.000070543205099778894840512	(41,29)
7.89816409731237822901e-6	(41,30)
5.28541788940555514580257e-6	(42,1)
0.00004747960917920080331474843	(42,2)
0.0001313638484100938197577118	(42,3)
0.00025579708426506476401652665	(42,4)
0.00041875764881872409317756964	(42,5)
0.00061703083864256043960784339	(42,6)
0.00084588716146608510591629201	(42,7)
0.0010988219601838984723127946	(42,8)
0.0013674296669680727250834626	(42,9)
0.0016414769671417938292522954	(42,10)
0.0019092173300970499112644894	(42,11)
0.0021579558988902971973364457	(42,12)
0.0023748330491152756591397401	(42,13)
0.002547754379951261449978886	(42,14)
0.0026663632562960769024697514	(42,15)
0.0027229370689278300164014022	(42,16)
0.0027130944196646123794905202	(42,17)
0.0026362266837089676585239944	(42,18)
0.0024956080213950842797614975	(42,19)
0.0022981837744981428112730092	(42,20)
0.0020540786173756880031838222	(42,21)
0.0017758953339775267037056144	(42,22)
0.0014778890036957954073904245	(42,23)
0.0011751001514980955181548427	(42,24)
0.0008825176225892871600237301	(42,25)
0.0006143226652264333393230482	(42,26)
0.0003832449783414241723090934	(42,27)
0.00020004319946717570230954	(42,28)
0.000073108786375221844338883	(42,29)
8.18428901487558511784e-6	(42,30)
5.53998364524363274001307e-6	(43,1)
0.00004976637604276324768547043	(43,2)
0.00013769016401683125040776607	(43,3)
0.0002681123146247119163595245	(43,4)
0.0004389048870044075120832454	(43,5)
0.00064667930952118172292018971	(43,6)
0.00088644516858204544869231248	(43,7)
0.0011513351122627041388784388	(43,8)
0.0014324742697185545985833641	(43,9)
0.0017190628969045212375838353	(43,10)
0.0019987172515274540743091573	(43,11)
0.0022580772807858623483819067	(43,12)
0.0024836454908180890735997764	(43,13)
0.002662777537868886701303444	(43,14)
0.0027847113665653830257083811	(43,15)
0.002841506657903254914323305	(43,16)
0.0028287744624024702231006229	(43,17)
0.0027461069519307754973586626	(43,18)
0.0025971624050467229986284135	(43,19)
0.0023894105162009697559345326	(43,20)
0.0021335872276342221078941106	(43,21)
0.001842938537138798070717056	(43,22)
0.0015323455896882548117550135	(43,23)
0.0012174198256635261386228334	(43,24)
0.0009136413552816379517176521	(43,25)
0.0006355918285968378287863248	(43,26)
0.0003963103596373940523875108	(43,27)
0.000206781621018269622480841	(43,28)
0.000075551325168230434569165	(43,29)
8.45658708893145997156e-6	(43,30)
5.78955769344634666016135e-6	(44,1)
0.00005200829935520023385612269	(44,2)
0.00014389236466991928818523963	(44,3)
0.00028018558500824449655689993	(44,4)
0.00045865497476763750194695028	(44,5)
0.0006757396780488695883774575	(44,6)
0.0009261903147266925962641359	(44,7)
0.0012027792771702165273502267	(44,8)
0.0014961655906261345347361081	(44,9)
0.0017949875198498751237755308	(44,10)
0.0020862304490303157331398508	(44,11)
0.0023558780927336778171797103	(44,12)
0.0025898072466644197918781322	(44,13)
0.0027748391176132198271803665	(44,14)
0.0028998245128756868830700313	(44,15)
0.002956625125227540785440065	(44,16)
0.0029408635425921458663434751	(44,17)
0.0028523487026482348679602264	(44,18)
0.0026951334090315978759105407	(44,19)
0.0024772146426048952353286956	(44,20)
0.0022099340758276705244914372	(44,21)
0.0019071670019675506834037071	(44,22)
0.0015843994573480246710629495	(44,23)
0.001257787282991405171436243	(44,24)
0.0009432723587208242504662915	(44,25)
0.0006558067119328532777133496	(44,26)
0.0004087105758289801862542061	(44,27)
0.000213169973855669075311008	(44,28)
0.000077865235758091166865657	(44,29)
8.71444734875956112148e-6	(44,30)
6.03283644752762078236917e-6	(45,1)
0.00005419366919114703709235761	(45,2)
0.00014993805882746119358980934	(45,3)
0.00029195386394302690736763553	(45,4)
0.00047790488567205033806600228	(45,5)
0.00070406058477952705602613024	(45,6)
0.0009649161270023485249637767	(45,7)
0.0012528882785131306269628741	(45,8)
0.0015581760037947832879365177	(45,9)
0.0018688634299634829352377254	(45,10)
0.0021713151891135747801479072	(45,11)
0.0024508715571053865088385283	(45,12)
0.0026927992510068848615658511	(45,13)
0.0028834032049762244350730569	(45,14)
0.0030111668849401965068833822	(45,15)
0.0030677738080048734175447476	(45,16)
0.0030488757950304745475570349	(45,17)
0.0029545117935255659735481602	(45,18)
0.0027891358283882345985755136	(45,19)
0.0025612708834065440127268159	(45,20)
0.002282854623251456005149871	(45,21)
0.0019683740101166493522080028	(45,22)
0.0016338959330390990318465144	(45,23)
0.0012960922824995894293074811	(45,24)
0.0009713364135093143720192044	(45,25)
0.0006749208033461559385625391	(45,26)
0.0004204192539092405850388535	(45,27)
0.000219195548370004342181371	(45,28)
0.000080046134289883402564214	(45,29)
8.95739377101383289139e-6	(45,30)
6.2685211268888284077337e-6	(46,1)
0.00005631081885433871865675953	(46,2)
0.00015579497561785478303448674	(46,3)
0.00030335436161242517613448449	(46,4)
0.00049655201397012097929540007	(46,5)
0.00073149135987218567895312173	(46,6)
0.0010024172364687827653156896	(46,7)
0.0013013976852461924073058819	(46,8)
0.0016181805997565743018463459	(46,9)
0.0019403073474107068076915091	(46,10)
0.0022535358037080454821079654	(46,11)
0.0025425794722479819622439539	(46,12)
0.0027921140587326706973253399	(46,13)
0.0029879489483388795695232307	(46,14)
0.0031182213375165223813599089	(46,15)
0.0031744561555557099076311829	(46,16)
0.0031523504078343333941793573	(46,17)
0.0030521832410407838712532896	(46,18)
0.0028788126346989034990118148	(46,19)
0.002641281942690697811910186	(46,20)
0.0023521108912702442509794133	(46,21)
0.0020263769186248269644501118	(46,22)
0.0016807011119572809708519427	(46,23)
0.0013322415384073985936540355	(46,24)
0.0009977722725016944717468977	(46,25)
0.0006928967339359293072673731	(46,26)
0.0004314157696281309366601502	(46,27)
0.000224848649465003369632529	(46,28)
0.000082090741286784636142236	(46,29)
9.18507408991582221728e-6	(46,30)
6.49532834589312953606714e-6	(47,1)
0.00005834821999427166286149698	(47,2)
0.00016143122788374780457751704	(47,3)
0.00031432504131723172114995924	(47,4)
0.00051449500908320502927068298	(47,5)
0.00075788324480070217326103161	(47,6)
0.0010384910348834555900727035	(47,7)
0.0013480469277100278640785412	(47,8)
0.0016758597541838809174769763	(47,9)
0.0020089430961190998299527235	(47,10)
0.0023324659920082401672182001	(47,11)
0.002630535713846846377843273	(47,12)
0.0028872593876009107374539508	(47,13)
0.0030879739620955791075029086	(47,14)
0.0032204924716375908079148989	(47,15)
0.0032762003230811405988906682	(47,16)
0.0032508536023504390170817524	(47,17)
0.0031449785169016187149549155	(47,18)
0.0029638355853554379275984537	(47,19)
0.0027169784832568187787616078	(47,20)
0.0024174909385566880079144934	(47,21)
0.0020810162852808218808173167	(47,22)
0.0017247008013724894568871489	(47,23)
0.0013661576422946531848272301	(47,24)
0.0010225306942495019673912418	(47,25)
0.0007097055122037390719260497	(47,26)
0.0004416847230673090020362159	(47,27)
0.000230122304378434349808203	(47,28)
0.000083996770360720284003548	(47,29)
9.39724708609401087028e-6	(47,30)
6.71200075677787487921862e-6	(48,1)
0.00006029457820497206088387406	(48,2)
0.00016681557653136961328242341	(48,3)
0.00032480513330057201064750822	(48,4)
0.00053163461328196823541065075	(48,5)
0.0007830906169246094503340629	(48,6)
0.0010729393311656296864532239	(48,7)
0.0013925814051288181716294537	(48,8)
0.0017309016718218349381620472	(48,9)
0.0020744045294750354685239274	(48,10)
0.0024076920302750462030883556	(48,11)
0.002714289590478440019316494	(48,12)
0.0029777614491972592514288419	(48,13)
0.0031829974459107002787001336	(48,14)
0.0033175093587454879039213142	(48,15)
0.003372561343683058680301264	(48,16)
0.0033439801436579526213050183	(48,17)
0.0032325423506106056084419226	(48,18)
0.0030439053411111236454372887	(48,19)
0.0027881186472749494936060164	(48,20)
0.0024788079242594638827199339	(48,21)
0.00213215464411260962856558	(48,22)
0.0017657991847399868950282364	(48,23)
0.0013977777758314951156280185	(48,24)
0.0010455733297304854631581586	(48,25)
0.0007253256637815042221097604	(48,26)
0.000451215359417708370655866	(48,27)
0.000235011943748458698172293	(48,28)
0.000085762807626466186342697	(48,29)
9.59376886270043750773e-6	(48,30)
6.91731763263110835506936e-6	(49,1)
0.00006213892808398072242703706	(49,2)
0.00017191769336084256435027535	(49,3)
0.00033473564545478598599786711	(49,4)
0.00054787449366249747415542777	(49,5)
0.0008069722039935110656761942	(49,6)
0.001105569990308352188963343	(49,7)
0.0014347545630236279420737885	(49,8)
0.0017830048804544675266443792	(49,9)
0.0021363383766001011444804768	(49,10)
0.0024788158617517171446355099	(49,11)
0.0027934090279367380790644243	(49,12)
0.0030631680488171314820099161	(49,13)
0.0032725630093600163472392394	(49,14)
0.0034088279097758357459207871	(49,15)
0.0034631228957131572226269201	(49,16)
0.0034313544146386717113981156	(49,17)
0.0033145490865176924520538449	(49,18)
0.0031187511531931460153861324	(49,19)
0.0028544871835231692266934903	(49,20)
0.002535898831389313730417326	(49,21)
0.0021796750041203461264774913	(49,22)
0.0018039172738845833003704255	(49,23)
0.0014270522716791789428627267	(49,24)
0.0010668715080912748065203776	(49,25)
0.0007397423096029250137484403	(49,26)
0.000460000956209739250910922	(49,27)
0.00023951506722170676055913	(49,28)
0.000087388185993004826641073	(49,29)
9.77457857843119376781e-6	(49,30)
7.11010527716431037280589e-6	(50,1)
0.00006387072673425652825792581	(50,2)
0.00017670841956665052855172964	(50,3)
0.00034405986546062978774192287	(50,4)
0.00056312205958580366180733553	(50,5)
0.0008293922758200402892950534	(50,6)
0.001136198537810738249185191	(50,7)
0.001474329919690748063602219	(50,8)
0.0018318806509884640390947616	(50,9)
0.002194406983814212072823011	(50,10)
0.0025454580421748435275384451	(50,11)
0.0028674835617114950896238779	(50,12)
0.0031430514409919776327499684	(50,13)
0.0033562411994520325522105678	(50,14)
0.0034940329003847815236391178	(50,15)
0.0035474986921694498383051502	(50,16)
0.0035126310961472133026448492	(50,17)
0.0033907026522260442468050645	(50,18)
0.0031881301880150996957626623	(50,19)
0.0029158942559862416045893515	(50,20)
0.0025886229268722219679675128	(50,21)
0.0022234791443900257649316866	(50,22)
0.001838991214848009108729849	(50,23)
0.0014539430775859036341253926	(50,24)
0.0010864049642798022096124153	(50,25)
0.0007529462130910775900722044	(50,26)
0.000468038196350130969244506	(50,27)
0.000243630903788153307455576	(50,28)
0.000088872858069522251366528	(50,29)
9.93968405650597265034e-6	(50,30)
7.28924714941957962599095e-6	(51,1)
0.00006547994470437299648767873	(51,2)
0.00018116001713327394343558681	(51,3)
0.00035272384898374024354211158	(51,4)
0.00057728925688856159419675884	(51,5)
0.0008502218006124621280985603	(51,6)
0.0011646497131647202389464339	(51,7)
0.001511083021705191182685822	(51,8)
0.0018772553211000622386251345	(51,9)
0.0022482909280510187708147417	(51,10)
0.002607260519568482975169288	(51,11)
0.0029361271214412297841080746	(51,12)
0.0032170109331069717980347132	(51,13)
0.0034336317353887539158717789	(51,14)
0.0035727396711036995422686518	(51,15)
0.0036253335265617709427527958	(51,16)
0.0035874955028813868026727098	(51,17)
0.0034607362009183209308529998	(51,18)
0.0032518265612980266155465232	(51,19)
0.0029721740101499686724015759	(51,20)
0.0026368600341182304347525967	(51,21)
0.0022634857763438770100913199	(51,22)
0.0018709705094287675467302307	(51,23)
0.001478422174655757288927919	(51,24)
0.0011041605475656722927093694	(51,25)
0.0007649328237241151506368989	(51,26)
0.000475326544053153110182828	(51,27)
0.000247360075739913441454358	(51,28)
0.000090217270926872101468254	(51,29)
0.00001008914763161889532382	(51,30)
7.45369359399661061452089e-6	(52,1)
0.00006695715338440033695951112	(52,2)
0.00018524641041256629121421521	(52,3)
0.000360676888677234287390907	(52,4)
0.0005902933303909043830643662	(52,5)
0.0008693395538205729116959177	(52,6)
0.0011907589565194153488070377	(52,7)
0.001544803309348170330070487	(52,8)
0.0019188725013447031588383544	(52,9)
0.0022976914811521909167074482	(52,10)
0.0026638892300556609892330051	(52,11)
0.002998980595199551340431274	(52,12)
0.0032846752345473253059418507	(52,13)
0.0035043654606361415190097026	(52,14)
0.0036445955272001221953588796	(52,15)
0.0036963040153401683433543426	(52,16)
0.0036556636292367190053590745	(52,17)
0.0035244114932687738580541641	(52,18)
0.0033096501545266274864025793	(52,19)
0.0030231829723629814256327178	(52,20)
0.0026805086911251865831094285	(52,21)
0.0022996286396686248171036792	(52,22)
0.0018998162094860520245541899	(52,23)
0.0015004699957448518457749668	(52,24)
0.0011201309454456799152496172	(52,25)
0.0007757013407751820682095394	(52,26)
0.000481867638311202379243766	(52,27)
0.000250704273790464806145395	(52,28)
0.000091422245437280240414252	(52,29)
0.00001022307253771806970156	(52,30)
7.60247107096402080769132e-6	(53,1)
0.00006829360790704453432529874	(53,2)
0.00018894341525897720077592814	(53,3)
0.00036787195891676717430210843	(53,4)
0.0006020575465291808124193445	(53,5)
0.0008866331678253311291215514	(53,6)
0.0012143738133696216748269718	(53,7)
0.0015752958739269864992501264	(53,8)
0.0019564951441695680169564211	(53,9)
0.0023423329061103933859658124	(53,10)
0.0027150364942695954281636708	(53,11)
0.0030557141650473113432500276	(53,12)
0.0033457045529956348436054693	(53,13)
0.0035681060268864403579713792	(53,14)
0.0037092808674122803528904771	(53,15)
0.0037601190806876993140317494	(53,16)
0.0037168819618910562895330348	(53,17)
0.0035815180853750019997188415	(53,18)
0.0033614352855183561127195886	(53,19)
0.0030687983546302429267874295	(53,20)
0.0027194842626059049882614422	(53,21)
0.0023318545929515828687311886	(53,22)
0.0019254991352302906224779059	(53,23)
0.0015200738843754095296156026	(53,24)
0.0011343134526575965403527442	(53,25)
0.0007852538173548269651777127	(53,26)
0.000487664716092089322792709	(53,27)
0.000253665949542919146989023	(53,28)
0.000092488862406908094660721	(53,29)
0.00001034159008172631347156	(53,30)
7.73469078437892231014222e-6	(54,1)
0.00006948132464638649607218079	(54,2)
0.00019222895321739489965857488	(54,3)
0.00037426613142750381635154678	(54,4)
0.000612511868330856804164827	(54,5)
0.0009020001113968917474145868	(54,6)
0.00123535524297443492916718	(54,7)
0.0016023830901536856660040482	(54,8)
0.0019899074578856373678166374	(54,9)
0.0023819645684346908476703924	(54,10)
0.0027604232015639596203242913	(54,11)
0.003106029408354414738803235	(54,12)
0.0033997924428478883369617949	(54,13)
0.0036245513277950208745655345	(54,14)
0.0037665100735450432777182334	(54,15)
0.0038165202193323329601825659	(54,16)
0.0037709271163095699645921192	(54,17)
0.0036318723878870598989205129	(54,18)
0.0034070393018634027896003145	(54,19)
0.003108916332613324674963461	(54,20)
0.0027537170688884987456119057	(54,21)
0.0023601217537321995367647897	(54,22)
0.0019479981624235650464944562	(54,23)
0.0015372266288269768423135928	(54,24)
0.0011467088102657999043677824	(54,25)
0.0007935943213172605757188093	(54,26)
0.000492722075104490208806034	(54,27)
0.000256248030226587568411849	(54,28)
0.000093418357241510264587391	(54,29)
0.00001044484779464122728908	(54,30)
7.84955661428898971961249e-6	(55,1)
0.00007051315246002500085960562	(55,2)
0.0001950832484064388635619322	(55,3)
0.00037982095725166906842467038	(55,4)
0.0006215935754255205082518726	(55,5)
0.0009153485885569955396560153	(55,6)
0.001253578817205121745928488	(55,7)
0.0016259061080686615371740602	(55,8)
0.0020189166493357836857127071	(55,9)
0.0024163628478567474611377717	(55,10)
0.0027998007715814513825465416	(55,11)
0.0031496611619386023193234566	(55,12)
0.0034466674132086592093785007	(55,13)
0.0036734347024826010301113736	(55,14)
0.0038160321942395041867929174	(55,15)
0.003865281603177134496981764	(55,16)
0.003817605353018382286537109	(55,17)
0.0036753166585468519713696266	(55,18)
0.0034463411614894151541048144	(55,19)
0.0031434503588712232362523052	(55,20)
0.0027831505878323723922550234	(55,21)
0.0023843977359586338199062291	(55,22)
0.0019672986170278376767015608	(55,23)
0.0015519251004601494782935577	(55,24)
0.0011573201352592885622418754	(55,25)
0.0008007281662774820011434826	(55,26)
0.000497044583831047749011826	(55,27)
0.000258453659476899297502181	(55,28)
0.000094212024461468160384586	(55,29)
0.00001053299870368866571372	(55,30)
7.94637226421057917403229e-6	(56,1)
0.00007138283688437838133437544	(56,2)
0.00019748900491692407128518107	(56,3)
0.00038450281084949651722126193	(56,4)
0.0006292478223481808644311652	(56,5)
0.0009265983473064663177911785	(56,6)
0.0012689357976423754402322429	(56,7)
0.0016457261904279687905875613	(56,8)
0.0020433544807255861676196317	(56,9)
0.0024453328375651608528074676	(56,10)
0.0028329528848266518362493518	(56,11)
0.0031863791480756984365872164	(56,12)
0.0034860943045785254440806306	(56,13)
0.0037145259297583802527147603	(56,14)
0.0038576314561597326209401671	(56,15)
0.0039062100561541519095903466	(56,16)
0.003856752026609748262987095	(56,17)
0.0037117179859870506868167074	(56,18)
0.003479240058973954963690762	(56,19)
0.0031723295668612428881532278	(56,20)
0.0028077397790973990219113127	(56,21)
0.002404658026061154702556019	(56,22)
0.001983390809649889014575148	(56,23)
0.0015641690200718525610944629	(56,24)
0.001166151956973641446675521	(56,25)
0.000806661223027566323482511	(56,26)
0.000500637244650364601466855	(56,27)
0.000260285966943934675604012	(56,28)
0.000094871133019065051600469	(56,29)
0.00001060619182844788300014	(56,30)
8.02454754431314648107542e-6	(57,1)
0.00007208507656687833905242966	(57,2)
0.00019943156274965791343301192	(57,3)
0.00038828319252298207465798815	(57,4)
0.0006354281290345905168092662	(57,5)
0.0009356813896107230324430735	(57,6)
0.0012813340799834076309272893	(57,7)
0.0016617258830076298915779999	(57,8)
0.0020630786278516755578152139	(57,9)
0.0024687098200371419968953915	(57,10)
0.0028596969756971603966766043	(57,11)
0.0032159893629156009903357281	(57,12)
0.0035178754441938274749405528	(57,13)
0.0037476320339152427450492601	(57,14)
0.0038911276345046242577338218	(57,15)
0.0039391449489607016826177569	(57,16)
0.0038882310162561365666319743	(57,17)
0.0037409673171653113225847214	(57,18)
0.003505654149785685085529802	(57,19)
0.0031954973142494800925937258	(57,20)
0.0028274495730957239212825628	(57,21)
0.0024208845322696155339638668	(57,22)
0.0019962687363397460107448334	(57,23)
0.0015739598713187549058392057	(57,24)
0.0011732093730112168080813227	(57,25)
0.0008113993190960834426039401	(57,26)
0.000503504814285887628916808	(57,27)
0.000261747868693333387203713	(57,28)
0.00009539685307244243532838	(57,29)
0.00001066456397058083532154	(57,30)
8.08360371981623467043195e-6	(58,1)
0.00007261557130209406885385322	(58,2)
0.00020089903054678532880243179	(58,3)
0.0003911389857971346923761057	(58,4)
0.0006400967981271887380955081	(58,5)
0.0009425425750672649148851958	(58,6)
0.0012906989961683027412996136	(58,7)
0.0016738100069027474956730464	(58,8)
0.0020779738287575816293677283	(58,9)
0.0024863605103257082369984869	(58,10)
0.0028798854829618788476957327	(58,11)
0.0032383352288163589589141757	(58,12)
0.0035418515900765179247420251	(58,13)
0.0037725979218709816868197578	(58,14)
0.0039163763122935843235192902	(58,15)
0.0039639580494282539518068707	(58,16)
0.0039119341812568125196044096	(58,17)
0.0037629785744847348636523999	(58,18)
0.0035255194176467315137530084	(58,19)
0.0032129099069042098379239116	(58,20)
0.0028422535600607517724681832	(58,21)
0.0024330643355826080602489702	(58,22)
0.0020059289670277852779062681	(58,23)
0.0015812999760563569889446161	(58,24)
0.0011784973342328504990474398	(58,25)
0.0008149477320852587999967	(58,26)
0.000505651484538393413129762	(58,27)
0.000262841899711283656506523	(58,28)
0.000095790194637021181697549	(58,29)
0.00001070823284092051653041	(58,30)
8.12317786431888986462773e-6	(59,1)
0.00007297106113054244943360494	(59,2)
0.0002018823936240515931901296	(59,3)
0.0003930526668825781247488706	(59,4)
0.0006432252544968336690525687	(59,5)
0.0009471401117986065646319077	(59,6)
0.0012969739660802099708653927	(59,7)
0.0016819064636012369716739876	(59,8)
0.0020879528136602588341868535	(59,9)
0.0024981840593566067143081868	(59,10)
0.0028934068539534440111230034	(59,11)
0.0032532985126262561809708964	(59,12)
0.0035579026732744595491560708	(59,13)
0.0037893068694930824069138064	(59,14)
0.0039332690544462738262759793	(59,15)
0.0039805533613938925311439944	(59,16)
0.0039277808790327889596308384	(59,17)
0.003777687901696744387547764	(59,18)
0.0035387887228832837494651227	(59,19)
0.0032245355377440023377255551	(59,20)
0.0028521329080268294777583537	(59,21)
0.0024411886650370888926629993	(59,22)
0.0020123697381888318705966806	(59,23)
0.0015861917428467007578676058	(59,24)
0.0011820200658287148435454385	(59,25)
0.0008173107807347912046449711	(59,26)
0.000507080625266607114454778	(59,27)
0.000263570079333585009586967	(59,28)
0.00009605195836235297921203	(59,29)
0.00001073729154872932567404	(59,30)
8.14302616880987032008528e-6	(60,1)
0.00007314935605796964741927999	(60,2)
0.00020237559608457806081990801	(60,3)
0.00039401246387061456323867919	(60,4)
0.0006447943032307423900000263	(60,5)
0.000949445929310006193408931	(60,6)
0.0013001209922013464874222779	(60,7)
0.0016859668453786217381326027	(60,8)
0.002092957008814740763709231	(60,9)
0.0025041128113979693296659381	(60,10)
0.0029001862997894680425366462	(60,11)
0.0032608000120559244139776935	(60,12)
0.0035659483466100469592004239	(60,13)
0.00379768087227600534616361	(60,14)
0.0039417335184392767767728618	(60,15)
0.003988866979276211999288976	(60,16)
0.0039357175762161603960307644	(60,17)
0.0037850530702797469286837364	(60,18)
0.0035454310621243824666916702	(60,19)
0.003230353467501569597018977	(60,20)
0.0028570755321971520352051469	(60,21)
0.0024452521146578855778055461	(60,22)
0.0020155902621936442668677817	(60,23)
0.00158863709685925681778029	(60,24)
0.0011837806294078515621620324	(60,25)
0.0008184915163623724477817969	(60,26)
0.000507794590849014000874941	(60,27)
0.00026393381007039924463986	(60,28)
0.000096182698563632828365405	(60,29)
0.00001075180446514161043692	(60,30)