ldd121_(sigma,mu)
-0.00001070673440935457194716495	(1,1)
-0.00009618461163190040617365775	(1,2)
-0.00026620385256723438381748435	(1,3)
-0.00051890169083544626506026651	(1,4)
-0.00085150951604773820951051373	(1,5)
-0.00126038320728515914662556785	(1,6)
-0.00174104305885427627977989653	(1,7)
-0.00228822286088416883376034049	(1,8)
-0.00289592759702676067329316966	(1,9)
-0.00355749912711179076730881332	(1,10)
-0.00426568913512303169789532178	(1,11)
-0.00501273854326219352278863212	(1,12)
-0.0057904625220233891779595472	(1,13)
-0.0065903401648902401273259261	(1,14)
-0.007403607845161373791943626	(1,15)
-0.0082213552320681122373820644	(1,16)
-0.0090346229142125459065804972	(1,17)
-0.0098345005607441246096862104	(1,18)
-0.0106122245448013094770364457	(1,19)
-0.0113592739596362616997220858	(1,20)
-0.0120674639754504559060560971	(1,21)
-0.0127290355141045755332976748	(1,22)
-0.0133367402592078827506615331	(1,23)
-0.0138839200701984902380028813	(1,24)
-0.0143645799303366956478254256	(1,25)
-0.0147734536293770680093122928	(1,26)
-0.0151060614612851482254803173	(1,27)
-0.0153587593048493472857464733	(1,28)
-0.0155287785494494074284438128	(1,29)
-0.015614256428545252397734204	(1,30)
-0.00001070470680522824684197346	(2,1)
-0.00009616639652681727147181707	(2,2)
-0.00026615343985362259473300038	(2,3)
-0.00051880342338030671252045575	(2,4)
-0.00085134826165052295478968824	(2,5)
-0.00126014452520548224697923815	(2,6)
-0.00174071335911394969766422562	(2,7)
-0.00228778955457182275989928824	(2,8)
-0.00289537923587557579966809846	(2,9)
-0.00355682553068776478330341899	(2,10)
-0.00426488150405812855939779659	(2,11)
-0.00501178955709765522008286915	(2,12)
-0.0057893664203953770767564919	(2,13)
-0.0065890928109923388451017445	(2,14)
-0.0074022067706532498093391343	(2,15)
-0.0082197996628611510212810635	(2,16)
-0.0090329137768437580848160821	(2,17)
-0.0098326404693395010119580603	(2,18)
-0.0106102177689186409632644926	(2,19)
-0.0113571263735546019819945736	(2,20)
-0.0120651829897289746355628947	(2,21)
-0.0127266299904591003385326101	(2,22)
-0.0133342204099426981593271312	(2,23)
-0.0138812973435803157571729816	(2,24)
-0.0143618668834064365225985459	(2,25)
-0.0147706637897649871277619228	(2,26)
-0.0151032091796311582007626486	(2,27)
-0.0153558595994388018368199479	(2,28)
-0.0155258469446640299879297759	(2,29)
-0.015611308788707118989137489	(2,30)
-0.00001069090578822272775033786	(3,1)
-0.00009604241425107692504143331	(3,2)
-0.00026581030251006651447061691	(3,3)
-0.00051813455975811003837160817	(3,4)
-0.00085025067368578767931436503	(3,5)
-0.00125851992165022334928842841	(3,6)
-0.00173846924010959537201325661	(3,7)
-0.00228484023505795741301899239	(3,8)
-0.00289164679603699029402606884	(3,9)
-0.00355224068208457688390237167	(3,10)
-0.0042593843607333179868261418	(3,11)
-0.00500533030184227499357208469	(3,12)
-0.0057819058574881668853561127	(3,13)
-0.0065806027981145682782625929	(3,14)
-0.0073926705242900644908735982	(3,15)
-0.008209211933298303340842939	(3,16)
-0.0090212808907985638688342558	(3,17)
-0.0098199802402605408646360012	(3,18)
-0.0105965592769766918086010778	(3,19)
-0.0113425096192530882038870118	(3,20)
-0.0120496584268163635356241604	(3,21)
-0.0127102579453691752102068678	(3,22)
-0.0133170703962778055050024487	(3,23)
-0.0138634472811623513983401022	(3,24)
-0.0143434022321455688719462415	(3,25)
-0.014751676609051973213346341	(3,26)
-0.0150837971241785948965290956	(3,27)
-0.0153361248625270248483091217	(3,28)
-0.0155058951596451309777860561	(3,29)
-0.015591247899445633777979186	(3,30)
-0.00001064592830351108571934581	(4,1)
-0.00009563835628453127264574343	(4,2)
-0.00026469201871458845614780077	(4,3)
-0.00051595473516119443686097974	(4,4)
-0.00084667363911673560897339091	(4,5)
-0.00125322534944278309014864527	(4,6)
-0.00173115568030003104194382911	(4,7)
-0.0022752284526885089606890686	(4,8)
-0.00287948287097393743622322067	(4,9)
-0.00353729883412132407306847524	(4,10)
-0.0042414694648075453183927343	(4,11)
-0.00498428006105305129923024752	(4,12)
-0.0057575926053056367950597858	(4,13)
-0.0065529349057238905032204786	(4,14)
-0.0073615933943316124575077878	(4,15)
-0.0081747085672248035339676431	(4,16)
-0.0089833720234798189095315531	(4,17)
-0.0097787240420997279389534532	(4,18)
-0.0105520506304074705433045135	(4,19)
-0.0112948789828088479201814427	(4,20)
-0.0119990703057639252519915622	(4,21)
-0.0126569089929776498009155702	(4,22)
-0.0132611871740003337945549324	(4,23)
-0.0138052837092596194941593308	(4,24)
-0.0142832367645607684839669257	(4,25)
-0.0146898091677119589934178003	(4,26)
-0.0150205458284621925644601817	(4,27)
-0.0152718225895748521172438607	(4,28)
-0.0154408859706839088227752782	(4,29)
-0.015525883366573480307891686	(4,30)
-0.00001054148750626241271302392	(5,1)
-0.00009470010604829342676732028	(5,2)
-0.00026209528745928793616435806	(5,3)
-0.00051089303506767693586965514	(5,4)
-0.00083836752795661494979482343	(5,5)
-0.0012409310160361903413391905	(5,6)
-0.00171417316133923494808302046	(5,7)
-0.00225290938926361604014572273	(5,8)
-0.00285123771468301972671897474	(5,9)
-0.00350260341553346011072514839	(5,10)
-0.00419987084162275062800583531	(5,11)
-0.00493540156983024602699667748	(5,12)
-0.0057011380492472092761481338	(5,13)
-0.0064886918217025079206960261	(5,14)
-0.0072894353549508004319169588	(5,15)
-0.0080945964878924626290844575	(5,16)
-0.0088953544597797121392735375	(5,17)
-0.009682936478603132196227667	(5,18)
-0.010448713777849139217272419	(5,19)
-0.0111842961156224661773183677	(5,20)
-0.0118816236857395780224235064	(5,21)
-0.0125330554367666315268330403	(5,22)
-0.0131314528319831502656721774	(5,23)
-0.0136702581307058492143545033	(5,24)
-0.0141435663290159900292077576	(5,25)
-0.0145461899652937145542345076	(5,26)
-0.0148737160725375514913101427	(5,27)
-0.0151225546445547137023394224	(5,28)
-0.0152899780759123562590521539	(5,29)
-0.015374151135051928546192886	(5,30)
-0.00001034273660101394005643743	(6,1)
-0.00009291461526664378500687946	(6,2)
-0.00025715370682093844464399914	(6,3)
-0.00050126062118600515208568245	(6,4)
-0.00082256101376087395219513752	(6,5)
-0.0012175349588678600211338926	(6,6)
-0.00168185559413733272808289258	(6,7)
-0.00221043659988307581299400767	(6,8)
-0.00279748798051691609423759432	(6,9)
-0.00343657952537896118533277066	(6,10)
-0.00412071124489856476675219232	(6,11)
-0.00484239000539350793721016039	(6,12)
-0.0055937115224829243339035649	(6,13)
-0.0063664468192668814388242499	(6,14)
-0.0071521322112004931961704414	(6,15)
-0.0079421618449547362957626781	(6,16)
-0.0087278817934546087761304261	(6,17)
-0.0095006846936605835067871778	(6,18)
-0.0102521039074871623952436051	(6,19)
-0.0109739061895632156232125274	(6,20)
-0.0116581818584239469476115434	(6,21)
-0.0122974314903251329750275015	(6,22)
-0.0128846481873518424912186416	(6,23)
-0.013413394514005366933580813	(6,24)
-0.013877873249078012754416474	(6,25)
-0.0142729911623321801488801758	(6,26)
-0.0145944150980844222418470664	(6,27)
-0.0148386197298389163962285234	(6,28)
-0.0150029264409525815136083507	(6,29)
-0.015085532885016703138282358	(6,30)
-0.00001001271821082109757537373	(7,1)
-0.00008994987515646427798099731	(7,2)
-0.00024894839971947433165598973	(7,3)
-0.00048526637102447546149043559	(7,4)
-0.00079631493747597360298792667	(7,5)
-0.00117868683341465477917997069	(7,6)
-0.00162819387628573437731459872	(7,7)
-0.00213991300716331317867015838	(7,8)
-0.00270824034344160153632373811	(7,9)
-0.00332695262741966156979226973	(7,10)
-0.00398927537908752142983210545	(7,11)
-0.00468795699596973202119771711	(7,12)
-0.0054153479873318053817570028	(7,13)
-0.0061634844840497679277514202	(7,14)
-0.0069241751284368894833160307	(7,15)
-0.0076890904196878159732679323	(7,16)
-0.0084498535697419859352748277	(7,17)
-0.0091981319108170573658954367	(7,18)
-0.0099257278893566904192777161	(7,19)
-0.0106246686816668812464528488	(7,20)
-0.0112872934743401088876389957	(7,21)
-0.0119063374681908648881630205	(7,22)
-0.0124750116885418297316478874	(7,23)
-0.0129870777181010738639491862	(7,24)
-0.0134369165121456803951405987	(7,25)
-0.0138195905099408594373934137	(7,26)
-0.0141308983216998224091051776	(7,27)
-0.0143674213470073690586828204	(7,28)
-0.0145265617681434849768441462	(7,29)
-0.014606571459334830188947453	(7,30)
-9.51866412994732350543873e-6	(8,1)
-0.0000855115106478004666557741	(8,2)
-0.00023666464607688289549323538	(8,3)
-0.00046132219563084316790082884	(8,4)
-0.00075702332999076054168260437	(8,5)
-0.00112052951695117378371908004	(8,6)
-0.00154786031998046760999463942	(8,7)
-0.00203433730141787538016373051	(8,8)
-0.00257463549841648586673941804	(8,9)
-0.00316284186190447500112300547	(8,10)
-0.00379251998321696602640932317	(8,11)
-0.00445678037936932036019374155	(8,12)
-0.0051483555652993714138644803	(8,13)
-0.0058596791084365477109198833	(8,14)
-0.0065829678360265679583305218	(8,15)
-0.0073103063470648498290837886	(8,16)
-0.0080337329669441962350229161	(8,17)
-0.0087453262728289424039390588	(8,18)
-0.0094372913106563927600690896	(8,19)
-0.0101020446204596782585554358	(8,20)
-0.0107322971859487784793412373	(8,21)
-0.0113211344281028011745108459	(8,22)
-0.0118620923725121296643899173	(8,23)
-0.0123492291382643163760389933	(8,24)
-0.0127771909242905084755525051	(8,25)
-0.0131412717091448120992504182	(8,26)
-0.0134374659336796675170019606	(8,27)
-0.0136625135039390168253546335	(8,28)
-0.0138139365340195979168489872	(8,29)
-0.013890067345019919378041478	(8,30)
-8.8388032749453064670538e-6	(9,1)
-0.00007940394003094186494139915	(9,2)
-0.00021976115031106013315543904	(9,3)
-0.00042837298633085896454741012	(9,4)
-0.0007029548481894445899669277	(9,5)
-0.0010405005249224341283172297	(9,6)
-0.00143731568782576032077969338	(9,7)
-0.0018890588810586475516811788	(9,8)
-0.00239078947095768596281039382	(9,9)
-0.00293702194827645660053136903	(9,10)
-0.00352178592671873560622207234	(9,11)
-0.00413869114545941447370521644	(9,12)
-0.0047809967606208542931091979	(9,13)
-0.0054416841979234510596985764	(9,14)
-0.0061135328325930472700814752	(9,15)
-0.0067891977597089375631256958	(9,16)
-0.0074612889155078616523993563	(9,17)
-0.0081224508054223882783829665	(9,18)
-0.0087654420864999226925367009	(9,19)
-0.0093832142401328627548427555	(9,20)
-0.0099689885567302744661449655	(9,21)
-0.010516330639189987493809419	(9,22)
-0.01101922161982324157997161	(9,23)
-0.0114721252794080099461333968	(9,24)
-0.0118700502612297267367635226	(9,25)
-0.0122086065910896915899464056	(9,26)
-0.0124840557495440754580896912	(9,27)
-0.0126933535973730830776240862	(9,28)
-0.0128341855305405799296304889	(9,29)
-0.012904993336351993192486618	(9,30)
-7.96765771867898404880683e-6	(10,1)
-0.00007157795220049286860616965	(10,2)
-0.00019810171765588202432176715	(10,3)
-0.00038615328604033517786254292	(10,4)
-0.00063367396608845253573345349	(10,5)
-0.00093795544071528547823041732	(10,6)
-0.00129567035796719312556224709	(10,7)
-0.001702909635174395187205543	(10,8)
-0.00215522592004030925259131834	(10,9)
-0.0026476825998282305492383336	(10,10)
-0.00317490771995510846494076692	(10,11)
-0.00373115216360667072186943671	(10,12)
-0.0043103514502401262839637365	(10,13)
-0.0049061905276632902058624836	(10,14)
-0.0055121709538090805743106727	(10,15)
-0.0061216798844498056585411426	(10,16)
-0.0067280602966850321238857755	(10,17)
-0.0073246818811007323461253459	(10,18)
-0.0079050120257278596176764589	(10,19)
-0.0084626862919734908929123033	(10,20)
-0.0089915777482433144022352152	(10,21)
-0.0094858644846237813483091062	(10,22)
-0.0099400945869499382496351721	(10,23)
-0.0103492478071710374527150365	(10,24)
-0.0107087931359660509206673818	(10,25)
-0.0110147414697066982169755648	(10,26)
-0.0112636925729114433215641853	(10,27)
-0.0114528755736005653118389735	(10,28)
-0.0115801822948058335748679926	(10,29)
-0.011644192820989082089578325	(10,30)
-6.91803203541690241969731e-6	(11,1)
-0.00006214857805775956705320384	(11,2)
-0.0001720047156256831647822284	(11,3)
-0.00033528370244849009743778115	(11,4)
-0.00055019918626743236678201045	(11,5)
-0.00081440209323206501662101085	(11,6)
-0.00112500780058852275483666086	(11,7)
-0.00147862906889054535994963332	(11,8)
-0.00187141414213562556364492338	(11,9)
-0.00229908939088341276459762242	(11,10)
-0.00275700587203232314526238991	(11,11)
-0.00324018920500145092336286307	(11,12)
-0.0037433922105531561566496818	(11,13)
-0.0042611498165787507013561717	(11,14)
-0.004787835795170939191257252	(11,15)
-0.0053177209476743204734672549	(11,16)
-0.0058450323907195832691219368	(11,17)
-0.0063640136101000945634472134	(11,18)
-0.0068689849370363137396208962	(11,19)
-0.0073544040623227412475776174	(11,20)
-0.0078149261407538944943386368	(11,21)
-0.008245462956837958814516188	(11,22)
-0.0086412405314544903019351334	(11,23)
-0.0089978544579227674680797492	(11,24)
-0.0093113221758869650648109364	(11,25)
-0.0095781313332323220934482359	(11,26)
-0.0097952833593637815542890147	(11,27)
-0.0099603313847811996419009547	(11,28)
-0.0100714116961193339016258947	(11,29)
-0.010127268013318505558143889	(11,30)
-5.71903414664998732465104e-6	(12,1)
-0.00005137731066138885794693354	(12,2)
-0.00014219386597984543593786641	(12,3)
-0.00027717498910929792645723644	(12,4)
-0.00045484564056827067767389156	(12,5)
-0.00067326758429894565137961363	(12,6)
-0.00093006277255489415341616326	(12,7)
-0.00122244138754895367726131019	(12,8)
-0.0015472338870558610123932757	(12,9)
-0.00190092639214411624955538593	(12,10)
-0.00227969879108491130598774816	(12,11)
-0.00267946500708833381139078396	(12,12)
-0.0030959149779272765079831538	(12,13)
-0.00352455800916105259519798	(12,14)
-0.0039607672747330183416102819	(12,15)
-0.0043998253346094502151817212	(12,16)
-0.004836970606020418583304214	(12,17)
-0.0052674447530148063632683074	(12,18)
-0.0056865409428400024869174916	(12,19)
-0.0060896528562701295237312222	(12,20)
-0.0064723242365650486809336456	(12,21)
-0.0068302986270336145455093883	(12,22)
-0.0071595687928746018946448868	(12,23)
-0.007456425164474439820204735	(12,24)
-0.0077175024933144018133166431	(12,25)
-0.0079398237944018004534308266	(12,26)
-0.008120840575069182167672393	(12,27)
-0.0082584683300853912754352886	(12,28)
-0.0083511163237932643176431392	(12,29)
-0.008397710782725007327756279	(12,30)
-4.41091566416542047972536e-6	(13,1)
-0.00003962575314092005004139944	(13,2)
-0.00010966995929457958360502522	(13,3)
-0.00021377798452242418041076808	(13,4)
-0.00035081474895148231198241246	(13,5)
-0.00051929092562303595639076068	(13,6)
-0.00071738236195922824313603962	(13,7)
-0.00094295293541924351581514253	(13,8)
-0.00119358009352505919115647538	(13,9)
-0.00146658234937556101013205038	(13,10)
-0.00175904808717479841335951293	(13,11)
-0.00206786516749361137437785447	(13,12)
-0.002389750992844051857062391	(13,13)
-0.0027212828807216361441581907	(13,14)
-0.003058928771789289667652448	(13,15)
-0.003399078453962320614378481	(13,16)
-0.0037380755900266123444402888	(13,17)
-0.0040722508828661436676604934	(13,18)
-0.0043979566902679093858710098	(13,19)
-0.0047116033095200417955034841	(13,20)
-0.0050096969968057066407049815	(13,21)
-0.0052888795807007804294861082	(13,22)
-0.0055459692915209504212429811	(13,23)
-0.0057780021813454681393604826	(13,24)
-0.0059822732775398907803958707	(13,25)
-0.0061563764192015910940891814	(13,26)
-0.0062982415919779605078749441	(13,27)
-0.0064061685180680326287971633	(13,28)
-0.0064788552843443933178289819	(13,29)
-0.006515420904418119537990078	(13,30)
-3.03850280426617276661827e-6	(14,1)
-0.00002729660491953238446843793	(14,2)
-0.00007554752661310147387861082	(14,3)
-0.00014726524336446806443863644	(14,4)
-0.00024167178650718504356240365	(14,5)
-0.00035774976091996808587368025	(14,6)
-0.00049425784622541752503362463	(14,7)
-0.00064974842196653561766590859	(14,8)
-0.00082258642247305033783263703	(14,9)
-0.00101096858432474181342182671	(14,10)
-0.00121294239235913556602984089	(14,11)
-0.00142642424381253040384788911	(14,12)
-0.0016492166114870321962904139	(14,13)
-0.0018790242674185857184213027	(14,14)
-0.002113469897405011128650252	(14,15)
-0.0023501096635365563946719084	(14,16)
-0.0025864494298899832668507391	(14,17)
-0.0028199624357018761294471275	(14,18)
-0.003048109169286592111510376	(14,19)
-0.0032683600634444986082042148	(14,20)
-0.0034782214082282507074431481	(14,21)
-0.0036752645784285717294124603	(14,22)
-0.003857158327615497396904102	(14,23)
-0.0040217035399748238401079536	(14,24)
-0.004166869489722232571932981	(14,25)
-0.0042908303687298858226071316	(14,26)
-0.0043920006351042220191201366	(14,27)
-0.0044690676307567710837513112	(14,28)
-0.0045210199273838503445861675	(14,29)
-0.004547169990299895749168905	(14,30)
-1.64508519374982423888064e-6	(15,1)
-0.00001477876143034265049249647	(15,2)
-0.00004090289564132418441379554	(15,3)
-0.0000797348585736574221158645	(15,4)
-0.00013085986291040242579714296	(15,5)
-0.0001937409781112373916553527	(15,6)
-0.0002677309762731061299821404	(15,7)
-0.00035208493378340397726589483	(15,8)
-0.00044597248929300163368598247	(15,9)
-0.00054848875915153174250769456	(15,10)
-0.00065866312847666854772025602	(15,11)
-0.00077546544841501916852683919	(15,12)
-0.000897809546140791877809125	(15,13)
-0.0010245543543563442168709714	(15,14)
-0.0011545033484725359998473711	(15,15)
-0.0012864033000120829531915469	(15,16)
-0.0014189435771130689044785347	(15,17)
-0.001550757319597368951125146	(15,18)
-0.001680425771549292635643807	(15,19)
-0.001806486867527982896912188	(15,20)
-0.0019274488527066815755972992	(15,21)
-0.0020418092989735898983991567	(15,22)
-0.0021480793956225878270127727	(15,23)
-0.00224481288900943188159318	(15,24)
-0.002330638567419142868791557	(15,25)
-0.0024042947804570974506960167	(15,26)
-0.0024646641854209609009237763	(15,27)
-0.0025108067554042727790472189	(15,28)
-0.002541989081971683686357991	(15,29)
-0.002557708161940385348112796	(15,30)
-2.6800057362909160537852e-7	(16,1)
-2.40764902747908429590935e-6	(16,2)
-6.66441225262664747804653e-6	(16,3)
-0.00001299647387824175400607627	(16,4)
-0.00002134877173918006678106985	(16,5)
-0.00003166094310464491365132898	(16,6)
-0.00004387598818618473963005777	(16,7)
-0.00005794828662905770616441129	(16,8)
-0.00007384958694702136639990877	(16,9)
-0.00009157174116683932734844523	(16,10)
-0.00011112526506919508954856921	(16,11)
-0.00013253323999049680168742442	(16,12)
-0.0001558205921766035851202065	(16,13)
-0.000180999336609926046243255	(16,14)
-0.0002080508953936101254681788	(16,15)
-0.0002369070385367725798802933	(16,16)
-0.0002674312969977391929178546	(16,17)
-0.0002994028266610776941830151	(16,18)
-0.0003325046372897305654247408	(16,19)
-0.0003663178417695320731350299	(16,20)
-0.0004003231474144766630200094	(16,21)
-0.0004339102399870396538589784	(16,22)
-0.0004663950538267948127082032	(16,23)
-0.000497044238368529857299333	(16,24)
-0.0005251054854589779566099554	(16,25)
-0.0005498418329473461317468058	(16,26)
-0.0005705676586981649531732596	(16,27)
-0.0005866838625467509281230127	(16,28)
-0.0005977097222052686348712781	(16,29)
-0.000603309105011618472857123	(16,30)
1.06370432674279459370202e-6	(17,1)
9.55578870286534171743509e-6	(17,2)
0.0000264457178500621437723135	(17,3)
0.00005154208297664590795933453	(17,4)
0.00008455104562207149588398254	(17,5)
0.00012506987465376583428787908	(17,6)
0.00017258080763032454336741251	(17,7)
0.00022644698154841802121577354	(17,8)
0.00028591218478252553748713035	(17,9)
0.000350105968403654206039233	(17,10)
0.00041805523550407565756457197	(17,11)
0.00048870283905303636971239045	(17,12)
0.0005609330193861969797258946	(17,13)
0.0006336027733385967788140149	(17,14)
0.0007055775470510367333233257	(17,15)
0.0007757690610772521615132703	(17,16)
0.0008431726770838691987904275	(17,17)
0.0009069015498971862959395541	(17,18)
0.0009662149029849058149958257	(17,19)
0.001020538118873393966202559	(17,20)
0.0010694729207313126887625972	(17,21)
0.0011127966856760721971467292	(17,22)
0.001150450804259760319464073	(17,23)
0.0011825189032771417338263879	(17,24)
0.0012091965973561763784615866	(17,25)
0.0012307551514741077438002935	(17,26)
0.0012475019574091734104724701	(17,27)
0.0012597410065823713033938188	(17,28)
0.0012677365561328335046992207	(17,29)
0.001271682933974401021523848	(17,30)
2.32981018357845707810954e-6	(18,1)
0.0000209299096786803340773025	(18,2)
0.00005792476579134654302172718	(18,3)
0.00011290079788091808828495836	(18,4)
0.00018523116542419551635853464	(18,5)
0.0002740700649152801428719997	(18,6)
0.00037834830105788116053336564	(18,7)
0.00049677236289957050399141259	(18,8)
0.0006278292364719127865473	(18,9)
0.00076979889934743195507103224	(18,10)
0.00092077588743946558350778083	(18,11)
0.00107870054878506189420174086	(18,12)
0.0012413996779582903296935044	(18,13)
0.0014066352527428973783509552	(18,14)
0.0015721590761955363151220706	(18,15)
0.0017357703650719617599842345	(18,16)
0.0018953728090630680802035342	(18,17)
0.0020490274194449911368916865	(18,18)
0.0021949976233634251643535831	(18,19)
0.0023317835373892786672004303	(18,20)
0.0024581431314227983306443784	(18,21)
0.002573099000281522078012977	(18,22)
0.0026759306010648811865664396	(18,23)
0.0027661529828733174654759072	(18,24)
0.0028434841239370027802525394	(18,25)
0.0029078039018067999610367208	(18,26)
0.0029591083759240779099234463	(18,27)
0.0029974634046826960724741825	(18,28)
0.0030229616255607898308821098	(18,29)
0.003035686500550223713911698	(18,30)
3.51822522890674600091995e-6	(19,1)
0.00003160608618600399622178505	(19,2)
0.00008747207916704072710949726	(19,3)
0.00017049355333595506800890221	(19,4)
0.00027972952754140412842000431	(19,5)
0.00041391490820052756144534676	(19,6)
0.00057145682328553333676619743	(19,7)
0.00075043591172729934255619477	(19,8)
0.00094861540519844627922888709	(19,9)
0.00116346046754063585202348453	(19,10)
0.00139216953817154869190354153	(19,11)
0.00163171842138504915130863902	(19,12)
0.0018789166705493976460124672	(19,13)
0.002130474558214649150793587	(19,14)
0.0023830777370183827594930267	(19,15)
0.0026334657170263691379245565	(19,16)
0.0028785096295570262729585647	(19,17)
0.0031152844995438935960331458	(19,18)
0.0033411314483127331085418832	(19,19)
0.003553705887526410677687087	(19,20)
0.0037510087863370596761357595	(19,21)
0.0039313994001985123806607459	(19,22)
0.0040935893155226558762751708	(19,23)
0.004236619150050809409108088	(19,24)
0.0043598206170884744748040237	(19,25)
0.0044627677912231181026293085	(19,26)
0.0045452222092009909703848466	(19,27)
0.0046070768412564927325192519	(19,28)
0.0046483039506078527669086295	(19,29)
0.004668911432630727399198077	(19,30)
4.62362079991557516674477e-6	(20,1)
0.00004153644725830884626914659	(20,2)
0.00011495515754889365096683122	(20,3)
0.00022406200139029075731018909	(20,4)
0.00036762192481796673117330339	(20,5)
0.00054397576896763613506446776	(20,6)
0.00075103630939277640356763337	(20,7)
0.00098629072486474699109324177	(20,8)
0.00124681308217283975147568659	(20,9)
0.00152928995118886923515854691	(20,10)
0.00183006134863846817473416466	(20,11)
0.0021451779272139331685811275	(20,12)
0.0024704738029102726426985285	(20,13)
0.0028016528071346077253326518	(20,14)
0.003134384439100995513786651	(20,15)
0.003464404553841233895249457	(20,16)
0.0037876150030414657929961185	(20,17)
0.0041001761567710016821254339	(20,18)
0.0043985865221284172675858158	(20,19)
0.0046797445226560427509880172	(20,20)
0.0049409888299700657839951364	(20,21)
0.0051801153144856254699987304	(20,22)
0.0053953705391033789468740235	(20,23)
0.0055854235784906462122755014	(20,24)
0.0057493196346651680693785649	(20,25)
0.005886420289543680966271236	(20,26)
0.0059963361771945075766564516	(20,27)
0.0060788583073359663114583579	(20,28)
0.0061338942071651080900993881	(20,29)
0.006161414492878494929162727	(20,30)
5.64584014175042460323162e-6	(21,1)
0.00005071958406458092511669497	(21,2)
0.00014037009034773931332586567	(21,3)
0.00027359844735841396660885059	(21,4)
0.00044889545942276406177394424	(21,5)
0.00066423279718731650882979108	(21,6)
0.00091705759114217570979616354	(21,7)
0.00120429496656382329605650392	(21,8)
0.00152236301945701025910806143	(21,9)
0.00186720414308817421527899402	(21,10)
0.00223433546370282735259461378	(21,11)
0.0026189195282359241258209793	(21,12)
0.0030158544632416739561557531	(21,13)
0.0034198807968521945234777975	(21,14)
0.0038257002333736388154157886	(21,15)
0.0042281001195140788278358061	(21,16)
0.0046220763361329739545511008	(21,17)
0.0050029470243758525033846881	(21,18)
0.0053664499660790895634566061	(21,19)
0.0057088175547993285857972621	(21,20)
0.006026825003371840151306576	(21,21)
0.0063178095589371896043917359	(21,22)
0.0065796608190760784022879705	(21,23)
0.0068107845337589807671568391	(21,24)
0.0070100443239688202598477775	(21,25)
0.0071766873739196758523507582	(21,26)
0.0073102612368597973182570291	(21,27)
0.0074105293694270962952012504	(21,28)
0.0074773928671862170003901676	(21,29)
0.00751082515357436532301184	(21,30)
6.58836039796794955584007e-6	(22,1)
0.00005918673311375456418171433	(22,2)
0.00016380331713057818271252633	(22,3)
0.00031927131155831222366127515	(22,4)
0.00052382623046991676279036892	(22,5)
0.00077509389511249745980248782	(22,6)
0.00107008234928645519220604091	(22,7)
0.00140518328450767030535633882	(22,8)
0.00177618857121784906489572473	(22,9)
0.00217832676508856281835420667	(22,10)
0.00260632302726392232742604539	(22,11)
0.0030544838821266817196792647	(22,12)
0.0035168058327101941478084472	(22,13)
0.0039871043211537189241630295	(22,14)
0.0044591571523102496204352245	(22,15)
0.0049268545823683320290133496	(22,16)
0.0053843470576948477210388088	(22,17)
0.0058261812394532346874279839	(22,18)
0.0062474155298634932402862359	(22,19)
0.0066437077753728472554199419	(22,20)
0.0070113700042368174023426351	(22,21)
0.0073473877238699926969703881	(22,22)
0.0076494041740160869473257481	(22,23)
0.0079156727161019347388565696	(22,24)
0.0081449829773423211866948904	(22,25)
0.0083365682569231194487587276	(22,26)
0.0084900029089848140401891901	(22,27)
0.0086050988855501810769590769	(22,28)
0.0086818103617640943953013935	(22,29)
0.008720154439849487825672877	(22,30)
7.4569586213963570263951e-6	(23,1)
0.00006698979229147818599553761	(23,2)
0.0001853984605919730877029634	(23,3)
0.00036136047927121065251659592	(23,4)
0.00059287324910316750411171346	(23,5)
0.00087723770646745280613579821	(23,6)
0.00121104625623774871109354457	(23,7)
0.00159018186085654497375082499	(23,8)
0.00200983518289104572001259501	(23,9)
0.00246454579197384634075486397	(23,10)
0.00294827168738338285178777724	(23,11)
0.0034544888975054416238474224	(23,12)
0.0039763199418492434736069427	(23,13)
0.0045066868065023302415924031	(23,14)
0.0050384811613028964064124924	(23,15)
0.0055647422043925625749129707	(23,16)
0.0060788310680690579100388038	(23,17)
0.0065745903648727790393923914	(23,18)
0.0070464782625537084847767124	(23,19)
0.0074896683703136718965918052	(23,20)
0.0079001094812745475589352868	(23,21)
0.0082745425332862770140502035	(23,22)
0.008610475658138135343729744	(23,23)
0.0089061215273140263952176144	(23,24)
0.0091603040592764999085325508	(23,25)
0.009372343698871786703660763	(23,26)
0.0095419317798070161294190848	(23,27)
0.0096690048962907765508308013	(23,28)
0.009753629779469719357857403	(23,29)
0.009795907996218101103056327	(23,30)
8.25864298301275628320776e-6	(24,1)
0.00007419171932175820506636328	(24,2)
0.00020532975324541589622928553	(24,3)
0.00040020550384709611875711812	(24,4)
0.00065659344630271580802444585	(24,5)
0.00097148782911286431713443581	(24,6)
0.00134108525546983835051294681	(24,7)
0.0017607801688765153861935761	(24,8)
0.00222518166676270084775710778	(24,9)
0.00272815899580975892035974481	(24,10)
0.0032629209366728639677132848	(24,11)
0.0038221312351341430010214477	(24,12)
0.0043980585835783810692093789	(24,13)
0.0049827558095597456025201301	(24,14)
0.0055682593552961067420430292	(24,15)
0.0061467972970761795088463856	(24,16)
0.0067109924456677019600048787	(24,17)
0.007254046738179370484217768	(24,18)
0.0077698942477292206934783022	(24,19)
0.008253312576460612316561716	(24,20)
0.0086999858665072394061838732	(24,21)
0.0091065167498942020565034355	(24,22)
0.0094703887984301758278529208	(24,23)
0.0097898849838260513554833002	(24,24)
0.01006397094945757817099769	(24,25)
0.0102921542757809644562143368	(24,26)
0.0104743322656669577959265654	(24,27)
0.0106106410751094718813668764	(24,28)
0.010701318351959638567600947	(24,29)
0.010746590063379794823193321	(24,30)
9.00085391167797925772704e-6	(25,1)
0.00008085935517042969148315267	(25,2)
0.00022378217549079036405987409	(25,3)
0.00043616689220317048990428609	(25,4)
0.00071557814924414827701901595	(25,5)
0.00105871880646555601712432355	(25,6)
0.00146140574234364210059349815	(25,7)
0.00191856043542791762522368456	(25,8)
0.00242422452126150030125905264	(25,9)
0.00297160924076116629954051816	(25,10)
0.0035531850996411914877853511	(25,11)
0.0041608143498882604101302408	(25,12)
0.0047859244538828280075187345	(25,13)
0.0054197160076753311685114286	(25,14)
0.0060533942686088787979392354	(25,15)
0.0066784100350724057716597647	(25,16)
0.0072866936452925927620518241	(25,17)
0.0078708655984888852238627966	(25,18)
0.0084244088201932040716576444	(25,19)
0.0089417907113950778755091676	(25,20)
0.0094185274427091329947885269	(25,21)
0.0098511879433327139604734846	(25,22)
0.010237340105133710513935142	(25,23)
0.0105754463333490082584403128	(25,24)
0.0108647193018539045732696315	(25,25)
0.0111049513450754900483326046	(25,26)
0.0112963322373237679416435863	(25,27)
0.0114392702135096443204405511	(25,28)
0.011534230115834870928368155	(25,29)
0.011581600709131382872875347	(25,30)
9.69090779356993410869181e-6	(26,1)
0.000087058426499066761748508	(26,2)
0.00024093762450390711175172896	(26,3)
0.0004695991460317192420339544	(26,4)
0.00077040884875106625708832616	(26,5)
0.00113979067355324243130870889	(26,6)
0.00157319419014014130455183512	(26,7)
0.00206507894745034376885668445	(26,8)
0.00260892786596079739648681341	(26,9)
0.0031973003877597652198608314	(26,10)
0.0038219329820546255181924137	(26,11)
0.0044738901279188104202865732	(26,12)
0.0051437635136127604883151258	(26,13)
0.005821911531106219692996885	(26,14)
0.0064987259356011959851255146	(26,15)
0.0071649085061084395248641448	(26,16)
0.0078117382787688892505355739	(26,17)
0.0084313097866513569330523884	(26,18)
0.009016724779756787759218569	(26,19)
0.0095622238530645831622298495	(26,20)
0.0100632497509654935481788551	(26,21)
0.0105164401520940967149116707	(26,22)
0.0109195537387940791359027772	(26,23)
0.0112713386690934707082423925	(26,24)
0.0115713567130449060199474202	(26,25)
0.0118197790184876323147554316	(26,26)
0.0120171706724568402850884137	(26,27)
0.0121642810335398678665469598	(26,28)
0.012261855449279917627382523	(26,29)
0.012310481711925678085497655	(26,30)
0.00001033564081600852319928265	(27,1)
0.00009285034612810713648518448	(27,2)
0.00025696605935240330083107803	(27,3)
0.00050083350295082409831496081	(27,4)
0.00082162888405618186046106672	(27,5)
0.00121550706305537413798197018	(27,6)
0.00167755931990952215599119906	(27,7)
0.00220179012806003495654674895	(27,8)
0.00278112750063569532298105226	(27,9)
0.0034074796798201033305147261	(27,10)
0.0040718472210151909392029338	(27,11)
0.0047644941582666496125129656	(27,12)
0.0054751754723133595955467666	(27,13)
0.0061934112901737365950591155	(27,14)
0.0069087920289256114991619188	(27,15)
0.0076112939503275277164119211	(27,16)
0.0082915820432638449982354014	(27,17)
0.0089412772161011346368037716	(27,18)
0.0095531674869106959130250791	(27,19)
0.0101213478335824185043273681	(27,20)
0.0106412799124201899636027374	(27,21)
0.0111097700915464915012699841	(27,22)
0.0115248712717343284682376833	(27,23)
0.0118857200094183520136414922	(27,24)
0.0121923249775469588807979396	(27,25)
0.0124453255419129012639375088	(27,26)
0.0126457401983873135833206984	(27,27)
0.0127947240154350276152024162	(27,28)
0.012893352378405913459568028	(27,29)
0.01294244559252607296301108	(27,30)
0.00001094120693040345413177926	(28,1)
0.00009829039803791447939245358	(28,2)
0.00027202047799269247100353812	(28,3)
0.00053016814691652638225712894	(28,4)
0.00086972738416965803207676884	(28,5)
0.00128659145232193018306742602	(28,6)
0.00177549932730666030196982841	(28,7)
0.00233000353995968635622954104	(28,8)
0.002942476627606642985708223	(28,9)
0.003604171292873311892979712	(28,10)
0.0043053449595952571527065689	(28,11)
0.0050354530260865398785825522	(28,12)
0.0057834074014332163583480272	(28,13)
0.0065378888155437583426678821	(28,14)
0.0072876940299073161407191628	(28,15)
0.0080220935413334528001699274	(28,16)
0.0087311725454656681474066398	(28,17)
0.0094061282943833583481287365	(28,18)
0.010039500526681054318300444	(28,19)
0.0106253178535328725832475333	(28,20)
0.011159150943787492089836346	(28,21)
0.0116380719532266599089838661	(28,22)
0.0120605277850414011112780904	(28,23)
0.0124261415461305287574170236	(28,24)
0.0127354613945755564281839609	(28,25)
0.0129896786359925477931436066	(28,26)
0.0131903375207879071506300245	(28,27)
0.0133390580505487133847731004	(28,28)
0.013437290664937624510572521	(28,29)
0.0134861184037228137822552	(28,30)
0.00001151298726214419562606193	(29,1)
0.00010342692355938521194387804	(29,2)
0.00028623466517570207429480059	(29,3)
0.00055786381975578186746794228	(29,4)
0.00091513207197308587208244929	(29,5)
0.00135367652756227312448262932	(29,6)
0.00186788722609901080633294588	(29,7)
0.00245086469334917135755463966	(29,8)
0.0030944216893704733482463242	(29,9)
0.0037891468619593955822786548	(29,10)
0.0045245428245551829936174311	(29,11)
0.0052892436151418615565906852	(29,12)
0.0060713073452401854820372706	(29,13)
0.006858570264473966192416166	(29,14)
0.0076390398055920393194980516	(29,15)
0.0084012977765788404636995346	(29,16)
0.0091348817887819031668904507	(29,17)
0.0098306138041404543842376362	(29,18)
0.0104808492693718936426148955	(29,19)
0.0110796279800579374054881512	(29,20)
0.0116227174151478473924469027	(29,21)
0.0121075494148025621853750948	(29,22)
0.0125330604100551928412729001	(29,23)
0.0128994529090444396392575177	(29,24)
0.0132079009882895622376605496	(29,25)
0.0134602249724398241808142135	(29,26)
0.0136585605432888702332975548	(29,27)
0.013805045685384074939577551	(29,28)
0.013901545743017674134852473	(29,29)
0.01394943299531923423885019	(29,30)
0.00001205557514509637789235376	(30,1)
0.00010830118694183294592032326	(30,2)
0.00029972282060087062559813662	(30,3)
0.00058414309767612496516973568	(30,4)
0.00095820808201141608336604289	(30,5)
0.00141730244802371113661421932	(30,6)
0.00195546848261975949302275491	(30,7)
0.0025653520011029752040476931	(30,8)
0.0032381986295940248749147033	(30,9)
0.0039639210748560363498868461	(30,10)
0.0047312519256353600267847365	(30,11)
0.0055279876321786961742626871	(30,12)
0.0063413185304970940863022422	(30,13)
0.0071582285045903134664713847	(30,14)
0.0079659377652954926019937411	(30,15)
0.0087523548914957194397765848	(30,16)
0.0095065009900766487494120999	(30,17)
0.0102188702036009318014935444	(30,18)
0.0108816966543320831350948716	(30,19)
0.0114891073245974628988392122	(30,20)
0.0120371518496125388132018207	(30,21)
0.0125237120268117189311182886	(30,22)
0.0129483044362598383111131324	(30,23)
0.0133117977370739056949569693	(30,24)
0.0136160713323053871880435469	(30,25)
0.0138636441251030083998645185	(30,26)
0.0140573014244848042112853331	(30,27)
0.014199745378142544808804196	(30,28)
0.01429329037406271355471966	(30,29)
0.01433962034641659857166194	(30,30)
0.00001257280885780792136768485	(31,1)
0.00011294766945102408061796463	(31,2)
0.00031258037306421659603397273	(31,3)
0.00060919197946066939538195364	(31,4)
0.0009992605712287131488909225	(31,5)
0.00147792072298604314010489049	(31,6)
0.00203886640023459368439725031	(31,7)
0.0026742839128151872850797224	(31,8)
0.0033748420233709025044208441	(31,9)
0.0041297630522562965344964534	(31,10)
0.0049269917462829884971000795	(31,11)
0.0057534682712423701996008109	(31,12)
0.0065954990596683164537008633	(31,13)
0.0074392060672316266214052544	(31,14)
0.0082710232594923325504210035	(31,15)
0.0090782008183574871523326945	(31,16)
0.0098492741170219667107830535	(31,17)
0.0105744566448388869001150414	(31,18)
0.0112459234647500910090101855	(31,19)
0.0118579632257378203434225114	(31,20)
0.0124069903596766508192993253	(31,21)
0.0128914227746426346837054996	(31,22)
0.0133114422416710911131871035	(31,23)
0.0136686634398762786994488095	(31,24)
0.0139657426732709699608144164	(31,25)
0.0142059586929210619709631117	(31,26)
0.0143927964688084657270738065	(31,27)
0.014529561063167492124969955	(31,28)
0.014619043914420854334749913	(31,29)
0.0146632586595421621557377	(31,30)
0.00001306783159350357710687661	(32,1)
0.00011739460812246394329538286	(32,2)
0.00032488547170079930642927808	(32,3)
0.00063316279436116837509370226	(32,4)
0.00103853949478485911207462202	(32,5)
0.00153590129197323695262679925	(32,6)
0.0021185919251213688820826708	(32,7)
0.0027783318525030414111575677	(32,8)
0.0035052015389285959067787884	(32,9)
0.0042877167105267993643762435	(32,10)
0.0051130147657996074604633614	(32,11)
0.0059671594266698558798427938	(32,12)
0.0068355560055666620759881416	(32,13)
0.0077034543544327754154344726	(32,14)
0.0085565030457320145305383941	(32,15)
0.0093813089480072596228660156	(32,16)
0.0101659528496828591914713159	(32,17)
0.010900414890778696794140263	(32,18)
0.0115768728037415872895981338	(32,19)
0.0121898497483394597117965044	(32,20)
0.0127362045224438725625369086	(32,21)
0.0132149726154852763989626152	(32,22)
0.0136270797630511269615407172	(32,23)
0.0139749589151120637917840447	(32,24)
0.0142621063028023723794236941	(32,25)
0.0144926128677437234385079715	(32,26)
0.0146707045874362274114796743	(32,27)
0.014800320360367577229767824	(32,28)
0.01488475026894661796577809	(32,29)
0.01492635115846413089167135	(32,30)
0.00001354316447547360604531082	(33,1)
0.00012166465170752492516436397	(33,2)
0.00033670080155053088882814975	(33,3)
0.00065617774203458878373567595	(33,4)
0.00107624541848337881038920453	(33,5)
0.00159154113773911008619955614	(33,6)
0.0021950555656278617577468408	(33,7)
0.0028780359264578556565467357	(33,8)
0.003629961890769542718935132	(33,9)
0.0044386253884099714924594262	(33,10)
0.005290336152966309543277795	(33,11)
0.0061702608010488479182573596	(33,12)
0.0070628862185539440360148816	(33,13)
0.007952580345994529241126086	(33,14)
0.008824207986739987091363511	(33,15)
0.0096637487755279317615401294	(33,16)
0.0104588609752572462040386697	(33,17)
0.0111993390950049404765611226	(33,18)
0.0118774247337481495409129841	(33,19)
0.0124879465167275546556243529	(33,20)
0.0130282836386686020715060467	(33,21)
0.0134981653450524357239713235	(33,22)
0.0138993331615730161302354928	(33,23)
0.0142351022735303437633957082	(33,24)
0.0145098627236727929592491907	(33,25)
0.0147285605819542097692294167	(33,26)
0.0148961951446317277410717178	(33,27)
0.015017362011810585721096487	(33,28)
0.015095864960672647916553577	(33,29)
0.0151344129449911775655296	(33,30)
0.00001400078332169224556023071	(34,1)
0.00012577555029962886833224487	(34,2)
0.00034807549231223348732238277	(34,3)
0.00067833261396579378340266351	(34,4)
0.00111253562840034066643036082	(34,5)
0.00164507333742510690126255706	(34,6)
0.0022685799128383304298997196	(34,7)
0.0029738214129195326742523179	(34,8)
0.0037496637667559178332751236	(34,9)
0.0045831576433481416466589337	(34,10)
0.0054597648184601176898308294	(34,11)
0.0063637345423374176270566798	(34,12)
0.0072786188001323389234441952	(34,13)
0.0081878950612646314555879872	(34,14)
0.0090756475266160223355465468	(34,15)
0.009927246267922257742212952	(34,16)
0.010729960358342780632313329	(34,17)
0.0114734469150686334233545335	(34,18)
0.0121500719141717653928526782	(34,19)
0.0127550381281719512132340143	(34,20)
0.0132863170897313100096241565	(34,21)
0.0137444020397090793033929432	(34,22)
0.0141319145286672789217584996	(34,23)
0.0144531070838680223999083298	(34,24)
0.0147133078550735592968639868	(34,25)
0.0149183512739797907685984488	(34,26)
0.01507403307455524772228486	(34,27)
0.015185620323878589155044019	(34,28)
0.015257439028125150329664962	(34,29)
0.01529255459423094678095442	(34,30)
0.00001444219345201286187923253	(35,1)
0.00012974082737427152569464028	(35,2)
0.00035904697839717978853776452	(35,3)
0.00069970041978120221554527242	(35,4)
0.00114753008376456087824647141	(35,5)
0.0016966758797947915167411342	(35,6)
0.0023394118335595154589901605	(35,7)
0.0030660148121419537432254827	(35,8)
0.0038647241820591520814147296	(35,9)
0.0047218323150177602800070558	(35,10)
0.0056219335423839472874234305	(35,11)
0.0065483407235717598521685677	(35,12)
0.0074836561368385806797951147	(35,13)
0.008410460239285454603087004	(35,14)
0.0093120619746664382975974975	(35,15)
0.0101732415532604479328747315	(35,16)
0.0109809136689114484882322233	(35,17)
0.0117246467462252599048366161	(35,18)
0.0123969906600189304963112992	(35,19)
0.012993588244407648835949508	(35,20)
0.0135130706106012403735044291	(35,21)
0.0139567586612601143220047767	(35,22)
0.0143282100378818323171250604	(35,23)
0.0146326604087196107602519354	(35,24)
0.0148764104547822949718881846	(35,25)
0.0150662063901653757278872169	(35,26)
0.015208654353217677244857812	(35,27)
0.015309699683105455334029926	(35,28)
0.015374192811845846704977896	(35,29)
0.01540555554799525584983956	(35,30)
0.00001486849933519376725919634	(36,1)
0.00013357040547067283330582653	(36,2)
0.00036964273064835859142306385	(36,3)
0.00072033476320878883644788435	(36,4)
0.00118131695827009055431205777	(36,5)
0.0017464798711890157648922895	(36,6)
0.0024077338140601183123944717	(36,7)
0.0031548587704659929608126103	(36,8)
0.0039754553900213794629296169	(36,9)
0.0048550417854988291290840954	(36,10)
0.0057773268908102303747863996	(36,11)
0.0067246701512901793116838521	(36,12)
0.0076787117439028226717845095	(36,13)
0.0086211312454440424193126222	(36,14)
0.0095344703642567283028288444	(36,15)
0.0104029414647257911210453233	(36,16)
0.0112131411812234279175330547	(36,17)
0.0119545981896242016618037188	(36,18)
0.0126201043641413087408093884	(36,19)
0.0132058051656505456960261314	(36,20)
0.0137110531818532419604007234	(36,21)
0.0141380534635818804204624826	(36,22)
0.0144913471533881798228841606	(36,23)
0.014777189243828886168141935	(36,24)
0.0150028773956921746406021025	(36,25)
0.015176083300074433592988973	(36,26)
0.015304228547871772404168872	(36,27)
0.015393935910393478036079242	(36,28)
0.015450576427332235922411739	(36,29)
0.01547792412113555488228583	(36,30)
0.00001528046753952633134766905	(37,1)
0.0001372711717141058416562964	(37,2)
0.0003798818215267946795356837	(37,3)
0.00074027289320828474212636812	(37,4)
0.0012139576475440150736685254	(37,5)
0.001794576949038109370407067	(37,6)
0.0024736742039290247974606145	(37,7)
0.0032405255482754662681799767	(37,8)
0.0040820819309574922286132343	(37,9)
0.0049830729197432008282030121	(37,10)
0.0059263063002671085906041067	(37,11)
0.0068931737711403067778862544	(37,12)
0.0078643440732938407059457127	(37,13)
0.0088205952452440210247211026	(37,14)
0.009743712817340494120526838	(37,15)
0.0106173657693682352533166469	(37,16)
0.0114278703874089912191921031	(37,17)
0.0121647644330203585156832636	(37,18)
0.0128211379208362431801592569	(37,19)
0.0133936975133095016195060991	(37,20)
0.0138825731852933283021772952	(37,21)
0.0142909028924501807420277911	(37,22)
0.0146242496575822652454286101	(37,23)
0.0148899142121859635470297603	(37,24)
0.0150962057467808332067084803	(37,25)
0.015251725674919448168309906	(37,26)
0.015364707585403090274645026	(37,27)
0.015442443671495238251905127	(37,28)
0.015490816196809234497305024	(37,29)
0.01551394342159776923518056	(37,30)
0.00001567858250686185685094859	(38,1)
0.00014084747886483785945525094	(38,2)
0.00038977631182277284461975515	(38,3)
0.00075953840697824488411482358	(38,4)
0.0012454912044900775138958117	(38,5)
0.0018410258461195149347087012	(38,6)
0.0025373162812436728632615445	(38,7)
0.0033231289276497746681390118	(38,8)
0.0041847556860883820657979327	(38,9)
0.0051061255219469274963431841	(38,10)
0.0060691321318091161408280248	(38,11)
0.0070541884370524722571294763	(38,12)
0.0080409860177649688270606098	(38,13)
0.0090094043451834045691627063	(38,14)
0.009940487089699720781749157	(38,15)
0.0108173867426110189290696434	(38,16)
0.011626178088347798852620642	(38,17)
0.0123564562281327888819400129	(38,18)
0.0130016628796522908708610034	(38,19)
0.0135591198197501867544169473	(38,20)
0.0140297837151319814579806168	(38,21)
0.0144177659849614492413242806	(38,22)
0.0147296806340195908548379761	(38,23)
0.0149738907871678604375160506	(38,24)
0.0151597220707179566459373966	(38,25)
0.015296700870929523802714196	(38,26)
0.015393861395095968362817617	(38,27)
0.015459150690154019556380601	(38,28)
0.015498947849693616726628824	(38,29)
0.01551770402662698227454094	(38,30)
0.00001606309530044726985906821	(39,1)
0.00014430158324479915628068302	(39,2)
0.00039933246262944760889103642	(39,3)
0.0007781436121134126286162956	(39,4)
0.001275938214399669995548816	(39,5)
0.0018858581230438047203254749	(39,6)
0.0025987061629445734530600788	(39,7)
0.0034027345906705881316774088	(39,8)
0.0042835689751358031806511207	(39,9)
0.005224328354451578712520403	(39,10)
0.0062059827502306597057298641	(39,11)
0.0072079591101319087512052296	(39,12)
0.0082089701908249134103233194	(39,13)
0.0091880037999382696900739545	(39,14)
0.010125379423984285004709435	(39,15)
0.0110037622557464461883545685	(39,16)
0.0118090251852109003280997964	(39,17)
0.0125308677632714414535998908	(39,18)
0.0131631337242642141026044433	(39,19)
0.0137038085371765665575317508	(39,20)
0.0141547176926693243734968424	(39,21)
0.0145209780666419783196186882	(39,22)
0.01481027436188143294346191	(39,23)
0.015032039159624314263104633	(39,24)
0.015196610204658640021617298	(39,25)
0.015314425721586850243244774	(39,26)
0.015395301946651940806687731	(39,27)
0.015447820376434385484087185	(39,28)
0.015478838167180909919151924	(39,29)
0.01549312512251843355392125	(39,30)
0.00001643406582269433452446668	(40,1)
0.00014763402399887660444137246	(40,2)
0.00040855178491260559861016194	(40,3)
0.00079609157194611543126144949	(40,4)
0.0013053041492397823537123381	(40,5)
0.0019290831272249293556017025	(40,6)
0.0026578596407307670247795332	(40,7)
0.0034793690736878529170869575	(40,8)
0.0043785658305682612938200053	(40,9)
0.005337752882461853958111959	(40,10)
0.0063369708248611220469707329	(40,11)
0.0073546577204577943646973976	(40,12)
0.008368550257575985781650295	(40,13)
0.0093567556096908880522552975	(40,14)
0.010298890093190433120478767	(40,15)
0.0111771628308438141559103742	(40,16)
0.011977284713724514273663013	(40,17)
0.0126891050787966855950743863	(40,18)
0.0133069160478866056354163037	(40,19)
0.0138294093779928520456336248	(40,20)
0.0142593138512599735220171896	(40,21)
0.0146027749756353436307009868	(40,22)
0.0148685585156782046137404977	(40,23)
0.015067164301651488723005999	(40,24)
0.015209929224088538418822386	(40,25)
0.015308182568136085319554346	(40,26)
0.01537249762045458616247714	(40,27)
0.015412064889876463756421987	(40,28)
0.015434197146450382102907638	(40,29)
0.01544396621153618072565933	(40,30)
0.00001679139916119293094010693	(41,1)
0.00015084394960477441426027399	(41,2)
0.00041743194304363046958427742	(41,3)
0.0008133778659718536970325683	(41,4)
0.0013335822534531414890896494	(41,5)
0.0019706922557704228168306061	(41,6)
0.0027147680493956578675547199	(41,7)
0.0035530274380389520665416431	(41,8)
0.0044697516264248351584640005	(41,9)
0.0054464249637415454462339551	(41,10)
0.006462157116412293603397921	(41,11)
0.0074943990064036063624789948	(41,12)
0.0085199186873834056285783833	(41,13)
0.0095159579431051694038093898	(41,14)
0.0104614541452384780785418761	(41,15)
0.0113381932620016379730405398	(41,16)
0.0121317638234922832511599666	(41,17)
0.0128322078472133157002962533	(41,18)
0.0134343075818685365746040177	(41,19)
0.0139374970909361204937451685	(41,20)
0.0143454348519360046904310251	(41,21)
0.0146653092331624049943474477	(41,22)
0.014906968244589071018100874	(41,23)
0.015081967946893152459849047	(41,24)
0.015202623439979364985141867	(41,25)
0.01528112749011497302072923	(41,26)
0.015328779961957315026914981	(41,27)
0.015355350756978226630358016	(41,28)
0.015368582848880408940360721	(41,29)
0.01537383157272978777422034	(41,30)
0.00001713487677022342856905503	(42,1)
0.00015392939798512192202816807	(42,2)
0.00042596752988053602297817138	(42,3)
0.0008299920996379972603011326	(42,4)
0.0013607560175277514569296312	(42,5)
0.0020106626055842007829069669	(42,6)
0.0027694032827319440900122672	(42,7)
0.0036236798087407159523563252	(42,8)
0.0045571012540194418001607419	(42,9)
0.0055503347207935953875399382	(42,10)
0.0065815620373637862804135353	(42,11)
0.0076272536745356284798782335	(42,12)
0.0086632213339381074620895175	(42,13)
0.0096658608627675295756947623	(42,14)
0.0106134579075282057998141503	(42,15)
0.0114874094565628824863662419	(42,16)
0.0122732204645670782694462645	(42,17)
0.0129611654023813295330259843	(42,18)
0.0135465530962011353230378447	(42,19)
0.0140295888344323682318241663	(42,20)
0.0144148788374071467921275284	(42,21)
0.0147106596120338463396210394	(42,22)
0.014927853719293712307685981	(42,23)
0.015079054198293029774624213	(42,24)
0.015177526246556905373449163	(42,25)
0.015236292640822997442154794	(42,26)
0.015267344793407436634608162	(42,27)
0.01528099906578451701678527	(42,28)
0.015285400987063836405816494	(42,29)
0.01528616954708168565121067	(42,30)
0.00001746418317784896260302734	(43,1)
0.00015688753642126661086792336	(43,2)
0.00043415073055586795171063761	(43,3)
0.0008459191969491284678364289	(43,4)
0.0013868012942579256018609465	(43,5)
0.0020489600920521649132741719	(43,6)
0.0028217220696014338498856072	(43,7)
0.0036912769295863411277889001	(43,8)
0.0046405660333428251863725239	(43,9)
0.0056494448294168091319556141	(43,10)
0.0066951752700007254476753982	(43,11)
0.0077532592204359125415952732	(43,12)
0.0087985692465904771705529336	(43,13)
0.0098066788293993301675437754	(43,14)
0.0107552518107280079159550248	(43,15)
0.0116253311502304035279707814	(43,16)
0.012402375541908820430764311	(43,17)
0.0130769278961177412426719002	(43,18)
0.0136448541761209271053065904	(43,19)
0.0141071522813927848889236309	(43,20)
0.0144693856876538020763469061	(43,21)
0.01474083548894369913152462	(43,22)
0.014933482643124618101080733	(43,23)
0.015060930356113919515674876	(43,24)
0.015137359491327564168854253	(43,25)
0.015176584420730989772487789	(43,26)
0.015191249460929914462800157	(43,27)
0.0151921820463521696042154	(43,28)
0.015187901078199166582210105	(43,29)
0.0151842684834033201036609	(43,30)
0.00001777892885598848439811573	(44,1)
0.00015971486699498162951913931	(44,2)
0.0004419718908214363707098268	(44,3)
0.0008611405067965041612096168	(44,4)
0.0014116881084603661118782377	(44,5)
0.0020855421115796011994566531	(44,6)
0.0028716696144600517151623371	(44,7)
0.003755754872401657599437744	(44,8)
0.0047200795358752429981063071	(44,9)
0.0057436974420632127514729087	(44,10)
0.0068029637085388383245231071	(44,11)
0.0078724287310819008324080612	(44,12)
0.0089260480951582660431738387	(44,13)
0.0099386004373106961729465227	(44,14)
0.0108871600643653445332408145	(44,15)
0.011752451119095617940528445	(44,16)
0.0125199212609838460123872986	(44,17)
0.0131804134135478855695028977	(44,18)
0.0137303748187537934406915705	(44,19)
0.01417160951193295714568779	(44,20)
0.014510639140995189297401203	(44,21)
0.014757777241820837869907713	(44,22)
0.01492603907233697775709031	(44,23)
0.015030004378371440258696617	(44,24)
0.015084729830226337208213582	(44,25)
0.015104778987025238241952872	(44,26)
0.015103407737656146400940472	(44,27)
0.015091917570643009490710889	(44,28)
0.015079170703838338757272552	(44,29)
0.01507125088747998822802977	(44,30)
0.00001807866982192858422481529	(45,1)
0.00016240740266500841208225989	(45,2)
0.0004494200040866400163770766	(45,3)
0.000875634750584750492629982	(45,4)
0.0014353822054563893901638271	(45,5)
0.0021203598152317086401688563	(45,6)
0.0029191826956719182332185597	(45,7)
0.0038170390240433854925030447	(45,8)
0.0047955624769710848167921375	(45,9)
0.0058330199434308409348430036	(45,10)
0.006904877967356050411424355	(45,11)
0.0079847579615658173605743019	(45,12)
0.0090457255589696850165112432	(45,13)
0.0100617957980359980490254729	(45,14)
0.0110094876761445934953800563	(45,15)
0.0118692414641181724861322261	(45,16)
0.0126265263309551989654114093	(45,17)
0.0132725118092155584568926972	(45,18)
0.0138042437081503039850693905	(45,19)
0.014224337644839229149280024	(45,20)
0.014540265815315691447287	(45,21)
0.014763353798102087934867279	(45,22)
0.014907619707164672521999229	(45,23)
0.014988580174871441992397691	(45,24)
0.015022123293266073803399789	(45,25)
0.01502351633607662104685995	(45,26)
0.01500658362193320322541587	(45,27)
0.014983062807968927939667151	(45,28)
0.014962129107769468163467752	(45,29)
0.0149500670033036132210357	(45,30)
0.00001836292446615822300034436	(46,1)
0.00016496081842444175726979499	(46,2)
0.0004564831294587615232552312	(46,3)
0.0008893788351698126676502909	(46,4)
0.0014578463778093010927852791	(46,5)
0.0021533600521612193614163084	(46,6)
0.002964192303223815587484497	(46,7)
0.0038750474595272310095469393	(46,8)
0.0048669268170951280289408254	(46,9)
0.0059173297130327178480008476	(46,10)
0.007000857670755564262468598	(46,11)
0.0080902309482957885044287672	(46,12)
0.009157656995863915380393322	(46,13)
0.0101764219489248651423680624	(46,14)
0.0111225252603425841309636859	(46,15)
0.0119761574886574431930631277	(46,16)
0.0127228386259819079128452015	(46,17)
0.0133540859458554096986635162	(46,18)
0.013867553929339989536408615	(46,19)
0.01426666703995755856215754	(46,20)
0.014559832021817780156165022	(46,21)
0.014759358272020004444242856	(46,22)
0.01488022862151637454307402	(46,23)
0.014938851716876077789348022	(46,24)
0.014951899043443637752706048	(46,25)
0.014935293932412762472762688	(46,26)
0.014903384989430309278348492	(46,27)
0.014868307978913846423550602	(46,28)
0.014839521061888589681862668	(46,29)
0.01482348874893279165002242	(46,30)
0.00001863118802987353304292974	(47,1)
0.0001673705813423470870161847	(47,2)
0.0004631487513158134412362004	(47,3)
0.0009023485516613460584870554	(47,4)
0.001479041604143751475502446	(47,5)
0.002184487033172552246771975	(47,6)
0.0030066258860408899854791469	(47,7)
0.0039296937948679301755681863	(47,8)
0.0049340791927579270014677292	(47,9)
0.0059965380472592564114689378	(47,10)
0.0070908357135119311507556473	(47,11)
0.0081888243904395995051720603	(47,12)
0.0092618896717804939685708148	(47,13)
0.0102826266227525198878744344	(47,14)
0.0112265520328455223695418855	(47,15)
0.0120736396327222124527956217	(47,16)
0.012809485836430809821512836	(47,17)
0.013425970934239778922429965	(47,18)
0.013921360780726268309848682	(47,19)
0.014299877781875436100542514	(47,20)
0.014570839119418899581329832	(47,21)
0.014747502461378155904418624	(47,22)
0.014845771208409180814965296	(47,23)
0.014882896731878043885530341	(47,24)
0.014876283079599031793642827	(47,25)
0.014842460609126065056183934	(47,26)
0.01479625779602113488449405	(47,27)
0.01475017087883990667845631	(47,28)
0.014713911651596501009275628	(47,29)
0.01469410464798623575671096	(47,30)
0.0000188829450895133127470118	(48,1)
0.0001696320627002408492816234	(48,2)
0.0004694040893026341032114364	(48,3)
0.0009145191774502863295047186	(48,4)
0.0014989280286504129611219424	(48,5)
0.0022136837570817686496280129	(48,6)
0.0030464092685720794305890438	(48,7)
0.0039808895995362449014573335	(48,8)
0.0049969237809447370948825089	(48,9)
0.0060705533728336921586709609	(48,10)
0.0071747416570570523565222654	(48,11)
0.0082805110028556692843280769	(48,12)
0.0093584657983139117914197344	(48,13)
0.0103805506753866634036313596	(48,14)
0.0113218373440416238175697968	(48,15)
0.0121621138718481251729597637	(48,16)
0.012887074574133446388725893	(48,17)
0.013488971890239686619436244	(48,18)
0.01396667824474264292976972	(48,19)
0.014325195036740093767405953	(48,20)
0.014574718019102410647910133	(48,21)
0.014729410815075569115309621	(48,22)
0.014806047939546077139862783	(48,23)
0.014822670556619747859015912	(48,24)
0.014797362422402570560788505	(48,25)
0.014747211240763103394493098	(48,26)
0.014687481294933660255730058	(48,27)
0.014630992601915610432194218	(48,28)
0.014587682387772260104211636	(48,29)
0.01456431615120524750729606	(48,30)
0.0000191176803468169691225658	(49,1)
0.0001717406349052435234400618	(49,2)
0.0004752363661779185303505687	(49,3)
0.0009258659959740916221897148	(49,4)
0.0015174658052185594658005795	(49,5)
0.002240893235668381290455905	(49,6)
0.0030834682869096659828291416	(49,7)
0.0040285464362147438390147285	(49,8)
0.0050553646855655070434795895	(49,9)
0.0061392838650449329354632086	(49,10)
0.007252504404144751975318651	(49,11)
0.0083652620178231260421738975	(49,12)
0.0094474245950660799663774806	(49,13)
0.0104703294322931916874489212	(49,14)
0.0114086410572496467308698039	(49,15)
0.0122419909356978911155541163	(49,16)
0.012956188331447687127724416	(49,17)
0.013543860647024847028012613	(49,18)
0.01400447458267986326858252	(49,19)
0.01434378376294987448798887	(49,20)
0.01457282331892081951091293	(49,21)
0.014706614337089569228670725	(49,22)
0.014762748376410017988792393	(49,23)
0.014760000547112573153172498	(49,24)
0.014717080137419408601550348	(49,25)
0.014651582496232848816519682	(49,26)
0.014579164532230726699141631	(49,27)
0.014512934693255586908008049	(49,28)
0.014463028846704242395640375	(49,29)
0.01443633553578486530012097	(49,30)
0.000019334887971555364221869	(50,1)
0.0001736917554005121009978574	(50,2)
0.0004806330396638974837587658	(50,3)
0.0009363647462478549376877212	(50,4)
0.0015346158260731691139800434	(50,5)
0.0022660595470254380315775467	(50,6)
0.0031177301864942259402003857	(50,7)
0.0040725775848446251969834129	(50,8)
0.0051093079210706056419072707	(50,9)
0.0062026395678485385075056106	(50,10)
0.007324054275340025228563075	(50,11)
0.008443048989732618203235252	(50,12)
0.0095288035660794542529552511	(50,13)
0.010552093181598373215368389	(50,14)
0.0114872130402703586540055262	(50,15)
0.012313664652521342454301094	(50,16)
0.013017384634092431277026542	(50,17)
0.013591371787881730920863629	(50,18)
0.014035667433132034636814421	(50,19)
0.014356743155343290819478432	(50,20)
0.014566427434829302837522748	(50,21)
0.01468054476381314948486132	(50,22)
0.014717445729969377552635835	(50,23)
0.014696581294937858906165875	(50,24)
0.014637231392924067476139208	(50,25)
0.014557449818410126929917008	(50,26)
0.014473244221063904429843227	(50,27)
0.014397977791701243674835486	(50,28)
0.014341959873676664831563516	(50,29)
0.01431218540428800454661074	(50,30)
0.0000195340797000282926489537	(51,1)
0.0001754810393977915598658637	(51,2)
0.0004855820033553918263677436	(51,3)
0.0009459920120572609541674935	(51,4)
0.0015503403513022560417587899	(51,5)
0.0022891287419683146328242938	(51,6)
0.0031491248163913670548729313	(51,7)
0.0041128994987417473638428889	(51,8)
0.0051586630568029140321785002	(51,9)
0.0062605340987635678078607964	(51,10)
0.0073893245936133656983103489	(51,11)
0.0085138450364428958659240709	(51,12)
0.009602639155031359966893582	(51,13)
0.0106259670115954659628402945	(51,14)
0.0115577920011924858770613017	(51,15)
0.012377509680924982126269199	(51,16)
0.013071191673198532808412436	(51,17)
0.013632198299433019342860524	(51,18)
0.014061118715856913274867975	(51,19)
0.014365101112860568779956632	(51,20)
0.014556714991657727666168547	(51,21)
0.014652529241064828270617192	(51,22)
0.01467159214783461541420849	(51,23)
0.014633970775435328278518696	(51,24)
0.014559460623210333336584772	(51,25)
0.014466525648751993676177376	(51,26)
0.014371483966649652001691643	(51,27)
0.014287921697851091772688274	(51,28)
0.014226298258723523051643781	(51,29)
0.01419369967825025051588455	(51,30)
0.0000197147918550691339722509	(52,1)
0.0001771043229213725502557618	(52,2)
0.0004900717608165124475380128	(52,3)
0.0009547255589009690973638557	(52,4)
0.0015646035526977117984154547	(52,5)
0.0023100496237908723874389049	(52,6)
0.0031775856491131132382088485	(52,7)
0.0041494330326928830712261633	(52,8)
0.0052033445757287257122198739	(52,9)
0.0063128860092639840245280573	(52,10)
0.0074482528684583676069092397	(52,11)
0.0085776256330125522297149057	(52,12)
0.0096689669220032604067077975	(52,13)
0.0106920701638397544604642847	(52,14)
0.011620603866730081835724038	(52,15)
0.012433878850105986180427886	(52,16)
0.013118104653070601439590144	(52,17)
0.013666987086591054971311754	(52,18)
0.014081629574632673314120143	(52,19)
0.014369808942137296150923276	(52,20)
0.014544777652889686197803784	(52,21)
0.014623785635079246562984734	(52,22)
0.014626514811410394505305802	(52,23)
0.014573587454920693704107694	(52,24)
0.014485259769377322189558722	(52,25)
0.01438035881757884326741376	(52,26)
0.014275474718155517959494396	(52,27)
0.014184386708282733493099789	(52,28)
0.014117682701132612656903742	(52,29)
0.01408252589062961027561667	(52,30)
0.0000198765914219194842441955	(53,1)
0.0001785577173708639489028496	(53,2)
0.0004940915762132373178223608	(53,3)
0.000962544625250099209918773	(53,4)
0.0015773719828408556385420381	(53,5)
0.0023287744179736472931426561	(53,6)
0.0032030506498746632344229128	(53,7)
0.0041821044762648718866582609	(53,8)
0.005243272992708309299686967	(53,9)
0.0063596198608284942432914013	(53,10)
0.0075007816580188744190701596	(53,11)
0.0086343690576908475488703579	(53,12)
0.0097278213652253934065872948	(53,13)
0.0107505150490795125296457443	(53,14)
0.011675859871957577149000764	(53,15)
0.012483100293756736909396804	(53,16)
0.013158582047851911735783649	(53,17)
0.013696334539529631688134592	(53,18)
0.014097935534096371365384778	(53,19)
0.014371736444195316154160621	(53,20)
0.014531609497368077059043893	(53,21)
0.01459541853783709278188368	(53,22)
0.014583412850244489359122948	(53,23)
0.014516708309222040364944496	(53,24)
0.014415967496729612209889951	(53,25)
0.014300334950822932056248954	(53,26)
0.014186636257202254159571869	(53,27)
0.014088815993568609886301149	(53,28)
0.014017570818347652375720442	(53,29)
0.01398012852161993400228629	(53,30)
0.0000200190812881703558117558	(54,1)
0.0001798376565751211878213332	(54,2)
0.0004976316041794787784792149	(54,3)
0.0009694301734240218619562599	(54,4)
0.0015886149782812681716458417	(54,5)
0.0023452593453622423319615987	(54,6)
0.0032254630149015932789375202	(54,7)
0.0042108464199058797232383287	(54,8)
0.0052783757702264761355645752	(54,9)
0.0064006670677259237903657732	(54,10)
0.0075468591764300378758084606	(54,11)
0.0086840565760960998306446981	(54,12)
0.0097792354939393611229638735	(54,13)
0.0108014060519525619989567498	(54,14)
0.011723754504127127874948467	(54,15)
0.012525474531094025000918567	(54,16)
0.013193041922533143160770719	(54,17)
0.013720782299225265584654164	(54,18)
0.014110701996406598628425722	(54,19)
0.014371667477974657951042439	(54,20)
0.014518102994927349389711507	(54,21)
0.014568415970104238333806528	(54,22)
0.014543355024745360050691924	(54,23)
0.014464467652339802557876077	(54,24)
0.014352769238138725673518439	(54,25)
0.014227677698547509234063695	(54,26)
0.014106219491489741725606169	(54,27)
0.014002478760254483037012364	(54,28)
0.013927242920260152824654368	(54,29)
0.01388779308916064550074278	(54,30)
0.0000201419047342730872983821	(55,1)
0.000180940937114777606429223	(55,2)
0.0005006830010746870321524505	(55,3)
0.0009753651043288016402704055	(55,4)
0.0015983050039255398751094675	(55,5)
0.0023594651097581127851726259	(55,6)
0.003244771794813449279777466	(55,7)
0.0042355984766326583832895228	(55,8)
0.005308588063308572413590904	(55,9)
0.0064359665497414747429654299	(55,10)
0.0075864397036812693350281817	(55,11)
0.0087266724371406579844842402	(55,12)
0.0098232402431323495232278239	(55,13)
0.010844838231368405271378492	(55,14)
0.011764463420058679170220363	(55,15)
0.012561271620697039456858578	(55,16)
0.013221858441329694473293289	(55,17)
0.01374081333142822511482771	(55,18)
0.014120520163468330911150534	(55,19)
0.014370296052236480006632034	(55,20)
0.014505045590235845864297207	(55,21)
0.014543646744033972448154354	(55,22)
0.014507278089701129999667205	(55,23)
0.014417856639323066086357167	(55,24)
0.014296697882812398968239267	(55,25)
0.014163450565701068547810882	(55,26)
0.01403530930199846987652992	(55,27)
0.01392647392094421982038564	(55,28)
0.013847806256760314720324523	(55,29)
0.01380663069387003475661717	(55,30)
0.0000202447492432187685556327	(56,1)
0.0001818647525299649495055287	(56,2)
0.0005032380193455246048939458	(56,3)
0.0009803344394342946909660689	(56,4)
0.0016064179443170260735807308	(56,5)
0.0023713573087183265647210401	(56,6)
0.0032609324160969708040779083	(56,7)
0.0042563078780373655718168063	(56,8)
0.0053338533200204371573136285	(56,9)
0.0064654652311820246891863466	(56,10)
0.0076194838465600393770716396	(56,11)
0.0087622037432213350093287254	(56,12)
0.009859863807113301562511911	(56,13)
0.010880896006534410812635825	(56,14)
0.011798141436131806504642157	(56,15)
0.012590728488786686500870211	(56,16)
0.013245358659062592493957635	(56,17)
0.013756848388858098977552667	(56,18)
0.014127903438784199516602299	(56,19)
0.014368222965468739855860937	(56,20)
0.014493116873550566215650797	(56,21)
0.014521858419427052545872091	(56,22)
0.014475985727373915572428425	(56,23)
0.014377723288799692367883862	(56,24)
0.014248634916706659862940977	(56,25)
0.014108559117758179038083296	(56,26)
0.013974827689304452634776828	(56,27)
0.013861733997736833279447367	(56,28)
0.013780199450358638243330388	(56,29)
0.01373758272354024447875382	(56,30)
0.0000203273496832525035525201	(57,1)
0.0001826067218974356736562026	(57,2)
0.0005052900863373504507060192	(57,3)
0.0009843254726481917313607477	(57,4)
0.0016129333462996781481445588	(57,5)
0.0023809067745736741151610872	(57,6)
0.0032739071111474463795854879	(57,7)
0.0042729299598848802714059156	(57,8)
0.0053541237593352416856870893	(57,9)
0.0064891184164512256895669349	(57,10)
0.0076459586914252333294802729	(57,11)
0.0087906402472572223993392676	(57,12)
0.0098891309564861143592719613	(57,13)
0.010909651903424636315540954	(57,14)
0.011824920671916533279897643	(57,15)
0.012614046512942219946371981	(57,16)
0.013263819668428353223097006	(57,17)
0.013769242917448103941809945	(57,18)
0.01413328433900429193728154	(57,19)
0.014365952990799152657123828	(57,20)
0.014482886297234038176620466	(57,21)
0.014503675771925336578637351	(57,22)
0.014450147928119033264683569	(57,23)
0.014344772865332557992632573	(57,24)
0.014209311821239717698063854	(57,25)
0.014063753339721964217006152	(57,26)
0.013925536975113612946199899	(57,27)
0.01380902899862872067119266	(57,28)
0.01372519684269996081031247	(57,29)
0.01368142544069578456653073	(57,30)
0.000020389490905377903664697	(58,1)
0.0001831649131524706881832839	(58,2)
0.0005068338685994986011541288	(58,3)
0.0009873278941536251998951943	(58,4)
0.001617834616575065820994765	(58,5)
0.0023880898511819403615194703	(58,6)
0.0032836652652131552184110766	(58,7)
0.0042854285495952517217953217	(58,8)
0.0053693607441095981722924059	(58,9)
0.0065068900670981249383100738	(58,10)
0.0076658378825074644881464424	(58,11)
0.0088119741201259249032300531	(58,12)
0.0099110623918142859301169626	(58,13)
0.010931165422896568299136781	(58,14)
0.01184490891268578940160321	(58,15)
0.012631389424690596272191547	(58,16)
0.01327746615748285053679695	(58,17)
0.013778284443967408906852392	(58,18)
0.014137011928086365396333376	(58,19)
0.014363892588426289441929242	(58,20)
0.014474811386290093814651128	(58,21)
0.014489599685714279346035998	(58,22)
0.014430300696315744881474776	(58,23)
0.01431956846739922942918192	(58,24)
0.014179311548240089563234975	(58,25)
0.014029629943402074715678644	(58,26)
0.013888042835968519120642626	(58,27)
0.013768970030792376244563331	(58,28)
0.01368341251045347343690411	(58,29)
0.01363877420457820934488033	(58,30)
0.0000204310097874291743194272	(59,1)
0.000183537861441282321088576	(59,2)
0.0005078653224794882357781761	(59,3)
0.0009893338877877366872497785	(59,4)
0.0016211091768433724509955396	(59,5)
0.002392888610679052584779887	(59,6)
0.0032901836867495216086917958	(59,7)
0.0042937762653192026105372832	(59,8)
0.0053795350633286542943297753	(59,9)
0.0065187530003799318920884493	(59,10)
0.0076791016529873119821980367	(59,11)
0.0088261997237527280439812736	(59,12)
0.0099256741769718611468972006	(59,13)
0.010945482079407359331375769	(59,14)
0.01185818824217253004886776	(59,15)
0.012642881579547726053875846	(59,16)
0.013286468416788415748351773	(59,17)
0.013784190468643930965112252	(59,18)
0.014139349775732386697023711	(59,19)
0.014362348120534459697257594	(59,20)
0.014469236388369692453821127	(59,21)
0.014480006385967510529232881	(59,22)
0.014416845967866978805075675	(59,23)
0.014302531681046854988724615	(59,24)
0.01415906990873445474703015	(59,25)
0.014006634442343163378922701	(59,26)
0.013862796974512617588772229	(59,27)
0.01374201244611417535076954	(59,28)
0.013655303739579907353687622	(59,29)
0.01361008711346460342360926	(59,30)
0.0000204517967482078686574099	(60,1)
0.0001837245827151951129294776	(60,2)
0.0005083817315945560929343954	(60,3)
0.0009903382031308550862341956	(60,4)
0.0016227485785323374222772947	(60,5)
0.0023952910134255846114477186	(60,6)
0.0032934468061098896174911455	(60,7)
0.0042979547340334404236283396	(60,8)
0.0053846271345542401808431551	(60,9)
0.0065246890249238039761262754	(60,10)
0.0076857368301286630995633758	(60,11)
0.0088333134173942390752173293	(60,12)
0.0099329772856588839088128458	(60,13)
0.010952632648144439966098359	(60,14)
0.011864813984675756242774644	(60,15)
0.012648606630537580861323206	(60,16)
0.013290940823932287463203107	(60,17)
0.013787106876752805284394492	(60,18)
0.014140474435475956442342393	(60,19)
0.01436152454186271328485759	(60,20)
0.014466391312242250434050377	(60,21)
0.014475146935625716760345403	(60,22)
0.014410051640785706187702771	(60,23)
0.014293943180168934505612441	(60,24)
0.014148876739163445628159996	(60,25)
0.013995062844111006158466479	(60,26)
0.013850099267532896444299233	(60,27)
0.013728458350826159562174298	(60,28)
0.01364117378515858752360287	(60,29)
0.01359566789226696942096328	(60,30)