ldd131_(sigma,mu)
0.1252086133032760417375017299	(1,1)
0.125203927306514335438769802	(1,2)
0.1251723279568570497268887186	(1,3)
0.1250705777577388626610857469	(1,4)
0.1248368076180015927270657859	(1,5)
0.124393947427162594900506071	(1,6)
0.1236540507771546394445048245	(1,7)
0.1225233143494079583201047666	(1,8)
0.120907559717800177238350636	(1,9)
0.1187179228388147569488023153	(1,10)
0.1158764853189357046125162993	(1,11)
0.1123215821793324421065532013	(1,12)
0.108012533274437451237953949	(1,13)
0.1029335692406122219808980495	(1,14)
0.0970967568339590685654943487	(1,15)
0.0905437712905894120860438116	(1,16)
0.0833464130484544592568773896	(1,17)
0.0756058206406473094962711796	(1,18)
0.067450388427547036118399418	(1,19)
0.0590324545934010632724339688	(1,20)
0.0505238790075436847579925916	(1,21)
0.0421106797675359386893697849	(1,22)
0.0339869393417963005675970238	(1,23)
0.026348224362691255837331835	(1,24)
0.0193847858276401193590079566	(1,25)
0.01327481773952477887584164569	(1,26)
0.00817805155022697388519812013	(1,27)
0.00422995117373371346688664048	(1,28)
0.00153674933815122297406582559	(1,29)
0.00017153167491074778819823406	(1,30)
0.1268625872543654014234413788	(2,1)
0.126857838546113842365576675	(2,2)
0.1268258163120687551790918172	(2,3)
0.1267227044400446055968810616	(2,4)
0.1264858059777921849239061772	(2,5)
0.1260370198259967015408216241	(2,6)
0.1252872237465966892245246507	(2,7)
0.1241413615805590003957243064	(2,8)
0.1225039993062204423402889211	(2,9)
0.1202850917144314607691404795	(2,10)
0.1174056900675155480830161138	(2,11)
0.1138033216840428122534382071	(2,12)
0.1094367849632797936783229761	(2,13)
0.1042901274146475492401279253	(2,14)
0.0983756087609661375421898913	(2,15)
0.0917354946446200287970181997	(2,16)
0.0844425769852940885640380473	(2,17)
0.0765993724000483817522954527	(2,18)
0.068336007865078551281229829	(2,19)
0.0598068604276486347976119549	(2,20)
0.0511860727258188301571529897	(2,21)
0.0426621159221442769090937187	(2,22)
0.0344316142134854752546167909	(2,23)
0.0266926784762735139448130994	(2,24)
0.0196380193860895574856072151	(2,25)
0.01344812152257541192365446961	(2,26)
0.00828475905522385872847320209	(2,27)
0.00428512064870407844062087219	(2,28)
0.0015567867946107389529134347	(2,29)
0.00017376792847107195792620423	(2,30)
0.1300890904810947955150750587	(3,1)
0.1300842193488809578335628828	(3,2)
0.1300513715696017568288914775	(3,3)
0.1299456014728923894289167445	(3,4)
0.1297025959873586233612733917	(3,5)
0.1292422413860320634351889323	(3,6)
0.1284731201248730018192855363	(3,7)
0.1272977305493696441557874669	(3,8)
0.1256181880094687231319822633	(3,9)
0.1233421423266694868933226357	(3,10)
0.1203886346944885101955048987	(3,11)
0.1166936175541573004468262685	(3,12)
0.1122148738200648063831235972	(3,13)
0.1069360965303770859871093149	(3,14)
0.1008699255251196569996752727	(3,15)
0.0940597825660830231029876953	(3,16)
0.0865803984370525166396221905	(3,17)
0.0785369826825851664518954317	(3,18)
0.0700630462070754805871224474	(3,19)
0.0613169462972336213402972782	(3,20)
0.0524772800976241746246099857	(3,21)
0.0437373036472457753394809387	(3,22)
0.0352985970189811328938822675	(3,23)
0.0273642299964688005882498464	(3,24)
0.0201317056198090095309716048	(3,25)
0.01378596987801819934110676542	(3,26)
0.00849277440063900037107593742	(3,27)
0.00439266532150971456235182129	(3,28)
0.00159584619509341037971111698	(3,29)
0.00017812706469327821468165157	(3,30)
0.1347288903913031133405653516	(4,1)
0.1347238429886020808261037985	(4,2)
0.1346898065596041114208829734	(4,3)
0.1345802090604440493291282104	(4,4)
0.1343284105039781689951074303	(4,5)
0.13385139942191758865287323	(4,6)
0.1330544537106968478972959676	(4,7)
0.1318365512775720106899850113	(4,8)
0.1300962802542704837080487454	(4,9)
0.1277379738612475508502187435	(4,10)
0.1246777824690493590249458411	(4,11)
0.1208493956822092350149320581	(4,12)
0.1162091404708635743752087646	(4,13)
0.1107402070152084170157686699	(4,14)
0.1044557909460757769067261846	(4,15)
0.0974009874539093628201359351	(4,16)
0.0896533272130183156603558879	(4,17)
0.0813219037621383804821637637	(4,18)
0.0725451041707382448620336786	(4,19)
0.0634870166571960239788197638	(4,20)
0.0543326474895611030787866656	(4,21)
0.0452821323412120531430685719	(4,22)
0.036544171942467556033568431	(4,23)
0.0283289564269452579228638955	(4,24)
0.0208408657750489603102844299	(4,25)
0.01427124431058999900628400455	(4,26)
0.00879154498235275587565892861	(4,27)
0.00454712439140179707564208216	(4,28)
0.00165194296239711890691234034	(4,29)
0.0001843875282178532091841775	(4,30)
0.1405534726032223357879200336	(5,1)
0.1405482035061907328989906436	(5,2)
0.1405126721203927328430497732	(5,3)
0.1403982609321858509907291274	(5,4)
0.1401354034652657307621395441	(5,5)
0.139637443990728274568201384	(5,6)
0.1388055048498349545633834463	(5,7)
0.1375341375736814449007023482	(5,8)
0.1357174965277606959880075128	(5,9)
0.1332557477193409577024656976	(5,10)
0.1300614119821121653202569924	(5,11)
0.1260653417710591792087914644	(5,12)
0.1212220444464016006835028692	(5,13)
0.1155140917536944252206154158	(5,14)
0.1089553941340903187634934667	(5,15)
0.1015931678313164638912964539	(5,16)
0.0935084802673269255860155147	(5,17)
0.0848153221721040066293402782	(5,18)
0.075658220518109807489794768	(5,19)
0.0662084713405819462102937362	(5,20)
0.0566591329785043345127108249	(5,21)
0.0472189753163321438940472351	(5,22)
0.0381056267740522690816606304	(5,23)
0.0295381960969900536999219767	(5,24)
0.0217296690187413874486833089	(5,25)
0.01487938980371285022797981016	(5,26)
0.0091659343275589100488521277	(5,27)
0.00474066511464351402059736031	(5,28)
0.00172223053550745675666167747	(5,29)
0.00019223153493437119584351725	(5,30)
0.1472800431516013373637582277	(6,1)
0.1472745173631716775707872691	(6,2)
0.1472372550252738753749237245	(6,3)
0.1471172702696575663394568769	(6,4)
0.1468416082446483761802194408	(6,5)
0.1463193940113269443450200226	(6,6)
0.145446939269501198625958622	(6,7)
0.1441136724442003959838628715	(6,8)
0.1422086180694636136536383909	(6,9)
0.1396271236278125593190095186	(6,10)
0.1362775174900753662224450831	(6,11)
0.1320873812658831030799759921	(6,12)
0.1270091340125221253201568234	(6,13)
0.1210246539658754614238627597	(6,14)
0.1141487046476638117514353581	(6,15)
0.1064309845730627132386251167	(6,16)
0.0979566809177680670695442441	(6,17)
0.0888454744917573523040424486	(6,18)
0.0792490129628592090231546901	(6,19)
0.0693469380915676803714705052	(6,20)
0.0593416174606903430877361556	(6,21)
0.0494517887572676127195753916	(6,22)
0.0399053724791794365648536223	(6,23)
0.0309317449609943916490457386	(6,24)
0.0227537864704155532921297175	(6,25)
0.01558002813811478067417748066	(6,26)
0.00959721664227766294165125232	(6,27)
0.00496359747742178060575254564	(6,28)
0.001803187415990368287079092	(6,29)
0.00020126595373046666155812331	(6,30)
0.154593885916306860582975416	(7,1)
0.1545880800393875260089033709	(7,2)
0.1545489289772213332613680669	(7,3)
0.1544228626591977038502907437	(7,4)
0.154133229152187976656360181	(7,5)
0.1535845502347327578037290028	(7,6)
0.1526678898377387875808695712	(7,7)
0.1512670893114715384747239829	(7,8)
0.1492655814848307713258394646	(7,9)
0.1465534657726751308595484841	(7,10)
0.1430345107899140308030234291	(7,11)
0.1386327501358466472602478166	(7,12)
0.1332983516488742422510658467	(7,13)
0.127012470179792397983342887	(7,14)
0.1197908376715948885442074848	(7,15)
0.1116859001543934649115906012	(7,16)
0.1027873765376006453462913419	(7,17)
0.0932211856008309076466322225	(7,18)
0.083146761758060581179290765	(7,19)
0.0727528532525211709116742221	(7,20)
0.0622519647856571830488463498	(7,21)
0.0518736668817680183973629213	(7,22)
0.0418570437720307039896444241	(7,23)
0.0324425881720138642147325059	(7,24)
0.0238638737278739949066618525	(7,25)
0.0163393436124616758766542838	(7,26)
0.01006454699917137893047500504	(7,27)
0.00520513480369324255748164062	(7,28)
0.0018908935428356144457165289	(7,29)
0.00021105315792480187945354214	(7,30)
0.162176932192660080609320449	(8,1)
0.1621708345332487899908507713	(8,2)
0.16212971589315334567804751	(8,3)
0.1619973141407477929666121688	(8,4)
0.1616931261002634302366379828	(8,5)
0.1611168787800521279868828904	(8,6)
0.1601541711413497443702476053	(8,7)
0.1586830283882645074598089469	(8,8)
0.1565810661716545157271346595	(8,9)
0.1537329302512450909952522564	(8,10)
0.1500376598951275326628875707	(8,11)
0.1454156219141617677005429099	(8,12)
0.1398146773339187449296794375	(8,13)
0.1332152740760027256455566705	(8,14)
0.1256342055275374054395366981	(8,15)
0.1171268344849451149940733428	(8,16)
0.1077876517927826110115104569	(8,17)
0.0977491155099632932738934869	(8,18)
0.0871787956273220253286824958	(8,19)
0.0762749270696903712146109718	(8,20)
0.0652605459154784330221335122	(8,21)
0.0543764468534234606582180432	(8,22)
0.0438732509310904037951068193	(8,23)
0.0340029095299084818548311063	(8,24)
0.0250099920425112992699477645	(8,25)
0.0171231106559166028203229522	(8,26)
0.01054682650536529781381430344	(8,27)
0.00545435847435041972662719281	(8,28)
0.00198138077551421693507291295	(8,29)
0.00022115014605394119925427777	(8,30)
0.1697389189677030130449951279	(9,1)
0.1697325284618461575993655423	(9,2)
0.1696894350728382080558986615	(9,3)
0.1695506748384436923576754383	(9,4)
0.1692318795615361055303998635	(9,5)
0.1686279649469089795036282786	(9,6)
0.1676190476207064770640033758	(9,7)
0.1660773210915116706328366604	(9,8)
0.1638745733931512271067147761	(9,9)
0.1608899949855298592295004429	(9,10)
0.1570179065739396195908020452	(9,11)
0.152175034393867311416954918	(9,12)
0.1463069760141643696718793218	(9,13)
0.1393935327420815336419765658	(9,14)
0.1314526341490892456677684966	(9,15)
0.122542643903699161696943001	(9,16)
0.1127629108472988631138886728	(9,17)
0.1022525111378956824420430808	(9,18)
0.0911872118519368512413175132	(9,19)
0.079774769032897379336186689	(9,20)
0.068248749347599515869009587	(9,21)
0.0568611303269769481816975851	(9,22)
0.0458739865116223465572984953	(9,23)
0.0355506055850994960413250675	(9,24)
0.0261463987367124035021514188	(9,25)
0.0178999730764577152612017006	(9,26)
0.01102472186486175249642040929	(9,27)
0.00570126225320447987415016999	(9,28)
0.00207101223620320459836514154	(9,29)
0.00023115088040051726056608249	(9,30)
0.1770457674692618062387885573	(10,1)
0.1770390915285660402333651556	(10,2)
0.1769940733739610091611734254	(10,3)
0.1768491156540754874610042694	(10,4)
0.1765160833163406063586447066	(10,5)
0.1758852037763402540374930371	(10,6)
0.1748312534354901165926133314	(10,7)
0.1732207491184580588967318985	(10,8)
0.1709198128540284219276800338	(10,9)
0.1678023417800507257537064184	(10,10)
0.1637580941959670221824443142	(10,11)
0.1587002997719117571884976008	(10,12)
0.1525724177291712349344344676	(10,13)
0.1453537015027637116059536196	(10,14)
0.1370632808860747882269389729	(10,15)
0.1277625406234372284761408146	(10,16)
0.1175556544004192036263386378	(10,17)
0.1065882207926909107235847448	(10,18)
0.0950440379775863928081305725	(10,19)
0.0831401416967198780869079282	(10,20)
0.0711203111354918490848300525	(10,21)
0.0592473157661691599743074275	(10,22)
0.0477942294898479673790997086	(10,23)
0.0370351745240038817970892843	(10,24)
0.0272358756145972977396201723	(10,25)
0.0186444057126385563660651624	(10,26)
0.01148248866257389999975241952	(10,27)
0.00593769484347190462153545737	(10,28)
0.00215682461761409866984448841	(10,29)
0.00024072448828216006347018027	(10,30)
0.183939821395548791904889527	(11,1)
0.1839328729689990502262156361	(11,2)
0.1838860173733604738681527341	(11,3)
0.1837351434122716763100651352	(11,4)
0.1833885205073392302448527307	(11,5)
0.1827319020654478382049811227	(11,6)
0.1816349708201911282802365862	(11,7)
0.1799588339212681554889791398	(11,8)
0.1775642224839151227324957626	(11,9)
0.1743200110157920354830405414	(11,10)
0.1701116493265301287259241224	(11,11)
0.1648490954104791701625713047	(11,12)
0.158473853770172654495371039	(11,13)
0.1509647599939600125033625776	(11,14)
0.1423422080625645279597604929	(11,15)
0.1326705893675747277537895122	(11,16)
0.1220587979735920819526802828	(11,17)
0.1106587503443973901073095091	(11,18)
0.098661963977929909230744398	(11,19)
0.0862943323390187131152013106	(11,20)
0.0738093176441447277714787981	(11,21)
0.0614798537543149464033113268	(11,22)
0.0495893051951824065609470544	(11,23)
0.0384218631251718379009989519	(11,24)
0.0282527744041938219382046611	(11,25)
0.0193387966634623480300958819	(11,26)
0.01190925244661218273773549361	(11,27)
0.00615802182987389450124921224	(11,28)
0.00223676850107283200087990232	(11,29)
0.00024964207689305995189116848	(11,30)
0.1903484878902953557688214717	(12,1)
0.1903412821736669941316428581	(12,2)
0.1902926916134179800890308579	(12,3)
0.1901362314557761950803293171	(12,4)
0.1897767766605918003146506672	(12,5)
0.1890958581112910186779844346	(12,6)
0.1879583542773278714837215251	(12,7)
0.1862202761174165780504744073	(12,8)
0.1837372869320592727296833116	(12,9)
0.1803735567204829504330058331	(12,10)
0.1760105254738906559091162963	(12,11)
0.1705551443848851572032777368	(12,12)
0.1639471799493329369946730142	(12,13)
0.1561652039180665745518943375	(12,14)
0.1472309510355240292687472774	(12,15)
0.1372118038492420834258012894	(12,16)
0.1262212553871740718527071595	(12,17)
0.1144173006925763856032089699	(12,18)
0.1019988107729511969962975409	(12,19)
0.0892000409271592232578969488	(12,20)
0.0762835135403308600001836648	(12,21)
0.0635315881599071419354365274	(12,22)
0.0512370853363783299138969717	(12,23)
0.0396933634173340630445650452	(12,24)
0.0291842590967630297252717767	(12,25)
0.0199742945226024543442001078	(12,26)
0.01229952887321467458768571722	(12,27)
0.00635939399712738329195506065	(12,28)
0.00230980566013597450112763785	(12,29)
0.00025778758432572731553441242	(12,30)
0.1962807735090000900091003789	(13,1)
0.1962733247567213330853471872	(13,2)
0.1962230953616739017320631868	(13,3)
0.1960613586305233060729580471	(13,4)
0.195689783787626330843135112	(13,5)
0.1949859155220952635120818745	(13,6)
0.1938101006547686994656069193	(13,7)
0.1920135505336309729804988478	(13,8)
0.1894471685133798918586253051	(13,9)
0.1859707265916873500937422025	(13,10)
0.1814619475206877438185347286	(13,11)
0.1758250416368197646044723513	(13,12)
0.1689982634971276794310051481	(13,13)
0.1609600930328713500333387014	(13,14)
0.1517337084408791288207339703	(13,15)
0.1413895006193225786598448564	(13,16)
0.1300454769621847990318666807	(13,17)
0.1178655095872089281050259866	(13,18)
0.1050554924626478637114947143	(13,19)
0.0918575760548100710865813733	(13,20)
0.0785427402038385868307613403	(13,21)
0.0654020403472086590597843764	(13,22)
0.052736915127067582061046365	(13,23)
0.0408489730992650969414066424	(13,24)
0.0300296830723582412208817162	(13,25)
0.0205503787561683307096418231	(13,26)
0.01265295747255808659573072416	(13,27)
0.00654160900483194614306049625	(13,28)
0.00237585865413317047838717638	(13,29)
0.00026515214460830538837575363	(13,30)
0.2018139250987706708172217515	(14,1)
0.2018062439143649252107078905	(14,2)
0.2017544471965338890389056268	(14,3)
0.2015876642638168299192136565	(14,4)
0.201204499243619045275608695	(14,5)
0.2004786873272624796098088057	(14,6)
0.1992662488967311000203516406	(14,7)
0.1974138216450460246786780588	(14,8)
0.194767788148909962425374767	(14,9)
0.1911837675753044409698372663	(14,10)
0.1865360094120310340548265108	(14,11)
0.1807262180660326102756345858	(14,12)
0.1736913526789855022948212846	(14,13)
0.1654099878210441356470135802	(14,14)
0.1559068870769928480175004096	(14,15)
0.1452555299225720898679175433	(14,16)
0.1335784375141952690265819382	(14,17)
0.1210452581093293428544078906	(14,18)
0.107868689710986864728442663	(14,19)
0.0942984278506995748674516455	(14,20)
0.080613422527134353918229266	(14,21)
0.0671128040606549135973369867	(14,22)
0.0541058890254653705682753568	(14,23)
0.041901702991074504239472722	(14,24)
0.0307984575313513413659142195	(14,25)
0.0210733979559714062814621858	(14,26)
0.01297340010580394313666381853	(14,27)
0.00670664467817468870332506807	(14,28)
0.00243564117345457851901643731	(14,29)
0.00027181514536035245886462571	(14,30)
0.2070739505230189085735039384	(15,1)
0.2070660418660044414962927638	(15,2)
0.2070127112797838203582201262	(15,3)
0.2068409899942872294736671469	(15,4)
0.2064464833027982177442311246	(15,5)
0.205699201278900598049687956	(15,6)
0.2044509385231739323426269415	(15,7)
0.2025438750801890407687168013	(15,8)
0.1998200042453501696404708258	(15,9)
0.1961309402256094705961099578	(15,10)
0.191347624271354133274201953	(15,11)
0.1853694364570517713789361508	(15,12)
0.1781322352496890872263229118	(15,13)
0.1696148901090132605057354745	(15,14)
0.1598439430120692363988376255	(15,15)
0.1488961297401341158929847575	(15,16)
0.1368986051850452034965164858	(15,17)
0.1240268408878247823989631221	(15,18)
0.1105002882793707540525142945	(15,19)
0.0965760181609173410410104713	(15,20)
0.0825406472155782044906616816	(15,21)
0.0687009390334808358210127671	(15,22)
0.0553735161366438112879003489	(15,23)
0.0428741396666247724168608911	(15,24)
0.0315070065262428800673591012	(15,25)
0.021554484066369018681489882	(15,26)
0.0132676557500082374250268954	(15,27)
0.00685799415909787938590243343	(15,28)
0.00249041647704623830596797928	(15,29)
0.0002779172634647272144570447	(15,30)
0.2122140364269222177883111465	(16,1)
0.2122058984256664677706585821	(16,2)
0.212151021362861763662652917	(16,3)
0.2119743212786384221407175167	(16,4)
0.2115683808734571209756154516	(16,5)
0.2107994577425469803825380149	(16,6)
0.2095150948009775758471160841	(16,7)
0.2075529973351365665157732842	(16,8)
0.2047507704577508820208330574	(16,9)
0.2009560533791234804835877012	(16,10)
0.1960365483551867802669519009	(16,11)
0.1898894278267953264755752608	(16,12)
0.182449617458385214092860066	(16,13)
0.1736964978603107378446590767	(16,14)
0.1636586433433216675029576076	(16,15)
0.152416318578992474597736485	(16,16)
0.1401015769335490545521371203	(16,17)
0.1268959384034738402503021498	(16,18)
0.1130257598893522943265314734	(16,19)
0.0987555351346008744881289973	(16,20)
0.0843794662734490400364730681	(16,21)
0.0702117261463113531976233884	(16,22)
0.0565758761112659901586336354	(16,23)
0.0437939173487075986403658445	(16,24)
0.0321754373984494103020436189	(16,25)
0.0220072734594673499138176108	(16,26)
0.0135440571904414737507123155	(16,27)
0.00699994033845736683238261999	(16,28)
0.00254173386066031145897968222	(16,29)
0.00028363105364412555939034733	(16,30)
0.21739420530588887164936662	(17,1)
0.2173858288414562543795223973	(17,2)
0.2173293438253971164016464576	(17,3)
0.2171474671712254178259552546	(17,4)
0.2167296397396283575805077593	(17,5)
0.2159382208013207856855619423	(17,6)
0.2146163415777219635774243971	(17,7)
0.212597074630127088853192032	(17,8)
0.2097135003416199475541861379	(17,9)
0.2058091889651556042825110281	(17,10)
0.2007485731498214187697840951	(17,11)
0.194426667987200964379402264	(17,12)
0.186777608800771844499037854	(17,13)
0.1777815242115655617915489988	(17,14)
0.1674693433113831718022383391	(17,15)
0.1559252471913224499785548488	(17,16)
0.1432866090751122899698506252	(17,17)
0.1297414133733755070919807257	(17,18)
0.1155232898098873453525155246	(17,19)
0.1009044318609667425164143148	(17,20)
0.0861867780120322763297406004	(17,21)
0.0716919115723063970809785529	(17,22)
0.0577501756941339003120500849	(17,23)
0.0446895048078603450351802273	(17,24)
0.0328244459384728530250962428	(17,25)
0.0224457905446056459354216568	(17,26)
0.0138111687694473602008772771	(17,27)
0.00713688293015433541818579777	(17,28)
0.00259118434251578890589927498	(17,29)
0.00028913368732154085794238619	(17,30)
0.2227645004352392731367998628	(18,1)
0.2227558693745462428887967919	(18,2)
0.2226976676326875675845171122	(18,3)
0.2225102643800408510241842917	(18,4)
0.2220797470067367108685673294	(18,5)
0.2212643160555255854479975427	(18,6)
0.2199024015694315409308488472	(18,7)
0.2178221497808816173710814139	(18,8)
0.2148518478817387947882754164	(18,9)
0.2108307854543561033875071993	(18,10)
0.2056200015969108339474618439	(18,11)
0.1991123446468655012508009703	(18,12)
0.1912412833053541698531083362	(18,13)
0.181987957869042087967595759	(18,14)
0.1713860483494994190255042741	(18,15)
0.1595241582089440724873473287	(18,16)
0.1465455595755134794101667646	(18,17)
0.1326453058638539054554727826	(18,18)
0.1180648763855471398424905616	(18,19)
0.1030846602982078372360679596	(18,20)
0.0880147014707634184127689087	(18,21)
0.0731842024839199084789069576	(18,22)
0.0589303207435677157217966129	(18,23)
0.0455867834211022085217951436	(18,24)
0.0334728062541045102278552868	(18,25)
0.0228827333804936625002849678	(18,26)
0.0140767326116580224483601708	(18,27)
0.00727279439417188627652179983	(18,28)
0.00264020324162809800215641809	(18,29)
0.00029458493025269324688892895	(18,30)
0.2284529173307157897754020843	(19,1)
0.2284440092389634170303097367	(19,2)
0.228383939507390465154157032	(19,3)
0.2281905228447476378988671031	(19,4)
0.2277461985856745006185236806	(19,5)
0.226904645385631734852567536	(19,6)
0.225499186744670018299764041	(19,7)
0.2233526280826531543514496902	(19,8)
0.2202880782760759347154589428	(19,9)
0.2161402318376804220773438855	(19,10)
0.2107665312237668169774371648	(19,11)
0.2040576015001074907738874298	(19,12)
0.1959463599181782760651250419	(19,13)
0.1864152559171406242702214934	(19,14)
0.1755011932044782145119725035	(19,15)
0.1632978200526979587189862081	(19,16)
0.1499550366641945812526127867	(19,17)
0.1356757450170062881865266416	(19,18)
0.1207100402076747900946962281	(19,19)
0.1053471960958660169388111795	(19,20)
0.0899059175665981562396214202	(19,21)
0.0747234069762602795623360389	(19,22)
0.0601438191697158202673190275	(19,23)
0.0465066598620809043668719179	(19,24)
0.0341356237393387003143490059	(19,25)
0.0233282830085189377898721963	(19,26)
0.0143469380795961407673707597	(19,27)
0.00741084328011009586478362628	(19,28)
0.00268993363859678732888754987	(19,29)
0.00030011191914201541080156529	(19,30)
0.2345583674990726469595329519	(20,1)
0.2345491546470871478529831917	(20,2)
0.2344870299636484367387124378	(20,3)
0.2342869981737087920050122277	(20,4)
0.2338274863375742980142424055	(20,5)
0.2329572019487739459642097106	(20,6)
0.2315038598212161530179626577	(20,7)
0.2292844097911832606431394943	(20,8)
0.2261163016809031373357199988	(20,9)
0.221829238280314303446684908	(20,10)
0.2162768018925252421413155733	(20,11)
0.2093473066049419880006616252	(20,12)
0.2009732368669818126646198443	(20,13)
0.191138689564185467334652688	(20,14)
0.1798843425389034638097072238	(20,15)
0.1673096219231424477911029125	(20,16)
0.1535719218422200262291903499	(20,17)
0.1388829260331334335148473666	(20,18)
0.1235022719050861538233419868	(20,19)
0.1077289638719192713669435313	(20,20)
0.0918910678351915463095397677	(20,21)
0.0763342915147957107133586465	(20,22)
0.0614100720434346805848545572	(20,23)
0.0474637563942609299796306348	(20,24)
0.0348233818005625650002856167	(20,25)
0.0237894569191279007479964827	(20,26)
0.0146260267328051904914990954	(20,27)
0.00755319121747920471962739251	(20,28)
0.00274115295051196940299437341	(20,29)
0.00030580098461666635056829053	(20,30)
0.241148221017973166223236708	(21,1)
0.2411386715136755475647401287	(21,2)
0.2410742768481205113800704733	(21,3)
0.2408669378796820938691290396	(21,4)
0.2403906504975751388443482172	(21,5)
0.2394886343142662869764772507	(21,6)
0.2379824179360473083103304228	(21,7)
0.2356825035662556252897883462	(21,8)
0.2324001290290775879260844812	(21,9)
0.2279595490391183555066395295	(21,10)
0.222210182237880777160831563	(21,11)
0.2150379298527110326867806787	(21,12)
0.2063749780007110916449738736	(21,13)
0.1962074566314753246885612857	(21,14)
0.1845804453394348165909963499	(21,15)
0.1715999834389450058987741861	(21,16)
0.1574319447377924524763062845	(21,17)
0.1422978562112251901675113639	(21,18)
0.1264679508708658423265425128	(21,19)
0.1102519255196543761678851265	(21,20)
0.0939880047945806324418294781	(21,21)
0.0780309819217352089498209589	(21,22)
0.0627399106232355977360970178	(21,23)
0.0484660671320701426454871326	(21,24)
0.035541699287536444268180592	(21,25)
0.0242699492162915870396128494	(21,26)
0.0149161971163455103496438727	(21,27)
0.00770094498337829185111236815	(21,28)
0.00279425584437688394915110144	(21,29)
0.00031169576260210182102257225	(21,30)
0.2482594733247089150825351996	(22,1)
0.2482495522315209706274574711	(22,2)
0.2481826520275057168181769888	(22,3)
0.2479672477830956252532026195	(22,4)
0.2474724454223616652105477542	(22,5)
0.2465354109586181233141580257	(22,6)
0.2449708550174833605649196409	(22,7)
0.2425821855255541524557518491	(22,8)
0.2391738261840703337825422372	(22,9)
0.2345640896719306748615319627	(22,10)
0.22859790732471210603132001	(22,11)
0.221158667782818476983637829	(22,12)
0.2121784206440189034896452896	(22,13)
0.2016457673550560720335200668	(22,14)
0.1896108924656645547073082253	(22,15)
0.1761873765440899398942438744	(22,16)
0.1615506608099401216822798784	(22,17)
0.1459332788731351494809355051	(22,18)
0.1296172051596796183733528452	(22,19)
0.1129238657068490239141214893	(22,20)
0.0962024932940036580813045242	(22,21)
0.0798175723341223643225033109	(22,22)
0.0641361071554820409120039091	(22,23)
0.0495153683105522738415526339	(22,24)
0.0362916420154994004412461146	(22,25)
0.024770349818572230016413973	(22,26)
0.015217742838077833671416283	(22,27)
0.00785422914341310559569001468	(22,28)
0.00284928093180604401332026752	(22,29)
0.00031780019122082523357021351	(22,30)
0.2559023499949884953908240059	(23,1)
0.2558920203437915648700095498	(23,2)
0.2558223653430371011322842403	(23,3)
0.2555980936546421522013838935	(23,4)
0.2550829359187342796180813348	(23,5)
0.2541074065176504469867898026	(23,6)
0.2524787311745645268142016996	(23,7)
0.2499925427957261879480025153	(23,8)
0.2464458204238611416549596058	(23,9)
0.2416504230074141801509643753	(23,10)
0.235446468566901718167151208	(23,11)
0.2277147500351157483887779286	(23,12)
0.2183873795764102638119036071	(23,13)
0.207455925651405176188765236	(23,14)
0.1949764541604549310150436318	(23,15)
0.1810710979363733986268932129	(23,16)
0.1659260377050263744020090196	(23,17)
0.1497860537391180461204992421	(23,18)
0.1329460679350772968383347202	(23,19)
0.1157403094186230785398274629	(23,20)
0.0985298782500554127412096769	(23,21)
0.0816895374341807030358450237	(23,22)
0.065594532162044155391171382	(23,23)
0.0506081283304822103213345326	(23,24)
0.0370704009797017196060298764	(23,25)
0.0252886141427466582323968014	(23,26)
0.0155293446200510941743624752	(23,27)
0.00801233819326670762854571311	(23,28)
0.00290596631101676543466928722	(23,29)
0.00032408472558634094398025332	(23,30)
0.2640651859814041666232676775	(24,1)
0.2640544096268408146711988566	(24,2)
0.2639817426436049244800544741	(24,3)
0.2637477758679871475166282932	(24,4)
0.2632103641274379383880430382	(24,5)
0.2621927539435199945785391906	(24,6)
0.2604940002224475842231213478	(24,7)
0.2579012633281354841440491055	(24,8)
0.2542034362290273716210691783	(24,9)
0.2492054114402595630253690078	(24,10)
0.2427421801626886852159668725	(24,11)
0.2346918850428105170506512405	(24,12)
0.224986945097297798223299941	(24,13)
0.2136224512937656830624827535	(24,14)
0.2006611974361750523538736154	(24,15)
0.186234952964051229549837198	(24,16)
0.1705418781208762171300580339	(24,17)
0.1538402934439690368296445137	(24,18)
0.1364393057306022395734975987	(24,19)
0.1186870247295057324540013144	(24,20)
0.1009572506629253412663452112	(24,21)
0.0836355576507889678345068753	(24,22)
0.0671056430570390778858707097	(24,23)
0.0517366731155924118407422875	(24,24)
0.0378721572975787865776912961	(24,25)
0.0258206599545046013615340265	(24,26)
0.0158484403124940725493432226	(24,27)
0.00817392886728116667886288129	(24,28)
0.00296381966143992570557789453	(24,29)
0.00033049417465094764121952884	(24,30)
0.2727196225239842162188818938	(25,1)
0.2727083608328779648551289088	(25,2)
0.2726324213963009685496761914	(25,3)
0.2723879213644041928417282198	(25,4)
0.2718263331087357889808377333	(25,5)
0.2707630122067315489121818295	(25,6)
0.2689881508178186780269887183	(25,7)
0.2662797363619236552624750684	(25,8)
0.262417937473053338153015152	(25,9)
0.2572001798546883388249974642	(25,10)
0.2504560386310626664149582326	(25,11)
0.2420609893575549030006415198	(25,12)
0.2319480531757834209919066865	(25,13)
0.2201164604772930172285306292	(25,14)
0.2066366460188892025708141389	(25,15)
0.1916511642269626931762512171	(25,16)
0.1753714477227324950079630776	(25,17)
0.1580706839935315008340017516	(25,18)
0.1400734085338453763238920158	(25,19)
0.1217426648227533296070951105	(25,20)
0.1034657304566105314840440513	(25,21)
0.0856394395439306484391976363	(25,22)
0.0686560476867262119012891162	(25,23)
0.0528904080341992739013909364	(25,24)
0.0386889876616005721623996541	(25,25)
0.0263609912509653853981521166	(25,26)
0.0161716111754662293960899645	(25,27)
0.00833722070006953378251707509	(25,28)
0.00302219129552437283314250114	(25,29)
0.00033695586576460738852534901	(25,30)
0.2818254579618613217691916262	(26,1)
0.2818136723474779364565720856	(26,2)
0.2817342003043378296008252048	(26,3)
0.2814783299226680756762672192	(26,4)
0.2808906454171475218542805621	(26,5)
0.2797779902811146824761882033	(26,6)
0.2779210060335943166100625848	(26,7)
0.2750878146091561812033842443	(26,8)
0.2710492359996882942660780812	(26,9)
0.2655947512092936111068047625	(26,10)
0.2585482630726487906195425144	(26,11)
0.2497826076673465748950184367	(26,12)
0.2392317582099268248312791501	(26,13)
0.2268997628263751469168858193	(26,14)
0.2128656723812856358399739445	(26,15)
0.1972840295677531218740755877	(26,16)
0.1803808712064079683973106386	(26,17)
0.162445593358786685690219788	(26,18)
0.1438193889968051032918396086	(26,19)
0.1248812408764438511285696973	(26,20)
0.1060326024089315834876292038	(26,21)
0.0876819116719581443531681543	(26,22)
0.0702299655345961682572332093	(26,23)
0.0540569589891987049350432918	(26,24)
0.0395117092218855646713718363	(26,25)
0.0269032799505807302925976078	(26,26)
0.0164949417778026517793667831	(26,27)
0.00850018277868930910464548165	(26,28)
0.00308034215170697921791027087	(26,29)
0.00034338724215451242950823414	(26,30)
0.2913347800652140455366856468	(27,1)
0.2913224323956898866203109681	(27,2)
0.2912391706645659128647905273	(27,3)
0.2909711027834462464385510069	(27,4)
0.2903554254427332544127870723	(27,5)
0.2891898575677710433537983423	(27,6)
0.287244813829951130478958195	(27,7)
0.2842778741302100813810397209	(27,8)
0.2800499075615679682736429602	(27,9)
0.2743420025212583728428747991	(27,10)
0.2669721726369412945120096757	(27,11)
0.2578106908780274636959875322	(27,12)
0.2467928888951644595985642463	(27,13)
0.2339283707283221641332623688	(27,14)
0.2193058353210892973038052484	(27,15)
0.2030930625197116614503007372	(27,16)
0.1855320509919051076914990407	(27,17)
0.1669297456108566347864996794	(27,18)
0.1476451922293542320999894781	(27,19)
0.1280742520317138527970382389	(27,20)
0.1086331563720658034181534478	(27,21)
0.089742171835961110782570125	(27,22)
0.0718104863409833379927122377	(27,23)
0.0552231548823937106980699679	(27,24)
0.0403306066080243318874715527	(27,25)
0.0274408661212391187703369672	(27,26)
0.0168143293018523419374583174	(27,27)
0.0086606941544517202996770886	(27,28)
0.00313750217404527974390440526	(27,29)
0.00034970238483926836188838343	(27,30)
0.3011952422418046778050757321	(28,1)
0.301182295156336789396723413	(28,2)
0.3010949918597104670544381299	(28,3)
0.3008139161376957133099382791	(28,4)
0.300168388291100790366153771	(28,5)
0.2989464040272983926867966621	(28,6)
0.2969074925201665596752243124	(28,7)
0.2937980372617845093189436574	(28,8)
0.2893683822818836736083774483	(28,9)
0.2833908108384298637785479805	(28,10)
0.2756772739145975161266535655	(28,11)
0.2660956088662690350727053196	(28,12)
0.2545829684889718773047417345	(28,13)
0.2411553077550916690473687293	(28,14)
0.2259120560966057998374591272	(28,15)
0.2090355152045801639615987671	(28,16)
0.1907850161886294362420251185	(28,17)
0.1714863764651081021290075947	(28,18)
0.1515176407419665471793348717	(28,19)
0.1312924060464124747088410002	(28,20)
0.1112421746060772698026291225	(28,21)
0.0917991377419023477118980507	(28,22)
0.0733805871879652961499161743	(28,23)
0.0563758210806709957758841148	(28,24)
0.0411360186269771372102986432	(28,25)
0.0279671612945302927943683698	(28,26)
0.017125732700133109893502554	(28,27)
0.0088166729593726325305338679	(28,28)
0.00319291727511480308937375253	(28,29)
0.00035581725750278815251470944	(28,30)
0.3113525044481145168988666171	(29,1)
0.3113389216133668290183475395	(29,2)
0.3112473318064992731740574514	(29,3)
0.310952460275464672408552663	(29,4)
0.3102752759415728608609699581	(29,5)
0.3089934706516261110604971513	(29,6)
0.3068550516814615694767342166	(29,7)
0.3035945787696813890533754703	(29,8)
0.2989513294116413932301433961	(29,9)
0.2926884084265978494920633309	(29,10)
0.284611576769851208646756755	(29,11)
0.2745864155232506614687943048	(29,12)
0.2625524160032552148606399806	(29,13)
0.2485327314282563941102430443	(29,14)
0.2326386469277936459260847955	(29,15)
0.2150682959059279211184373333	(29,16)
0.1960997123895013607816049336	(29,17)
0.1760788791008082077678937157	(29,18)
0.1554039217595596918895387839	(29,19)
0.1345069363239068813053486267	(29,20)
0.1138350705503680810206934945	(29,21)
0.0938324042444788832058296845	(29,22)
0.0749239102711797063841906701	(29,23)
0.0575023853758496873194155285	(29,24)
0.04191878558911530008791988	(29,25)
0.0284759554365487701443128929	(29,26)
0.0174253620162587881832177191	(29,27)
0.0089661743742168981134841252	(29,28)
0.00324588493213820942810939738	(29,29)
0.00036165367971885276291682968	(29,30)
0.3217519473584949531685338578	(30,1)
0.3217376936929161663334750386	(30,2)
0.3216415808762503995372204331	(30,3)
0.3213321528083399141286769379	(30,4)
0.3206215688593726411546631855	(30,5)
0.3192766580016708508164902414	(30,6)
0.3170332954859933689998055334	(30,7)
0.3136136210542189390279328438	(30,8)
0.3087453405722944374943510498	(30,9)
0.302182049144993426683850986	(30,10)
0.2937232377162057340652439982	(30,11)
0.2832324616153262696399051423	(30,12)
0.270652119540220350921880065	(30,13)
0.2560134565051863111414413482	(30,14)
0.2394407723194341692542918212	(30,15)
0.2211493554514802299035134765	(30,16)
0.2014372996197461914520551763	(30,17)
0.1806720004360631546104816522	(30,18)
0.1592726697659609507770190856	(30,19)
0.1376905608524723529813199741	(30,20)
0.1163887174051790977594195499	(30,21)
0.0958229386921572642658830881	(30,22)
0.0764253264662480556847471085	(30,23)
0.0585913156854410398010291813	(30,24)
0.0426705712939597321246089798	(30,25)
0.0289616371166151285290148593	(30,26)
0.0177098137181907795356666217	(30,27)
0.0091074604625272604041308427	(30,28)
0.00329577950920370897142282407	(30,29)
0.00036714215039280885368308272	(30,30)
0.3323398027612050802393013686	(31,1)
0.3323248446487168530735305349	(31,2)
0.3322239822084967602270246207	(31,3)
0.3318992687507037799138032358	(31,4)
0.3311536155359458371369391961	(31,5)
0.3297424546959282816150399037	(31,6)
0.3273889493538044113117301641	(31,7)
0.3238022578092429766645189966	(31,8)
0.3186980487442925488018789131	(31,9)
0.3118201203783558250388977171	(31,10)
0.30296166146643796892160705	(31,11)
0.2919844814446236555824074835	(31,12)
0.2788345021659342438816919698	(31,13)
0.263551992663587011727573043	(31,14)
0.2462754496962293179956470558	(31,15)
0.2272386407403784875391316289	(31,16)
0.206761048000526739981825869	(31,17)
0.1852326681968218516781600539	(31,18)
0.1630947151468063628643446093	(31,19)
0.1408181444048618892108013379	(31,20)
0.1188820185043292877640252822	(31,21)
0.0977535573198353806716997025	(31,22)
0.0778713191027199525920996796	(31,23)
0.0596324160271851777915098476	(31,24)
0.0433840791223911701778626146	(31,25)
0.0294193401603460845366947642	(31,26)
0.0179761602193980799023701432	(31,27)
0.0092390460975348904088421781	(31,28)
0.00334206884115830955498789071	(31,29)
0.00037222369283265338976394597	(31,30)
0.3430638436454688176859254102	(32,1)
0.343048149153651811918835457	(32,2)
0.3429423218327583082625512931	(32,3)
0.3426016307374642167340420407	(32,4)
0.3418193229194058549015573875	(32,5)
0.3403389282143720338219588184	(32,6)
0.3378703512948670398552000933	(32,7)
0.3341092459808789831663053082	(32,8)
0.3287588206807878786141787752	(32,9)
0.3215528352809909388343662736	(32,10)
0.3122781916410775967002084848	(32,11)
0.3007952796139717446121424179	(32,12)
0.2870542010139040013969162135	(32,13)
0.2711052107514786746818910848	(32,14)
0.2531021961428986411577871131	(32,15)
0.2332987140934680481909199139	(32,16)
0.2120369210943897393887635916	(32,17)
0.1897305296111352306756981171	(32,18)
0.1668435703872883054830930536	(32,19)
0.1438671260283227568936723037	(32,20)
0.1212962722122282868870257303	(32,21)
0.0996092264221835668745947619	(32,22)
0.0792502231325803209703365152	(32,23)
0.0606170080113308284555128873	(32,24)
0.0440531822850866645908032544	(32,25)
0.0298450305370420200611386344	(32,26)
0.0182220020761551692300524621	(32,27)
0.0093597253817261028125365042	(32,28)
0.00338432368038941710970930816	(32,29)
0.00037685090034852739411463266	(32,30)
0.3538737600567810800721696244	(33,1)
0.3538572991690081855831883788	(33,2)
0.3537463046317249237216674621	(33,3)
0.3533889852882573785467560432	(33,4)
0.352568533362048668661121222	(33,5)
0.3510161031089371106616429777	(33,6)
0.3484278321381746364490636821	(33,7)
0.3444853888627480777184010453	(33,8)
0.3388791436466173297960962244	(33,9)
0.331332623624836275487022402	(33,10)
0.3216265055716822200174155022	(33,11)
0.3096201286812535214937523095	(33,12)
0.2952684654438766603495799178	(33,13)
0.2786327376850307533262694479	(33,14)
0.2598834148712868534139628379	(33,15)
0.2392951249717278953051119303	(33,16)
0.217233925913419350258765808	(33,17)
0.1941382728044378985093926661	(33,18)
0.1704957168065101456898632599	(33,19)
0.1468177666717714178351574777	(33,20)
0.1236153781538779273198711901	(33,21)
0.1013772273035614404730439894	(33,22)
0.080552351224229956731280185	(33,23)
0.0615380223884875749007069719	(33,24)
0.0446729863753339905776316078	(33,25)
0.0302355459842651022559395414	(33,26)
0.0184454906097641633811700793	(33,27)
0.0094685825880587560520874496	(33,28)
0.00342222147591624042065352697	(33,29)
0.00038098834673438337891248455	(33,30)
0.364721322610178473576527054	(34,1)
0.3647040674764213678749346419	(34,2)
0.3645877179989949168511345448	(34,3)
0.3642131668687497797516420763	(34,4)
0.3633531896002097329492158667	(34,5)
0.361726127690684615178699179	(34,6)
0.3590138849762233464188193916	(34,7)
0.354883709527308762154614981	(34,8)
0.3490128040797429381599865927	(34,9)
0.3411143166966556384389311788	(34,10)
0.3309628058852744952488471301	(34,11)
0.3184169669924087692281296744	(34,12)
0.3034373595083314266451802583	(34,13)
0.2860971606018407457103272655	(34,14)
0.266584596831828678247311124	(34,15)
0.2451966038332454339198059636	(34,16)
0.2223242933625514474714230444	(34,17)
0.1984317884314513859214483335	(34,18)
0.1740307429968823756565815827	(34,19)
0.1496532617196708677057182618	(34,20)
0.125825923204193055479878275	(34,21)
0.1030472172239902178328930615	(34,22)
0.081770033013396368393611255	(34,23)
0.0623900212089508455873183657	(34,24)
0.045239839530513924701415949	(34,25)
0.0305885989765717120792487541	(34,26)
0.0186453275608938632461182599	(34,27)
0.0095649910718513373921135106	(34,28)
0.00345554574609016460918326675	(34,29)
0.00038461250290030607755950306	(34,30)
0.3755604111290047068771608943	(35,1)
0.3755423363363083960729297264	(35,2)
0.3754204606300080545346624166	(35,3)
0.3750281271067010832379769455	(35,4)
0.3741273649382913715584539337	(35,5)
0.372423306014244510315404658	(35,6)
0.3695832000610491872573855103	(35,7)
0.3652594899420892329151448988	(35,8)
0.3591159322679266832771442523	(35,9)
0.3508551986576242364677481144	(35,10)
0.3402458791422311572876855256	(35,11)
0.3271464643473192582409773022	(35,12)
0.3115238332956696652134546457	(35,13)
0.293464101321977254706367413	(35,14)
0.2731743946316590677665224819	(35,15)
0.2509751311011712359979509887	(35,16)
0.2272835376802573148836852888	(35,17)
0.2025902155518000541960480698	(35,18)
0.1774313743395970543457075301	(35,19)
0.1523597531363427938013913735	(35,20)
0.12791717728058767432370784	(35,21)
0.1046112117695204574909092484	(35,22)
0.0828975884141750766596663934	(35,23)
0.0631691671288539355241562791	(35,24)
0.0457513026208190219601619424	(35,25)
0.030902751711326957016602179	(35,26)
0.0188207472126728336503904475	(35,27)
0.0096486030050263088863088335	(35,28)
0.00348418209114161724225850791	(35,29)
0.00038771127702731454992821514	(35,30)
0.3863469644643714186286601314	(36,1)
0.3863280473251554411544999669	(36,2)
0.3862004924794175038255723129	(36,3)
0.3857898851345066748881427889	(36,4)
0.3848472144675712733707161436	(36,5)
0.383064050723762517538522142	(36,6)
0.3800926202737147417309415161	(36,7)
0.3755702302232645641253308776	(36,8)
0.3691469665501266145681441709	(36,9)
0.360514976622144945784319242	(36,10)
0.3494370722013833733051552921	(36,11)
0.3357720042572682673066614426	(36,12)
0.3194937096808814546013347359	(36,13)
0.3007022051449465127241514897	(36,14)
0.2796246100621098105392466722	(36,15)
0.2566059196546056644219325816	(36,16)
0.2320904302856558582231450205	(36,17)
0.2065959040839004330316017739	(36,18)
0.1806834228076103746269572999	(36,19)
0.1549262672670143501074643954	(36,20)
0.1298810217758838440016082417	(36,21)
0.1060635082322304471924313755	(36,22)
0.083931251300055695590421603	(36,23)
0.0638731529217986598166858588	(36,24)
0.0462060893784297109513281773	(36,25)
0.0311773700978596830172905826	(36,26)
0.018971485393730966126425216	(36,27)
0.0097193322590185239995439379	(36,28)
0.0035081117021013359525787937	(36,29)
0.00039028327450360121397920186	(36,30)
0.397038890287312884453112034	(37,1)
0.397019111141573145504163819	(37,2)
0.396885744660760485022102456	(37,3)
0.396456437788873360413714831	(37,4)
0.395470885946857708084974056	(37,5)
0.393606795192219825940312884	(37,6)
0.390501055276020380096555191	(37,7)
0.385775565648833463512770835	(37,8)
0.379066573984624013453327839	(37,9)
0.3700557055035049255585659728	(37,10)
0.3585002212448391122869845655	(37,11)
0.3442596164004563411874676749	(37,12)
0.3273156185791132729562451311	(37,13)
0.3077830744204823115017847078	(37,14)
0.2859101239139330812737036898	(37,15)
0.2620673377003598411767753128	(37,16)
0.2367269130373621984283961264	(37,17)
0.2104343169667353420585694037	(37,18)
0.1837756782750770075550061316	(37,19)
0.157344597540932734758295014	(37,20)
0.1317118278075362368237921096	(37,21)
0.1074005649881049876118284422	(37,22)
0.0848690562391410646390083998	(37,23)
0.0645011014970202877326232877	(37,24)
0.0466039843812332304621873534	(37,25)
0.0314125623814742885769936043	(37,26)
0.0190977389434453311155008671	(37,27)
0.0097773323356040867693759575	(37,28)
0.0035274030677875970109073035	(37,29)
0.00039233685663232629527662192	(37,30)
0.407595960510370092574208986	(38,1)
0.407575303036375972597800277	(38,2)
0.407436014933712533890077751	(38,3)
0.40698765528085694582805923	(38,4)
0.405958415884868177902758766	(38,5)
0.404011890356170308842871172	(38,6)
0.400769379519471626240028632	(38,7)
0.395837166267278579462311412	(38,8)
0.388837551851110941205358454	(38,9)
0.379441691387501474118752338	(38,10)
0.3674015564846217556387552296	(38,11)
0.3525778814438049217426750741	(38,12)
0.3349608999316927394368202417	(38,13)
0.314681167136133973992581995	(38,14)
0.2920087873245549809651988449	(38,15)
0.2673407902843722717611405212	(38,16)
0.2411779681966432284076315048	(38,17)
0.2140938883576359422916679984	(38,18)
0.1866997566589968089143619998	(38,19)
0.1596091463087581953941794989	(38,20)
0.133406297277861559271003766	(38,21)
0.1086208484499657673527762457	(38,22)
0.085710698258127958741959207	(38,23)
0.0650534446451068325259777547	(38,24)
0.0469457452812646980605948736	(38,25)
0.031609106989895256496409523	(38,26)
0.0192001185764081640694905407	(38,27)
0.0098229709096833734789305664	(38,28)
0.0035422024592786322530624536	(38,29)
0.00039388906342147804717635045	(38,30)
0.417979708433953488810913297	(39,1)
0.417958159961034777215456151	(39,2)
0.417812864866535177468404127	(39,3)
0.41734517840222463638289276	(39,4)
0.416271626840872642536482086	(39,5)
0.414241502169993907698054983	(39,6)
0.41086032988457285979910847	(39,7)
0.405718634652079346304414722	(39,8)
0.398424725235399087412800797	(39,9)
0.388639388303547214593738569	(39,10)
0.376109596976600571738588923	(39,11)
0.3606978221711431341173047315	(39,12)
0.3424034888694887842091684204	(39,13)
0.3213736734947019721939976805	(39,14)
0.297901287208157830998733787	(39,15)
0.2724105716307312870352893954	(39,16)
0.2454314569657069489880845097	(39,17)
0.2175658494262245748800265153	(39,18)
0.1894499160888976330779207632	(39,19)
0.1617167365226669273454186707	(39,20)
0.1349632767804744978914966569	(39,21)
0.1097246567318204159179159787	(39,22)
0.0864573736427167725262705266	(39,23)
0.0655317871970500397882293259	(39,24)
0.0472329945234182812429805116	(39,25)
0.0317683733922986307620435273	(39,26)
0.0192795975829086035046543209	(39,27)
0.0098568022850785787451701355	(39,28)
0.0035527236745822784908490776	(39,29)
0.00039496445490170068735379011	(39,30)
0.42815333700641221954812527	(40,1)
0.428130888822809543191114129	(40,2)
0.427979528057841796510405769	(40,3)
0.427492326638855368999953609	(40,4)
0.426374035283817954883285362	(40,5)
0.424259518963310085536055479	(40,6)
0.420738412143030895980742136	(40,7)
0.415385410863661209131584428	(40,8)
0.407794849587657372959103135	(40,9)
0.397617297082265769493079749	(40,10)
0.384595044015499465211127924	(40,11)
0.368592789189281906278049853	(40,12)
0.3496197911663152446257021488	(40,13)
0.3278403785065909759969519829	(40,14)
0.3035709937929443133116849673	(40,15)
0.2772636964140756378880608682	(40,16)
0.2494779348398071189905968658	(40,17)
0.2208440301117196722857151782	(40,18)
0.1920228495225046361156157261	(40,19)
0.1636664015730180925994532451	(40,20)
0.136383552343796217695771177	(40,21)
0.1107139274378903447850402136	(40,22)
0.0871116083579206490485299986	(40,23)
0.0659387621407535307997037739	(40,24)
0.0474681049266855042903360409	(40,25)
0.0318922391386455339719834235	(40,26)
0.0193374584043310180546080806	(40,27)
0.0098795388522242561851160597	(40,28)
0.0035592374474403573456373645	(40,29)
0.00039559391652600632479330009	(40,30)
0.438081643040745712277350208	(41,1)
0.438058290689181375377870023	(41,2)
0.437900834258169339825571752	(41,3)
0.437394022024856379017154439	(41,4)
0.436230774828277180129088189	(41,5)
0.434031473492017327261679713	(41,6)
0.43036982099012467482276705	(41,7)
0.424804689307909906974652105	(41,8)
0.416916522876118947258934528	(41,9)
0.406345870858396451319891624	(41,10)
0.392830677631577015271407009	(41,11)
0.376238345745812032582593564	(41,12)
0.3565885536082879833714049355	(41,13)
0.3340635154144040269712567072	(41,14)
0.3090037953784998413459236675	(41,15)
0.2818897154597897355205599579	(41,16)
0.253310449690476937776860936	(41,17)
0.2239246431578419196700214365	(41,18)
0.1944174604126371786176778345	(41,19)
0.1654591599946184298573911956	(41,20)
0.1376696315910487287555965929	(41,21)
0.1115920357547497726908353143	(41,22)
0.0876770796111446398476333443	(41,23)
0.0662778813576838254608071514	(41,24)
0.0476540828044279028711405758	(41,25)
0.0319830057382916482876009931	(41,26)
0.0193752387907316813509745253	(41,27)
0.0098920224572860131881338284	(41,28)
0.0035620608570262300936136387	(41,29)
0.0003958134665893293821893382	(41,30)
0.447730959255186990822719633	(42,1)
0.447706702808745989427808114	(42,2)
0.447543151258069561667490243	(42,3)
0.447016730602715666774425831	(42,4)
0.445808536709630566963819149	(42,5)
0.443524481540941976945905214	(42,6)
0.439722375500965507819559388	(42,7)
0.433945349345779121918084315	(42,8)
0.425760109206476942222398415	(42,9)
0.414797429135722618213848274	(42,10)
0.400791258204679061657853286	(42,11)
0.383612153850540486828345611	(42,12)
0.363290731746756155485362539	(42,13)
0.3400276128046844200511386773	(42,14)
0.3141879236608263547942006626	(42,15)
0.2862805197873420596621850861	(42,16)
0.2569243270830632278267111997	(42,17)
0.2268060554624973818032129107	(42,18)
0.1966346268622572943788744493	(42,19)
0.1670977806737535677281262251	(42,20)
0.1388255188896728333363308385	(42,21)
0.1123635880963255026567128239	(42,22)
0.0881584352443734911022753427	(42,23)
0.0665533859193211287190186164	(42,24)
0.0477944517118998250265134088	(42,25)
0.0320433155969750802041538702	(42,26)
0.0193946789565824152969018499	(42,27)
0.0098951964330809165450117004	(42,28)
0.0035615470152983874849493808	(42,29)
0.0003956630967842033162925685	(42,30)
0.457069114133924049653255741	(43,1)
0.457043958444978338811892084	(43,2)
0.456874344540099621646598119	(43,3)
0.456328421490038828653863496	(43,4)
0.455075527506562526279527653	(43,5)
0.45270719710142165498568791	(43,6)
0.448765470062183441908104825	(43,7)
0.442777899755004734863650741	(43,8)
0.434297674091189596866966794	(43,9)
0.422946080732301162035464265	(43,10)
0.408453433719598688371656934	(43,11)
0.390693862522826254136280314	(43,12)
0.36970935626368066937195908	(43,13)
0.3457193371533861859935467428	(43,14)
0.3191137719835177718665929616	(43,15)
0.2904301360208902544511522488	(43,16)
0.2603169465099536036771027142	(43,17)
0.2294885509968997035909379732	(43,18)
0.1986769589359947581804023737	(43,19)
0.1685865434180919477439596689	(43,20)
0.1398564882940780508475305547	(43,21)
0.1130342157982704236613077206	(43,22)
0.0885611149319487037185252595	(43,23)
0.0667700992495487632544696365	(43,24)
0.0478931393825260954893736054	(43,25)
0.0320760718319332772079485626	(43,26)
0.0193976708839406342749605334	(43,27)
0.0098900788956834892843502779	(43,28)
0.0035580752534023893101282707	(43,29)
0.0003951856707055594409187797	(43,30)
0.466065408488552147156332323	(44,1)
0.466039363403786536026567484	(44,2)
0.465863753577826879276934028	(44,3)
0.465298542443094746382689499	(44,4)
0.464001443017641917046779589	(44,5)
0.461549783062712328215181485	(44,6)
0.457470039773809458074725964	(44,7)
0.451274436129167529860960621	(44,8)
0.442502930593002654618386169	(44,9)
0.430767655034943163223674292	(44,10)
0.415795652380210813333958376	(44,11)
0.397464998270573629155225052	(44,12)
0.375829398551082602073390129	(44,13)
0.351127332003265574342651802	(44,14)
0.3237737083836823627909396317	(44,15)
0.2943345157316341894344589622	(44,16)
0.2634875117595962953247976857	(44,17)
0.2319740890565955079712739818	(44,18)
0.2005485532533645561180955355	(44,19)
0.1699309991520770478088142828	(44,20)
0.1407688584411631231306162065	(44,21)
0.1136103726955754095392522494	(44,22)
0.0888911765167361636453597838	(44,23)
0.0669332858744828162106929523	(44,24)
0.0479543699238245575335057976	(44,25)
0.0320843624113382257889605276	(44,26)
0.0193862106724626327171289821	(44,27)
0.0098777377733923762130518278	(44,28)
0.0035520419766769431060490477	(44,29)
0.000394425899218942756536341	(44,30)
0.474690606987582992192711107	(45,1)
0.474663687522666573718332345	(45,2)
0.474482183052935695035971137	(45,3)
0.473898010198833544376914079	(45,4)
0.472557456598094252835659849	(45,5)
0.470023895770189030677670649	(45,6)
0.465808538754158212426526972	(45,7)
0.459408609772375960736767962	(45,8)
0.450351195086686960408476049	(45,9)
0.438239640568652134137737542	(45,10)
0.422798079940381153702841754	(45,11)
0.403908857611327748995129253	(45,12)
0.381637635866836488242144718	(45,13)
0.356242054770185740670817953	(45,14)
0.3281618851115841072925676161	(45,15)
0.2979913210662159473564111884	(45,16)
0.266436818378426196680553044	(45,17)
0.2342660612652733245907809606	(45,18)
0.2022547485555889571108152313	(45,19)
0.1711377334790207333913577107	(45,20)
0.1415697729695353379216690072	(45,21)
0.1140991397968514744148689731	(45,22)
0.0891551302082364396883642476	(45,23)
0.0670485179263591518551831558	(45,24)
0.0479825628789789787480285928	(45,25)
0.0320713897115736583676462776	(45,26)
0.0193623546008145254601338127	(45,27)
0.0098592679062515217812151927	(45,28)
0.0035438523094210496954437201	(45,29)
0.000393429406107375375947362	(45,30)
0.48291694263276499069198146	(46,1)
0.48288916910083979092749917	(46,2)
0.482701906974052656075835699	(46,3)
0.482099213592641653904594521	(46,4)
0.480716219985463646543526874	(46,5)
0.478102681538863427325966035	(46,6)
0.473754929536935541437622299	(46,7)
0.467155606434259531921021265	(46,8)
0.457819351208400319925664303	(46,9)
0.44534112975794505373462962	(46,10)
0.429442521028825087159660914	(46,11)
0.410010401408059993576709268	(46,12)
0.387122516420306094644079489	(46,13)
0.361055612172599119218875097	(46,14)
0.3322740462760361030294961699	(46,15)
0.3013997089310722498415900825	(46,16)
0.2691670210107857813670774581	(46,17)
0.2363690504720472429026535963	(46,18)
0.2038018855440928758917472424	(46,19)
0.172214136855784533119439487	(46,20)
0.1422669894653175682395828793	(46,21)
0.1145080396687159696465526739	(46,22)
0.0893597827799403358235687977	(46,23)
0.06712155103850024956657333	(46,24)
0.0479822403204532602232788704	(46,25)
0.0320404062553876189362719761	(46,26)
0.0193281793457030399454466224	(46,27)
0.0098357704356514830692330616	(46,28)
0.0035339126060782606405605706	(46,29)
0.0003922418923676285045397488	(46,30)
0.490718132075353334986078476	(47,1)
0.490689530164265527461591658	(47,2)
0.490496683596264816449677268	(47,3)
0.489876027367172417677729296	(47,4)
0.488451874567093344411385661	(47,5)
0.485760783146329044303100377	(47,6)
0.48128468170346728346106608	(47,7)
0.474492133209168400789229144	(47,8)
0.464885820573495265224268599	(47,9)
0.45205276880437978652174429	(47,10)
0.435712343826898413075660255	(47,11)
0.415756150899281357926518049	(47,12)
0.392274024855632627558422519	(47,13)
0.365561595373794349355465805	(47,14)
0.33610733531221440077152234	(47,15)
0.3045601159644558304876218258	(47,16)
0.2716814032546733619899569105	(47,17)
0.2382885944124043058234931694	(47,18)
0.2051970738971682969357367564	(47,19)
0.1731681841328907133735271983	(47,20)
0.1428686793773269833970141232	(47,21)
0.114844862560092288749438945	(47,22)
0.0895120933414372359271525217	(47,23)
0.0671582107683646174229967678	(47,24)
0.0479579427327185204090765688	(47,25)
0.0319946570900454544040240345	(47,26)
0.0192857466060780320128260764	(47,27)
0.0098083345964401244458140694	(47,28)
0.0035226238655592768453406004	(47,29)
0.0003909084030128163255178251	(47,30)
0.498069399701416772387636297	(48,1)
0.498040000495479160469394522	(48,2)
0.49784177907710173315850877	(48,3)
0.497203834626749433741367831	(48,4)
0.495740071086852880954849726	(48,5)
0.492974354383529480105414983	(48,6)
0.488374777962625440841969145	(48,7)
0.481396412014436214686193246	(48,8)
0.47153053896044239497661846	(48,9)
0.458356711748535237482336992	(48,10)
0.441592407624725945980549148	(48,11)
0.421134085479796365804258601	(48,12)
0.397083548766802460439786191	(48,13)
0.369754916054768999175002196	(48,14)
0.339660104027586855127504669	(48,15)
0.3074740464883653862826350654	(48,16)
0.2739841525121330889390517827	(48,17)
0.2400309567170624105739110384	(48,18)
0.2064479689677074880442070532	(48,19)
0.1740082257171305915800742901	(48,20)
0.1433832407942378821373737609	(48,21)
0.1151175057354055919065367402	(48,22)
0.0896190417318401344374803788	(48,23)
0.0671642902236460834768581529	(48,24)
0.0479141540692789741313749864	(48,25)
0.0319373289925502720112005121	(48,26)
0.0192370722044003185920255237	(48,27)
0.0097780219301917095923278151	(48,28)
0.0035103760506862483276049908	(48,29)
0.0003894726963250595015166497	(48,30)
0.504947508519730974500740898	(49,1)
0.504917348462761603435340086	(49,2)
0.504713997909932424111440244	(49,3)
0.504059555999015202041713085	(49,4)
0.502557995900208225618268983	(49,5)
0.499721080861582418346912407	(49,6)
0.495003726023532314933693469	(49,7)
0.487848178212127470788957802	(49,8)
0.477734936827885293913353065	(49,9)
0.464236577972805455621346598	(49,10)
0.447068992981059861041094768	(49,11)
0.426133542485943534098532171	(49,12)
0.401543747051819394542599864	(49,13)
0.373631644756918530183420413	(49,14)
0.342931725022005148229002782	(49,15)
0.3101438655669538782083792907	(49,16)
0.2760801421262952710412310556	(49,17)
0.2416029075443314744869857687	(49,18)
0.2075625602497277581436084515	(49,19)
0.1747427921215818588921300747	(49,20)
0.1438191254461157279387245222	(49,21)
0.1153338269590514154195447113	(49,22)
0.0896875100959554620208329298	(49,23)
0.0671454591515697721171375033	(49,24)
0.0478552360416583474563083841	(49,25)
0.0318715064534146134555067358	(49,26)
0.0191840995869186245280535131	(49,27)
0.0097458528591232192206189908	(49,28)
0.0034975432856470212150691046	(49,29)
0.0003879767122374785603082233	(49,30)
0.511330796025218763231463374	(50,1)
0.511299916822631404529143435	(50,2)
0.511091718315715986189641024	(50,3)
0.510421683707087855370613587	(50,4)
0.5088844020319136567779999	(50,5)
0.505980205424540598652370052	(50,6)
0.50115157476760568916058984	(50,7)
0.493828683112944183324467298	(50,8)
0.483481923219867054968666203	(50,9)
0.469677412600307640561034424	(50,10)
0.452129734413526805572482048	(50,11)
0.430745119427316741462075032	(50,12)
0.405648421066407861189666696	(50,13)
0.377188852925779257932278994	(50,14)
0.345922409283273100823810504	(50,15)
0.3125725991965170301317752427	(50,16)
0.2779747228799152073721463157	(50,17)
0.2430115157840882267442807393	(50,18)
0.208548973283621362759318511	(50,19)
0.1753804131915610356723621059	(50,20)
0.144184680795698378766899955	(50,21)
0.1155015125936847771208459521	(50,22)
0.0897241777738493392313211053	(50,23)
0.067107184391855240538223769	(50,24)
0.0477853714201558676018488921	(50,25)
0.0318001341944884487802838755	(50,26)
0.0191286775222427220534539117	(50,27)
0.0097127954962621333445922563	(50,28)
0.0034844798810880366207580348	(50,29)
0.0003864601339277654320452452	(50,30)
0.517199213364803245678504653	(51,1)
0.517167661823611682074419772	(51,2)
0.516954930928377395011974545	(51,3)
0.516270318911003531618212192	(51,4)
0.514699643448749313279695738	(51,5)
0.511732556680778303805550781	(51,6)
0.506799933396190578529980581	(51,7)
0.499320699279036153800214555	(51,8)
0.488755872300151810691696251	(51,9)
0.474665649434548261627521705	(51,10)
0.456763555729056478571236932	(51,11)
0.434960579268195666637132192	(51,12)
0.409392389656130079899910492	(51,13)
0.380424460139410011540723467	(51,14)
0.348633030724346392195655262	(51,15)
0.3147637435151344960352418041	(51,16)
0.2796735256883592927104771562	(51,17)
0.2442639544452252894795630511	(51,18)
0.2094152862626255826336115037	(51,19)
0.1759294528484325059452899573	(51,20)
0.1444880076342826427491425279	(51,21)
0.1156279603530112276346578089	(51,22)
0.0897354292664088676011052151	(51,23)
0.0670546612947532054088897914	(51,24)
0.0477085159010172312930314097	(51,25)
0.0317259858212695551170483611	(51,26)
0.0190725417024674716634970721	(51,27)
0.0096797565188239109977549101	(51,28)
0.0034715171189818179182897983	(51,29)
0.0003849600347651098550349831	(51,30)
0.522534366289133906001570496	(52,1)
0.522502194095852756309733141	(52,2)
0.522285279265940990129887098	(52,3)
0.52158721083481777880500481	(52,4)
0.519985711118935905817997755	(52,5)
0.516960579327664489073844601	(52,6)
0.511931992395797208928994802	(52,7)
0.504308527712157108980853737	(52,8)
0.493542611928191923305829854	(52,9)
0.479189076252532761812255464	(52,10)
0.460960608258551541790765408	(52,11)
0.438772759487274500577166475	(52,12)
0.41277136922337369376482421	(52,13)
0.383337088015038204846371491	(52,14)
0.35106495935440432416019611	(52,15)
0.3167210847535132900087193814	(52,16)
0.2811822770632943944672711827	(52,17)
0.2453673205060851020432261292	(52,18)
0.2101693622197206399106864833	(52,19)
0.1763979597896202613264627756	(52,20)
0.1447368332043215964998793277	(52,21)
0.1157201763942676370403815583	(52,22)
0.089727274739481482568394045	(52,23)
0.0669927554696867438737822045	(52,24)
0.0476283579227794756901794555	(52,25)
0.0316516380954260530792413136	(52,26)
0.0190172998828498330696261665	(52,27)
0.0096475738976865298345394879	(52,28)
0.0034589607173791691599372613	(52,29)
0.0003835106014314488576780614	(52,30)
0.527319556526679723191573678	(53,1)
0.527286819964238288593807931	(53,2)
0.527066100632687349040588782	(53,3)
0.52635579634913907558618034	(53,4)
0.52472626958380566357433234	(53,5)
0.521648365098927679620952631	(53,6)
0.516532545318356689902661034	(53,7)
0.50877800616842770556107944	(53,8)
0.497829413840277209072418588	(53,9)
0.483236802404801497469822292	(53,10)
0.464712212380284501826098246	(53,11)
0.442175485730458387918183729	(53,12)
0.415781860021493122885004149	(53,13)
0.385925922257584568089674073	(53,14)
0.353219904669080128726400969	(53,15)
0.318448531461577348474286301	(53,16)
0.2825066286633943131361019982	(53,17)
0.2463284701917548504449830791	(53,18)
0.2108186973276017006369330169	(53,19)
0.1767935342335241143964719725	(53,20)
0.1449383995440434684858060546	(53,21)
0.1157846861515007182714733069	(53,22)
0.0897052822992648052103274829	(53,23)
0.0669259540571018534898387927	(53,24)
0.0475482856943188670087486885	(53,25)
0.0315794502368724354488352888	(53,26)
0.0189644201527573154255312879	(53,27)
0.0096170112551938039312770901	(53,28)
0.0034470888881190169183598415	(53,29)
0.0003821429232802006765264925	(53,30)
0.531539822363373195354054358	(54,1)
0.531506581969283138221295262	(54,2)
0.531282466244215456345005464	(54,3)
0.53056123882526851592450841	(54,4)
0.528906692913166254482815455	(54,5)
0.525781683308763619033966439	(54,6)
0.520588010516014184620500954	(54,7)
0.512716517978034649238105273	(54,8)
0.501604985127065257415779	(54,9)
0.486799228787237834479777251	(54,10)
0.468010802801855273060692824	(54,11)
0.445163490918798317600602507	(54,12)
0.41842103986490518668414375	(54,13)
0.38819058424862671260212001	(54,14)
0.355099770712810328661711171	(54,15)
0.319949960347782162889092955	(54,16)
0.2836520019964635272574917159	(54,17)
0.2471538703545543737376604894	(54,18)
0.2113702855446608151256638662	(54,19)
0.177123210510081449650937569	(54,20)
0.1450993664932989559997959526	(54,21)
0.115827458099741177982043308	(54,22)
0.0896745211108817604744094458	(54,23)
0.0668583256034946592714667084	(54,24)
0.0474713606251558462780598732	(54,25)
0.0315115476234017544881701898	(54,26)
0.0189152219097872234924706381	(54,27)
0.0095887536147792175785671308	(54,28)
0.0034361508979242329379710486	(54,29)
0.0003808848377313950091108523	(54,30)
0.53518197735061409511349881	(55,1)
0.5351482975197241310035185	(55,2)
0.534921219506669086652584891	(55,3)
0.534190465215795941614690754	(55,4)
0.532514099052830109872163974	(55,5)
0.52934801010055103186543138	(55,6)
0.524086452098096991623952745	(55,7)
0.516113000866908465850089666	(55,8)
0.504859460802690280036904991	(55,9)
0.489868020331618769099713062	(55,10)
0.470849878121932847956552023	(55,11)
0.447732340684555331985386742	(55,12)
0.420686666405434796953566961	(55,13)
0.39013101348055514564202462	(55,14)
0.356706524116723597822131299	(55,15)
0.321229076869469963913255082	(55,16)
0.2846234491033048055841831705	(55,17)
0.2478494663835936952420836239	(55,18)
0.2118304995941308714751257483	(55,19)
0.1773933550758014118919981214	(55,20)
0.1452257286157932104356721893	(55,21)
0.1158538395008492830869946373	(55,22)
0.0896395143370838812675504255	(55,23)
0.0667934875627048062252001484	(55,24)
0.0474002963201815881032214292	(55,25)
0.0314498092455586467375954852	(55,26)
0.0188708691076855392929325685	(55,27)
0.009563404307395190723133259	(55,28)
0.0034263660444054277770337545	(55,29)
0.0003797608216559515055264696	(55,30)
0.53823464619742512281649527	(56,1)
0.538200594733634059452213979	(56,2)
0.537971011513949689845232435	(56,3)
0.537232200447886620831238387	(56,4)
0.535537381701445140323785016	(56,5)
0.532336555631514159029838336	(56,6)
0.52701759949260028033452785	(56,7)
0.518957955378538253394830041	(56,8)
0.507584397342074856117758713	(56,9)
0.492436081216427804246250826	(56,10)
0.473223955212972707066528936	(56,11)
0.449878365986647897181811376	(56,12)
0.422576989056815352651600044	(56,13)
0.391747362024672808133818221	(56,14)
0.358042076256401786745690316	(56,15)
0.322289291520935846536571192	(56,16)
0.2854255298450677125953470846	(56,17)
0.2484205668620836143279757543	(56,18)
0.2122049880755561092024797142	(56,19)
0.1776095793773390780943766882	(56,20)
0.1453227451792350096548817746	(56,21)
0.1158685031103012161414951875	(56,22)
0.0896042008394755246124254267	(56,23)
0.0667345804396508736402256731	(56,24)
0.047337442310745315991129738	(56,25)
0.0313958582907314299535670741	(56,26)
0.0188323653639027987277917366	(56,27)
0.0095414828097325542777195979	(56,28)
0.0034179229626656387499911985	(56,29)
0.000378791919198128466683317	(56,30)
0.540688297029869955049265667	(57,1)
0.540653944652131899955647644	(57,2)
0.540422332953470655344298596	(57,3)
0.539676998340584612847865787	(57,4)
0.537967238975096895704161645	(57,5)
0.534738288538929285794985804	(57,6)
0.529372865097103607433734085	(57,7)
0.521243452579131522964467423	(57,8)
0.509772767123857692915082185	(57,9)
0.494497533028949344627774987	(57,10)
0.475128528957973624152095515	(57,11)
0.451598603706636634295960388	(57,12)
0.424090671556279438037979464	(57,13)
0.39303990208994288194893256	(57,14)
0.359108180511764912024916178	(57,15)
0.323133612587513436662043754	(57,16)
0.286062206237854914900326278	(57,17)
0.248871745030394553577603262	(57,18)
0.2124985883783656744384148883	(57,19)
0.1777766668982893604781508331	(57,20)
0.1453948822876533897983493563	(57,21)
0.1158754038147505070109476385	(57,22)
0.0895719046039876815289337965	(57,23)
0.0666842476292353753030684993	(57,24)
0.0472847717362644324549393835	(57,25)
0.0313510552688905160145367062	(57,26)
0.018800550541300714326494251	(57,27)
0.0095234233060624991664215663	(57,28)
0.0034109791848201512211555687	(57,29)
0.0003779956972525604825672121	(57,30)
0.542535269323660223669872115	(58,1)
0.542500689132482479287709451	(58,2)
0.542267541733082607263110613	(58,3)
0.541517268377460981083002659	(58,4)
0.539796198233424875457837526	(58,5)
0.536545957139910661010432456	(58,6)
0.531145359596073353844575067	(58,7)
0.522963140800242684692142732	(58,8)
0.511418953758892607999412988	(58,9)
0.496047696117104496431739465	(58,10)
0.476560037841813252994737174	(58,11)
0.452890745952372550894419094	(58,12)
0.425226726039674024180357132	(58,13)
0.394008947586333964216007217	(58,14)
0.359906345451353018913630869	(58,15)
0.323764555973092764838074781	(58,16)
0.2865367541336137479727240774	(58,17)
0.2492067569991158884701711871	(58,18)
0.2127152549945939880472877538	(58,19)
0.1778985136956650924173870808	(58,20)
0.1454457662732196055971800249	(58,21)
0.1158777442158187131400000799	(58,22)
0.0895453109183078958763234653	(58,23)
0.0666446200764405047844000431	(58,24)
0.0472438722595494217342818104	(58,25)
0.0313164931487581415469330551	(58,26)
0.0187760984578718165368312476	(58,27)
0.0095095737877166409011688894	(58,28)
0.0034056608832531024643072683	(58,29)
0.0003773862207870316135342151	(58,30)
0.543769796935324109244705326	(59,1)
0.543735063846710874509636655	(59,2)
0.543500885760362824507631832	(59,3)
0.542747297782032830921254758	(59,4)
0.541018636551482339582729455	(59,5)
0.537754106916871137255666382	(59,6)
0.532329904604731619993606004	(59,7)
0.52411225123187639571821782	(59,8)
0.512518748311179440435571255	(59,9)
0.497083074358074798601693925	(59,10)
0.477515835844592225990711974	(59,11)
0.453753098702783171957744695	(59,12)
0.425984459379024730328616838	(59,13)
0.394654790457544221456816148	(59,14)
0.360437764608893902508485402	(59,15)
0.324184072567126632960126289	(59,16)
0.2868516924349379256682247753	(59,17)
0.2494284765874814593028233786	(59,18)
0.2128580028074328030714996009	(59,19)
0.177978081759370388447429321	(59,20)
0.1454781475210541250663405755	(59,21)
0.1158779482684787936385869967	(59,22)
0.0895264484341169209732684171	(59,23)
0.066617304987087672131271646	(59,24)
0.0472159395895705534727789061	(59,25)
0.031292994043597527533508934	(59,26)
0.0187595154258754899927922347	(59,27)
0.0095001955304245079342436987	(59,28)
0.0034020627383411098620060157	(59,29)
0.0003769740413297143422825445	(59,30)
0.544388025774372426696590443	(60,1)
0.544353215928789898560122891	(60,2)
0.544118520421518533574764973	(60,3)
0.543363268456626372091726318	(60,4)
0.541630796428434239415525689	(60,5)
0.538359093935802940117416118	(60,6)
0.532923042375770841826005948	(60,7)
0.524687602228058544211313639	(60,8)
0.513069346432041070791144663	(60,9)
0.497601343543758916937199174	(60,10)
0.477994171014485791791536111	(60,11)
0.454184550318019913632725095	(60,12)
0.426363432392833765095773906	(60,13)
0.394977652395495579548519063	(60,14)
0.360703263373159114938286255	(60,15)
0.32439349349545006617853287	(60,16)
0.2870087299512807336837314275	(60,17)
0.2495388466342323837429112826	(60,18)
0.2129288649581324932281974234	(60,19)
0.1780173646023424323952768158	(60,20)
0.1454938740115002570835977466	(60,21)
0.1158776422144914038487879968	(60,22)
0.0895166763839193553277043698	(60,23)
0.0666033779461444756096716574	(60,24)
0.0472017730926325977621103883	(60,25)
0.0312811070668728638874494076	(60,26)
0.0187511393754127548953350665	(60,27)
0.0094954628188528908389172269	(60,28)
0.003400247882284692827479191	(60,29)
0.000376766193175518843001482	(60,30)