ldd332_(sigma,mu)
-0.00011420544047252169236061962	(1,1)
-0.00102597164719898299666764075	(1,2)
-0.00283951455927606868368224185	(1,3)
-0.00553496462096805666701031857	(1,4)
-0.00908278991709420030180847886	(1,5)
-0.01344411973074536673345754786	(1,6)
-0.01857117041885529681973309423	(1,7)
-0.02440776893966635191350996546	(1,8)
-0.03088996829623537898720395792	(1,9)
-0.03794674815307172673731334446	(1,10)
-0.04550079294982014808131536831	(1,11)
-0.05346933898682086928863299736	(1,12)
-0.06176508120170084345447390899	(1,13)
-0.070297129702154304024043482	(1,14)
-0.0789720055749233794486457389	(1,15)
-0.0876946650606643272949728876	(1,16)
-0.0963695408735973829015078841	(1,17)
-0.104901589256993923769760229	(1,18)
-0.1131973313027120251480055409	(1,19)
-0.1211658771258391031134035455	(1,20)
-0.1287199216733494121785895348	(1,21)
-0.1357767012564760774217657723	(1,22)
-0.142258900326826276475193383	(1,23)
-0.148095498561418493607966258	(1,24)
-0.153222548975818713083938963	(1,25)
-0.157583878540231725830096537	(1,26)
-0.16113170362248417867258272	(1,27)
-0.16382715351501424839610043	(1,28)
-0.1656406963100343788503206	(1,29)
-0.16655246245692480088954	(1,30)
-0.00011420570915533964418981316	(2,1)
-0.0010259740608599076257420465	(2,2)
-0.0028395212381418451523633231	(2,3)
-0.0055349776318999035620294743	(2,4)
-0.00908281123788104712123693736	(2,5)
-0.01344415120526783276267581772	(2,6)
-0.01857121370269884283902236671	(2,7)
-0.02440782543761010257789389076	(2,8)
-0.03089003909490418757637126792	(2,9)
-0.03794683395368541874318046627	(2,10)
-0.04550089400719433853160004861	(2,11)
-0.05346945506139646971332574668	(2,12)
-0.06176521153129098609172609073	(2,13)
-0.0702972729992563716403342941	(2,14)
-0.0789721600538866690244923185	(2,15)
-0.0876948284968436022129742812	(2,16)
-0.0963697106940393060269673342	(2,17)
-0.1049017626594280716155851233	(2,18)
-0.1131975053969109815848275971	(2,19)
-0.1211660490890373220944451215	(2,20)
-0.1287200889096107433427639975	(2,21)
-0.1357768615488717896102583607	(2,22)
-0.142259051971159741419117977	(2,23)
-0.148095640471059857845839478	(2,24)
-0.153222680748956518946524121	(2,25)
-0.157584000483386937104768257	(2,26)
-0.16113181672726832460239729	(2,27)
-0.16382725938859185859834152	(2,28)
-0.1656407970632792682829404	(2,29)
-0.1665525605575394413812	(2,30)
-0.00011420754165618019676899287	(3,1)
-0.00102599052278143235677951667	(3,2)
-0.00283956679007837404864355234	(3,3)
-0.00553506637040022934785095567	(3,4)
-0.00908295665176829363629333263	(3,5)
-0.01344436586958144947101277971	(3,6)
-0.01857150890737591916075066705	(3,7)
-0.02440821076064891705036398479	(3,8)
-0.03089052194246753468641405569	(3,9)
-0.03794741910084906359159079779	(3,10)
-0.04550158318138407261485824694	(3,11)
-0.05347024661481175651717940543	(3,12)
-0.06176610024800955174800151077	(3,13)
-0.0702982500769685064213399677	(3,14)
-0.0789732132895700280925629627	(3,15)
-0.0876959426909309815588874465	(3,16)
-0.0963708682699838123978899165	(3,17)
-0.10490294447661018163664135	(3,18)
-0.1131986917163372969289905339	(3,19)
-0.1211672206350570370892599669	(3,20)
-0.1287212279585804745250198064	(3,21)
-0.1357779529686764246437182724	(3,22)
-0.142260084134638881823464404	(3,23)
-0.148096605972040895889373563	(3,24)
-0.153223576861507879531157459	(3,25)
-0.157584829322247718174736767	(3,26)
-0.16113258508883693060997091	(3,27)
-0.16382797827562029587869441	(3,28)
-0.1656414809205316654113513	(3,29)
-0.16655322626807922588945	(3,30)
-0.00011421354892960068572984102	(4,1)
-0.00102604448797177083216001683	(4,2)
-0.00283971611758870150425104051	(4,3)
-0.00553535727085439037954867548	(4,4)
-0.0090834333424550509888545439	(4,5)
-0.0134450695698579989458373774	(4,6)
-0.01857247661954365343162474851	(4,7)
-0.02440947386830851653196081479	(4,8)
-0.03089210470014708435677581441	(4,9)
-0.03794933712566505044087168733	(4,10)
-0.0455038420848987028093858975	(4,11)
-0.05347284092723275059665191324	(4,12)
-0.06176901278489473872291813237	(4,13)
-0.0703014518797143829538778789	(4,14)
-0.0789766642360013647077733063	(4,15)
-0.0876995928238053063415769065	(4,16)
-0.096374659833225101779532058	(4,17)
-0.1049068145867766563124539621	(4,18)
-0.1132025755360497848292983722	(4,19)
-0.1211710548618013906264866541	(4,20)
-0.1287249544018971663384022279	(4,21)
-0.1357815219656787741321949592	(4,22)
-0.142263457550990449412196436	(4,23)
-0.148099759554103595968735975	(4,24)
-0.153226501744527090767777319	(4,25)
-0.157587532556437563631823845	(4,26)
-0.16113508911564205623597102	(4,27)
-0.16383031936452218530642403	(4,28)
-0.1656437066559991500839154	(4,29)
-0.16655539224988620929557	(4,30)
-0.00011422768027659272861353665	(5,1)
-0.001026171434210426345590865	(5,2)
-0.00284006739134074024530711698	(5,3)
-0.00553604157547369616619031724	(5,4)
-0.00908455468910864530732552338	(5,5)
-0.01344672491070159877147680557	(5,6)
-0.01857475297457211477083516348	(5,7)
-0.02441244502137056468963681194	(5,8)
-0.03089582763821411000784836033	(5,9)
-0.03795384848267044715286986607	(5,10)
-0.04550915491612641646088338875	(5,11)
-0.05347894217322569897022553243	(5,12)
-0.06177586177916740516354542843	(5,13)
-0.0703089802099880232610317109	(5,14)
-0.0789847771861720962837136244	(5,15)
-0.0877081725093961665199185978	(5,16)
-0.0963835700062118904986096199	(5,17)
-0.1049159069386565709480258267	(5,18)
-0.1132116971846277466201764739	(5,19)
-0.1211800565814062198577852191	(5,20)
-0.1287336990614598793702344447	(5,21)
-0.1357898925847231615603278027	(5,22)
-0.142271364377011814570939803	(5,23)
-0.14810714560870393859600721	(5,24)
-0.15323334637809333184921721	(5,25)
-0.157593852685640481508083149	(5,26)
-0.16114093798415055248663821	(5,27)
-0.16383578285153353473285376	(5,28)
-0.1656488973440599014163648	(5,29)
-0.16656044163710938488848	(5,30)
-0.00011425521770238460415442908	(6,1)
-0.00102641881135821618743483614	(6,2)
-0.00284075190982100254117251484	(6,3)
-0.00553737506037864895234701882	(6,4)
-0.0090867398155722182587791486	(6,5)
-0.01344995058425685880460006408	(6,6)
-0.01857918872141304416613043817	(6,7)
-0.02441823453603914867999078419	(6,8)
-0.0309030818290036345059032152	(6,9)
-0.03796263852557143064374752246	(6,10)
-0.04551950595455838422763168372	(6,11)
-0.05349082836528697961953357034	(6,12)
-0.06178920338494464862792352543	(6,13)
-0.0703236433242929233452915425	(6,14)
-0.079000576560708064672178121	(6,15)
-0.0877248776845288855189973891	(6,16)
-0.0964009147049120732283022071	(6,17)
-0.1049336013877559734977912343	(6,18)
-0.1132294427482498289894094331	(6,19)
-0.121197561845687968123358902	(6,20)
-0.1287506963235904023836711688	(6,21)
-0.1358061535932284921584748426	(6,22)
-0.142286714157589596077209823	(6,23)
-0.148121473295913318419455332	(6,24)
-0.153246612153999371713952067	(6,25)
-0.157606090189451128134652013	(6,26)
-0.16115225188152918278800207	(6,27)
-0.16384634161216368886689262	(6,28)
-0.1656589216410617742185695	(6,29)
-0.1665701891210010194881	(6,30)
-0.00011430271446971730439369385	(7,1)
-0.00102684548936078987815935637	(7,2)
-0.00284193257187077166594356981	(7,3)
-0.00553967505980450777484246559	(7,4)
-0.00909050871330350168418827862	(7,5)
-0.01345551416861358025186352368	(7,6)
-0.01858683931457724613041999939	(7,7)
-0.02442821984236811859183710739	(7,8)
-0.03091559291389010080714766877	(7,9)
-0.03797779780863237269357696191	(7,10)
-0.04553735631965988469818450062	(7,11)
-0.05351132460145235629384543657	(7,12)
-0.06181220715619728524859862308	(7,13)
-0.0703489227155036676764846889	(7,14)
-0.0790278109671307105719595854	(7,15)
-0.087753668425245307034682476	(7,16)
-0.0964308012772608382099103581	(7,17)
-0.1049640827824939782940991622	(7,18)
-0.1132600027604091917230964168	(7,19)
-0.12122769689124908137458537	(7,20)
-0.12877994395064185379567739	(7,21)
-0.1358341196933586094941899523	(7,22)
-0.142313096862069423300351568	(7,23)
-0.148146081690588052356163391	(7,24)
-0.153269378259948895384304533	(7,25)
-0.157627073111434060695176958	(7,26)
-0.16117163358758266045457919	(7,27)
-0.1638644144297363869634261	(7,28)
-0.1656760681856839073205701	(7,29)
-0.16658685595914296261609	(7,30)
-0.00011437786812435112760315367	(8,1)
-0.00102752061759947334683514831	(8,2)
-0.00284380072042195682696479948	(8,3)
-0.00554331431769916536409473147	(8,4)
-0.00909647216699283489987633632	(8,5)
-0.01346431725816698075369743053	(8,6)
-0.01859894447126529121447577735	(8,7)
-0.02444401881243322800917738184	(8,8)
-0.03093538770257457439443425469	(8,9)
-0.03800178164676682933902169862	(8,10)
-0.04556559640215993021451883593	(8,11)
-0.05354374852394735643210462699	(8,12)
-0.06184859495039222797904933969	(8,13)
-0.070388906143925391924118579	(8,14)
-0.0790708812941192133711456482	(8,15)
-0.0877991932657740058843536021	(8,16)
-0.0964780503899389524758235821	(8,17)
-0.105012261883934216998547838	(8,18)
-0.1133082936692801901881581599	(8,19)
-0.1212753016370566012817453275	(8,20)
-0.1288261299734912574462820181	(8,21)
-0.1358782629722425970599334609	(8,22)
-0.142354719777197529412292973	(8,23)
-0.148184882663598482572490238	(8,24)
-0.153305250713507995739178772	(8,25)
-0.157660112011638753781016346	(8,26)
-0.16120212872245286228254036	(8,27)
-0.163892830562365766489898	(8,28)
-0.1657030132189655141560068	(8,29)
-0.16661303917569109753885	(8,30)
-0.000114489347887484802567162	(9,1)
-0.00102852207430774841257469367	(9,2)
-0.00284657185193271791551895172	(9,3)
-0.00554871262982840322898589699	(9,4)
-0.00910531806031499769854071243	(9,5)
-0.01347737525242562041447163678	(9,6)
-0.01861690038795522145881891194	(9,7)
-0.0244674535174787804443800832	(9,8)
-0.03096474879805462307855070818	(9,9)
-0.03803735519691722986655361566	(9,10)
-0.04560748129487619232572217121	(9,11)
-0.05359183633177122852225122346	(9,12)
-0.06190255811633573883651631243	(9,13)
-0.0704481969598638806171380413	(9,14)
-0.0791347434785568263044371324	(9,15)
-0.0878666870318689592937884805	(9,16)
-0.0965480908006926029074566418	(9,17)
-0.1050836691178783098842520138	(9,18)
-0.1133798526775021345749220426	(9,19)
-0.1213458276730430617255977244	(9,20)
-0.1288945357234024208292034839	(9,21)
-0.1359436225872098914084544197	(9,22)
-0.142416325064972470435372077	(9,23)
-0.148242287054070599157832402	(9,24)
-0.153358297354264583933964266	(9,25)
-0.157708943423197882679137148	(9,26)
-0.16124717676415558444481575	(9,27)
-0.16393478692139488415764365	(9,28)
-0.1657427821145738854967954	(9,29)
-0.16665167534323054337188	(9,30)
-0.0001146466277173666467813452	(10,1)
-0.0010299349669130372278808701	(10,2)
-0.00285048146668673259756485028	(10,3)
-0.0055563287599659858796397725	(10,4)
-0.00911779812958273915742203443	(10,5)
-0.01349579780256454187380084478	(10,6)
-0.01864223285354094074175178008	(10,7)
-0.02450051513932172901730929169	(10,8)
-0.03100617063915607635346220794	(10,9)
-0.03808754020948232509959121405	(10,10)
-0.04566656811631919302782513412	(10,11)
-0.0536596708586606300847640122	(10,12)
-0.06197867684955861243055838255	(10,13)
-0.0705318256070294916591291718	(10,14)
-0.0792248133631703627395140655	(10,15)
-0.087961870561808895226239674	(10,16)
-0.0966468557003510203984963636	(10,17)
-0.1051843494688342388572951751	(10,18)
-0.1134807331987632574440092509	(10,19)
-0.1214452362623772923647573636	(10,20)
-0.1289909382206315598875231692	(10,21)
-0.1360357131243740105485005628	(10,22)
-0.142503105312209373115435154	(10,23)
-0.148323128180523560504201249	(10,24)
-0.153432979575109556479617975	(10,25)
-0.15777766952159198909706493	(10,26)
-0.16131055784150090746951518	(10,27)
-0.16399380068863847368321831	(10,28)
-0.1657987061197194010320152	(10,29)
-0.16670599946014249764712	(10,30)
-0.00011485989637570600532532763	(11,1)
-0.00103185082412702153993416381	(11,2)
-0.00285578283306103646743474021	(11,3)
-0.00556665608353444090272014779	(11,4)
-0.00913472082134713134173690137	(11,5)
-0.0135207782571746517590053259	(11,6)
-0.0186765827112309384312650817	(11,7)
-0.02454534494624401476871072264	(11,8)
-0.03106233557550897309414597688	(11,9)
-0.03815558589277802760724588912	(11,10)
-0.04574668147815806801273196687	(11,11)
-0.05375164159662250447514634857	(11,12)
-0.0620818748782260593787027597	(11,13)
-0.0706451992398254869515418682	(11,14)
-0.0793469116803494221590257021	(11,15)
-0.0880908916537233122904536521	(11,16)
-0.0967807203686524064349771201	(11,17)
-0.1053207977127711143946925235	(11,18)
-0.1136174386234392777499208817	(11,19)
-0.1215799316367714024023145548	(11,20)
-0.1291215439814455584714739096	(11,21)
-0.1361604598236099836278516443	(11,22)
-0.142620640942151749628009614	(11,23)
-0.148432602013458812106073805	(11,24)
-0.1535340955901811417345181	(11,25)
-0.157870704553544541096052568	(11,26)
-0.16139634211318064360333276	(11,27)
-0.16407366117465202553964621	(11,28)
-0.1658743760010215113638557	(11,29)
-0.16677949953236303728175	(11,30)
-0.0001151401136378957230885077	(12,1)
-0.00103436810087472166600531498	(12,2)
-0.00286274838425856320654764849	(12,3)
-0.00558022530564645774100847545	(12,4)
-0.00915695573548081647176519474	(12,5)
-0.01355360019068902627460848392	(12,6)
-0.01872171476585056902543085551	(12,7)
-0.02460424577790582447964441488	(12,8)
-0.03113612800350991273305848424	(12,9)
-0.03824498561854847581147152459	(12,10)
-0.04585193249915055690896025341	(12,11)
-0.0538724655621221667592713775	(12,12)
-0.06221744152821277063752356925	(12,13)
-0.070794124150614110619562733	(12,14)
-0.079507285852684964181762815	(12,15)
-0.0882603451456543791423909341	(12,16)
-0.0969565193958437689103740516	(12,17)
-0.1054999716668615383729348659	(12,18)
-0.1137969305784882498915359757	(12,19)
-0.1217567634100896387477822996	(12,20)
-0.1292929849459127279352774052	(12,21)
-0.136324187637751098822268291	(12,22)
-0.142774882300721331045490217	(12,23)
-0.148576242465836559144957521	(12,24)
-0.153666749374577073982365097	(12,25)
-0.157992738111727988631233387	(12,26)
-0.16150884826774872772983738	(12,27)
-0.16417838459767272890429036	(12,28)
-0.1659735942769791701831367	(12,29)
-0.16687586751311196930828	(12,30)
-0.00011549925427385354872469311	(13,1)
-0.00103759437000376892008463864	(13,2)
-0.00287167578214797877114652795	(13,3)
-0.0055976162685149054332484366	(13,4)
-0.00918545295340042901308221987	(13,5)
-0.0135956658792904135342843131	(13,6)
-0.01877955681218126728538160425	(13,7)
-0.02467973272389605684205298321	(13,8)
-0.03123069739369643972675252894	(13,9)
-0.03835955250664124302128292791	(13,10)
-0.04598680658635468137304859848	(13,11)
-0.05402728628802991070711505085	(13,12)
-0.06239114029320948620286490089	(13,13)
-0.070984921659420288555935621	(13,14)
-0.0797127303857705159232890224	(13,15)
-0.0884773945523390815094414005	(13,16)
-0.0971816660191490693620862077	(13,17)
-0.1057294055857209151198047257	(13,18)
-0.1140267328557645550747824669	(13,19)
-0.1219831178332632878581513107	(13,20)
-0.1295123943718309029813049089	(13,21)
-0.1365336797621366506635621345	(13,22)
-0.142972189627507839278532527	(13,23)
-0.148759942496488865542210748	(13,24)
-0.15383635349993674374406746	(13,25)
-0.158148721183307701270414424	(13,26)
-0.16165261507243013361877874	(13,27)
-0.16431217411205592102484947	(13,28)
-0.1661003272512605395717401	(13,29)
-0.16699894724266754065737	(13,30)
-0.00011595073536458999664916937	(14,1)
-0.00104165016093236433142583749	(14,2)
-0.0028828985379370733362554345	(14,3)
-0.00561947863323509796138407107	(14,4)
-0.00922127689846027806845291333	(14,5)
-0.01364854620140489019986103969	(14,6)
-0.01885226806107068318889535856	(14,7)
-0.02477462204359867335909462233	(14,8)
-0.03134956900162218893010141565	(14,9)
-0.03850355240165120784122933314	(14,10)
-0.0461563181974571222993744041	(14,11)
-0.05422184884231094390186799561	(14,12)
-0.06260940149239997493831818593	(14,13)
-0.0712246347359225155707308126	(14,14)
-0.0799708028308897782068044312	(14,15)
-0.0887499919824142447486458123	(14,16)
-0.0974643701022748807598731342	(14,17)
-0.1060174201158641714869108687	(14,18)
-0.1143151274021326678961793031	(14,19)
-0.1222670943783011108703165001	(14,20)
-0.1297875593972299783586866821	(14,21)
-0.1367963026698113209668929411	(14,22)
-0.14321942838484243874230316	(14,23)
-0.148990019018724561611899252	(14,24)
-0.154048664423532310779996388	(14,25)
-0.15834387409997484219808281	(14,26)
-0.16183238562760244874213681	(14,27)
-0.16447938518698401118859658	(14,28)
-0.1662586572676130123488151	(14,29)
-0.16715267997657233281563	(14,30)
-0.00011650997211262193926267524	(15,1)
-0.00104667395257708230743092749	(15,2)
-0.00289679982648973254374783213	(15,3)
-0.00564655878066542003029486923	(15,4)
-0.0092656503785856042331913159	(15,5)
-0.01371404554469252008115924544	(15,6)
-0.01894232814515750573037783115	(15,7)
-0.02489214683349067042937516674	(15,8)
-0.03149678788931666836984409047	(15,9)
-0.03868187687513620202574999256	(15,10)
-0.04636621221428453333120868841	(15,11)
-0.05446272760736374269962158202	(15,12)
-0.06287957308718391246934396684	(15,13)
-0.0715212971261019912617795475	(15,14)
-0.080290105279937426326080679	(15,15)
-0.0890871650912268078240321065	(15,16)
-0.0978139230019293995798427014	(15,17)
-0.1063733973008955983129113239	(15,18)
-0.1146714118988917106762972015	(15,19)
-0.122617738983927521860611692	(15,20)
-0.1301271241159488346917477282	(15,21)
-0.1371201746058068934939520032	(15,22)
-0.143524100450858687728366954	(15,23)
-0.149273305926496606369043564	(15,24)
-0.154309838388890678649314563	(15,25)
-0.158583708205986433668816892	(15,26)
-0.1620530993924789777413405	(15,27)
-0.16468449403821362032966315	(15,28)
-0.1664527347474784457485334	(15,29)
-0.16734104802353525999453	(15,30)
-0.00011719496880596587760399503	(16,1)
-0.00105282748206236632615295723	(16,2)
-0.00291382717418822779127755689	(16,3)
-0.00567972841242514911510004996	(16,4)
-0.00932000140878038311439860257	(16,5)
-0.0137942707997990862055986324	(16,6)
-0.01905263170570760692366312786	(16,7)
-0.02503607990166297635237626369	(16,8)
-0.03167707183925654820015258474	(16,9)
-0.03890022677682143118224180803	(16,10)
-0.04662317739385160392869768326	(16,11)
-0.0547575674343731581121411355	(16,12)
-0.0632101858415832503446157774	(16,13)
-0.0718842173807538085306275799	(16,14)
-0.0806805808546181366260953844	(16,15)
-0.0894993186340045369974044018	(16,16)
-0.0982409961731834616037346446	(16,17)
-0.106808068054226462663343689	(16,18)
-0.1151061682190456943920117921	(16,19)
-0.1230452863859490640483431791	(16,20)
-0.1305407998664632682791375735	(16,21)
-0.1375143394655249891785589793	(16,22)
-0.143894479012769465415392681	(16,23)
-0.149617249357318278033084127	(16,24)
-0.154626488362334798358164868	(16,25)
-0.158874047633627834523978466	(16,26)
-0.16231988364485092044285112	(16,27)
-0.16493206504115266913464207	(16,28)
-0.1666867289366641236107256	(16,29)
-0.16756801696610999705117	(16,30)
-0.00011802683736137230519236765	(17,1)
-0.00106030040284632118712847212	(17,2)
-0.0029345053464540993509463939	(17,3)
-0.00572000964403700210927924194	(17,4)
-0.00938600428291779087615291422	(17,5)
-0.0138916918578778380890141631	(17,6)
-0.01918657127999521993652993296	(17,7)
-0.02521084134115169311136797828	(17,8)
-0.0318959450423549147314330029	(17,9)
-0.03916527240551977814291483755	(17,10)
-0.04693503216849902831841865487	(17,11)
-0.05511529289353777057937870498	(17,12)
-0.06361118249672832282482930239	(17,13)
-0.0723242231597739830348085879	(17,14)
-0.0811537672617140200509302553	(17,15)
-0.0899984905935694255298969502	(17,16)
-0.0987578927576832794649159196	(17,17)
-0.1073337520806008015618663421	(17,18)
-0.1156314839727528685942506653	(17,19)
-0.1235613574038315610494347854	(17,20)
-0.1310395335522290850090753885	(17,21)
-0.1379889028782712823610999673	(17,22)
-0.144339710737561606819447511	(17,23)
-0.150029975919234177232584254	(17,24)
-0.155005719881877775820526082	(17,25)
-0.159221035804933271458946559	(17,26)
-0.16263803493907349590302568	(17,27)
-0.16522671248858881770357824	(17,28)
-0.1669647760926103707334081	(17,29)
-0.16783747693183974427171	(17,30)
-0.00011903014980943197402357966	(18,1)
-0.0010693134510970737622091192	(18,2)
-0.002959445107473915201336625	(18,3)
-0.00576859205706746353377611831	(18,4)
-0.00946560746984952290578286849	(18,5)
-0.01400918266050248505222565821	(18,6)
-0.01934809345115816961373970113	(18,7)
-0.02542157121809731318969979662	(18,8)
-0.03215982810113455107757169695	(18,9)
-0.03948476079691171950964184171	(18,10)
-0.04731084826581134937641335972	(18,11)
-0.05554624629004943629784201801	(18,12)
-0.0640940672747619125091282055	(18,13)
-0.072853818440870349755741218	(18,14)
-0.0817229572329515796495594636	(18,15)
-0.090598510948427797870196428	(18,16)
-0.0993786996632278793253709097	(18,17)
-0.1079644984744706584125773341	(18,18)
-0.116261077379638949324269702	(18,19)
-0.1241790646644491370753298211	(18,20)
-0.1316355918138232071389714572	(18,21)
-0.138555093547249299659907177	(18,22)
-0.144869854128057716454064923	(18,23)
-0.150520308960239038716959521	(18,24)
-0.155455127042436498290035849	(18,25)
-0.159631113659998540556700678	(18,26)
-0.16301298264162109783441591	(18,27)
-0.16557305286282176989850497	(18,28)
-0.1672909241480132724021243	(18,29)
-0.16815318342639532804219	(18,30)
-0.00012023306710997383511321091	(19,1)
-0.00108011960278239272355513372	(19,2)
-0.00298934642014697626904752753	(19,3)
-0.00582683892128151248483573729	(19,4)
-0.0095610437659409014108267147	(19,5)
-0.01415003606532620257265716342	(19,6)
-0.01954171901166439509419170239	(19,7)
-0.02567415533337434624126542832	(19,8)
-0.03247606931552404665079429965	(19,9)
-0.03986755200581166314640649328	(19,10)
-0.04776099095451120691449973178	(19,11)
-0.05606223032919564538964554858	(19,12)
-0.06467194895906518527871518779	(19,13)
-0.0734872246672276542691494475	(19,14)
-0.0824032352244523690443480237	(19,15)
-0.0913150314594957024687337035	(19,16)
-0.1001193082606812440808684462	(19,17)
-0.108716095658054414211211018	(19,18)
-0.1170102954582498483181951696	(19,19)
-0.1249129988260841032055086776	(19,20)
-0.1323425358425571204713074523	(19,21)
-0.1392252278822838402592927994	(19,22)
-0.145495835698887408773144288	(19,23)
-0.151097718272302704390848852	(19,24)
-0.155982737722449876945533492	(19,25)
-0.160110962182378947860422903	(19,26)
-0.16345023014334330142641834	(19,27)
-0.16597564564847682832979766	(19,28)
-0.1676690735714737659282784	(19,29)
-0.16851869831989233622795	(19,30)
-0.00012166723132279178914130314	(20,1)
-0.0010930031049165430228581873	(20,2)
-0.00302499576377049253809563569	(20,3)
-0.00589628195883194439490167099	(20,4)
-0.00967482167589353514258536438	(20,5)
-0.01431795101229976935426268362	(20,6)
-0.0197725250626947017514276747	(20,7)
-0.02597520135780314082070340876	(20,8)
-0.03285291389006282771171092832	(20,9)
-0.04032358034661991387372902262	(20,10)
-0.0482970712208984051098115109	(20,11)
-0.0566764501249645689567967447	(20,12)
-0.0653594717184699236911927565	(20,13)
-0.0742402995922804773882348665	(20,14)
-0.0832113838717104776485306426	(20,15)
-0.0921654198798740577187588603	(20,16)
-0.1009972971955142717260282328	(20,17)
-0.1096059444354079269972782324	(20,18)
-0.1178959797626940004766396291	(20,19)
-0.1257790901367064036150376089	(20,20)
-0.1331750823883373447902699809	(20,21)
-0.1400125742683914948497239697	(20,22)
-0.146229321130960283555210002	(20,23)
-0.151772201184091469369409904	(20,24)
-0.156596906741844142122074545	(20,25)
-0.160667408556291958207433078	(20,26)
-0.16395527361474355311443661	(20,27)
-0.16643892295735080011344937	(20,28)
-0.1681029149683393881543921	(20,29)
-0.16893733166572661222276	(20,30)
-0.00012336744653737443796814626	(21,1)
-0.00110827660917276129704865324	(21,2)
-0.0030672582009272402105291934	(21,3)
-0.00597860588054450934044860581	(21,4)
-0.00980970003723342134393605269	(21,5)
-0.01451699496477457956637628491	(21,6)
-0.02004609313777556180054857229	(21,7)
-0.02633197067342359989043407844	(21,8)
-0.03329941773746302932190727616	(21,9)
-0.04086374866893133434736356331	(21,10)
-0.04893181936918387399958308569	(21,11)
-0.05740336542572774086322269466	(21,12)
-0.0661726458389480553515268269	(21,13)
-0.0751303471289947598034254475	(21,14)
-0.0841656744505737912146855179	(21,15)
-0.0931685335290668238062753032	(21,16)
-0.1020316926491190950447511061	(21,17)
-0.1106528095585749687359719008	(21,18)
-0.1189362147675973075778383022	(21,19)
-0.1267943597698594763470982861	(21,20)
-0.1341488643968891286102542252	(21,21)
-0.1409311290813629592840956671	(21,22)
-0.147082511934396410398308931	(21,23)
-0.152554103815746451800181195	(21,24)
-0.157306163894928780386717128	(21,25)
-0.161307301112801702984570522	(21,26)
-0.16453350184061702609466675	(21,27)
-0.16696711016353822826965245	(21,28)
-0.1685958646654961262816665	(21,29)
-0.16941208509883756376142	(21,30)
-0.00012537119612955770274692388	(22,1)
-0.00112627683517678403749427862	(22,2)
-0.00311706537596881077488539687	(22,3)
-0.00607562499746469467283963579	(22,4)
-0.00996864966177374872229717096	(22,5)
-0.01475154719340093477670928382	(22,6)
-0.02036843100212820605785418957	(22,7)
-0.02675227589697990739244704159	(22,8)
-0.03382531835923056526840768739	(22,9)
-0.04149977075857620024903108498	(22,10)
-0.04967889776312933842021875667	(22,11)
-0.05825847332126603214106829016	(22,12)
-0.0671286009888003984091819223	(22,13)
-0.0761758428989804429345936193	(22,14)
-0.0852855677117385514653338568	(22,15)
-0.0943443997780687381813084999	(22,16)
-0.1032426342004666936845084256	(22,17)
-0.1118764779252159408846163356	(22,18)
-0.1201499863209194747480109942	(22,19)
-0.1279765869887739856548625957	(22,20)
-0.1352801153263045442604069659	(22,21)
-0.1419953259460165885746101849	(22,22)
-0.148067886126792194461324186	(22,23)
-0.153453897736353180159288892	(22,24)
-0.158119028742713342269483358	(22,25)
-0.16203736171009287522490133	(22,26)
-0.16519008286735990790456478	(22,27)
-0.16756414089583312286550177	(22,28)
-0.169150999933819111115177	(22,29)
-0.1699455975884813719298	(22,30)
-0.00012771804789639124648850651	(23,1)
-0.00114735922658130795347497368	(23,2)
-0.00317540072651812067038455113	(23,3)
-0.00618925440382018296973850864	(23,4)
-0.01015480608386820976274474054	(23,5)
-0.01502622893869499255629982195	(23,6)
-0.02074587642439616508114316266	(23,7)
-0.02724435490718808165741907662	(23,8)
-0.03444087634918348710743812672	(23,9)
-0.04224397825433852602028415542	(23,10)
-0.05055267197094192271319602497	(23,11)
-0.05925804348765660327491902739	(23,12)
-0.0682452866785179028515203056	(23,13)
-0.077396102440574944545629357	(23,14)
-0.0865913539237069111647157725	(23,15)
-0.0957138336258935620999907768	(23,16)
-0.1046509771903231010375450006	(23,17)
-0.1132973543353801456409800672	(23,18)
-0.1215567803784677589259637378	(23,19)
-0.1293439208927795722521449132	(23,20)
-0.1365853037272905719331563159	(23,21)
-0.1432197020246767213790097927	(23,22)
-0.149197903420867325887542298	(23,23)
-0.154481928902564953584563454	(23,24)
-0.159043805315824772746590252	(23,25)
-0.1628640250928996973155864	(23,26)
-0.16592984376115816539956295	(23,27)
-0.16823357002166767340941952	(23,28)
-0.1697709955908776423574909	(23,29)
-0.17054009430615000290338	(23,30)
-0.00013044898913930278722918428	(24,1)
-0.00117189197785065171828526402	(24,2)
-0.00324328295377581419789734028	(24,3)
-0.006321477768745291757647016	(24,4)
-0.01037141675431462757257862184	(24,5)
-0.01534582538203303759303930131	(24,6)
-0.02118498970197018399675764031	(24,7)
-0.02781673023062804761994571648	(24,8)
-0.03515669862154191927456081841	(24,9)
-0.04310910554209324543092606809	(24,10)
-0.05156795617763110835675025379	(24,11)
-0.06041882419826611930097172268	(24,12)
-0.0695411403799760253943318227	(24,13)
-0.0788109145542249151556202602	(24,14)
-0.0881037562957349942296615675	(24,15)
-0.097298017815872771225031908	(24,16)
-0.1062778578081729787959202516	(24,17)
-0.1149360212199418341402426116	(24,18)
-0.1231761479930125201919342815	(24,19)
-0.13091446162496415035006208	(24,20)
-0.1380807412333507333806220316	(24,21)
-0.1446185421700272430936797413	(24,22)
-0.150484692969975922395246418	(24,23)
-0.155648153817783850018532733	(24,24)
-0.160088368422211131653850288	(24,25)
-0.163793273755793035122188811	(24,26)
-0.16675714912773852712744173	(24,27)
-0.16897848790304266331311992	(24,28)
-0.1704580635753529133756638	(24,29)
-0.17119733932155949281705	(24,30)
-0.00013360571830817462495007132	(25,1)
-0.00120024967082830513716158333	(25,2)
-0.00332174841323322223340568844	(25,3)
-0.00647431302600891844633982494	(25,4)
-0.01062178479403192502307511972	(25,5)
-0.01571520255010330018797271732	(25,6)
-0.02169243924678978700678200564	(25,7)
-0.02847805942641544232768556635	(25,8)
-0.03598355046388829532661096964	(25,9)
-0.04410806128339094562599535338	(25,10)
-0.05273974313842427281706247475	(25,11)
-0.06175773100686513873766668236	(25,12)
-0.0710347368073677689980999873	(25,13)
-0.0804401547878891747016535237	(25,14)
-0.0898435141200425963108988696	(25,15)
-0.0991180629302342319820925795	(25,16)
-0.1081442391264866181323596469	(25,17)
-0.1168127809659460416019553538	(25,18)
-0.1250272551369812859799248882	(25,19)
-0.1327058290855906972650303789	(25,20)
-0.1397821809706389000599265636	(25,21)
-0.1462055164418253098817986849	(25,22)
-0.151939737251531097943986245	(25,23)
-0.156961874271060173755838273	(25,24)
-0.16125995054019520794346049	(25,25)
-0.164830474923688307323314004	(25,26)
-0.16767578283085445198847372	(25,27)
-0.16980143854929103218559971	(25,28)
-0.1712138968181075273520467	(25,29)
-0.17191859277296195316896	(25,30)
-0.00013722990492875048427397486	(26,1)
-0.00123280662639937817094714551	(26,2)
-0.00341183271731193837020407102	(26,3)
-0.00664977653033945254662367889	(26,4)
-0.0109092102418519182485976771	(26,5)
-0.01613922053937466549155549921	(26,6)
-0.02227488215502570278113443983	(26,7)
-0.02923697901319933146587616525	(26,8)
-0.03693215966088349365368045308	(26,9)
-0.04525369060713002019616052202	(26,10)
-0.05408292356091901725992460309	(26,11)
-0.0632915239169964397165251339	(26,12)
-0.0727444251514062741736711692	(26,13)
-0.0823033868554094948212344972	(26,14)
-0.0918309544121857240202474879	(26,15)
-0.1011945571598312333902296337	(26,16)
-0.1102704485655290691632175899	(26,17)
-0.1189471919067722549104703293	(26,18)
-0.1271284287410665626071089556	(26,19)
-0.134734730520101011366909639	(26,20)
-0.1417044173785524026811679184	(26,21)
-0.1479933212305850182044827943	(26,22)
-0.153573561243650320951986371	(26,23)
-0.158431478451292017229259755	(26,24)
-0.162564935562303507477278782	(26,25)
-0.165980224340486444153717117	(26,26)
-0.16868883611939808908993821	(26,27)
-0.17070434362381852754297951	(26,28)
-0.1720396184594289021460862	(26,29)
-0.17270457308474770093001	(26,30)
-0.00014136241897060097820761843	(27,1)
-0.00126992998165159954193085387	(27,2)
-0.00351455157886563553554413461	(27,3)
-0.00684984573764084716941684013	(27,4)
-0.01123692889379415665942795658	(27,5)
-0.01662264321404019485950249339	(27,6)
-0.02293883999394394052643650406	(27,7)
-0.0301019422872129614866161321	(27,8)
-0.03801301320431327920373567861	(27,9)
-0.04655852871684095697952088859	(27,10)
-0.0556119959946353272364026967	(27,11)
-0.06503647454739197787743575885	(27,12)
-0.0746879563206826914814663122	(27,13)
-0.0844194546941948668548464314	(27,14)
-0.0940855554957585913433324912	(27,15)
-0.1035471099830817855648644542	(27,16)
-0.112675711802299105941933244	(27,17)
-0.1213576036929485540321134663	(27,18)
-0.1294967052161710285398780231	(27,19)
-0.1370165335826086900299673497	(27,20)
-0.1438608941067658772547005251	(27,21)
-0.1499933304258843671164377906	(27,22)
-0.155395432820110139749981587	(27,23)
-0.1600641936069458748973126	(27,24)
-0.164008663635326360183079346	(27,25)
-0.167246200111092526961126462	(27,26)
-0.16979860443801233786543618	(27,27)
-0.17168843374277874194184796	(27,28)
-0.1729357372368277832855941	(27,29)
-0.1735554247324906721454	(27,30)
-0.0001460425255807323211254789	(28,1)
-0.00131197245593779312945909932	(28,2)
-0.0036308807944467911081218617	(28,3)
-0.00707642021322562430943729237	(28,4)
-0.01160804841687613699714457236	(28,5)
-0.01717004392078772422209034503	(28,6)
-0.02369056920370549490909609027	(28,7)
-0.03108105029631825828633673057	(28,8)
-0.03923614575896770830608692297	(28,9)
-0.04803454505410904634295629365	(28,10)
-0.05734076643655185326489649137	(28,11)
-0.06700802269464302940381728581	(28,12)
-0.0768820999274879680069506661	(28,13)
-0.086806065383755659711187907	(28,14)
-0.0966255033711183314089732875	(28,15)
-0.1061938913107535654745762272	(28,16)
-0.1153776854412441957394919753	(28,17)
-0.1240606950973507363235543941	(28,18)
-0.132147385149097690700461822	(28,19)
-0.1395648490334408878028075003	(28,20)
-0.1462633243941602804921023131	(28,21)
-0.1522152610328992009844600135	(28,22)
-0.157413078519349163905816544	(28,23)
-0.161865853946247795053823949	(28,24)
-0.165595250176737550435608677	(28,25)
-0.16863102898462608741531241	(28,26)
-0.17100649462328042240108257	(28,27)
-0.17275418816986350879184221	(28,28)
-0.1739021097067943961051208	(28,29)
-0.17447069198532566371903	(28,30)
-0.00015130704046775736800026906	(29,1)
-0.00135926476349241534602806229	(29,2)
-0.00376173525033773134931838224	(29,3)
-0.00733128074126349972876061108	(29,4)
-0.01202548137003183843076777418	(29,5)
-0.01778570668978097963042477919	(29,6)
-0.02453592541136079952164986272	(29,7)
-0.03218187510613893317357331612	(29,8)
-0.04061091889625701969917069753	(29,9)
-0.04969287697331064043370153415	(29,10)
-0.05928203665014268881427246018	(29,11)
-0.06922042145984006353352587051	(29,12)
-0.0793422504989578894135978966	(29,13)
-0.0894793628676514763567795615	(29,14)
-0.0994672414028719643170286554	(29,15)
-0.1091511673158249419217563733	(29,16)
-0.1183919903860558015396762702	(29,17)
-0.1270710168809359284007160375	(29,18)
-0.1350935973805212178910943885	(29,19)
-0.1423911266946130218063996738	(29,20)
-0.1489213277581072084154777799	(29,21)
-0.154666857041690444661227862	(29,22)
-0.159632418250495652315827703	(29,23)
-0.163840686918958140228259391	(29,24)
-0.167327421663848230637201281	(29,25)
-0.170136167076462537871552931	(29,26)
-0.17231294390149734748138245	(29,27)
-0.17390128382385040119613916	(29,28)
-0.1749379098531764696263101	(29,29)
-0.17544929898683946473408	(29,30)
-0.00015718944375981776116582551	(30,1)
-0.00141210765305652634047194353	(30,2)
-0.00390794689743537084188080152	(30,3)
-0.0076160464315160962183340063	(30,4)
-0.01249187496593611210662890102	(30,5)
-0.01847352268793366968577911997	(30,6)
-0.02548022136145589346533905712	(30,7)
-0.03341127502397144668047845572	(30,8)
-0.04214579076740414137308493577	(30,9)
-0.05154355267569297105853627321	(30,10)
-0.06144728111705167826118466334	(30,11)
-0.0716863711440033358833621384	(30,12)
-0.082082023527438755279501615	(30,13)
-0.0924534936180855647778192774	(30,14)
-0.1026250150807432839370743504	(30,15)
-0.1124328353633523525601808227	(30,16)
-0.1217317489728603739523169326	(30,17)
-0.1304005433431438030450216407	(30,18)
-0.1383458765085993645928542881	(30,19)
-0.1455042689325086616881612535	(30,20)
-0.1518420872701100422444227906	(30,21)
-0.1573535956141843676755346395	(30,22)
-0.162057322600527535772317507	(30,23)
-0.165991121002604157791517986	(30,24)
-0.169206370699284929737834193	(30,25)
-0.171761796901404610574621959	(30,26)
-0.17371735197860465256641513	(30,27)
-0.17512855440879067660739158	(30,28)
-0.1760416065508744772797632	(30,29)
-0.17648953646649629254261	(30,30)
-0.0001637189545018688880882783	(31,1)
-0.00147076359397394497862185695	(31,2)
-0.00407024174900172351002265827	(31,3)
-0.00793212992955799778099391202	(31,4)
-0.01300953775144567660351768247	(31,5)
-0.01923688219706198570285830561	(31,6)
-0.02652807886142013730037857719	(31,7)
-0.03477520234599510551900258637	(31,8)
-0.04384807700503099692176553718	(31,9)
-0.05359520448618947478167789783	(31,10)
-0.06384631408370340796397323335	(31,11)
-0.0744166438440388318243148119	(31,12)
-0.0851128438462491973785707242	(31,13)
-0.0957401673476715976347757269	(31,14)
-0.106110415602527328152622083	(31,15)
-0.1160499624061813763544703129	(31,16)
-0.1254071307591515967345180023	(31,17)
-0.1340582378302653300625263541	(31,18)
-0.1419117592713240316756526838	(31,19)
-0.1489102670728077956604933916	(31,20)
-0.1550300325451350681935723576	(31,21)
-0.16027842023477283922274072	(31,22)
-0.164689396752607656236799485	(31,23)
-0.168317618276761991904815452	(31,24)
-0.171231632887640585779565718	(31,25)
-0.173506742544937468314807811	(31,26)
-0.17521802743358196270426574	(31,27)
-0.17643396039157410260710665	(31,28)
-0.177210949275262176888579	(31,29)
-0.17758905530229602232482	(31,30)
-0.00017091957307135876385567718	(32,1)
-0.00153544817415516615777235588	(32,2)
-0.00424921608236634805900423848	(32,3)
-0.00828069108404661918609100086	(32,4)
-0.0135803637890072468029252135	(32,5)
-0.02007856298485288738480393923	(32,6)
-0.02768327595401426571305189293	(32,7)
-0.03627850524659732909065385436	(32,8)
-0.04572370494476186389735734849	(32,9)
-0.05585477510637427907956448142	(32,10)
-0.06648694994518204553679602745	(32,11)
-0.0774197026573956700729624857	(32,12)
-0.0884435309394916507402521717	(32,13)
-0.0993482180756728744190538489	(32,14)
-0.1099319282333365133945688724	(32,15)
-0.1200103333369355698273462089	(32,16)
-0.1294249138245209313598603116	(32,17)
-0.1380496392022292756313366721	(32,18)
-0.1457954067002112735587242938	(32,19)
-0.1526118672763417760834783421	(32,20)
-0.1584865543793041872594226741	(32,21)
-0.1634415059875967861571963459	(32,22)
-0.167527795299873414770781867	(32,23)
-0.170818535160444844153233977	(32,24)
-0.173400988030007246012019942	(32,25)
-0.175368404708681845806375688	(32,26)
-0.17681214951658617935786346	(32,27)
-0.1778145704488282813278336	(32,28)
-0.1784429623614125621785253	(32,29)
-0.17874486708103528483701	(32,30)
-0.00017880910401205799404717563	(33,1)
-0.00160632132220278094121977377	(33,2)
-0.00444531215539477265765385611	(33,3)
-0.00866258967706106849534814935	(33,4)
-0.01420575533409362361078038771	(33,5)
-0.02100061654307265022546177381	(33,6)
-0.02894859135675983435182474008	(33,7)
-0.03792472649607060312856421022	(33,8)
-0.04777696457278142931786651983	(33,9)
-0.05832722103090227802932861754	(33,10)
-0.06937466197847484057314076513	(33,11)
-0.0807013213476324730903044591	(33,12)
-0.0920798878539826915817405991	(33,13)
-0.1032831729571599918499258523	(33,14)
-0.1140944934547476310606796385	(33,15)
-0.1243180177183215142932454014	(33,16)
-0.1337880701632193763857145834	(33,17)
-0.1423764777101806883535429554	(33,18)
-0.1499972600766872963375767214	(33,19)
-0.1566082732173426114699622405	(33,20)
-0.1622097574738587634458436226	(33,21)
-0.1668400623593294255680579221	(33,22)
-0.17056907226749707420236906	(33,23)
-0.173490014577556868283519655	(33,24)
-0.175710387960846742041804739	(33,25)
-0.177342717167080268669268141	(33,26)
-0.17849574627518980543000756	(33,27)
-0.17926655486633489878683373	(33,28)
-0.1797339480168088633339718	(33,29)
-0.1799533517252471789861	(33,30)
-0.0001873981767266964802862423	(34,1)
-0.00168347851037490396958026796	(34,2)
-0.00465879387129563262541827711	(34,3)
-0.00907833806233882580331327734	(34,4)
-0.01488654539379996340099193106	(34,5)
-0.02200425423974887038854599202	(34,6)
-0.03032564898718538232515264682	(34,7)
-0.0397159026933813821457660173	(34,8)
-0.05001026082970276566905753876	(34,9)
-0.06101521875032672774110234605	(34,10)
-0.07251224605367766563085273302	(34,11)
-0.0842642120724173417509094772	(34,12)
-0.0960243021987632286424553776	(34,13)
-0.1075468380914533978422392385	(34,14)
-0.1185990906318816563047627067	(34,15)
-0.1289729648526242225850199073	(34,16)
-0.1384953850411577853961594225	(34,17)
-0.147036329733277966415613348	(34,18)
-0.1545137393989706211369537603	(34,19)
-0.1608948932694693143202303899	(34,20)
-0.1661942577703310021381351083	(34,21)
-0.1704681788345460693250683068	(34,22)
-0.173807070376583372715971621	(34,23)
-0.17632591246207058895873301	(34,24)
-0.178153912989670938942637703	(34,25)
-0.179424125850902427945472119	(34,26)
-0.18026368967953189538146652	(34,27)
-0.18078519119704464529592475	(34,28)
-0.1810794981766029798800379	(34,29)
-0.18121027217635130858223	(34,30)
-0.00019668928590600546265446686	(35,1)
-0.00176694213491810422259709614	(35,2)
-0.00488972293555821659438052786	(35,3)
-0.00952805477055121576508948269	(35,4)
-0.01562292190140619699856891204	(35,5)
-0.02308973594402173072602873836	(35,6)
-0.03181476608704187554009933875	(35,7)
-0.04165236858759013144640101629	(35,8)
-0.0524238729777627661646142527	(35,9)
-0.06391888061113583846935009168	(35,10)
-0.0758994973350993410932717996	(35,11)
-0.0881076702409789034217630446	(35,12)
-0.1002753691971261157042019462	(35,13)
-0.1121369119416381028011020829	(35,14)
-0.1234423551974650309260154344	(35,15)
-0.1339706382045072825283253744	(35,16)
-0.1435411209686486803998575367	(35,17)
-0.1520223212953116141742715658	(35,18)
-0.1593369932307020704019310522	(35,19)
-0.1654631397877734948301524713	(35,20)
-0.170431030577942210646971139	(35,21)
-0.1743167180516363539676396526	(35,22)
-0.177232853007284158507253065	(35,23)
-0.179317760935041497258017812	(35,24)
-0.180723758386896437080121367	(35,25)
-0.18160559134601502313136775	(35,26)
-0.18210970810257379100592084	(35,27)
-0.18236488227599531931249971	(35,28)
-0.1824745151651453078346694	(35,29)
-0.18251079604288280736716	(35,30)
-0.00020667587735520409559388495	(36,1)
-0.00185665330428520597947803334	(36,2)
-0.00513793614277558257599938466	(36,3)
-0.01001142032334468047083957831	(36,4)
-0.01641435553917457511935120988	(36,5)
-0.02425626411663419572273386582	(36,6)
-0.03341480904473698975569550593	(36,7)
-0.04373257180444819157451854818	(36,8)
-0.05501572763009310861031594154	(36,9)
-0.06703548822067913805783937691	(36,10)
-0.0795329090856214719144109965	(36,11)
-0.0922272466975707488059040639	(36,12)
-0.1048275478448296110982420746	(36,13)
-0.1170466379696906808601040795	(36,14)
-0.1286162411358640268570418943	(36,15)
-0.1393017007256012419603170435	(36,16)
-0.1489147371855096120013816005	(36,17)
-0.1573228902265925025662175058	(36,18)
-0.1644547084662563652162213657	(36,19)
-0.1703002875050355191659614964	(36,20)
-0.1749073149402970618880987685	(36,21)
-0.1783732604693498864085256094	(36,22)
-0.180834681496580695074274062	(36,23)
-0.182454769728417744873815219	(36,24)
-0.183410251710897314450391967	(36,25)
-0.183878615095476524937691772	(36,26)
-0.18402641615701943210104221	(36,27)
-0.18399918646448949250620916	(36,28)
-0.1839132409966846863428817	(36,29)
-0.18384952404220999787015	(36,30)
-0.00021734150788116834684388276	(37,1)
-0.00195246429271867764341436636	(37,2)
-0.00540302450564374721696034389	(37,3)
-0.01052763664256901353469464836	(37,4)
-0.01725953347685565310376269609	(37,5)
-0.02550188670093977964669674025	(37,6)
-0.03512306147329638836480406033	(37,7)
-0.04595290386858173351177209574	(37,8)
-0.05778119271747600534261495092	(37,9)
-0.07035925203612352574294040779	(37,10)
-0.083405403470445485744177417	(37,11)
-0.0966144581842765220320098787	(37,12)
-0.1096708618923059642144845023	(37,13)
-0.1222645085946024444048206046	(37,14)
-0.1341077408300891398037667178	(37,15)
-0.1449517626417887692000323876	(37,16)
-0.1546006752802532715065295334	(37,17)
-0.1629216162843956908175705844	(37,18)
-0.1698499877580830315250082516	(37,19)
-0.1753893970984008549834684237	(37,20)
-0.1796065786328710139518710435	(37,21)
-0.1826221034290114687351558916	(37,22)
-0.184598039407523303134449125	(37,23)
-0.185723866557364739163512027	(37,24)
-0.186201901062192030347015985	(37,25)
-0.186233289057042997964010273	(37,26)
-0.18600536152067948868321695	(37,27)
-0.18568085976552757870143921	(37,28)
-0.1853892950174590562673983	(37,29)
-0.18522052498525189101578	(37,30)
-0.00022865910999587372242289699	(38,1)
-0.00205413193547205718455514477	(38,2)
-0.00568431499034173291992791677	(38,3)
-0.01107539154171695238493130808	(38,4)
-0.01815630145624271659566835359	(38,5)
-0.0268234123841939063207957439	(38,6)
-0.0369351094115369162168620693	(38,7)
-0.048307553791883352388277808	(38,8)
-0.06071290010059728949256896526	(38,9)
-0.0738811062306254696359221101	(38,10)
-0.0875061046874495798062157146	(38,11)
-0.1012565473893392285256396322	(38,12)
-0.1147906575825399140838825111	(38,13)
-0.1277740325974433314518939284	(38,14)
-0.1398986741074921998649952249	(38,15)
-0.1509012027672370684943027169	(38,16)
-0.1605782208002531730951410913	(38,17)
-0.1687971275437198998595493008	(38,18)
-0.1755013011713074473025177486	(38,19)
-0.180709308700673860575050283	(38,20)
-0.184508546884826551436901148	(38,21)
-0.1870443162640526202488506741	(38,22)
-0.188505704304309754565736604	(38,23)
-0.189109776216303578762392158	(38,24)
-0.189085473620831726100958299	(38,25)
-0.188658368032900962942576987	(38,26)
-0.18803708802058391902468034	(38,27)
-0.18740190923049904116589866	(38,28)
-0.1868957194660707866838544	(38,29)
-0.18661737697765781465803	(38,30)
-0.00024059039324235172462073536	(39,1)
-0.00216131225137566212084193159	(39,2)
-0.00598085564851766383727356561	(39,3)
-0.01165282983676317444321342477	(39,4)
-0.01910161673234193651433018332	(39,5)
-0.02821634191183708235386577993	(39,6)
-0.0388447486589610409844044991	(39,7)
-0.05078839066062979532830684725	(39,8)
-0.06380060469579738733959496518	(39,9)
-0.0775885480557015755861901897	(39,10)
-0.0918201648001896750031113148	(39,11)
-0.1061363038090675391950182434	(39,12)
-0.1201674298201456100793333965	(39,13)
-0.1335535776191331365166753767	(39,14)
-0.1459655575916233037826742906	(39,15)
-0.1571250734264980774396965811	(39,16)
-0.1668214494961899701339119242	(39,17)
-0.1749230899768471352101295535	(39,18)
-0.181382517130831341265334273	(39,19)
-0.1862347086087053156371848879	(39,20)
-0.189589296459310505894449371	(39,21)
-0.1916178517842420088748972307	(39,22)
-0.19253786643054872956627421	(39,23)
-0.192595137251533092454604883	(39,24)
-0.192046103118704828060424909	(39,25)
-0.1911413633851487859627944	(39,26)
-0.19011121391271363505740857	(39,27)
-0.18915365687409639881094955	(39,28)
-0.1884250324133916110322431	(39,29)
-0.18803321443887548242343	(39,30)
-0.00025308541383226867545097395	(40,1)
-0.00227355657739640780959943057	(40,2)
-0.00629140493310456424818896142	(40,3)
-0.01225753260725310484647100614	(40,4)
-0.02009151436950058617954165054	(40,5)
-0.02967481911432472761781999331	(40,6)
-0.04084391921146160166223531772	(40,7)
-0.05338488157454923060966436608	(40,8)
-0.06703108784370539476501042175	(40,9)
-0.0814655306891560034482592915	(40,10)
-0.0963286522905449738276911987	(40,11)
-0.1112319561217879289211180193	(40,12)
-0.1257767277095153744430953928	(40,13)
-0.1395762984249643999914800064	(40,14)
-0.1522795642552945594573861232	(40,15)
-0.1635930976313336884499679627	(40,16)
-0.1732992652324010894996764545	(40,17)
-0.1812682854200379442928956892	(40,18)
-0.1874630159811041503297308793	(40,19)
-0.1919362707582706663352049118	(40,20)
-0.194821415183456553647165308	(40,21)
-0.1963177131182268937275039711	(40,22)
-0.196672292577458228613369465	(40,23)
-0.196160654193883083365147166	(40,24)
-0.195067424255693558948131277	(40,25)
-0.193668656403730518879737934	(40,26)
-0.19221652400379446080021911	(40,27)
-0.19092681313820127533829097	(40,28)
-0.1899692874405276129016498	(40,29)
-0.18946078047352029059001	(40,30)
-0.00026608234289312990462988282	(41,1)
-0.00239030948734123320612342414	(41,2)
-0.00661442595053274530075207685	(41,3)
-0.01288650607055854698453358373	(41,4)
-0.02112108927794306817532209407	(41,5)
-0.03119160513505136944028575878	(41,6)
-0.04292267151993314312796683206	(41,7)
-0.05608405095222250395385235	(41,8)
-0.0703881121928309526612035155	(41,9)
-0.085492417953156073379947582	(41,10)
-0.1010085125646719589666013345	(41,11)
-0.1165171457815480200294057118	(41,12)
-0.1315891491813711222445386288	(41,13)
-0.1458101601588009635990306806	(41,14)
-0.1588065814030653706594933464	(41,15)
-0.1702697653180914026655417959	(41,16)
-0.179975534645157685957104302	(41,17)
-0.1877967811497361615450424003	(41,18)
-0.193707887565527718142414512	(41,19)
-0.1977808727678342184916724516	(41,20)
-0.2001742254648712544672518454	(41,21)
-0.201116173597426255334618584	(41,22)
-0.200884532395480548798943954	(41,23)
-0.199785282556737428673937349	(41,24)
-0.198131731514234315220609905	(41,25)
-0.196225629220372393165962191	(41,26)
-0.1943410740241261353008033	(41,27)
-0.19271155880115944041007435	(41,28)
-0.1915201393257577257009295	(41,29)
-0.19089248406831401113226	(41,30)
-0.00027950746088673286561133428	(42,1)
-0.00251090874226921567713015799	(42,2)
-0.0069480863338280141296500681	(42,3)
-0.01353618139928487763562124505	(42,4)
-0.02218449615716464896941059934	(42,5)
-0.03275807902140625720624526887	(42,6)
-0.04506916883766418913594716873	(42,7)
-0.05887048660790348133766365173	(42,8)
-0.0738524345834368246389359584	(42,9)
-0.0896460082987285097727056026	(42,10)
-0.1058326084350304383033468005	(42,11)
-0.1219609900923899760848822576	(42,12)
-0.1375704327440403672415268584	(42,13)
-0.1522180639094599270575103868	(42,14)
-0.1655073732348676238844825316	(42,15)
-0.1771145332630072276813678864	(42,16)
-0.1868093214129521453958596176	(42,17)
-0.1944681921350469744847963675	(42,18)
-0.2000782122284611671246907146	(42,19)
-0.2037318845757349107771194719	(42,20)
-0.2056140688297288816962765887	(42,21)
-0.2059830461595105014638549666	(42,22)
-0.20514816348662467752034229	(42,23)
-0.20344644314564871954152386	(42,24)
-0.201220159378419767137736851	(42,25)
-0.198796810872663469583124217	(42,26)
-0.19647230548109930291006359	(42,27)
-0.19449763411885457152968878	(42,28)
-0.193068914939988224379493	(42,29)
-0.19232046153327178548146	(42,30)
-0.00029327540165586489679347854	(43,1)
-0.00263458748330285767970195872	(43,2)
-0.00729026431902172471998194802	(43,3)
-0.01420242661281837510272561251	(43,4)
-0.02327496918591161463622688163	(43,5)
-0.03436426735696394949026968153	(43,6)
-0.04726972925297790326566550747	(43,7)
-0.06172639712412572977652287774	(43,8)
-0.0774018823023643037532930056	(43,9)
-0.0938996340871984828057905675	(43,10)
-0.1107698469759848100644463093	(43,11)
-0.1275282411438864350005652102	(43,12)
-0.1436816522830525338183811879	(43,13)
-0.1587580796098753225224594158	(43,14)
-0.1723378517168536408678807707	(43,15)
-0.1840821308278575450826851471	(43,16)
-0.1937552205944401446430457433	(43,17)
-0.2012380347775113032155597569	(43,18)
-0.2065314226237710506787752335	(43,19)
-0.2097495259737732369543426055	(43,20)
-0.2111046471238770096285038052	(43,21)
-0.210885997682250127291973145	(43,22)
-0.209435070844218578444396256	(43,23)
-0.207120261702900878215590285	(43,24)
-0.204312880630271389635402837	(43,25)
-0.201366035920415770749110055	(43,26)
-0.19859716910288898623608614	(43,27)
-0.1962744339084867199633628	(43,28)
-0.1946066884954157356017018	(43,29)
-0.19373664155831936723022	(43,30)
-0.00030728966411908465654224822	(44,1)
-0.00276047882868539011907087945	(44,2)
-0.00763856147214343424203053123	(44,3)
-0.01488057141071339486886298437	(44,4)
-0.0243848628670509163642757626	(44,5)
-0.03599890497602662255748506555	(44,6)
-0.0495089101282657162267288097	(44,7)
-0.0646317239031807838311651722	(44,8)
-0.0810114966528527384113028107	(44,9)
-0.0982233404787221265571832746	(44,10)
-0.1157853971425439213877208602	(44,11)
-0.1331795447175880208062844617	(44,12)
-0.1498795183442481652084067662	(44,13)
-0.1653837886518695522521226053	(44,14)
-0.179249456786291760294687211	(44,15)
-0.1911229710289667124181547258	(44,16)
-0.2007637909746272695338445075	(44,17)
-0.2080581686737101751046256681	(44,18)
-0.2130217417516383217976654723	(44,19)
-0.2157912877342808859928633405	(44,20)
-0.2166074147773837952258457636	(44,21)
-0.2157909027586730778854705216	(44,22)
-0.213715755599129218125522052	(44,23)
-0.210781829531419907784811273	(44,24)
-0.20738931917852510637188314	(44,25)
-0.203916612900042725387911053	(44,26)
-0.20070225491836659049981825	(44,27)
-0.1980311072433210382513974	(44,28)
-0.1961243602533372059909599	(44,29)
-0.19513281321651992985366	(44,30)
-0.00032144340296462353091824165	(45,1)
-0.00288762297702472032318499114	(45,2)
-0.00799032234833161577116347101	(45,3)
-0.01556544549295428638943978639	(45,4)
-0.02550571490764571435722944041	(45,5)
-0.03764952802445407867008337598	(45,6)
-0.0517696366027078630031108387	(45,7)
-0.0675643099024065495484998315	(45,8)
-0.0846537460761420702727440433	(45,9)
-0.1025841462035021625870752115	(45,10)
-0.120841000201940346731291528	(45,11)
-0.1388718006738856771853255905	(45,12)
-0.1561167865441746182010597853	(45,13)
-0.1720447357076962228960318614	(45,14)
-0.1861896440327022745046131624	(45,15)
-0.1981836636588392569965251178	(45,16)
-0.2077820808250326173403366008	(45,17)
-0.2148773207192561374736911428	(45,18)
-0.2195006908052788916460068614	(45,19)
-0.2218124095873799236270675694	(45,20)
-0.2220820154784871055504746133	(45,21)
-0.2206622307112783958816244292	(45,22)
-0.21795966759415822669485323	(45,23)
-0.214405480506627300001101627	(45,24)
-0.210428373769193681788021461	(45,25)
-0.206431499865796875101458401	(45,26)
-0.20277392700749246475515878	(45,27)
-0.19975666041391493145365474	(45,28)
-0.1976127377734448750392485	(45,29)
-0.19650069621286467714205	(45,30)
-0.0003356205019621759949104211	(46,1)
-0.0030149768492067950176662294	(46,2)
-0.00834266117246553006578385968	(46,3)
-0.01625143053824802440494092125	(46,4)
-0.0266283314034285732471730081	(46,5)
-0.03930259973288922586503078122	(46,6)
-0.05403337459131146253792648422	(46,7)
-0.0705001254799062493787874543	(46,8)
-0.0882988091205510234815411524	(46,9)
-0.1069463862002425858165663254	(46,10)
-0.1258953724249799212592551214	(46,11)
-0.1445586234794013715637260828	(46,12)
-0.1623427707462188823788734927	(46,13)
-0.178686986199403928614593176	(46,14)
-0.1931024750249655702472646293	(46,15)
-0.2052076244161406647928691301	(46,16)
-0.2147542400150257324573465792	(46,17)
-0.2216416837872824551801036537	(46,18)
-0.2259176587480222429707446534	(46,19)
-0.2277664070693658475258363029	(46,20)
-0.2274867557573295351509995415	(46,21)
-0.225463459124919576175139016	(46,22)
-0.222135556039498743729943347	(46,23)
-0.217965079784445792412368551	(46,24)
-0.21340864892236957726090967	(46,25)
-0.208893484300064209250354204	(46,26)
-0.20479846098950449358319977	(46,27)
-0.20144006182460542393820859	(46,28)
-0.1990626187772149715214753	(46,29)
-0.19783201265331428308296	(46,30)
-0.00034969692494875987115854574	(47,1)
-0.00314142622454605982147000983	(47,2)
-0.00869249541798754261251381475	(47,3)
-0.01693252559770130401319528084	(47,4)
-0.0277428939211050472643349043	(47,5)
-0.04094366827742784149858544162	(47,6)
-0.0562803473649748873159128913	(47,7)
-0.0734135500477808737419285864	(47,8)
-0.0919149254398978655385211029	(47,9)
-0.1112721336323474323106137563	(47,10)
-0.1309046967035662402385950651	(47,11)
-0.150190898531518691884076344	(47,12)
-0.1685039555238523775955382691	(47,13)
-0.1852537827534752762074462321	(47,14)
-0.1999293024964737805123079401	(47,15)
-0.2121357713111446366859690492	(47,16)
-0.221622209091059558235564865	(47,17)
-0.2282955803255040466959801838	(47,18)
-0.2322205241049043681454254325	(47,19)
-0.2336056382595270681577196247	(47,20)
-0.2327791073544844531578446749	(47,21)
-0.230157506853692758897302628	(47,22)
-0.226211832392546053616440444	(47,23)
-0.221434319535592717759789234	(47,24)
-0.216308689522826185516815008	(47,25)
-0.211285364767295876893829099	(47,26)
-0.20676218238626904367736913	(47,27)
-0.20307034752904533113938648	(47,28)
-0.2004648747006752511604859	(47,29)
-0.19911855959256051598869	(47,30)
-0.00036354233044332735917007883	(48,1)
-0.00326580024498607724418742242	(48,2)
-0.00903658593449122828630049395	(48,3)
-0.01760242522160361618083569194	(48,4)
-0.02883908735457062809690972482	(48,5)
-0.04255755505236485534261232729	(48,6)
-0.0584897933713467789412968485	(48,7)
-0.0762777064088449362041245603	(48,8)
-0.0954688107899642039602727382	(48,9)
-0.1155216962218636703683098478	(48,10)
-0.1358231969005672130206572805	(48,11)
-0.1557174268856161567201733371	(48,12)
-0.1745446993143946526349786536	(48,13)
-0.1916862909310142634045653466	(48,14)
-0.2066095397606767454871928296	(48,15)
-0.2189072971009035901930307528	(48,16)
-0.2283264738420623766117196462	(48,17)
-0.2347821795776684981741993381	(48,18)
-0.2383563182758572785802219862	(48,19)
-0.2392819006671583845235657544	(48,20)
-0.2379162298451062980539294559	(48,21)
-0.234707179317325043188406134	(48,22)
-0.230156939639799277357185518	(48,23)
-0.224787017163670197055496061	(48,24)
-0.219107215647513895734996452	(48,25)
-0.213590131825404295450258138	(48,26)
-0.20865160409704975736252008	(48,27)
-0.20463672616093412428031035	(48,28)
-0.2018105340254016307898676	(48,29)
-0.20035228161082414772061	(48,30)
-0.00037702192654334936277894088	(49,1)
-0.00338688807761390297246101419	(49,2)
-0.00937158304361707026030134938	(49,3)
-0.01825460918795146804439009566	(49,4)
-0.02990624669891297794872970739	(49,5)
-0.04412857060903827944442839166	(49,6)
-0.0606402615074621635747712404	(49,7)
-0.0790648428081353557785117066	(49,8)
-0.0989261297619486464523794143	(49,9)
-0.119654179270347512956475817	(49,10)
-0.1406037859050553091357998608	(49,11)
-0.1610856480053613467855528698	(49,12)
-0.1804080166625174095108875382	(49,13)
-0.1979244216429144896061397498	(49,14)
-0.2130815011067030444220387743	(49,15)
-0.2254605042543232687939350473	(49,16)
-0.2348068720561506564648532761	(49,17)
-0.2410442557899642082992873244	(49,18)
-0.2442719187817506929551280978	(49,19)
-0.2447470480278671113089821475	(49,20)
-0.2428555047985615746462138338	(49,21)
-0.239075618931184623479935036	(49,22)
-0.233939722317722591866731493	(49,23)
-0.227997411678336498819405166	(49,24)
-0.221783354424769717481935414	(49,25)
-0.215791145882351536070501124	(49,26)
-0.21045356134074949248775681	(49,27)
-0.20612868208161350109923256	(49,28)
-0.2030908644995798473235919	(49,29)
-0.20152534266986355054954	(49,30)
-0.00038999853362749012328157464	(50,1)
-0.00350345744375174229105193606	(50,2)
-0.00969407779607157927311012437	(50,3)
-0.01888244226078057624915625443	(50,4)
-0.03093352016829163850024508749	(50,5)
-0.04564075446678776199116179265	(50,6)
-0.062709938640356051501401563	(50,7)
-0.0817467559358180728282380507	(50,8)
-0.1022520178340521516872558619	(50,9)
-0.1236281052661974103138007598	(50,10)
-0.1451987756707692366147442804	(50,11)
-0.1662424273522181434880588261	(50,12)
-0.1860364251756842457312494884	(50,13)
-0.2039077150500765928165187832	(50,14)
-0.2192832976100261386432309861	(50,15)
-0.2317336870240982737872946898	(50,16)
-0.2410034376967838320661348475	(50,17)
-0.2470249737399633696416540455	(50,18)
-0.2499147602500208098532895519	(50,19)
-0.2499536165133732396624968344	(50,20)
-0.2475550727602122207099379154	(50,21)
-0.243226753690402183365733955	(50,22)
-0.237529791871440961572335294	(50,23)
-0.231040454175204401845049279	(50,24)
-0.224316865971954680209276121	(50,25)
-0.217872309882670530293825551	(50,26)
-0.21215534255511147683483335	(50,27)
-0.20753607564110701133676629	(50,28)
-0.2042974533920241863151084	(50,29)
-0.2026301965061239060928	(50,30)
-0.00040233481382049780972369326	(51,1)
-0.00361427464593061321021395465	(51,2)
-0.01000065736982102636506437906	(51,3)
-0.01947928199307448088270328008	(51,4)
-0.03191004541096320154696296731	(51,5)
-0.0470781340211397277934766013	(51,6)
-0.0646770028509656671030053094	(51,7)
-0.0842952464489642519465424495	(51,8)
-0.1054116423267490660265647942	(51,9)
-0.1274020777117653392368014758	(51,10)
-0.1495606350682445887040692144	(51,11)
-0.1711348931188363631299632802	(51,12)
-0.1913728403709323199263996707	(51,13)
-0.2095762685067572005988787185	(51,14)
-0.2251537708655529868942031268	(51,15)
-0.237666043668779006808896132	(51,16)
-0.2468572666223931053805002238	(51,17)
-0.2526686872412466807100769994	(51,18)
-0.2552335506324423247292494252	(51,19)
-0.254855449838347406735746305	(51,20)
-0.2519743645256853459232166849	(51,21)
-0.247125737229040286414391632	(51,22)
-0.240897882292322053113945193	(51,23)
-0.233892088701686599708767246	(51,24)
-0.226688360735378241341163125	(51,25)
-0.219818234918424194382610738	(51,26)
-0.21374481488307583972987744	(51,27)
-0.20884923953022428500289354	(51,28)
-0.2054222849599803885237765	(51,29)
-0.20365965483443768631502	(51,30)
-0.00041389561855605606744259562	(52,1)
-0.00371812565560470125252525956	(52,2)
-0.0102879634003034347008678143	(52,3)
-0.02003859222161888841136158836	(52,4)
-0.03282513497713881132074553847	(52,5)
-0.0484249969045701537140126926	(52,6)
-0.0665199947086925150526506578	(52,7)
-0.0866825971102273135113435646	(52,8)
-0.108370790101639237824069423	(52,9)
-0.1309354748388604864597914991	(52,10)
-0.1536427792851765274146808852	(52,11)
-0.1757113042954940881937629088	(52,12)
-0.196361499580016621961894026	(52,13)
-0.2148716893133623283269264461	(52,14)
-0.2306334456746910495055253975	(52,15)
-0.2431986007678723967774375544	(52,16)
-0.2523113872651583629223418242	(52,17)
-0.257921735935062130979423013	(52,18)
-0.2601789801132628970723408074	(52,19)
-0.2594083129413764615985687203	(52,20)
-0.2560746185139094185510461132	(52,21)
-0.250739374074890788994660183	(52,22)
-0.244016191375602215795044231	(52,23)
-0.236529520144823108483053517	(52,24)
-0.22887950584553060073039589	(52,25)
-0.221614397072779135193424892	(52,26)
-0.21521054301920887753226854	(52,27)
-0.21005907028585704370899479	(52,28)
-0.2064578143553367838247565	(52,29)
-0.20460695265866519171408	(52,30)
-0.0004245503992653109226554687	(53,1)
-0.00381383776780777270703951768	(53,2)
-0.0105527518769058563162092766	(53,3)
-0.02055405959723903129964036522	(53,4)
-0.03366846670154971329310361276	(53,5)
-0.049666170437966821996162308	(53,6)
-0.0682181979242796959305755873	(53,7)
-0.0888820624406530390253154785	(53,8)
-0.1110964684289106599237960468	(53,9)
-0.1341891573074242477706527036	(53,10)
-0.1574003728580028228220488186	(53,11)
-0.1799219306294415610028829537	(53,12)
-0.2009488945792184539761192833	(53,13)
-0.2197380517701733223475816486	(53,14)
-0.2356654817421672793311193903	(53,15)
-0.2482751309340569655878396569	(53,16)
-0.2573116193811212559579082085	(53,17)
-0.262733225674407884518271978	(53,18)
-0.2647044103932389118982166633	(53,19)
-0.2635704843003519974162350628	(53,20)
-0.2598193765071063260754561133	(53,21)
-0.254036524294735785494459883	(53,22)
-0.246858703376576389219085633	(53,23)
-0.238931466147312626623523438	(53,24)
-0.230873218390661737323242779	(53,25)
-0.223247284014786283617459127	(53,26)
-0.21654190032971964631575355	(53,27)
-0.21115711409749033250520074	(53,28)
-0.2073970372426803167803691	(53,29)
-0.20546581001585633189254	(53,30)
-0.00043417562154691525006967692	(54,1)
-0.00390030128699268212162711402	(54,2)
-0.01079195312400443029125849491	(54,3)
-0.02101971026897658434625057066	(54,4)
-0.03443027429782722537024134641	(54,5)
-0.0507873012827869451560758429	(54,6)
-0.0697520200257997465649307075	(54,7)
-0.0908683579119495289814056119	(54,8)
-0.1135575044343222063727166902	(54,9)
-0.1371261728753458299403849182	(54,10)
-0.160791127287939982239133673	(54,11)
-0.1837199239670174981341541428	(54,12)
-0.205084691684213745159323123	(54,13)
-0.2241228373140503920805593847	(54,14)
-0.2401966039935117033157498252	(54,15)
-0.2528430450621452399820584705	(54,16)
-0.2618074040818226960087141863	(54,17)
-0.2670557781198684090880293389	(54,18)
-0.268766532500253247701140069	(54,19)
-0.2673033174883739867311284546	(54,20)
-0.2631749505874114586853905338	(54,21)
-0.256988482250755784878929522	(54,22)
-0.249401489300207878360376618	(54,23)
-0.24107839042821468490773772	(54,24)
-0.23265384379371655909281565	(54,25)
-0.22470453006566949010675022	(54,26)
-0.21772917129501694095526921	(54,27)
-0.21213564614871587552527916	(54,28)
-0.2082335544557697246207142	(54,29)
-0.20623048951758294265116	(54,30)
-0.00044265712040384230524260669	(55,1)
-0.00397649068341277337460578739	(55,2)
-0.01100273031614034140837410419	(55,3)
-0.02143002370768062918422919313	(55,4)
-0.03510153324671361842956399594	(55,5)
-0.0517751280946542454799937037	(55,6)
-0.0711033632959185652065025704	(55,7)
-0.0926181362088987941692817183	(55,8)
-0.1157251279786734986838059351	(55,9)
-0.1397124404468110672364487973	(55,10)
-0.1637760736453465936504984725	(55,11)
-0.1870621600107628291326556721	(55,12)
-0.2087226177420041537008031345	(55,13)
-0.227977836404954077389430936	(55,14)
-0.2441779912234923927178354964	(55,15)
-0.2568542405626016118784705438	(55,16)
-0.2657525888427986601713329524	(55,17)
-0.2708462357773000927830865028	(55,18)
-0.2723259819527255142836642876	(55,19)
-0.2705717632568861943840276296	(55,20)
-0.2661108547358221531020197961	(55,21)
-0.259569324745727215454186555	(55,22)
-0.251622981518985217557363508	(55,23)
-0.242952715244558824362913211	(55,24)
-0.234207317744933016719442279	(55,25)
-0.225975038646110235083009124	(55,26)
-0.21876364445201304250115271	(55,27)
-0.21298774281213173341561468	(55,28)
-0.2089616310758917032279397	(55,29)
-0.20689584909564047568471	(55,30)
-0.0004498923334540558313640586	(56,1)
-0.00404148465331644833742693326	(56,2)
-0.01118253496014631156732827838	(56,3)
-0.02178004062238075524343912117	(56,4)
-0.03567413700952968294327462527	(56,5)
-0.052617739910036324695846341	(56,6)
-0.0722559761261034386605918298	(56,7)
-0.0941104380090186769442370856	(56,8)
-0.1175735227589028001468749071	(56,9)
-0.1419173958914559602883983641	(56,10)
-0.1663202906341866576622799063	(56,11)
-0.1899100297090265217868951668	(56,12)
-0.2118212907818807839418568104	(56,13)
-0.231259991316996325929638587	(56,14)
-0.247566103425668741420369136	(56,15)
-0.2602658877932158344234599911	(56,16)
-0.2691061520331080294806090762	(56,17)
-0.2740663095868738784585795317	(56,18)
-0.2753479009588225271823641189	(56,19)
-0.2733448442213278621465316453	(56,20)
-0.2686001952472071328013972972	(56,21)
-0.261756224405447497380440793	(56,22)
-0.2535042198653612365252876	(56,23)
-0.244539011071675671724211423	(56,24)
-0.235521310390582334251555576	(56,25)
-0.227049091188355947756669106	(56,26)
-0.21963769513330257818442923	(56,27)
-0.21370734609882003099220134	(56,28)
-0.2095762493757505104609422	(56,29)
-0.20745738940889902773648	(56,30)
-0.0004557923505416454411264981	(57,1)
-0.00409448452987854658876583266	(57,2)
-0.01132915781485389541057820727	(57,3)
-0.02206546199671568149903090392	(57,4)
-0.03614105872031759023959183122	(57,5)
-0.0533048131801595898139105171	(57,6)
-0.073195775199815632320167089	(57,7)
-0.0953271050713343492001807715	(57,8)
-0.1190803308685196966069073308	(57,9)
-0.1437145825940470001068077668	(57,10)
-0.1683935692868514342195033456	(57,11)
-0.1922301603306715823493302245	(57,12)
-0.2143449750542130128477446844	(57,13)
-0.2339321600688314278298983131	(57,14)
-0.2503234293139369899487604165	(57,15)
-0.2630411380993377358812829575	(57,16)
-0.2718328526919757690539801137	(57,17)
-0.2766831572896661341929013347	(57,18)
-0.2778024383433974626555597243	(57,19)
-0.2755960750963431075612511114	(57,20)
-0.2706200148358877353835910525	(57,21)
-0.263529724717784421829725616	(57,22)
-0.255029066779374120743809722	(57,23)
-0.2458241618984448415692958	(57,24)
-0.236585351704908129780964435	(57,25)
-0.227918441755441604216879285	(57,26)
-0.22034485741152400895101232	(57,27)
-0.2142893198443153124787621	(57,28)
-0.210073155135618558387053	(57,29)
-0.20791129542319190483981	(57,30)
-0.00046028372190383403144550789	(58,1)
-0.00413483052528833728349484096	(58,2)
-0.01144077381168465984154411767	(58,3)
-0.02228273645313140865196537734	(58,4)
-0.0364964938054085410086470149	(58,5)
-0.0538278208012846846545321896	(58,6)
-0.0739111295124792341849919817	(58,7)
-0.0962531441986608242100417637	(58,8)
-0.1202270970133915752852429307	(58,9)
-0.145082170838324959560943135	(58,10)
-0.1699709967776914251279126291	(58,11)
-0.1939950477454564194063957824	(58,12)
-0.2162642417660424093721778093	(58,13)
-0.2359637833709806721278902917	(58,14)
-0.2524191371943570285917984353	(58,15)
-0.2651497384645137300985350908	(58,16)
-0.2739037927576880597971524662	(58,17)
-0.2786698821190715582151977498	(58,18)
-0.279665179027791471972673134	(58,19)
-0.2773038223608059975201547095	(58,20)
-0.2721515860443229500301005287	(58,21)
-0.26487397370891935800815961	(58,22)
-0.256184389503510807771765027	(58,23)
-0.246797504826318303649082494	(58,24)
-0.237390937176573328220729679	(58,25)
-0.228576396752456782486972944	(58,26)
-0.22087988475982405844905114	(58,27)
-0.21472949719155926214929347	(58,28)
-0.2104488969040880248753351	(58,29)
-0.20825447173620806569662	(58,30)
-0.00046330997290213456987420981	(59,1)
-0.00416201533698838562881279903	(59,2)
-0.01151597968483886742608597356	(59,3)
-0.02242913343540221951997400758	(59,4)
-0.0367359794410260970366990892	(59,5)
-0.0541802071677532131775370815	(59,6)
-0.0743930981570555066362703451	(59,7)
-0.0968770318194449493787584347	(59,8)
-0.1209996400231173618027013997	(59,9)
-0.1460033918196303445179680567	(59,10)
-0.1710334437462873732912083837	(59,11)
-0.1951835834912679658173396963	(59,12)
-0.2175565189716742933349635528	(59,13)
-0.2373314386264472780681322863	(59,14)
-0.2538296144328933122559629602	(59,15)
-0.2665685397150987377835622181	(59,16)
-0.2752968806905251206096971184	(59,17)
-0.2800059428567797773295668109	(59,18)
-0.2809174961195393056990885027	(59,19)
-0.2784515982094213981094362638	(59,20)
-0.2731806503111181611681798636	(59,21)
-0.265776913782431864695614686	(59,22)
-0.256960207702951406460221334	(59,23)
-0.247450942927610835644311497	(59,24)
-0.2379316131235909008124858	(59,25)
-0.229017879242548705892074579	(59,26)
-0.22123879903401895137321124	(59,27)
-0.21502471900790745343717818	(59,28)
-0.2107008578435732896047793	(59,29)
-0.20848457128379612731054	(59,30)
-0.00046483278112266245493009893	(60,1)
-0.00417569472109251567772501642	(60,2)
-0.01155382321346627950554104125	(60,3)
-0.0225028000765571864828888915	(60,4)
-0.0368564873737079496080927844	(60,5)
-0.0543575241729766478028086774	(60,6)
-0.0746356150220325117509097829	(60,7)
-0.0971909504896352110087109123	(60,8)
-0.1213883411840160636015020208	(60,9)
-0.146466874267272133227518698	(60,10)
-0.1715679419509617881783218163	(60,11)
-0.1957814628007412736006078176	(60,12)
-0.2182065167313207188299841077	(60,13)
-0.2380192676337918199080545626	(60,14)
-0.2545388832344533875356624224	(60,15)
-0.2672818874638979491125965442	(60,16)
-0.2759971873839925326815259664	(60,17)
-0.2806774679247431640510345232	(60,18)
-0.2815468199768646833087506731	(60,19)
-0.2790282846530157159721136241	(60,20)
-0.2736975997961864309959226258	(60,21)
-0.266230425772921732913318642	(60,22)
-0.257349805250101336023250418	(60,23)
-0.247779030560716291000281185	(60,24)
-0.238203041113739602987257364	(60,25)
-0.229239477494845507730470296	(60,26)
-0.22141892746973843195164512	(60,27)
-0.21517286294805094606582733	(60,28)
-0.2108272798703851252065777	(60,29)
-0.2086000171322402177876	(60,30)