luu112_(sigma,mu)
0.00042661270684870127620901197	(1,1)
0.0038325016719919707887578549	(1,2)
0.01060696396998035916897413985	(1,3)
0.0206757771738691791806303345	(1,4)
0.03392862525809166749429593873	(1,5)
0.05022030724337108813778558624	(1,6)
0.0693723280484362263568204748	(1,7)
0.09117485411893070944143788687	(1,8)
0.11538901240733287712177065753	(1,9)
0.1417495075158676916488357008	(1,10)
0.1699675283285116504857399533	(1,11)
0.1997339122864597647630106303	(1,12)
0.2307225326385933735623130731	(1,13)
0.2625938715554898770544840286	(1,14)
0.2949987399591201788237846189	(1,15)
0.3275821033129016318581936289	(1,16)
0.3599869714558287371549902229	(1,17)
0.3918583098627128215415874048	(1,18)
0.4228469294778147661325222584	(1,19)
0.4526133125039237755031134386	(1,20)
0.480831332230647012356954797	(1,21)
0.507191826146639419638969952	(1,22)
0.531405983187997310578724375	(1,23)
0.553208508011447462807093814	(1,24)
0.572360527623970040791157604	(1,25)
0.588652208523328514040751252	(1,26)
0.60190505567571163859156631	(1,27)
0.61197386814256854685192788	(1,28)
0.618748329930544322699313	(1,29)
0.62215421863498428987311	(1,30)
0.0004266474856030587306037168	(2,1)
0.00383281410879072856903397338	(2,2)
0.01060782867535069324349315344	(2,3)
0.02067746267871759263125931204	(2,4)
0.03393139101482765639894312124	(2,5)
0.05022440068255732621993000584	(2,6)
0.06937798171924416864869369539	(2,7)
0.09118228294834311942414925985	(2,8)
0.11539841111943907777131243847	(2,9)
0.1417610482577716616035619412	(2,10)
0.1699813585524208413979920433	(2,11)
0.1997501529377212954613768009	(2,12)
0.2307412766963285828712687859	(2,13)
0.2626151829658973830490922714	(2,14)
0.2950226529916624731093469183	(2,15)
0.3276086223569860076264558674	(2,16)
0.3600160712610584134301227376	(2,17)
0.3918899362103589262326753574	(2,18)
0.4228810002560122270184311624	(2,19)
0.45264971914541037567823162	(2,20)
0.480869941460736648419745406	(2,21)
0.507232481981439531217237596	(2,22)
0.531448509119249794081961981	(2,23)
0.553252709315045304361451865	(2,24)
0.572406193734052278968142806	(2,25)
0.58869911542238512741979331	(2,26)
0.60195296826250800435091796	(2,27)
0.61202254255283974532527948	(2,28)
0.6187975157990679958487255	(2,29)
0.62220366130052826678491	(2,30)
0.00042687820365394658790346506	(3,1)
0.00383488677668350112255492015	(3,2)
0.01061356502515088800156338545	(3,3)
0.02068864410617266440491723346	(3,4)
0.03394973867567870471782407575	(3,5)
0.05025155594996143536018552704	(3,6)
0.06941548718942128225814415306	(3,7)
0.09123156422712254742908514358	(3,8)
0.11546075966623979063834718773	(3,9)
0.141837605599094483495235124	(3,10)
0.1700731021980565847351269444	(3,11)
0.1998578843346681596885600071	(3,12)
0.2308656115346934610275239334	(3,13)
0.262756544106798668214428333	(3,14)
0.295181266220649509139879732	(3,15)
0.3277845150813093835416002479	(3,16)
0.3602090741708273278244970476	(3,17)
0.3920996878192785864799604246	(3,18)
0.423106954134943913672811459	(3,19)
0.4528911535695024060546115342	(3,20)
0.481125971115756023295695054	(3,21)
0.507502071323249579197565132	(3,22)
0.531730486956225322394549525	(3,23)
0.553545784188308815723945536	(3,24)
0.572708969703888151633354734	(3,25)
0.589010107927643905582709426	(3,26)
0.60227061979760204700998353	(3,27)
0.61234523799665953970839518	(3,28)
0.6191235973233449403263599	(3,29)
0.62253144287306615593792	(3,30)
0.00042760165566096293026295827	(4,1)
0.00384138594604307492633492437	(4,2)
0.01063155222847888585857535878	(4,3)
0.02072370515400858674794871658	(4,4)
0.03400727041174907540462546823	(4,5)
0.05033670488491248002969857974	(4,6)
0.06953308981321614791723481202	(4,7)
0.09138608973428279288948259194	(4,8)
0.11565625597281914437060564287	(4,9)
0.1420776496480946218235518257	(4,10)
0.1703607556209808817908565042	(4,11)
0.2001956555449747061219021604	(4,12)
0.2312554252636714087760781599	(4,13)
0.2631997192504606544763818737	(4,14)
0.2956785026518034525486076077	(4,15)
0.3283358898056676434985120385	(4,16)
0.3608140468879662346938550095	(4,17)
0.3927571156115440071768964291	(4,18)
0.4238151146759032223164885136	(4,19)
0.4536477759445677095488194035	(4,20)
0.481928273105340325557809647	(4,21)
0.508346801833006292294837236	(4,22)
0.532613972202892743399767535	(4,23)
0.55446397626898737348763398	(4,24)
0.573657496288350140019868808	(4,25)
0.589984322006373041591356808	(4,26)
0.60326564867421065691747707	(4,27)
0.61335603100796981854653092	(4,28)
0.6201449720760832190234306	(4,29)
0.6235581300741789785493	(4,30)
0.00042920431373003746480636692	(5,1)
0.00385578350873211032037132995	(5,2)
0.01067139913410402667886177912	(5,3)
0.02080137551287417594563466578	(5,4)
0.03413471948052085881674645415	(5,5)
0.05052533284604574898287237423	(5,6)
0.069793609145632496147437302	(5,7)
0.09172839781625326506790307383	(5,8)
0.11608931490128542992007589413	(5,9)
0.1426093755398022411182255757	(5,10)
0.1709979198330392121562698836	(5,11)
0.2009438002780608571785089426	(5,12)
0.2321187958656684101347523326	(5,13)
0.2641812152138434851405924526	(5,14)
0.2967796488043104852039646318	(5,15)
0.3295568285578700498918112051	(5,16)
0.3621535516656825095204210964	(5,17)
0.3942126248195941309368730757	(5,18)
0.4253827847730159159559906717	(5,19)
0.4553225515188217842597529276	(5,20)
0.483703971281850500821953402	(5,21)
0.510216207966705488521116442	(5,22)
0.534568943640232574295792059	(5,23)
0.556495551015968544391526645	(5,24)
0.57575600369158949009222758	(5,25)
0.59213949301267018842611775	(5,26)
0.60546672383893993818299112	(5,27)
0.61559186511698248254584067	(5,28)
0.622404134964928828092021	(5,29)
0.62582900390541918207651	(5,30)
0.00043210429870402967190167479	(6,1)
0.00388183567365135922707825382	(6,2)
0.01074350145125084442772269076	(6,3)
0.02094191851433091914737179502	(6,4)
0.03436533522384491511704941976	(6,5)
0.05086664776559864787732421777	(6,6)
0.07026500309793839553492142824	(6,7)
0.09234777232349017486902901677	(6,8)
0.11687287427243924965074204291	(6,9)
0.1435714251058720962859887256	(6,10)
0.1721506858801553324593018335	(6,11)
0.2022972763271158741957004689	(6,12)
0.233680619681584313379291753	(6,13)
0.2659565803161645585209488818	(6,14)
0.2987712533121904062099801479	(6,15)
0.3317648629892521577934419383	(6,16)
0.3645757259047166366633870005	(6,17)
0.396844232972632464975889068	(6,18)
0.4282168051691811672854977767	(6,19)
0.4583497777951192751829314645	(6,20)
0.486913169434316363823770981	(6,21)
0.513594293536930847720767386	(6,22)
0.538101172900298264656530065	(6,23)
0.560165720138502709594260204	(6,24)
0.579546650431286412846646698	(6,25)
0.596032096329808516360426301	(6,26)
0.6094418980798814423617393	(6,27)
0.61962954672155631822038462	(6,28)
0.6264837610707716011417698	(6,29)
0.62992968353547660739356	(6,30)
0.00043669025863193465315831573	(7,1)
0.00392303387781307416191046099	(7,2)
0.01085752207456121657020945107	(7,3)
0.02116416889770746730254011616	(7,4)
0.0347300221475932783843436958	(7,5)
0.05140638529778632276189761675	(7,6)
0.07101042963041067196521467033	(7,7)
0.09332718161594972661031848725	(7,8)
0.11811186650169484906930587653	(7,9)
0.145092584894263775758500323	(7,10)
0.1739732948982198146606326218	(7,11)
0.20443706820456921179088517	(7,12)
0.2361495845358086716281164068	(7,13)
0.2687628251912598946202667453	(7,14)
0.301918923246265946068050472	(7,15)
0.335254125383062588083486847	(7,16)
0.36840281849198389927511775	(7,17)
0.4010015731708197030873083761	(7,18)
0.4326931561202206700625445194	(7,19)
0.4631304641923458312111030107	(7,20)
0.491980334461179787864446868	(7,21)
0.518927187066043864504292145	(7,22)
0.543676460618559979461324692	(7,23)
0.565957803515107826868668704	(7,24)
0.585527988404689964092501646	(7,25)
0.602173521167794713812555793	(7,26)
0.61571291991849772797907126	(7,27)
0.62599864362566753882505758	(7,28)
0.6329186538674245147253766	(7,29)
0.63639759693089971491064	(7,30)
0.00044326465476802428761539871	(8,1)
0.00398209529285731435057396831	(8,2)
0.01102098099710012733330479829	(8,3)
0.02148278420764152863196846806	(8,4)
0.03525282962102217907281261328	(8,5)
0.052180133100325236595167425	(8,6)
0.0720790259117681872277895299	(8,7)
0.09473116123991234563994778487	(8,8)
0.11988788582430236141191797578	(8,9)
0.1472729550735163711291643944	(8,10)
0.1765855652352777084254745055	(8,11)
0.2075036712799754996890510487	(8,12)
0.2396875542853502860748077195	(8,13)
0.2727835975211489890067922533	(8,14)
0.3064282263664302873839024196	(8,15)
0.3402519638822635923869732666	(8,16)
0.3738835515113446200242207855	(8,17)
0.4069540831356319485079953094	(8,18)
0.439101100679934196007153086	(8,19)
0.4699726006151093434356905898	(8,20)
0.49923090302397237404469411	(8,21)
0.526556338209286923571962215	(8,22)
0.551650709949816193335894396	(8,23)
0.574240499208663306420870845	(8,24)
0.594079777108509959939080776	(8,25)
0.610952801053340001111733036	(8,26)
0.62467627276251411644176027	(8,27)
0.6351012415010141441952091	(8,28)
0.6421146398082130473002911	(8,29)
0.64564044248311501212647	(8,30)
0.00045199674900022864897591715	(9,1)
0.00406054048512924448991758008	(9,2)
0.01123808643575045059813128327	(9,3)
0.02190596639832831005048492106	(9,4)
0.03594721325330122268977621751	(9,5)
0.05320779754462951260983235659	(9,6)
0.07349826607179255735266114586	(9,7)
0.09659577230273298932606461279	(9,8)
0.1222464842543932876990950529	(9,9)
0.1501683505565961700807100147	(9,10)
0.1800541998312205727319582226	(9,11)
0.2115751424967935242269752704	(9,12)
0.2443842379468995464172725411	(9,13)
0.2781203841048825718958963334	(9,14)
0.3124123810077478948732403449	(9,15)
0.3468831156880558637513158405	(9,16)
0.3811538125251979568736568872	(9,17)
0.4148482916676990912294490114	(9,18)
0.4475971782216143204679821736	(9,19)
0.4790420066718568066192420779	(9,20)
0.508839168345175243869425737	(9,21)
0.53666365441301678864669728	(9,22)
0.562212552653334441627275601	(9,23)
0.585208262561737949635739111	(9,24)
0.605401400014265154319866874	(9,25)
0.622573369134748134536313081	(9,26)
0.63653858495168218100541751	(9,27)
0.64714633556007773536223379	(9,28)
0.65428227664841981660993	(9,29)
0.65786955433639170395456	(9,30)
0.00046288894843570438077665729	(10,1)
0.00415839107079643549114540997	(10,2)
0.0115088980625926040188236184	(10,3)
0.02243383082253809565207858287	(10,4)
0.03681335870271547557323254234	(10,5)
0.05448964324921792094199934421	(10,6)
0.07526849213564681195284600661	(10,7)
0.09892141712045798550194324966	(10,8)
0.1251880856345973585961963241	(10,9)
0.1537791500688580357589965157	(10,10)
0.1843794321342650895453677566	(10,11)
0.2166514321229932673595037481	(10,12)
0.250239124942765111926345489	(10,13)
0.2847719969674387624280488369	(10,14)
0.3198692706153297660089851672	(10,15)
0.3551442576944700370098967593	(10,16)
0.3902087784282853807831949587	(10,17)
0.4246775810609224509523648114	(10,18)
0.4581726972413245876426063322	(10,19)
0.4903276710165990021104666383	(10,20)
0.52079160405647189451566718	(10,21)
0.549232966336117489895259228	(10,22)
0.575343129438013319510967446	(10,23)
0.598839588314418122201556383	(10,24)
0.619468846161737312332337433	(10,25)
0.637008945396962315523877226	(10,26)
0.6512716350689784350821076	(10,27)
0.66210417097805146978103256	(10,28)
0.6693907490624711360436987	(10,29)
0.67305357516054332901451	(10,30)
0.00047575958849233074577674593	(11,1)
0.00427401504745137097851952419	(11,2)
0.01182889895360815843101225892	(11,3)
0.02305757193623321440818857511	(11,4)
0.03783681294951002971219908923	(11,5)
0.05600426807295417892572144874	(11,6)
0.0773601189511982006638895456	(11,7)
0.10166917010354679003457827061	(11,8)
0.1286633500437331011262651029	(11,9)
0.1580446148231910441566537332	(11,10)
0.1894882344494293585384893064	(11,11)
0.2226464330690089074754433343	(11,12)
0.2571523434731926112036807782	(11,13)
0.2926242261540745822738529265	(11,14)
0.3286698936454059664485245245	(11,15)
0.3648912730414646598388342075	(11,16)
0.400889034110420224807056915	(11,17)
0.4362672078356596791910464553	(11,18)
0.4706377208193899393452958446	(11,19)
0.503624774783700358941541443	(11,20)
0.534869007142943095506846727	(11,21)
0.564031377782117424918401071	(11,22)
0.590796738041226505854525941	(11,23)
0.614877049627088620904908474	(11,24)
0.636014232856261518727236208	(11,25)
0.653982634418111129566959595	(11,26)
0.66859111399497202746388762	(11,27)
0.67968475602741804606006533	(11,28)
0.6871462173336159668620415	(11,29)
0.69089672309783990959785	(11,30)
0.00049024521245707052191391197	(12,1)
0.00440414727344022639396418594	(12,2)
0.01218905228244264007369144288	(12,3)
0.02375957390049497866706128202	(12,4)
0.03898866613422224006915086687	(12,5)
0.05770887322750345436244129244	(12,6)
0.07971400952693062744863819269	(12,7)
0.10476127550682766488990460864	(12,8)
0.1325738117866441972912063173	(12,9)
0.1628436856569148899517800644	(12,10)
0.1952352946126395769914417857	(12,11)
0.2293891592672112437780264511	(12,12)
0.2649260646601204947236926107	(12,13)
0.3014514954537975908538009085	(12,14)
0.3385602980115658370111771773	(12,15)
0.375841492007411630378139859	(12,16)
0.4128831470388682680668920486	(12,17)
0.4492772364380119662124724008	(12,18)
0.4846243815007254829096386131	(12,19)
0.5185384046889765388306143946	(12,20)
0.550650619618077007554121111	(12,21)
0.580613798078183624017586354	(12,22)
0.608105768935589336351707763	(12,23)
0.632832619320316453280107235	(12,24)
0.654531483784803828121371266	(12,25)
0.672972920934646999803210343	(12,26)
0.68796288838353360588689813	(12,27)
0.69934433503042146658213212	(12,28)
0.7069984341766808387565752	(12,29)
0.71084548181760806324243	(12,30)
0.00050582476351745221669817621	(13,1)
0.00454410679901667952864555656	(13,2)
0.012576402823704295239374648	(13,3)
0.02451458313383269959696869503	(13,4)
0.04022747593640180756712501726	(13,5)
0.05954211236445289533535508296	(13,6)
0.08224541219228967222074138973	(13,7)
0.10808632507404878755670028288	(13,8)
0.1367784377230396231205967009	(13,9)
0.1680030489363519581556310484	(13,10)
0.2014127020835224540847131665	(13,11)
0.2366351494048433972335903273	(13,12)
0.273277705378893066062330978	(13,13)
0.3109319289765793817243680259	(13,14)
0.3491785584138174729206151463	(13,15)
0.3875926086093608530876068155	(13,16)
0.4257485323079930521866434338	(13,17)
0.4632253417446085913672604151	(13,18)
0.4996115893292572910059850624	(13,19)
0.5345101131154568411064603929	(13,20)
0.567542465220687164474642793	(13,21)
0.598352957863034890676075986	(13,22)
0.626612280855299626324276189	(13,23)
0.652020664631197657940436116	(13,24)
0.674310582489100374337798728	(13,25)
0.693249003161507489799573799	(13,26)
0.70863921874475719437670479	(13,27)
0.72032228251149189255442567	(13,28)
0.7281780956702509784485023	(13,29)
0.73212618168191575473118	(13,30)
0.0005218657729121257116582132	(14,1)
0.00468821180047011966548097493	(14,2)
0.01297522533930796113262278592	(14,3)
0.02529194682281331928233782392	(14,4)
0.04150294094296346441261131939	(14,5)
0.06142952882502552183277670359	(14,6)
0.08485147144610636265008253163	(14,7)
0.11150912951308510111362720784	(14,8)
0.1411061205745869573087125828	(14,9)
0.1733124842259454338867952934	(14,10)
0.2077683512903073915379942093	(14,11)
0.2440880938366668117131126642	(14,12)
0.2818649113615471905290226593	(14,13)
0.3206757863312288511398150636	(14,14)
0.3600867216600704679677890502	(14,15)
0.3996581556541440266333888804	(14,16)
0.4389504382739939798678130036	(14,17)
0.477529247581060028501787335	(14,18)
0.5149708276051944577757910593	(14,19)
0.5508669385580976512445850065	(14,20)
0.584829426549589798838528567	(14,21)
0.616494341335406888835275015	(14,22)
0.645525555255402200113081245	(14,23)
0.671617862259990980611311224	(14,24)
0.69449956058012402617800609	(14,25)
0.713934544159678890230483511	(14,26)
0.72972394478899831541477581	(14,27)
0.74170737780028570367235972	(14,28)
0.7497638486259193262576443	(14,29)
0.75381237548251757269014	(14,30)
0.00053768845468577037282914552	(15,1)
0.00483035537860311506429666663	(15,2)
0.01336861816473818526599425123	(15,3)
0.02605871915837046208321857576	(15,4)
0.04276099761399191684796347521	(15,5)
0.06329109914720759095309323975	(15,6)
0.08742164619100723634380340517	(15,7)
0.11488440685363090816459164405	(15,8)
0.1453729951263267379085996353	(15,9)
0.1785461238694432338136642175	(15,10)
0.2140314139175207874336016538	(15,11)
0.2514297392647615550609955881	(15,12)
0.2903200615775761171123477486	(15,13)
0.3302646796886840738324622443	(15,14)
0.3708147939672316776915998492	(15,15)
0.4115162641964892307400427494	(15,16)
0.4519154251368884735928577727	(15,17)
0.4915648179882444676240027926	(15,18)
0.5300286993319696023766356961	(15,19)
0.566888201725328765057316905	(15,20)
0.601746040890340802750154509	(15,21)
0.63423069153068301371707442	(15,22)
0.663999984766882113638954137	(15,23)
0.690744112234805495125657298	(15,24)
0.714188052263279542260913877	(15,25)
0.734093459719725122120269152	(15,26)
0.75026008107085809353570687	(15,27)
0.76252676858403595805234768	(15,28)
0.7707721717572576430026589	(15,29)
0.77491518010497106472126	(15,30)
0.0005526387850829909535120943	(16,1)
0.00496466207052065243929792077	(16,2)
0.01374032016628281984831123658	(16,3)
0.0267832028934595425940460238	(16,4)
0.04394963127330603951860262874	(16,5)
0.06504983252741569041239992128	(16,6)
0.08984958448246840624963433155	(16,7)
0.11807238078403784650099476326	(16,8)
0.1494021639025826794072091681	(16,9)
0.1834866595940562256666880329	(16,10)
0.2199413248542919251023630505	(16,11)
0.2583538930538559483060154438	(16,12)
0.2982894672984735885961557184	(16,13)
0.339296079215753500757301556	(16,14)
0.3809105987374280598805383262	(16,15)
0.4226648543912016899122199695	(16,16)
0.4640918060498322260936898339	(16,17)
0.5047316051073355221659758892	(16,18)
0.5441373816823923192465136425	(16,19)
0.5818806144913244234981712811	(16,20)
0.617555965098277964267656733	(16,21)
0.650785491929401713690248046	(16,22)
0.681222197597560945160907354	(16,23)
0.708552902237640867585840728	(16,24)
0.73250047224834411011838464	(16,25)
0.75282546501191203470522605	(16,26)
0.76932727342025254089604358	(16,27)
0.7818448678151716919631955	(16,28)
0.7902572365995644373014797	(16,29)
0.79448362052508369039548	(16,30)
0.00056615826095803940132677193	(17,1)
0.0050861145266694161778423501	(17,2)
0.01407644511756901166469479238	(17,3)
0.02743832987253196426393003289	(17,4)
0.04502442264110043526438096166	(17,5)
0.06663997824059795319699143622	(17,6)
0.09204445534961864855816548615	(17,7)
0.1209536626640373926920791772	(17,8)
0.1530425112925967134396667719	(17,9)
0.1879484210481967517891659237	(17,10)
0.2252754026919740180359978735	(17,11)
0.2645988042149499744138363743	(17,12)
0.305470669887117552290660327	(17,13)
0.3474256198750243635525908569	(17,14)
0.3899871199579138269941167842	(17,15)
0.4326739794315045304923560587	(17,16)
0.4750068942817539632683038269	(17,17)
0.5165148447141491359812338598	(17,18)
0.5567411623442343456683088946	(17,19)
0.595249102467248067332751303	(17,20)
0.631626789012708753423825436	(17,21)
0.665491440983403726235544231	(17,22)
0.696492835445571923245023729	(17,23)
0.724316009165547270365084167	(17,24)
0.748683244578114382314397139	(17,25)
0.76935542227169242240303318	(17,26)
0.7861328488054375911468011	(17,27)
0.79885568371164292020407521	(17,28)
0.8074040923684079124165359	(17,29)
0.8116982424781667369329	(17,30)
0.00057783797863865375617262718	(18,1)
0.00519103932970221295644861238	(18,2)
0.01436682623208749362421555494	(18,3)
0.02800428165157030410198026708	(18,4)
0.04595284736574002245631729102	(18,5)
0.06801338727709120333666041566	(18,6)
0.09393973091777042210423649072	(18,7)
0.1234407825033065958599435777	(18,8)
0.1561832766703819830265631253	(18,9)
0.1917952444961676552139788319	(18,10)
0.2298702233356260747617930275	(18,11)
0.2699722037016853598935346674	(18,12)
0.3116412594673989393210796984	(18,13)
0.3543997587278041474609296035	(18,14)
0.3977590068971667620195739604	(18,15)
0.4412261361429066479700312087	(18,16)
0.484311030471906068481903081	(18,17)
0.526533066801521279562914487	(18,18)
0.5674274605671268662014616716	(18,19)
0.606551029332993316930165033	(18,20)
0.643487227137219922305656468	(18,21)
0.677850352049095051391517052	(18,22)
0.70928888477821478750935104	(18,23)
0.737487971889853158308696886	(18,24)
0.76217111822028225469296622	(18,25)
0.78310119517452637138649203	(18,26)
0.80008090157985500465341986	(18,27)
0.81295282982826387588730037	(18,28)
0.8215992916648354125721253	(18,29)
0.82594204586322718337898	(18,30)
0.0005874484023469223719913526	(19,1)
0.00527737441948449397571135497	(19,2)
0.01460575627089184210824322601	(19,3)
0.02846993199432855159285633016	(19,4)
0.04671664249915962801973275153	(19,5)
0.06914301335208405525421790673	(19,6)
0.09549801843998548976289840305	(19,7)
0.1254845313502589543566620223	(19,8)
0.1587620662793975777070051173	(19,9)
0.1949502902737681562647772136	(19,10)
0.2336333535104418186169946277	(19,11)
0.2743650368243894498407190417	(19,12)
0.3166746601119406155549510941	(19,13)
0.3600736371879988823218080367	(19,14)
0.4040625084194222704311090386	(19,15)
0.4481382381987023765606858453	(19,16)
0.4918015353853701770105106252	(19,17)
0.534563944950769258247031902	(19,18)
0.5759544698103961258922070758	(19,19)
0.61552551245453465276827114	(19,20)
0.652857973482356899072808815	(19,21)
0.687565403678432916753409907	(19,22)
0.719297171863689647580136997	(19,23)
0.747740676057160173476338164	(19,24)
0.772622684549087120647962531	(19,25)
0.79370994138469843978863763	(19,26)
0.81080920400700081133726733	(19,27)
0.82376689753737362733820504	(19,28)
0.8324685700859033693147134	(19,29)
0.83683831764324588729167	(19,30)
0.000594942342043419398495453	(20,1)
0.00534469584415824159998741545	(20,2)
0.01479206156888102538379608833	(20,3)
0.02883299110082646110860626754	(20,4)
0.04731204291626348785567472072	(20,5)
0.07002326212749355584120523444	(20,6)
0.09671154104097550999464390104	(20,7)
0.1270745898125028047778877121	(20,8)
0.1607656427253717306849722283	(20,9)
0.1973970028305725827828950185	(20,10)
0.2365444868513576269500993694	(20,11)
0.277752776512669618812077913	(20,12)
0.3205416169646180154496107905	(20,13)
0.3644127344512095289177767267	(20,14)
0.4088572813985000247743918537	(20,15)
0.4533635651468495422960976866	(20,16)
0.4974247830366976712763729068	(20,17)
0.5405464758964310284991452631	(20,18)
0.5822534259591212736497546322	(20,19)
0.62209576273481988007573137	(20,20)
0.659654097537105276667627507	(20,21)
0.694543578197645750554386103	(20,22)
0.726416832695765643989006924	(20,23)
0.754965846370989226338837764	(20,24)
0.779922885100228073339526358	(20,25)
0.8010606307103856971489719	(20,26)
0.81819173119424369716071671	(20,27)
0.83116798520404607595310527	(20,28)
0.8398793778505808202740399	(20,29)
0.84425316458887091704121	(20,30)
0.00060043483567569470271807384	(21,1)
0.00539403703142467697669631074	(21,2)
0.01492860185028029276620290742	(21,3)
0.02909903065642113363533940533	(21,4)
0.04774818159035539153126726342	(21,5)
0.0706676237740669773502250871	(21,6)
0.09759886844069133067239364883	(21,7)
0.1282352333425610662449933654	(21,8)
0.1622244934024637017069528456	(21,9)
0.1991724446164169706010143091	(21,10)
0.2386474607544548964543931228	(21,11)
0.2801860571055784450603434386	(21,12)
0.3232993984945349635947152803	(21,13)
0.3674806081171216201285683754	(21,14)
0.4122126585105190823078063228	(21,15)
0.4569765652202682460592354842	(21,16)
0.5012595651349358551560202112	(21,17)
0.5445629502559903567017927893	(21,18)
0.5864092458117662525211851401	(21,19)
0.626348467499764057531535497	(21,20)
0.663963261327293565586681524	(21,21)
0.698872813544647582818943397	(21,22)
0.730735508624422470391554226	(21,23)
0.759250401050422251587224984	(21,24)
0.784157643724763825519624121	(21,25)
0.8052380758038442440425757	(21,26)
0.82231221176668278050563289	(21,27)
0.83523888992202545838369918	(21,28)
0.8439138329174744771725982	(21,29)
0.84826834732220859917867	(21,30)
0.00060416772365252574092105707	(22,1)
0.00542757054223046254714853975	(22,2)
0.01502138945950944718226364662	(22,3)
0.02927976710768762811595578227	(22,4)
0.04804427295781252787908219366	(22,5)
0.07110450521034542779097429483	(22,6)
0.0981991629012664423192392488	(22,7)
0.1290177760767370123789523869	(22,8)
0.1632032789852112503873585496	(22,9)
0.2003555816237077826544886373	(22,10)
0.2400362397837195574241631255	(22,11)
0.281774247235146459489168148	(22,12)
0.325072883124240146979989703	(22,13)
0.3694174526988100390967387991	(22,14)
0.4142836710912598654956924791	(22,15)
0.459146368969841410258060491	(22,16)
0.5034881546348916075531931903	(22,17)
0.5468076557420247274279259082	(22,18)
0.588626987376732479450773797	(22,19)
0.62849814938939560993245338	(22,20)
0.666008138417751000913749241	(22,21)
0.700782659574903282489608256	(22,22)
0.732488428519094383873322809	(22,23)
0.760834155730503125574863117	(22,24)
0.785570391917870406997313276	(22,25)
0.80648847961503574214799675	(22,26)
0.823418897167530320076901	(22,27)
0.83622929628995413997726655	(22,28)
0.8448225244682088757218438	(22,29)
0.84913489172273376778728	(22,30)
0.0006064678566410426518096681	(23,1)
0.00544823262942312294867519039	(23,2)
0.01507855030471351261934329715	(23,3)
0.0293910364421576060745372757	(23,4)
0.0482262902253608927952550902	(23,5)
0.0713723137924217355458787865	(23,6)
0.09856539232140691995706169677	(23,7)
0.1294916595486609000015364816	(23,8)
0.1637895711195742985266407076	(23,9)
0.2010534743081341549789808656	(23,10)
0.2408383983637704340996673963	(23,11)
0.2826660999997697292665860922	(23,12)
0.3260322919457608062913663699	(23,13)
0.3704148706370631715468741535	(23,14)
0.4152828552599350718190407752	(23,15)
0.4601056676575023779653732214	(23,16)
0.5043623320992849944648089375	(23,17)
0.5475501628585024740045039951	(23,18)
0.5891925381066866258603113531	(23,19)
0.6288454275853781389989798567	(23,20)
0.666102440749017645158838264	(23,21)
0.700598279996059914227983367	(23,22)
0.732010607001468691604904822	(23,23)
0.760060446182353408719974096	(23,24)
0.784511347187991149001535191	(23,25)
0.80516760043149513912641813	(23,26)
0.82187184215124897052899266	(23,27)
0.83450239783026685407261702	(23,28)
0.8429706972937232309250282	(23,29)
0.84721905556111313575292	(23,30)
0.00060770655458961342012070146	(24,1)
0.00545935903694117442755982589	(24,2)
0.01510931591230301859767121824	(24,3)
0.02945082961990894195981996092	(24,4)
0.04832374223723206520212116966	(24,5)
0.07151468845696857081435706114	(24,6)
0.09875774721758453209631443433	(24,7)
0.1297358097692433193991062694	(24,8)
0.1640829304744739166086165137	(24,9)
0.20138788781525549041093269	(24,10)
0.2411991080790552194120500841	(24,11)
0.2830309987616051392660036779	(24,12)
0.3263716130977657267557627076	(24,13)
0.3706914352534568800164092926	(24,14)
0.4154529536142539029836009264	(24,15)
0.4601205931940453110300259218	(24,16)
0.5041705207641213737024689897	(24,17)
0.5470998263472798199346173416	(24,18)
0.5884346244008134772656165029	(24,19)
0.6277367027956096266992660723	(24,20)
0.664608467168008434624826525	(24,21)
0.69869606790147254472095631	(24,22)
0.729690740784748110383289013	(24,23)
0.757328525059863937959874235	(24,24)
0.781388631812757655559402627	(24,25)
0.801690813367385124598235714	(24,26)
0.8180921269773795928224882	(24,27)
0.83048349422815386754984491	(24,28)
0.8387864348113791774411052	(24,29)
0.84295030518386064818237	(24,30)
0.00060826531254700502927540609	(25,1)
0.00546437691731239112645424184	(25,2)
0.01512317079323159306948838514	(25,3)
0.02947763072851772908073942005	(25,4)
0.04836694703012972043875881241	(25,5)
0.07157646583466231566954852451	(25,6)
0.09883807246835291793172063967	(25,7)
0.1298313269951598454414445071	(25,8)
0.164185669608800933816609272	(25,9)
0.2014839688973021307716067677	(25,10)
0.2412675983583366283682634521	(25,11)
0.2830431025110521495082101961	(25,12)
0.3262903657246619738085812201	(25,13)
0.3704720412626079504228707963	(25,14)
0.4150438544542650953950638837	(25,15)
0.4594652816271821535947901687	(25,16)
0.5032100414532378092970239659	(25,17)
0.545775827591275261735136432	(25,18)
0.5866927629529271980117873096	(25,19)
0.6255301602964821151048553357	(25,20)
0.661901317765372241666148131	(25,21)
0.695466243360201015583633793	(25,22)
0.725932369566650967906025521	(25,23)
0.753053470460411158438217449	(25,24)
0.776627114649957093800648338	(25,25)
0.796491069933512752618224096	(25,26)
0.81251911673183395610797988	(25,27)
0.82461672925451351564183608	(25,28)
0.8327170513957603466640465	(25,29)
0.83677753569131361611492	(25,30)
0.00060850999739641048512629897	(26,1)
0.00546657302751950801343768992	(26,2)
0.01512921091446565042899649912	(26,3)
0.02948916660362355104084300644	(26,4)
0.04838498046775631660662570714	(26,5)
0.07160064523759666741364812205	(26,6)
0.09886567802733929659138467214	(26,7)
0.1298559861711318876723069771	(26,8)
0.1641959043449427737492633086	(26,9)
0.2014617290627110711905035962	(26,10)
0.2411869740975168043109869675	(26,11)
0.2828694243633272982362692961	(26,12)
0.3259798908153520189077797118	(26,13)
0.3699723852502953606295817562	(26,14)
0.4142952650863681375734450814	(26,15)
0.4584027676480786877972004516	(26,16)
0.5017662803859377866369286194	(26,17)
0.5438846893585444635928635502	(26,18)
0.5842932148183931615651152857	(26,19)
0.6225702712486806090434968248	(26,20)
0.65834206248516782348178687	(26,21)
0.691284818088085943010451042	(26,22)
0.72112477110149743973972638	(26,23)
0.747636148589067034831768334	(26,24)
0.770637579272699511788737663	(26,25)
0.789987408664726191798059861	(26,26)
0.80557844968237676379063245	(26,27)
0.81733268993658736091513377	(26,28)
0.8251964334143124300699143	(26,29)
0.82913628332662504265119	(26,30)
0.00060877363594574481491437229	(27,1)
0.00546893910554224778530651473	(27,2)
0.01513571577267076590544440347	(27,3)
0.02950157278098296942545528971	(27,4)
0.04840430793411317162519069922	(27,5)
0.07162636431553989110651830787	(27,6)
0.09889454486125447401364680943	(27,7)
0.1298805693373514341150247662	(27,8)
0.1642029204592228927568480058	(27,9)
0.2014303666645450319101253543	(27,10)
0.2410874290742510588915342602	(27,11)
0.2826618882974954229326071929	(27,12)
0.3256142202421977651177720817	(27,13)
0.3693886334348075334018785502	(27,14)
0.4134251821375457684903173735	(27,15)
0.457172278108637159554449445	(27,16)
0.5000988422303468138291990909	(27,17)
0.5417053387740606468282790437	(27,18)
0.581533020709458019836598607	(27,19)
0.6191708724719320933808020684	(27,20)
0.654259944941864873033609267	(27,21)
0.686495008036910319134981215	(27,22)
0.71562367047462476509780973	(27,23)
0.741443309194580426105890873	(27,24)
0.76379629540315490968920244	(27,25)
0.782564091958717965251020871	(27,26)
0.79766082808075083698748831	(27,27)
0.80902693890817039734595003	(27,28)
0.8166233998269309056377466	(27,29)
0.82042700037224766304095	(27,30)
0.00060934660222727280567835708	(28,1)
0.00547408371790336196141379297	(28,2)
0.01514990443065481910227724279	(28,3)
0.0295289180111365062699215779	(28,4)
0.0484480043113826804721781728	(28,5)
0.07168774516481321800084894328	(28,6)
0.09897173257629651770805413296	(28,7)
0.129966775945613671699795032	(28,8)
0.164284534710810534491358926	(28,9)
0.2014850345330479029918730948	(28,10)
0.2410823848538991402285857729	(28,11)
0.282552813524320490184716869	(28,12)
0.3253448907992213341383407354	(28,13)
0.3688915598041156281983511037	(28,14)
0.4126233582921111066753047204	(28,15)
0.4559820414121920995231040317	(28,16)
0.4984337248824369873911485077	(28,17)
0.5394806777286120852653718353	(28,18)
0.5786710034077773909869672784	(28,19)
0.6156056419165111647503181201	(28,20)
0.649942375297922680502636039	(28,21)
0.681396790110413874514753857	(28,22)
0.70974040823784788833919986	(28,23)
0.734796413223104505046879287	(28,24)
0.756433554358659391708401029	(28,25)
0.774558897648240057302199906	(28,26)
0.78911011427861849559051047	(28,27)
0.80004796364516303079796134	(28,28)
0.8073495533275529916622827	(28,29)
0.81100285718390388770606	(28,30)
0.00061047247520631123412734807	(29,1)
0.00548419504751479892160208972	(29,2)
0.01517783253475389208133302449	(29,3)
0.02958300356317287138728724075	(29,4)
0.04853542480680830449161402385	(29,5)
0.07181340756035485455762632098	(29,6)
0.09913670809064851807701230417	(29,7)
0.1301663426995661585091479165	(29,8)
0.1645059848162913025428646219	(29,9)
0.201705482812364218617419657	(29,10)
0.2412668734318931106117408706	(29,11)
0.2826530284321126608146241427	(29,12)
0.3252987856775195955149331509	(29,13)
0.3686241160416832155345930004	(29,14)
0.4120486060151730951743472556	(29,15)
0.4550063343031508129938109149	(29,16)
0.4969601218008619245908720522	(29,17)
0.537414155599473584170228143	(29,18)
0.5759241271843218266202724263	(29,19)
0.6121042617536343750811979915	(29,20)
0.645630914020694483543362042	(29,21)
0.676242723235183078684092785	(29,22)
0.70373761500895209636901824	(29,23)
0.727967176905127313168073238	(29,24)
0.748829098688591958095871108	(29,25)
0.766258450783283929343742507	(29,26)
0.78021858216123143881294938	(29,27)
0.79069236619189729452964623	(29,28)
0.7976744281466770974834423	(29,29)
0.80116486877448091125426	(29,30)
0.00061234781972941936083292038	(30,1)
0.00550103892609704701293104413	(30,2)
0.01522438687460358912749562917	(30,3)
0.02967335265363649438969393944	(30,4)
0.04868218773132532842101348765	(30,5)
0.07202644381670338146776893074	(30,6)
0.0994213117173256713776846196	(30,7)
0.1305210005941516627857854881	(30,8)
0.1649198779792607352376157144	(30,9)
0.2021560005035580283373144935	(30,10)
0.2417174744455399401741886767	(30,11)
0.2830518073085425385913993023	(30,12)
0.3255780756508532716474840727	(30,13)
0.368701383012524326612795883	(30,14)
0.4118287656625697882498970995	(30,15)
0.4543854728656719971456339237	(30,16)
0.4958304414577280640533080514	(30,17)
0.5356698213582881974505333109	(30,18)
0.5734675848465770152723677657	(30,19)
0.6088525403581283837192821086	(30,20)
0.6415214264354999747390328	(30,21)
0.671238131012046374024210733	(30,22)
0.697829416206392649367666592	(30,23)
0.721177791807882114572383992	(30,24)
0.741212350918724089572327812	(30,25)
0.757898455416257270115787585	(30,26)
0.77122714793004589380290768	(30,27)
0.78120509082684523801633109	(30,28)
0.7878457143715248981636519	(30,29)
0.79116211705097532847035	(30,30)
0.00061512440273296679924054764	(31,1)
0.00552597874388265192344364841	(31,2)
0.01529334049071005000978908598	(31,3)
0.02980731789578563458374625539	(31,4)
0.04890035093513343194720691498	(31,5)
0.07234468025937369739722830069	(31,6)
0.0998501190746706731755597529	(31,7)
0.1310629520087552944946670493	(31,8)
0.1655667972554342480923844252	(31,9)
0.2028861645329821237069740631	(31,10)
0.2424932196695072824462700407	(31,11)
0.2838179421455480153150461935	(31,12)
0.32626146897758329994605414	(31,13)
0.3692120080628805479346905383	(31,14)
0.412062337465437411827451467	(31,15)
0.4542276438432500219118830347	(31,16)
0.4951623393597661400566735425	(31,17)
0.5343745538113704002095479107	(31,18)
0.5714372195004774877131050368	(31,19)
0.6059950146210753716949574699	(31,20)
0.637766850664352597065329364	(31,21)
0.666544017110243113124830635	(31,22)
0.692184474516725610301769212	(31,23)
0.714604073016861895392315851	(31,24)
0.73376564637433710677694153	(31,25)
0.74966699239029749649332977	(31,26)
0.76232871536921163772430246	(31,27)
0.77178280187607988595245494	(31,28)
0.7780626558293210693930774	(31,29)
0.78119515820824752664888	(31,30)
0.00061891271407043152703492816	(32,1)
0.00556000707945767998044329153	(32,2)
0.01538744021935503791899721644	(32,3)
0.02999025197951059796502843462	(32,4)
0.0491986920101785185437030903	(32,5)
0.07278109230682021398619667928	(32,6)
0.1004410152263844828424824792	(32,7)
0.1318156267995577585736089926	(32,8)
0.1664762611214709134878400961	(32,9)
0.2039320228527252171546153978	(32,10)
0.243637018080514759849369018	(32,11)
0.285001426227384234587404148	(32,12)
0.3274061678152351491453363826	(32,13)
0.370220445781164390059511813	(32,14)
0.4128210147205928226959470746	(32,15)
0.4546117341834353476816466097	(32,16)
0.4950418430225933867011545349	(32,17)
0.5336214756931527301759899436	(32,18)
0.5699332158187383749022069679	(32,19)
0.6036389009621309498374517904	(32,20)
0.634481386062906421188477744	(32,21)
0.66228146495119332463491648	(32,22)
0.686930572152799842712949259	(32,23)
0.708380194335223458978954198	(32,24)
0.72662909222924797383968896	(32,25)
0.741709474956942355566492646	(32,26)
0.75367320342999816583574297	(32,27)
0.76257896170496254164110214	(32,28)
0.7684811597997981473385285	(32,29)
0.77142114769786813813825	(32,30)
0.0006237860095121336498051072	(33,1)
0.00560378202061000119681558876	(33,2)
0.01550850722120978564496112584	(33,3)
0.03022570366441831724561616936	(33,4)
0.04958303004795071844317803493	(33,5)
0.07334428110810309607013327878	(33,6)
0.1012058539572913610605247166	(33,7)
0.1327945504882209457490522401	(33,8)
0.1676678252602182006366824525	(33,9)
0.2053174527851968963693687844	(33,10)
0.2451772918021506253374142753	(33,11)
0.2866353864733593398458978752	(33,12)
0.3290501130385929972099530382	(33,13)
0.3717695280083217197362034063	(33,14)
0.4141525875789824050423541172	(33,15)
0.4555905722378567467659266409	(33,16)
0.4955269285134115351561632789	(33,17)
0.5334738572483319851321648816	(33,18)
0.5690243159544695368544343892	(33,19)
0.6018586027588403219480656251	(33,20)
0.63174526604417673422717808	(33,21)
0.658536645759832981459122466	(33,22)
0.682159821506996139617193217	(33,23)
0.702604068173465780373246528	(33,24)
0.719906084156855104655360967	(33,25)
0.734134271935464147207654641	(33,26)
0.74537324873804075267449279	(33,27)
0.75370958882391049888943693	(33,28)
0.7592195901356840138338207	(33,29)
0.76195965020147568264582	(33,30)
0.0006297843825867557047760036	(34,1)
0.00565766374432566302281057466	(34,2)
0.0156575382280362136421236516	(34,3)
0.03051561517804682169963480959	(34,4)
0.05005654972328472136633266497	(34,5)
0.07403895367950589204803045621	(34,6)
0.1021511220093907420564979239	(34,7)
0.1340082192172513047613729328	(34,8)
0.1691521933373883867931437952	(34,9)
0.2070555310802681093105256926	(34,10)
0.247129627041750029787321587	(34,11)
0.2887380346292332998573456251	(34,12)
0.3312142522869310569230444665	(34,13)
0.3738830618343627606690649086	(34,14)
0.4160838797053288675357879393	(34,15)
0.4571942065110158785509374403	(34,16)
0.4966511386277785958376274556	(34,17)
0.53396906456278849966322567	(34,18)
0.568752082038987586136372426	(34,19)
0.6007002647332776346054570231	(34,20)
0.629609576748149418898220426	(34,21)
0.655365870010027984548189174	(34,22)
0.677933915692518284510239271	(34,23)
0.697342761147635840693545735	(34,24)
0.713668854254153163494710906	(34,25)
0.727018357853328565978993148	(34,26)
0.73750993127534863603741091	(34,27)
0.74525903611094267514960202	(34,28)
0.7503645783717261201292924	(34,29)
0.75289846650344153259207	(34,30)
0.00063691858858048551139100425	(35,1)
0.005721748870319788546319853	(35,2)
0.0158348006281263719193939575	(35,3)
0.03086050760904203316636822822	(35,4)
0.05062010569641318676121880433	(35,5)
0.07486637395952114359969244462	(35,6)
0.1032785632605324888865813348	(35,7)
0.1354589222817079086786680366	(35,8)
0.1709322618155644882963386614	(35,9)
0.2091498235347830124850218204	(35,10)
0.2494983294129162258526669654	(35,11)
0.2913145071701027031172635265	(35,12)
0.3339046806984732381835088779	(35,13)
0.3765682839787844557397594524	(35,14)
0.4186235247305561340956179482	(35,15)
0.4594330072522141215354671915	(35,16)
0.4984270065069346470589733658	(35,17)
0.5351222954136497744878889159	(35,18)
0.5691349277744362253083422096	(35,19)
0.6001860776438097404045096322	(35,20)
0.628100807135292288483543272	(35,21)
0.652800351715384988257089063	(35,22)
0.674289074126539995022313939	(35,23)
0.69263758818310583127298341	(35,24)
0.707963682656176495419747148	(35,25)
0.720412614053631138087948028	(35,26)
0.73013814066235617893515957	(35,27)
0.73728540178497421814593638	(35,28)
0.741976462331626590178606	(35,29)
0.7442990852324951315396	(35,30)
0.00064517349387712323610060374	(36,1)
0.00579590144882395169485343146	(36,2)
0.01603991823713702500405405176	(36,3)
0.03125964814710528473761279016	(36,4)
0.05127249723856603125186466605	(36,5)
0.07582476982453205314927977786	(36,6)
0.1045857421475714363673090598	(36,7)
0.1371434849616633477275532352	(36,8)
0.1730040641562370757222162764	(36,9)
0.2115955513959123865245550439	(36,10)
0.25227783202271391591044859	(36,11)
0.294358532785710135996228153	(36,12)
0.3371145830879444347652491156	(36,13)
0.379818089666074357352525747	(36,14)
0.4217644895382161643901436587	(36,15)
0.4623004865745997176836323132	(36,16)
0.5008491689098431325342914439	(36,17)
0.5369299754783511441323135934	(36,18)
0.570171780913205062314626194	(36,19)
0.6003181845889120904674836722	(36,20)
0.627224972108871221017698519	(36,21)
0.650850518433958045740300011	(36,22)
0.671240508380844752730263172	(36,23)
0.688508703864601104157177601	(36,24)
0.702815586256175109842642544	(36,25)
0.714346589968083930874316742	(36,26)
0.72329138904380752106323043	(36,27)
0.72982537685862697246295784	(36,28)
0.7340941545089172056745813	(36,29)
0.73620156104244641407437	(36,30)
0.00065451112007135920166672657	(37,1)
0.00587978030800381004779120346	(37,2)
0.01627194699390814773328771195	(37,3)
0.03171119768529696548303308792	(37,4)
0.05201071063703578024317408282	(37,5)
0.0769096924246479989317469118	(37,6)
0.1060665412525433507044175631	(37,7)
0.139053924872147562390594705	(37,8)
0.175357605637682507936825321	(37,9)
0.214380623465166153262366191	(37,10)
0.2554539425671523001307566927	(37,11)
0.2978539106175333814897030187	(37,12)
0.3408259572327533716985501441	(37,13)
0.3836130117211284205121646653	(37,14)
0.4254863157566654395433428131	(37,15)
0.4657758037721137015486235154	(37,16)
0.5038971308691721469354970379	(37,17)
0.5393727715953240837559975961	(37,18)
0.571845328356393319483933697	(37,19)
0.601082135949047224198424516	(37,20)
0.626971251402609068355621882	(37,21)
0.649509805977549223348877548	(37,22)
0.668786344165092375539221858	(37,23)
0.684959124413041171525094737	(37,24)
0.698232416036987433483177665	(37,25)
0.70883265472316556512982881	(37,26)
0.7169859998489519554979377	(37,27)
0.7228984577816872633642445	(37,28)
0.7267393686185726951729356	(37,29)
0.7286287474901098640967	(37,30)
0.00066487330909314539816288409	(38,1)
0.00597286299669463284784327991	(38,2)
0.01652944123314519076587955271	(38,3)
0.03221234005276444842841628384	(38,4)
0.05283013145073506172603116682	(38,5)
0.0781143308776381803332176846	(38,6)
0.1077115971851864858465643494	(38,7)
0.1411780271372714032354872355	(38,8)
0.1779775952807617394252150189	(38,9)
0.2174865415130906744463388807	(38,10)
0.2590049380078447523835677221	(38,11)
0.3017758085410683900366486073	(38,12)
0.3450111279639400753284207851	(38,13)
0.3879229596146122499320307515	(38,14)
0.4297570888371970673930640117	(38,15)
0.4698259645099742923525602707	(38,16)
0.5075376894215394697134271775	(38,17)
0.5424182286124775309260226088	(38,18)
0.5741248492192511251709913494	(38,19)
0.6024498972293631319248016782	(38,20)
0.627315147632115027445143251	(38,21)
0.648757940660848301699423532	(38,22)
0.666911002048004908940847423	(38,23)
0.681978182980118349662170167	(38,24)
0.694208366045492578017768708	(38,25)
0.703869542617957723187859666	(38,26)
0.71122467653380527349926074	(38,27)
0.71651052891372349279507995	(38,28)
0.7199202093639376295237727	(38,29)
0.72158988987423055747514	(38,30)
0.00067618406520710602332722599	(39,1)
0.00607446682428724866645577839	(39,2)
0.01681051192339348972925030047	(39,3)
0.03275939558141941365405938563	(39,4)
0.05372473104182029015523856372	(39,5)
0.0794297888412449266105505477	(39,6)
0.1095086836991711227032944266	(39,7)
0.1434998499968683623361723092	(39,8)
0.1808440893290843893802548811	(39,9)
0.2208891963542555318860477229	(39,10)
0.2629025270369187038751908803	(39,11)
0.30609190440299517697512948	(39,12)
0.3496340774246505540612198758	(39,13)
0.3927087459578936450510164916	(39,14)
0.4345351640111649856632906466	(39,15)
0.4744077446500024797188410975	(39,16)
0.5117270483787277894765120916	(39,17)
0.5460230628287105861634644239	(39,18)
0.5769686698526063918346473182	(39,19)
0.6043824448280336957726771556	(39,20)
0.628221199703829180009536256	(39,21)
0.648563746626701665242268068	(39,22)
0.665588075962764656768605959	(39,23)
0.679544458934640171620492347	(39,24)
0.690726936346888597810374309	(39,25)
0.699445336406982309813717716	(39,26)
0.70599949666474097766083229	(39,27)
0.71065686134538694529815136	(39,28)
0.7136341727563607923103386	(39,29)
0.71508362579522129553949	(39,30)
0.0006883516416616635818338152	(40,1)
0.00618376760659660199521590717	(40,2)
0.01711287855484816518643739574	(40,3)
0.0333479222871650005668818346	(40,4)
0.05468723275543985260971446142	(40,5)
0.0808453308837926495731261757	(40,6)
0.1114430529098866317148101208	(40,7)
0.1460001749858270232222378521	(40,8)
0.1839330639257371173918109007	(40,9)
0.2245595758465645367777156276	(40,10)
0.2671127052185126931225378907	(40,11)
0.3107633986149750371727237141	(40,12)
0.3546516232047631833659332764	(40,13)
0.3979234351921296980675710182	(40,14)
0.4397706866127840380778025365	(40,15)
0.4794693786678803055059961976	(40,16)
0.5164126663580438303210614828	(40,17)
0.5501351563874553085548116652	(40,18)
0.5803262872959265102318069539	(40,19)
0.6068319983799900436473749814	(40,20)
0.629645302511805476910635653	(40,21)
0.648887531570718114763059053	(40,22)
0.66478276528659436779923841	(40,23)
0.677628239396232822680327254	(40,24)
0.687763410580782573771547065	(40,25)
0.6955399511713169214248132	(40,26)
0.70129439598285880400570928	(40,27)
0.70532459417429468536705245	(40,28)
0.7078706241060709030631863	(40,29)
0.70910046107091124354216	(40,30)
0.00070127044073723184292002464	(41,1)
0.00629981673530108191475221839	(41,2)
0.017433916385774783469661386	(41,3)
0.03397280799349945802177813955	(41,4)
0.05570926319713814928665170249	(41,5)
0.082348606687649438958800591	(41,6)
0.1134977456400638674457254203	(41,7)
0.1486569160350866601766050249	(41,8)
0.1872169348952167344397712983	(41,9)
0.2284644064123757943639641138	(41,10)
0.2715965281093662174179882067	(41,11)
0.3157459270217289304869862199	(41,12)
0.3600144767094011793450011285	(41,13)
0.4035135500427513395889823749	(41,14)
0.4454069453161584529360465523	(41,15)
0.4849520539849268027877394088	(41,16)
0.521534882032269257571588161	(41,17)
0.5546952991692891803047766263	(41,18)
0.5841402103260938775876876554	(41,19)
0.6097439415456866099192652955	(41,20)
0.631536687605662640147009157	(41,21)
0.649683108445697318001621112	(41,22)
0.664453920990765563442632554	(41,23)
0.676193576353695681154683822	(41,24)
0.685286914116538569506885665	(41,25)
0.692127187150849021528614001	(41,26)
0.69708721282256976238995329	(41,27)
0.70049477016452075937579595	(41,28)
0.7026128266749238620404422	(41,29)
0.70362479453667505969617	(41,30)
0.00071482279057363808996766101	(42,1)
0.00642155714030727598144064165	(42,2)
0.01777070062284071515977559735	(42,3)
0.03462835646525400795674821572	(42,4)
0.0567814936310970836954506747	(42,5)
0.0839258604902325050016293211	(42,6)
0.1156538810523455257276176701	(42,7)
0.1514455007097812365527707366	(42,8)
0.1906650411168793699544434513	(42,9)
0.2325667479540046419126018249	(42,10)
0.2763108256313414204885312856	(42,11)
0.3209904006390208650423746744	(42,12)
0.3656682115342114297824877434	(42,13)
0.409420168510716299906909785	(42,14)
0.4513815938849386588314218959	(42,15)
0.490791249513607893560738588	(42,16)
0.5270283575446303637010094654	(42,17)
0.5596387218000378779671672267	(42,18)
0.588347564480075174769114909	(42,19)
0.6130584805098629018032886271	(42,20)
0.633839617098303371984341607	(42,21)
0.650899508483760729826915535	(42,22)
0.664555764248364506147558582	(42,23)
0.675200000680239402040605604	(42,24)
0.68326211681317421911635711	(42,25)
0.689176417908361349718632361	(42,26)
0.69335136121722069847726171	(42,27)
0.6961439956285837983462097	(42,28)
0.6978395918475691223652899	(42,29)
0.69863656309875859072044	(42,30)
0.00072888065341404834191118983	(43,1)
0.00654783863585446884640958994	(43,2)
0.01812004889332258042663093596	(43,3)
0.03530837019680899036396333121	(43,4)
0.0578937758284482759580285572	(43,5)
0.0855621321425367343845823514	(43,6)
0.1178909343181708140370146205	(43,7)
0.1543392349590300617655438144	(43,8)
0.1942441056683443083166646604	(43,9)
0.2368265592391765262944940421	(43,10)
0.2812088776766903128716137573	(43,11)
0.3264437950832472510275377511	(43,12)
0.3715541673981654999080864219	(43,13)
0.4155799395554053119345560951	(43,14)
0.4576277720928058383614775707	(43,15)
0.4969179515330978301693211287	(43,16)
0.5328233756907800242778801945	(43,17)
0.56489645795976804165651873	(43,18)
0.5928815019654012463705829958	(43,19)
0.6167120839873328339031043543	(43,20)
0.636494837613807872934506134	(43,21)
0.652482435386509303064682855	(43,22)
0.665039330346412035088705601	(43,23)
0.674603948725334524695290134	(43,24)
0.681650638631321532507106051	(43,25)
0.686653974292595078228918644	(43,26)
0.69005719497251144037239705	(43,27)
0.6922457881864792246656747	(43,28)
0.6935266153943237356178716	(43,29)
0.69411257207352065783182	(43,30)
0.00074330730962933598045064398	(44,1)
0.00667743304888506733699923611	(44,2)
0.01847856311179110198314549508	(44,3)
0.03600623200171052901752370288	(44,4)
0.0590352758799504350424773929	(44,5)
0.0872414549626332474518650465	(44,6)
0.1201870094198386638109773136	(44,7)
0.1573096605974747179242082455	(44,8)
0.1979186862225911081472477328	(44,9)
0.2412012475752835367654561255	(44,10)
0.2862410671060088325257292166	(44,11)
0.3320499081486902566134438555	(44,12)
0.3776103103154189011075503706	(44,13)
0.4219260403120025672326189635	(44,14)
0.4640751507932010541901096649	(44,15)
0.5032597740448803256521672382	(44,16)
0.5388470202942070789418877621	(44,17)
0.5703965678565761616271681453	(44,18)
0.5976724509464922536109154093	(44,19)
0.6206387420185789493342168825	(44,20)
0.639440834465161340543241493	(44,21)
0.654375503800112445664967717	(44,22)
0.665853683857814705906969188	(44,23)
0.674359950080389376496065801	(44,24)
0.680412209047522521697299605	(44,25)
0.684524277148768634884358821	(44,26)
0.68717311726130265205448076	(44,27)
0.68877166815295774822003349	(44,28)
0.6896475563682915918094476	(44,29)
0.69002756774778258253299	(44,30)
0.00075795905118367515431665384	(45,1)
0.00680904943205866732944333038	(45,2)
0.01884267157784600447398506198	(45,3)
0.03671498703252126696281760538	(45,4)
0.0601946086389283082824750645	(45,5)
0.0889470543107884825576335549	(45,6)
0.1225191124662973016062983634	(45,7)
0.1603269125059539412868364163	(45,8)
0.2016516233982811759471923671	(45,9)
0.2456462132395801241685817275	(45,10)
0.2913555223852424807928465283	(45,11)
0.337750099541436461071000354	(45,12)
0.3837720647571068357403611763	(45,13)
0.4283890923392028569772247306	(45,14)
0.4706509204308825845855097003	(45,15)
0.5097420048119560427093485314	(45,16)
0.5450242630630909926013809372	(45,17)
0.5760652484485469345804237617	(45,18)
0.6026492322974921723252277546	(45,19)
0.6247710743235257714192068165	(45,20)
0.642614919598471378003413598	(45,21)
0.6565212983658113640435796	(45,22)
0.666946943990848872685706633	(45,23)
0.674421617835146465918051591	(45,24)
0.679505623681497436017912584	(45,25)
0.682750763928314610199003259	(45,26)
0.68466648226198979762717045	(45,27)
0.68569204107904283442197016	(45,28)
0.6861749068161954697290109	(45,29)
0.68635510066084557493723	(45,30)
0.00077268690770374317984584797	(46,1)
0.00694134956947949784235844387	(46,2)
0.01920867188055727171663550565	(46,3)
0.03742742635173156016122723669	(46,4)
0.0613599746289505010601677927	(46,5)
0.0906615495883942976267600747	(46,6)
0.1248634292259879552609448106	(46,7)
0.1633600803626407850475045314	(46,8)
0.2054044930593004563804579156	(46,9)
0.2501153958936498954277029609	(46,10)
0.2964987583491471496801073159	(46,11)
0.3434840225378717178830567363	(46,12)
0.3899731288888688883513283458	(46,13)
0.434898049376285185033637378	(46,14)
0.47728073699701849148968248	(46,15)
0.5162885927928484137796296586	(46,16)
0.5512789745800809487222266413	(46,17)
0.5818278502509463667018403841	(46,18)
0.607740066064300718437758962	(46,19)
0.6290413130158860747329052089	(46,20)
0.645954180722163033288913646	(46,21)
0.658862283323594322436640795	(46,22)
0.668267152486472087561395871	(46,23)
0.674742475830725344961803042	(46,24)
0.678889534460972961774820801	(46,25)
0.681296646996893277160598022	(46,26)
0.68250432777119399308096512	(46,27)
0.6829769111883596510641728	(46,28)
0.6830806925605620610357339	(46,29)
0.68306822011660600735649	(46,30)
0.00078733841837711389988343663	(47,1)
0.00707296389394501671956858231	(47,2)
0.01957277493833499604137305577	(47,3)
0.0381361726939100479170539285	(47,4)
0.062519300464592432601912227	(47,5)
0.092367161206553961614234861	(47,6)
0.1271956089993656255190123125	(47,7)
0.1663775776714050557701315897	(47,8)
0.2091380660302923857403648748	(47,9)
0.2545618271976982168192188713	(47,10)
0.3016163201068296280265050398	(47,11)
0.3491903534517301264414531043	(47,12)
0.3961462797385826596820785553	(47,13)
0.4413810645849682969004948716	(47,14)
0.4838896347288604928931471158	(47,15)
0.522823087848501725665328024	(47,16)
0.5575348721554011483420756947	(47,17)
0.587609815575116861985075478	(47,18)
0.6128734848100473036467539301	(47,19)
0.6333821793035704517608835816	(47,20)
0.649396313709981885637916386	(47,21)
0.661341587116997363135029174	(47,22)
0.669763010663443012183791526	(47,23)
0.675276651378796739931419613	(47,24)
0.678523103339463784054895499	(47,25)
0.680125534870966014693388998	(47,26)
0.68065397092420572759367173	(47,27)
0.68059645846839693908151406	(47,28)
0.6803370382030332359192833	(47,29)
0.68014003326109456193459	(47,30)
0.00080175945373128624495396278	(48,1)
0.00720250785211365091064288356	(48,2)
0.01993115027499402022421609697	(48,3)
0.0388337686157040301286811268	(48,4)
0.0636603831086659579352697689	(48,5)
0.0940459230052410474028420521	(48,6)
0.1294910555012608200585200376	(48,7)
0.1693475189818891751011319843	(48,8)
0.2128127763899775787427981794	(48,9)
0.2589381911120865560778219157	(48,10)
0.3066534319864718625622166993	(48,11)
0.3548075213385539975827329377	(48,12)
0.4022241714260400994418977261	(48,13)
0.4477663413362468868739475048	(48,14)
0.4904029108177339129814852826	(48,15)
0.5292695394955248147299324838	(48,16)
0.563716413132562796161709886	(48,17)
0.5933375488711114086007060832	(48,18)
0.617979166787752550582769736	(48,19)
0.6377276694721694109424878885	(48,20)
0.652880355889155340683366023	(48,21)
0.663903681771236499672220912	(48,22)
0.671384507298978363174838555	(48,23)
0.675979456746503580065469558	(48,24)
0.678366544153304726579432816	(48,25)
0.679201941941887381950021953	(48,26)
0.67908349327559615349397065	(48,27)
0.67852150613015756765597107	(48,28)
0.6779166233379222327561491	(48,29)
0.67754415584214935159421	(48,30)
0.00081579608305362726700714409	(49,1)
0.00732859867951264679438919233	(49,2)
0.02027997242678807192564704074	(49,3)
0.039512766829606041325165388	(49,4)
0.0647710376349112358015554859	(49,5)
0.0956798996440973200631462165	(49,6)
0.1317252241172762639226617165	(49,7)
0.1722381045185354807016808572	(49,8)
0.2163891974499214573239381226	(49,9)
0.2631973909591371748285644211	(49,10)
0.3115556506807201875552156813	(49,11)
0.3602744373676723353865415162	(49,12)
0.4081401263946384522438425897	(49,13)
0.4539829682901505041289363899	(49,14)
0.4967469840193155987482027185	(49,15)
0.53555335809554362123401207	(49,16)
0.5697496388556297583548047317	(49,17)
0.5989392264585521968693944501	(49,18)
0.6229886984547714098428486571	(49,19)
0.6420137619281403330637633768	(49,20)
0.656347334159427479145732348	(49,21)
0.666494972958047019981306548	(49,22)
0.673083454946798279910222891	(49,23)
0.676807878378358175071929326	(49,24)
0.678381572636829565695971398	(49,25)
0.678491707460193897494949975	(49,26)
0.67776213652011949188601236	(49,27)
0.6767239000327377578539469	(49,28)
0.6757930517499035720390372	(49,29)
0.67525507650309860241415	(49,30)
0.00082929647588691320186178046	(50,1)
0.00744987248150445600325096641	(50,2)
0.02061546819320880112166940069	(50,3)
0.040165822163542482741947367	(50,4)
0.0658392475877143056004665756	(50,5)
0.0972514076402591940314199191	(50,6)
0.1338739237507273071146225528	(50,7)
0.1750180099675635617300615924	(50,8)
0.2198285227381585923769853326	(50,9)
0.2672931202318655490139627227	(50,10)
0.316269519412450923092699247	(50,11)
0.3655312207540284033337387768	(50,12)
0.4138289169196015085670264132	(50,13)
0.4599617367895858130249546116	(50,14)
0.5028502263258726116678743572	(50,15)
0.5416021391601991853090498155	(50,16)
0.5755629718252864640593225602	(50,17)
0.6043455502549214686078744738	(50,18)
0.62783627313206468573719361	(50,19)
0.6461790542769813856994036397	(50,20)
0.659740838944113029257779933	(50,21)
0.669064313529114120484368555	(50,22)
0.674813948948398489965170208	(50,23)
0.67772098925678317708159364	(50,24)
0.678531780829982946190290115	(50,25)
0.677962340575719125238283756	(50,26)
0.67666062599686373871295789	(50,27)
0.67517681740997002928029813	(50,28)
0.6739411510284023681587119	(50,29)
0.67324845208004987127443	(50,30)
0.0008421128197420890718937046	(51,1)
0.00756500145980327917973010504	(51,2)
0.02093396428803611181674136178	(51,3)
0.0407857842845076928521993714	(51,4)
0.0668533165350371946106238831	(51,5)
0.0987432380042612905869338581	(51,6)
0.1359136204962409064435229567	(51,7)
0.1776567779217758417535892413	(51,8)
0.2230930477945059179308607634	(51,9)
0.2711804323852663960729710231	(51,10)
0.3207432179947386710996960626	(51,11)
0.3705199160588728286010842332	(51,12)
0.4192275320094844894184829759	(51,13)
0.4656359364152619691363461538	(51,14)
0.508643764712214713131654071	(51,15)
0.5473464493490103936592662446	(51,16)
0.5810879665071965740403180563	(51,17)
0.609490448054331324929939412	(51,18)
0.63245933051531741166601714	(51,19)
0.650165337222064410582143005	(51,20)
0.663007532641608867529523975	(51,21)
0.671563450787103249970140172	(51,22)
0.676532760680321653223342772	(51,23)
0.678680296887465206751886674	(51,24)
0.678782949007875345126883337	(51,25)
0.67758330495949632473963298	(51,26)
0.67575143571610234293724088	(51,27)
0.67385501873278797445891519	(51,28)
0.6723372164619265805082096	(51,29)
0.67150134777051022698958	(51,30)
0.00085410323096947960326157452	(52,1)
0.00767271107742227115610969495	(52,2)
0.02123193481797531625630591839	(52,3)
0.0413657900735220423255065338	(52,4)
0.067802019001966481706632203	(52,5)
0.100138877828358241372901869	(52,6)
0.1378217395707711994388849586	(52,7)
0.1801252064613931787874681495	(52,8)
0.226146647354838893661308154	(52,9)
0.274816303434151233960449508	(52,10)
0.3249272021067186128847479416	(52,11)
0.3751851950279104458188675043	(52,12)
0.4242759231436273218130777693	(52,13)
0.47094212288809055571952791	(52,14)
0.5140622483503520318372271641	(52,15)
0.552720571171835028867739116	(52,16)
0.5862600127251748321883535198	(52,17)
0.6143117213765084167011629946	(52,18)
0.6367991401605406482830143239	(52,19)
0.653918110383872962601941412	(52,20)
0.666097599415485253810138376	(52,21)
0.67394741575993705955180062	(52,22)
0.67819967439210911577454868	(52,23)
0.679650037027334034488487322	(52,24)
0.679103305730397711422908874	(52,25)
0.677326253864411107055374596	(52,26)
0.67500900587089860102959989	(52,27)
0.67273505368474952862147741	(52,28)
0.6709592101685826336837426	(52,29)
0.6699924331093207434433	(52,30)
0.0008651336316761149832208237	(53,1)
0.00777179691852251880693374971	(53,2)
0.0215060479155624817173571812	(53,3)
0.0418993543437031527587775224	(53,4)
0.0686747486541588570440507867	(53,5)
0.1014227277181076838562001093	(53,6)
0.1395769613092009242389123012	(53,7)
0.1823957295618589230061900042	(53,8)
0.2289552415606760367289558261	(53,9)
0.2781601801112715310538056528	(53,10)
0.3287748239441191984274665857	(53,11)
0.37947503492387444470432596	(53,12)
0.4289177210714178160348061535	(53,13)
0.4758208513177357857783649482	(53,14)
0.5190445755466208873431668847	(53,15)
0.5576632023091874669540779339	(53,16)
0.5910189894916106049853811555	(53,17)
0.6187516408042749682562976592	(53,18)
0.6408013308972756612676248001	(53,19)
0.657387043857535105038635055	(53,20)
0.668965141733062625199721743	(53,21)
0.676174861150310317807100134	(53,22)
0.679777775227402470001837283	(53,23)
0.680597421352950248465445606	(53,24)
0.679463744552716621760545104	(53,25)
0.677165224312753975908648577	(53,26)
0.67440992154206975343258686	(53,27)
0.67179542991529784469677788	(53,28)
0.6697869240690103102909178	(53,29)
0.66870214232015858998975	(53,30)
0.00087507956271462128023629896	(54,1)
0.00786114097392699619771764057	(54,2)
0.0217532107819618864388274864	(54,3)
0.0423804574553093802322545828	(54,4)
0.0694616613762917605187117119	(54,5)
0.1025803116322449002049990108	(54,6)
0.1411595065951325086798931659	(54,7)
0.1844427834718191772151499377	(54,8)
0.231487244181563108947439871	(54,9)
0.2811745056101765264244288894	(54,10)
0.332242925622730170086402775	(54,11)
0.383341364511756363132027661	(54,12)
0.4331009151123263048270232973	(54,13)
0.4802173670409171403113072362	(54,14)
0.5235345739360371591588253635	(54,15)
0.5621181047669864182466668795	(54,16)
0.595309866423506614652727838	(54,17)
0.6227574879765680820782087486	(54,18)
0.6444163672823618898818208206	(54,19)
0.660526388361766138519984366	(54,20)
0.671568527949305833194472335	(54,21)
0.678208353362125699535083787	(54,22)
0.681233694598355952273144512	(54,23)
0.681492845709092808977573434	(54,24)
0.679838004266840647693358027	(54,25)
0.677076797340938843569584436	(54,26)
0.6739330594842025678789639	(54,27)
0.67101675137231686462200282	(54,28)
0.6688021134197907499859786	(54,29)
0.66761280571106313010613	(54,30)
0.00088382790112755647359631829	(55,1)
0.00793972706831909595051793343	(55,2)
0.0219706123545404090892028826	(55,3)
0.0428036283026151907889419735	(55,4)
0.0701538107625295170583474732	(55,5)
0.103598475510515727131092818	(55,6)
0.1425514068509207710477087026	(55,7)
0.1862431528986359409962765466	(55,8)
0.233713985481272033373295463	(55,9)
0.2838252145453069283267681418	(55,10)
0.3352923963051551751229230945	(55,11)
0.3867406684508706653148054746	(55,12)
0.4367784860103926512222105327	(55,13)
0.4840822459313761879938039112	(55,14)
0.5274816271218965841816816684	(55,15)
0.566034698728154991120123949	(55,16)
0.5990832494981282528601742928	(55,17)
0.6262820429322614634807774523	(55,18)
0.6475999736236168569575752428	(55,19)
0.663295336111509866829578516	(55,20)
0.673870694362365987422068126	(55,21)
0.680014622986617278723753488	(55,22)
0.682537817929218904198591774	(55,23)
0.682310064308693719880158326	(55,24)
0.680202818186161063017493696	(55,25)
0.677040229808152276839674727	(55,26)
0.67355970841303992070271461	(55,27)
0.67038183152110987806927063	(55,28)
0.6679886061160611452594063	(55,29)
0.6667087572666926082839	(55,30)
0.00089127845001811840050926369	(56,1)
0.00800665514143737493795811924	(56,2)
0.0221557628038757435364379084	(56,3)
0.0431640211277556857986279709	(56,4)
0.0707432735044507086918271824	(56,5)
0.104465571024601237071013507	(56,6)
0.1437367536543209794210119972	(56,7)
0.1877762907733639206538082952	(56,8)
0.2356101022907705288536235772	(56,9)
0.2860821886992032210885610742	(56,10)
0.3378886839720950874891085284	(56,11)
0.3896345408174287524651219476	(56,12)
0.4399089833835663982897052382	(56,13)
0.4873719760567307563517560653	(56,14)
0.530841240927691311355585109	(56,15)
0.5693685958988544855837906429	(56,16)
0.6022958677601115338254240368	(56,17)
0.6292840152479545439186640982	(56,18)
0.6503135057154117372161332038	(56,19)
0.665658334009969977583604419	(56,20)
0.675839404480329135091546281	(56,21)
0.681564777305066361771512158	(56,22)
0.683664458840024537342113404	(56,23)
0.683026334216140782817663113	(56,24)
0.680538036877118645880563502	(56,25)
0.677037562122327426702826566	(56,26)
0.67327366703394016920021364	(56,27)
0.66987578556204510479195678	(56,28)
0.6673323917708808022676526	(56,29)
0.66597642238669081507056	(56,30)
0.00089734536961502847378674447	(57,1)
0.00806115410273693286264252579	(57,2)
0.0223065290846678524415375818	(57,3)
0.04345748465529452565157856	(57,4)
0.0712232622252364200628547346	(57,5)
0.1051716208809686243435178593	(57,6)
0.1447019231782755616077910579	(57,7)
0.1890246055359389587918280769	(57,8)
0.2371538880620336312877988075	(57,9)
0.2879196653800026231350002279	(57,10)
0.3400022530504182254454968824	(57,11)
0.39199017879943898726072572	(57,12)
0.4424570391354953540200224426	(57,13)
0.4900494728678613934211354167	(57,14)
0.533575542689981956825491035	(57,15)
0.5720820673249094594201769736	(57,16)
0.6049109976528285083738060583	(57,17)
0.6317284173309544808753493585	(57,18)
0.6525242701882275577638159901	(57,19)
0.667585350355759224318529544	(57,20)
0.677447467689066810916822516	(57,21)
0.68283447768585303241287032	(57,22)
0.684592003058768883201163873	(57,23)
0.683622533587806031174319151	(57,24)
0.680826727834170013873287218	(57,25)
0.677053705300299063559059203	(57,26)
0.67306132310144613061205731	(57,27)
0.66948610480581110868270555	(57,28)
0.6668216936263018611816057	(57,29)
0.6654043887682796318293	(57,30)
0.00090195842025648049100501404	(58,1)
0.00810259299656747802995734897	(58,2)
0.0224211658136404475952519673	(58,3)
0.0436806221358076543587954732	(58,4)
0.0715882234631873312951347777	(58,5)
0.1057084623303934802804085661	(58,6)
0.1454357709568064535908510999	(58,7)
0.1899737102727843598445894453	(58,8)
0.238327596151773860416683236	(58,9)
0.2893165907620427887185893484	(58,10)
0.3416089797170717006467770443	(58,11)
0.3937808082432765089141784656	(58,12)
0.4443938088310936964808036651	(58,13)
0.492084520696172674745334706	(58,14)
0.5356537075244377637127432031	(58,15)
0.5741444410324354424260040918	(58,16)
0.6068988218692940142583890742	(58,17)
0.6335868782765439336758787851	(58,18)
0.6542057912431706375117832456	(58,19)
0.669052095960423838532197268	(58,20)
0.678672919062271909323046468	(58,21)
0.683804084184823052422677187	(58,22)
0.685303024692954336875521369	(58,23)
0.684083256427296001008310703	(58,24)
0.681055254844513184052223562	(58,25)
0.677076510015259945472060157	(58,26)
0.67291171603487238892883274	(58,27)
0.6692027156051002339516603	(58,28)
0.6664470255972802419257172	(58,29)
0.66498346268143534890446	(58,30)
0.0009050639910525512170864433	(59,1)
0.00813049024217492895360210085	(59,2)
0.0224983408228835440558378948	(59,3)
0.0438308410332250136146800132	(59,4)
0.0718339187462486052572458034	(59,5)
0.1060698658873150542197140518	(59,6)
0.1459297929503723973687395075	(59,7)
0.1906126286357374629441608302	(59,8)
0.2391176903013253101460079382	(59,9)
0.2902569114022417113146462536	(59,10)
0.3426904775901419116703483544	(59,11)
0.3949860336542170709644397429	(59,12)
0.4456973339408321984789173921	(59,13)
0.4934541341649048356886694852	(59,14)
0.5370523062045884832712396805	(59,15)
0.5755324253887381544306677892	(59,16)
0.6082367199669513528868663116	(59,17)
0.6348378968438565285225856593	(59,18)
0.6553380244900127139158158392	(59,19)
0.670040200342189916246444111	(59,20)
0.67949916167903541309600133	(59,21)
0.684458769171394550359122844	(59,22)
0.685784376929338817961281196	(59,23)
0.684396886006730697773996597	(59,24)
0.681213339163538640041547035	(59,25)
0.677096819657216107718284136	(59,26)
0.67281658499553256069300792	(59,27)
0.66901802463411090322154242	(59,28)
0.6662012361527985466998562	(59,29)
0.66470671229440087326179	(59,30)
0.00090662589198112354297557767	(60,1)
0.00814452074872290842194189456	(60,2)
0.0225371548363108752257404697	(60,3)
0.0439063912834176273995113543	(60,4)
0.0719574870130118152016069547	(60,5)
0.1062516267196924506762612182	(60,6)
0.1461782495001978171925605723	(60,7)
0.1909339532498929683288778546	(60,8)
0.2395150372100104029232090384	(60,9)
0.2907297981822517782311724492	(60,10)
0.3432343476597281750420359313	(60,11)
0.3955921064229003113890813417	(60,12)
0.4463528189926727421547235611	(60,13)
0.4941428341539461702279379317	(60,14)
0.5377555701674914557689006692	(60,15)
0.5762303547520871134368404527	(60,16)
0.6089094884369189278782372819	(60,17)
0.6354670323214437490734814578	(60,18)
0.6559075176105537901105923898	(60,19)
0.670537343482017602896059141	(60,20)
0.679915072490630067813596204	(60,21)
0.684788601376633109870883241	(60,22)
0.686027258740626198119907123	(60,23)
0.684555648583553285475437098	(60,24)
0.681294104092483998373724186	(60,25)
0.677108508910493145790232448	(60,26)
0.67277040382523987930790958	(60,27)
0.66892695181842360371686761	(60,28)
0.6660795402636972746510973	(60,29)
0.6645694992401345761898	(60,30)