luu122_(sigma,mu)
-0.0000100004228750884086904637	(1,1)
-9.99917536402136247324387e-6	(1,2)
-9.99076465787037482652374e-6	(1,3)
-9.96370230000137368764818e-6	(1,4)
-9.90164351908035330544924e-6	(1,5)
-9.78452373957858860130037e-6	(1,6)
-9.59015149824369744613974e-6	(1,7)
-9.29625299324838563289448e-6	(1,8)
-8.88289428528574674637546e-6	(1,9)
-8.33512055002548962049458e-6	(1,10)
-7.64556449027903882794563e-6	(1,11)
-6.81670781145327012817018e-6	(1,12)
-5.86244945241354864921844e-6	(1,13)
-4.80865613762358912115731e-6	(1,14)
-3.69245074332629592189314e-6	(1,15)
-2.56012779921974683023035e-6	(1,16)
-1.46375866479311692753789e-6	(1,17)
-4.5673829958141135759764e-7	(1,18)
4.1129751394775519002226e-7	(1,19)
1.09962059910132860571558e-6	(1,20)
1.58099279572193811779241e-6	(1,21)
1.84506687486781186095615e-6	(1,22)
1.90009532598815861486233e-6	(1,23)
1.77262104254459265822453e-6	(1,24)
1.50506665941181289185497e-6	(1,25)
1.15140823264720713962103e-6	(1,26)
7.713766494919739830382e-7	(1,27)
4.2383916934294912136591e-7	(1,28)
1.6014216500479737801938e-7	(1,29)
1.822361415040958278092e-8	(1,30)
-0.0000899626681305350228943948	(2,1)
-0.00008995144565479382005766675	(2,2)
-0.00008987578384448903016436128	(2,3)
-0.00008963233377647954130512687	(2,4)
-0.00008907405964335015619366027	(2,5)
-0.00008802046268392151584928486	(2,6)
-0.0000862719108965355528697176	(2,7)
-0.00008362803159550214762717364	(2,8)
-0.00007990950128674110844035283	(2,9)
-0.00007498178811362687224413751	(2,10)
-0.00006877861686097838930045437	(2,11)
-0.00006132231294131021834406965	(2,12)
-0.0000527379100091519392082472	(2,13)
-0.00004325810262615416785203541	(2,14)
-0.00003321684441867320370927902	(2,15)
-0.00002303059608443973435663194	(2,16)
-0.0000131677858587202542376027	(2,17)
-4.10874869668758665662617e-6	(2,18)
3.69999784397187086435539e-6	(2,19)
9.89206826347364314567411e-6	(2,20)
0.00001422243189184825603536086	(2,21)
0.00001659800701009881330550859	(2,22)
0.00001709303276033927667392961	(2,23)
0.00001594628645027127640900762	(2,24)
0.0000135393974071753292853688	(2,25)
0.00001035792785912734273683833	(2,26)
6.93920952265706589034643e-6	(2,27)
3.81280481396053520709304e-6	(2,28)
1.44061907067385308694234e-6	(2,29)
1.6393737083853979477149e-7	(2,30)
-0.00024966496972284646374454141	(3,1)
-0.00024963382488795614014347239	(3,2)
-0.00024942384674789369183330318	(3,3)
-0.00024874821935064268585633497	(3,4)
-0.00024719888608032887985669871	(3,5)
-0.00024427492338350305664297246	(3,6)
-0.00023942230901332367558072805	(3,7)
-0.00023208496563181861113976274	(3,8)
-0.00022176523277163376291798887	(3,9)
-0.00020808975759842937104853849	(3,10)
-0.0001908746156000694890383775	(3,11)
-0.00017018176953465251478644532	(3,12)
-0.00014635822073879513678839221	(3,13)
-0.00012004975305377528822297906	(3,14)
-0.00009218316516030212023268128	(3,15)
-0.00006391422836093907318796297	(3,16)
-0.0000365429314560188641679343	(3,17)
-0.0000114023024135871040436141	(3,18)
0.00001026848609280383057621959	(3,19)
0.00002745264906026920534748995	(3,20)
0.00003947018944935890078774589	(3,21)
0.00004606280090741546499732197	(3,22)
0.00004743652525912463373304079	(3,23)
0.00004425402734509849600618274	(3,24)
0.00003757440962566658576535797	(3,25)
0.00002874520296453638035930605	(3,26)
0.00001925760323319976969866457	(3,27)
0.00001058124108262495830242688	(3,28)
3.99798410879546691445343e-6	(3,29)
4.5495642589747809971477e-7	(3,30)
-0.00048862727186332052669544961	(4,1)
-0.00048856631636919251600836441	(4,2)
-0.00048815535509052074205631666	(4,3)
-0.00048683304272988392562432167	(4,4)
-0.00048380074656325653447436587	(4,5)
-0.00047807807889332005840894445	(4,6)
-0.00046858073086085756778726978	(4,7)
-0.0004542203744438489709559606	(4,8)
-0.0004340230176196111449498647	(4,9)
-0.00040725796493216496955716175	(4,10)
-0.00037356527019547923527112023	(4,11)
-0.0003330662352936636851600662	(4,12)
-0.00028644003297554015487636737	(4,13)
-0.00023495060081969657168890891	(4,14)
-0.00018041185974822873668506792	(4,15)
-0.00012508585059429509814311409	(4,16)
-0.00007151684688618497283014493	(4,17)
-0.00002231375597462407204924238	(4,18)
0.00002009823397834063687697019	(4,19)
0.00005372920649560961494992304	(4,20)
0.00007724840431151940992264833	(4,21)
0.00009015038073791501970924047	(4,22)
0.00009283846864312114833005258	(4,23)
0.00008660964473263968324030066	(4,24)
0.00007353672694127055137991868	(4,25)
0.00005625698215096045044721914	(4,26)
0.00003768881046059820842462824	(4,27)
0.00002070838179652504763988009	(4,28)
7.82438457982134935119271e-6	(4,29)
8.9038680092964849864495e-7	(4,30)
-0.00080595047220447458799126312	(5,1)
-0.00080584992752283970129410665	(5,2)
-0.00080517205638629978509969413	(5,3)
-0.00080299093285499474983423737	(5,4)
-0.00079798923169243336877862958	(5,5)
-0.00078854982965572613773876529	(5,6)
-0.00077288419403594068266342937	(5,7)
-0.00074919717401025951107723886	(5,8)
-0.00071588223133749825300544388	(5,9)
-0.0006717341641699963904092298	(5,10)
-0.00061615934098053426019519807	(5,11)
-0.00054935796379762679930569099	(5,12)
-0.00047245044554628810669104992	(5,13)
-0.00038752175142699706453668661	(5,14)
-0.00029756399982525681300008655	(5,15)
-0.00020630840894479186186980751	(5,16)
-0.00011795164029145674989554032	(5,17)
-0.00003679685584009841482783281	(5,18)
0.0000331559343858827129833389	(5,19)
0.00008862477860473745363651347	(5,20)
0.00012741503318663469826794368	(5,21)
0.00014869336040400184085956093	(5,22)
0.000153125337331131571837072	(5,23)
0.00014285042745502228256058251	(5,24)
0.00012128762969910219931885224	(5,25)
0.00009278678896969353293133253	(5,26)
0.00006216131053059910598384663	(5,27)
0.00003415485203314437364300225	(5,28)
0.00001290492365450833007502054	(5,29)
1.4685321757058342244805e-6	(5,30)
-0.00119989792222680056436991508	(6,1)
-0.00119974822119636926778393379	(6,2)
-0.00119873893853686110075754578	(6,3)
-0.00119549146313329386226364733	(6,4)
-0.00118804443163477388204823083	(6,5)
-0.00117399011874568032450631505	(6,6)
-0.00115066560482767895046130608	(6,7)
-0.00111539814890709895544687376	(6,8)
-0.00106579588646119148791730955	(6,9)
-0.00100006457198963396676512837	(6,10)
-0.00091732060673233700300774401	(6,11)
-0.00081786240485032541354088959	(6,12)
-0.00070335852776963383289059843	(6,13)
-0.00057691364843421403344621582	(6,14)
-0.00044298301074056375403373196	(6,15)
-0.00030712212397641678306603814	(6,16)
-0.00017557923208248503641053726	(6,17)
-0.00005476083094252897587805333	(6,18)
0.00004937826288245336889814414	(6,19)
0.00013195259888196535879483589	(6,20)
0.00018969573437837851112919216	(6,21)
0.00022136800510179199425082619	(6,22)
0.00022796120887244717375592431	(6,23)
0.0002126611637950231462993352	(6,24)
0.00018055823033575626724002398	(6,25)
0.00013812813963065435328854748	(6,26)
0.000092536357134097457020166	(6,27)
0.00005084424587373337696966483	(6,28)
0.00001921068925230756188041773	(6,29)
2.1860999995674337955061e-6	(6,30)
-0.00166711928614236235708471478	(7,1)
-0.00166691127001868251035319877	(7,2)
-0.00166550882774964860851589079	(7,3)
-0.00166099632014255910052492277	(7,4)
-0.0016506483538666231301250148	(7,5)
-0.00163111931355826014051161919	(7,6)
-0.00159870902046793341670684936	(7,7)
-0.00154970372408976396776374264	(7,8)
-0.00148078008299162065166475824	(7,9)
-0.00138944533431856814780220534	(7,10)
-0.00127447228348865070249597889	(7,11)
-0.00113627636618031691118931859	(7,12)
-0.00097717700177031576183081348	(7,13)
-0.00080148912389507208748962996	(7,14)
-0.00061540413400946449332038846	(7,15)
-0.00042664187937059110799783317	(7,16)
-0.0002438841770729401603735406	(7,17)
-0.00007603200472581216585509623	(7,18)
0.0000686420245162970937562908	(7,19)
0.00018335180737133031731786679	(7,20)
0.00026356118811568476134970551	(7,21)
0.00030755014317916988069150785	(7,22)
0.00031669872709037670717317331	(7,23)
0.00029543463340732649359717335	(7,24)
0.00025083069973299222681089592	(7,25)
0.00019188347808500443687911694	(7,26)
0.00012854686352045965031130667	(7,27)
0.00007062950246261221690730519	(7,28)
0.00002668603858076902659013967	(7,29)
3.0367538844063982986072e-6	(7,30)
-0.00220151604495087878046348026	(8,1)
-0.00220124130095909671510057817	(8,2)
-0.00219938898036995389071764938	(8,3)
-0.00219342894346385405892237886	(8,4)
-0.00217976155288461119925197729	(8,5)
-0.00215396802812945884374011679	(8,6)
-0.00211116136894477740473646804	(8,7)
-0.00204643680178284101317442646	(8,8)
-0.00195540543827930016676610683	(8,9)
-0.00183477572765626299000203445	(8,10)
-0.00168292803170766523672536796	(8,11)
-0.0015004126149157420082809131	(8,12)
-0.00129029469934451850416546363	(8,13)
-0.00105827509513016977338777788	(8,14)
-0.00081253259493334426332727008	(8,15)
-0.00056326388637806263669795012	(8,16)
-0.00032193496943978367230719287	(8,17)
-0.00010029982107019586929473906	(8,18)
0.00009071899786844729861795348	(8,19)
0.00024216344833472902836959446	(8,20)
0.0003480477156770148451241314	(8,21)
0.00040610514863182534660254717	(8,22)
0.0004181623412146446924995468	(8,23)
0.00039006904237347145268279756	(8,24)
0.00033116603919477922958225908	(8,25)
0.00025333227018227324495702131	(8,26)
0.00016970895475488514193393032	(8,27)
0.00009324427535814381100390009	(8,28)
0.00003523021551465458595804141	(8,29)
4.0090212620501752408182e-6	(8,30)
-0.00279288561401807549038144781	(9,1)
-0.00279253698192140306987142795	(9,2)
-0.00279018650897761703516112389	(9,3)
-0.00278262361825820763141890889	(9,4)
-0.00276528063070982655354635364	(9,5)
-0.00273255049156245556275379166	(9,6)
-0.00267823215230033708916060606	(9,7)
-0.00259610228517794885400450532	(9,8)
-0.00248059261895056602864756131	(9,9)
-0.00232752791574428397347755399	(9,10)
-0.00213485515598448008891871611	(9,11)
-0.00190327540699893813817229203	(9,12)
-0.00163668142967032624573116558	(9,13)
-0.00134231027941241416131947949	(9,14)
-0.00103054264641743215088671087	(9,15)
-0.00071431826699606744346009809	(9,16)
-0.00040818531711230925145385569	(9,17)
-0.00012705471985853904333636564	(9,18)
0.00011522028469876403595639242	(9,19)
0.00030728140348647346591238828	(9,20)
0.00044154285931185555821124507	(9,21)
0.00051513764506277846024199942	(9,22)
0.00053039050118321581592571854	(9,23)
0.00049472748302801553508776797	(9,24)
0.00041999982573465855804622665	(9,25)
0.0003212747316881695925941869	(9,26)
0.00021521726794314660596135511	(9,27)
0.00011824540171837511516101736	(9,28)
0.00004467561265579450557862033	(9,29)
5.0838196457947657147736e-6	(9,30)
-0.00342561519439244482722656673	(10,1)
-0.00342518743732551708442792774	(10,2)
-0.00342230350543577998166000196	(10,3)
-0.00341302416165137967913426931	(10,4)
-0.00339174509429096809231645375	(10,5)
-0.0033515868247952208369281953	(10,6)
-0.00328494130962251252916562438	(10,7)
-0.00318417361973250725735857713	(10,8)
-0.0030424532631905363478810682	(10,9)
-0.00285465990163120446376841486	(10,10)
-0.00261827817250926922124570464	(10,11)
-0.00233417288601146770059847553	(10,12)
-0.00200712554647978447472777304	(10,13)
-0.00164602081264420636314925468	(10,14)
-0.00126359919744954205333100891	(10,15)
-0.00087573854085360840584261754	(10,16)
-0.0005002864991338710262932719	(10,17)
-0.00015553140708213728312835216	(10,18)
0.00014154051812609328857728933	(10,19)
0.00037700769654083179705715388	(10,20)
0.00054157883572992605101942954	(10,21)
0.00063175137878534796216350556	(10,22)
0.00065038902445754633713322519	(10,23)
0.00060660832193580413921198359	(10,24)
0.00051494758453524195924779212	(10,25)
0.0003938831385108020033860642	(10,26)
0.00026384544779498063079590576	(10,27)
0.00014495827384235118618937016	(10,28)
0.00005476714207665136503146522	(10,29)
6.2321097448582818205292e-6	(10,30)
-0.00407778481621006774761881337	(11,1)
-0.00407727540654480972547483126	(11,2)
-0.00407384097486410463496569162	(11,3)
-0.0040627903519353045041453241	(11,4)
-0.00403744950588394604339134195	(11,5)
-0.0039896259850824647730893394	(11,6)
-0.00391026006635154033666514751	(11,7)
-0.00379026069350027698328264252	(11,8)
-0.00362149588236653677932920542	(11,9)
-0.00339787170462287997205413121	(11,10)
-0.00311639813510473517219089219	(11,11)
-0.00277811210086115447032641078	(11,12)
-0.00238871580199439495625309617	(11,13)
-0.00195879758561231188711149707	(11,14)
-0.001503535768485672471274055	(11,15)
-0.00104184103673308381295867896	(11,16)
-0.00059496431890278116663475565	(11,17)
-0.00018467465957984429145337755	(11,18)
0.00016881622769125624179513355	(11,19)
0.00044895148124547179612641092	(11,20)
0.00064469075156582237325964971	(11,21)
0.000751885880388490896618663	(11,22)
0.0007739644049007534657302673	(11,23)
0.00072179079230503947650488082	(11,24)
0.00061267444554759191772826295	(11,25)
0.00046860258422681316528925414	(11,26)
0.0003138799120337098226572093	(11,27)
0.00017244055009751901838738134	(11,28)
0.0000651485502752638902124942	(11,29)
7.4133396565016817270223e-6	(11,30)
-0.00472104546574617866568885757	(12,1)
-0.00472045539103417595070737762	(12,2)
-0.00471647711810359609107930131	(12,3)
-0.00470367664627107255265386383	(12,4)
-0.0046743231975490477145531251	(12,5)
-0.0046189273567931740855142602	(12,6)
-0.0045269956247945042305823939	(12,7)
-0.0043879991805409688296260874	(12,8)
-0.00419252167819966112121007267	(12,9)
-0.00393350962661831201407721954	(12,10)
-0.00360750732057443340974474174	(12,11)
-0.00321572588060729858221527913	(12,12)
-0.00276478177702730433341140764	(12,13)
-0.00226695100293379021922774299	(12,14)
-0.00173982362226170479657564575	(12,15)
-0.00120530764649350573569904406	(12,16)
-0.00068801397418268338176547176	(12,17)
-0.00021314417644577460632384645	(12,18)
0.00019591355639484566025375856	(12,19)
0.00052001202855303196771678381	(12,20)
0.00074639744158548357515388608	(12,21)
0.0008702973755125004686044047	(12,22)
0.00089570648968784931279804691	(12,23)
0.00083522052460565270746467177	(12,24)
0.0007088840230237426711265689	(12,25)
0.00054214319887078306800059521	(12,26)
0.00036311502523994172589169938	(12,27)
0.00019947966272938157638910137	(12,28)
0.00007536151686944863537694761	(12,29)
8.5753446025653866827553e-6	(12,30)
-0.00532153988384436443440002757	(13,1)
-0.00532087434380896919456849026	(13,2)
-0.00531638728663109673151698884	(13,3)
-0.00530194977179160840072032532	(13,4)
-0.0052688424400494786425756622	(13,5)
-0.00520636268135357951999620727	(13,6)
-0.00510267608417735480785656066	(13,7)
-0.00494590969992001359290825379	(13,8)
-0.0047254473839408142711995099	(13,9)
-0.00443334080773858662004583538	(13,10)
-0.00406570273658893899583773061	(13,11)
-0.0036239125552435353916962706	(13,12)
-0.00311544806930726659598768068	(13,13)
-0.00255416993927798752147621325	(13,14)
-0.00195992886959823709448264151	(13,15)
-0.0013574384499249949914191781	(13,16)
-0.00077445021674268280787292346	(13,17)
-0.00023936923549929963679651566	(13,18)
0.00022145734334864354302252985	(13,19)
0.00058647561579025088443925355	(13,20)
0.00084134717546138026246901072	(13,21)
0.00098073278104308761579490803	(13,22)
0.00100917048154249961401996564	(13,23)
0.00094088137632737799366021528	(13,24)
0.00079846571167562091822403582	(13,25)
0.00061059370671575164351424293	(13,26)
0.00040892964063507947744277875	(13,27)
0.00022463506594761486278202893	(13,28)
0.00008486166589367742814871516	(13,29)
9.6561717201514524880417e-6	(13,30)
-0.00584193201859598957568784208	(14,1)
-0.00584120087466570470135154052	(14,2)
-0.00583627151939376284601612509	(14,3)
-0.00582041089396034423238343136	(14,4)
-0.00578404029882953443617282458	(14,5)
-0.00571540267104953054223039871	(14,6)
-0.00560149846494398288714616152	(14,7)
-0.00542928745107733566848272337	(14,8)
-0.00518711269467405158306937304	(14,9)
-0.00486625156756256185078769552	(14,10)
-0.00446244688251622358539918189	(14,11)
-0.00397723094988946451419826152	(14,12)
-0.00341883787988872782605589119	(14,13)
-0.00280251320262437338318242956	(14,14)
-0.00215007830397253805466702091	(14,15)
-0.0014886875464921766706842522	(14,16)
-0.00084881923319555688843897036	(14,17)
-0.00026165354140541483522906274	(14,18)
0.00024390609304813546582862183	(14,19)
0.00064423442996985141745438294	(14,20)
0.0009236385579502832516563956	(14,21)
0.00107630800371594193395808066	(14,22)
0.00110726922039220352220360301	(14,23)
0.00103216334536076200661896593	(14,24)
0.00087580840667722059800450634	(14,25)
0.00066966226098414163963001554	(14,26)
0.00044844888768513029102954547	(14,27)
0.00024632731363012995170812611	(14,28)
0.00009305226865772791501487851	(14,29)
0.0000105879179513335819016936	(14,30)
-0.0062443438777365788734436109	(15,1)
-0.00624356174027491019307640527	(15,2)
-0.00623828859023958153179809472	(15,3)
-0.00622132180428395126425734989	(15,4)
-0.00618241479692184619724002865	(15,5)
-0.00610899115069771649320498955	(15,6)
-0.00598714637677463998499490221	(15,7)
-0.00580293446288206940145369108	(15,8)
-0.00554389231827683153345042985	(15,9)
-0.00520070006347300123535193926	(15,10)
-0.0047688195772231770519144345	(15,11)
-0.00424991053195734427903825156	(15,12)
-0.00365280451601924692456650403	(15,13)
-0.002993832796621177277623505	(15,14)
-0.00229635550069870371366536493	(15,15)
-0.00158942647899313964833096854	(15,16)
-0.0009056390746084267599200986	(15,17)
-0.00027831804650738989313295748	(15,18)
0.00026166664204339058822162724	(15,19)
0.00068910635593046725307993511	(15,20)
0.00098728470412430868201697093	(15,21)
0.00115005233705827572632685067	(15,22)
0.0011828357181193105366434526	(15,23)
0.0011023887305561043027997046	(15,24)
0.00093524818045423945446575003	(15,25)
0.00071501950448636636811944333	(15,26)
0.00047877430932380261536217174	(15,27)
0.00026296463606824377856401736	(15,28)
0.00009933210089424535144861	(15,29)
0.0000113021778273254836048265	(15,30)
-0.00649374125732301385061477669	(16,1)
-0.00649292715187807142873506039	(16,2)
-0.00648743847736458304496788595	(16,3)
-0.00646977825731953029566744827	(16,4)
-0.0064292813092816867903911428	(16,5)
-0.00635285792673354883416923041	(16,6)
-0.00622603728740522095633074915	(16,7)
-0.00603430766249283573327183189	(16,8)
-0.00576470450260532341961325309	(16,9)
-0.00540753986333433056631700177	(16,10)
-0.00495810864320323399990491774	(16,11)
-0.00441816206558653080717648616	(16,12)
-0.00379691951524771048001295482	(16,13)
-0.00311140569551121971384171286	(16,14)
-0.00238595491750679835086018381	(16,15)
-0.00165081494872381951128573813	(16,16)
-0.00093989887436506293941419619	(16,17)
-0.00028785864651421321978394022	(16,18)
0.00027323115257442309316407978	(16,19)
0.00071720594601480774957855643	(16,20)
0.00102674813370529320710921182	(16,21)
0.00119553360469007341980112845	(16,22)
0.00122926756570311938735145114	(16,23)
0.00114541373837286368963628668	(16,24)
0.00097157937237517664663778553	(16,25)
0.00074268973884866281485352392	(16,26)
0.00049724601365925926196508251	(16,27)
0.00027308701828971716092913312	(16,28)
0.0001031498901212512143262599	(16,29)
0.0000117362399092779786588	(16,30)
-0.00656115533858247948052718884	(17,1)
-0.0065603319688588760193625286	(17,2)
-0.0065547808379955388519955836	(17,3)
-0.00653691969710254184162214041	(17,4)
-0.00649596222828383193522138611	(17,5)
-0.0064186705943255833187742387	(17,6)
-0.00629041150395181570312392821	(17,7)
-0.00609651287135992859006358418	(17,8)
-0.00582387145797266157035065918	(17,9)
-0.00546270339678993450136280461	(17,10)
-0.00500827064362904201442646185	(17,11)
-0.00446237074062475652761630058	(17,12)
-0.00383435781972556392843338418	(17,13)
-0.00314147913292939887658358834	(17,14)
-0.00240836741038564625833616223	(17,15)
-0.00166562165490391646624796847	(17,16)
-0.00094752692207188442583071464	(17,17)
-0.00028909059576470037522294465	(17,18)
0.00027731131660285613642605327	(17,19)
0.00072529919165676606171535358	(17,20)
0.00103744942907835736286465893	(17,21)
0.00120745084929695691566230092	(17,22)
0.00124113659893440540255746745	(17,23)
0.00115619671820075170235805877	(17,24)
0.0009805366798603667500315718	(17,25)
0.00074941949396031669195955805	(17,26)
0.00050168946350670388828159362	(17,27)
0.00027550174594160121265052834	(17,28)
0.0001040555159649777550997913	(17,29)
0.0000118389124045529550263515	(17,30)
-0.00642614360513030569780389672	(18,1)
-0.0064253363057466141282952034	(18,2)
-0.00641989352394346514165759709	(18,3)
-0.0064023810433817722599382825	(18,4)
-0.00636222331929215210016349342	(18,5)
-0.0062864417748381055193411316	(18,6)
-0.00616069109535147726211704127	(18,7)
-0.00597059069610589374149302622	(18,8)
-0.00570330257849035156057686838	(18,9)
-0.00534924920798437361406732505	(18,10)
-0.00490380711877863924063431301	(18,11)
-0.00436876706991751677101277658	(18,12)
-0.00375333259095060913737156545	(18,13)
-0.0030744451441711529792880937	(18,14)
-0.00235627963869069752493804958	(18,15)
-0.0016288452468159223075464611	(18,16)
-0.0009257427469608684716783506	(18,17)
-0.00028125443080407452492421828	(18,18)
0.00027294380017218711975845098	(18,19)
0.00071107576301911128324228695	(18,20)
0.00101615531553197106204362987	(18,21)
0.0011820850997150270476984055	(18,22)
0.00121465153768897771296744266	(18,23)
0.00113122859627011627623671848	(18,24)
0.00095915980372284106040345115	(18,25)
0.00073295597052381280157441166	(18,26)
0.00049060173716422720893634482	(18,27)
0.00026938563149041623784704031	(18,28)
0.0001017386054483843068268051	(18,29)
0.0000115749134818161944881045	(18,30)
-0.00607808403121305714923281081	(19,1)
-0.00607731955548132538590856218	(19,2)
-0.00607216549260294528591139738	(19,3)
-0.00605558202394476082794439225	(19,4)
-0.00601755484738596806257772085	(19,5)
-0.00594579476018562035680082829	(19,6)
-0.0058267198524787783646368808	(19,7)
-0.00564671767785803996642948067	(19,8)
-0.00539364105672789601928670524	(19,9)
-0.00505843639714643453177703455	(19,10)
-0.00463674833335995730432786546	(19,11)
-0.00413030186778493034247302602	(19,12)
-0.00354784531866647595729303091	(19,13)
-0.00290545325971199331731634269	(19,14)
-0.00222604181161206342990548728	(19,15)
-0.00153803575635206939898928889	(19,16)
-0.00087323770466942549915519478	(19,17)
-0.0002640680741513669788411373	(19,18)
0.0002595479813361151376472085	(19,19)
0.00067329294458839447407623763	(19,20)
0.00096118198261411078070239287	(19,21)
0.00111753431474783968768378348	(19,22)
0.00114789820217361729013171027	(19,23)
0.00106875568006288466015047904	(19,24)
0.0009059817087900184887990511	(19,25)
0.00069219048297849460669310899	(19,26)
0.00046324731335673062376947979	(19,27)
0.0002543375133966216893226046	(19,28)
0.00009604833587742315634022711	(19,29)
0.0000109271228645175580692544	(19,30)
-0.00551619072880087264347702502	(20,1)
-0.00551549603205759927579978973	(20,2)
-0.00551081241961341343431125184	(20,3)
-0.00549574269091927554668982636	(20,4)
-0.00546118687333912177868638538	(20,5)
-0.00539597839547940986581583992	(20,6)
-0.00528777749200558434786500202	(20,7)
-0.00512421948700542843467234424	(20,8)
-0.00489427569506677828107925945	(20,9)
-0.00458973466520286281553748804	(20,10)
-0.00420666120931645261299910391	(20,11)
-0.00374665181904218379097315321	(20,12)
-0.00321768892152609638081894311	(20,13)
-0.00263441122375554970685007493	(20,14)
-0.00201766632310222578648891514	(20,15)
-0.00139329165028230151527214172	(20,16)
-0.00079017110455704662422356982	(20,17)
-0.00023772277169246276562254295	(20,18)
0.00023692949318310318461237363	(20,19)
0.00061177808324286582693796952	(20,20)
0.00087239608832506018465748973	(20,21)
0.00101371287541435709845390643	(20,22)
0.00104083770693373379223008988	(20,23)
0.00096877699262029288706980343	(20,24)
0.00082102565652187108566059949	(20,25)
0.00062715573651210677920120481	(20,26)
0.00041965600000796091055201557	(20,27)
0.00023037701439529149206679986	(20,28)
0.00008699293916002888237021351	(20,29)
9.8965239006040258948179e-6	(20,30)
-0.00474842813067283410749923912	(21,1)
-0.00474782928818160545198820779	(21,2)
-0.00474379192379970529862049434	(21,3)
-0.00473080156503036104270309078	(21,4)
-0.00470101409258080932445396674	(21,5)
-0.00464480455323933995433230257	(21,6)
-0.00455153810227659023894001925	(21,7)
-0.00441056108434075119949697685	(21,8)
-0.00421237568450808502645261872	(21,9)
-0.00394991824012923549269410067	(21,10)
-0.00361981774596945300727869782	(21,11)
-0.00322347750128496252984527018	(21,12)
-0.00276780901775477989297315082	(21,13)
-0.00226546041059882989699201479	(21,14)
-0.00173442424613434512590921887	(21,15)
-0.00119697936886002381690743127	(21,16)
-0.00067800914766286562862762937	(21,17)
-0.00020283199702396595217093593	(21,18)
0.00020523620999406518840837591	(21,19)
0.00052730882678925754937132077	(21,20)
0.0007510416938891906663268023	(21,21)
0.00087214893105570818989920494	(21,22)
0.00089509718004399184905397284	(21,23)
0.00083284854967405486182474335	(21,24)
0.00070563865775756502765749391	(21,25)
0.00053889816954892792082002635	(21,26)
0.0003605372733812234733609873	(21,27)
0.00019789741541550271434215716	(21,28)
0.00007472188051660767686361871	(21,29)
8.5001746758593317709946e-6	(21,30)
-0.00378969173421211763831204374	(22,1)
-0.00378921308644493387990662347	(22,2)
-0.00378598607132773984203733549	(22,3)
-0.003775603072257725985338284	(22,4)
-0.00375179458276119942712159248	(22,5)
-0.00370686822662562421408359869	(22,6)
-0.00363232565977351217448633097	(22,7)
-0.00351965579396868470027468731	(22,8)
-0.0033612749931963439852530928	(22,9)
-0.00315155005484853336753665905	(22,10)
-0.00288780478923792247501847911	(22,11)
-0.00257118407898896947934051498	(22,12)
-0.00220723833071964397598719198	(22,13)
-0.00180610200748640157527394184	(22,14)
-0.00138217459882334743885372	(22,15)
-0.00095326856522950291213491906	(22,16)
-0.00053925957510882771266431139	(22,17)
-0.00016034925763544147065646198	(22,18)
0.00016488253783287118041533756	(22,19)
0.00042141215913399361545668716	(22,20)
0.00059945164898445766885754653	(22,21)
0.00069564764600246772512792164	(22,22)
0.00071362292072889857189166718	(22,23)
0.00066375969228392611998878431	(22,24)
0.00056221655846158861520848465	(22,25)
0.0004292675577695415364844822	(22,26)
0.00028713927432084131765580866	(22,27)
0.00015758815659761561606521511	(22,28)
0.00005949657016373902306502192	(22,29)
6.7678747311401939774999e-6	(22,30)
-0.00265967933678746378330324685	(23,1)
-0.00265934290113671779653863786	(23,2)
-0.00265707467378402749212817277	(23,3)
-0.00264977662153865009000718562	(23,4)
-0.0026330421348009262180042175	(23,5)
-0.0026014648713859756304277774	(23,6)
-0.0025490728753418507922265934	(23,7)
-0.00246988689652271416367625567	(23,8)
-0.0023585821927565068718389821	(23,9)
-0.00221120846508593206104550916	(23,10)
-0.00202589784347243045217370237	(23,11)
-0.00180347184737447835737468084	(23,12)
-0.00154785060102988386918854193	(23,13)
-0.00126617538302184930297434837	(23,14)
-0.00096858032449701856168676483	(23,15)
-0.00066758898814387078130636498	(23,16)
-0.00037716167617064300731019236	(23,17)
-0.00011147212525948590360271934	(23,18)
0.00011646097490942231509443721	(23,19)
0.00029612977613570905152891107	(23,20)
0.00042071076070823875433544192	(23,21)
0.00048789832008239068673326175	(23,22)
0.00050027587819916847555284619	(23,23)
0.00046515570731729870872256489	(23,24)
0.00039388359129371324624719807	(23,25)
0.00030067182916800744416457167	(23,26)
0.00020108452270774294071442963	(23,27)
0.0001103445562906755781980745	(23,28)
0.00004165624810818306982809506	(23,29)
4.7382826472361648852966e-6	(23,30)
-0.00138081827816950698873439706	(24,1)
-0.00138064341958660411038021568	(24,2)
-0.00137946453519543730361921978	(24,3)
-0.00137567146864674921450435067	(24,4)
-0.00136697399696296886190196378	(24,5)
-0.00135056245695437152935018734	(24,6)
-0.00132333358247066558665688337	(24,7)
-0.00128218100225865729518961064	(24,8)
-0.00122433959133442781804276202	(24,9)
-0.0011477600063703440653663227	(24,10)
-0.00105147682586039405806532529	(24,11)
-0.00093592382100374401680494275	(24,12)
-0.00080314594308348385149224532	(24,13)
-0.00065686176868160353300301638	(24,14)
-0.00050234315929657528087504096	(24,15)
-0.00034609981850343679953786508	(24,16)
-0.00019538261949424552105190033	(24,17)
-0.00005754706826100360187846986	(24,18)
0.00006065751112550475096661516	(24,19)
0.00015379085706691953189410192	(24,20)
0.00021832871296937632637649647	(24,21)
0.00025309239707528964230444787	(24,22)
0.00025943802577289000900619336	(24,23)
0.00024117040058390618147422145	(24,24)
0.00020418024099469559622374148	(24,25)
0.00015583815834577142753501653	(24,26)
0.0001042097970875399165993816	(24,27)
0.00005717980196349739478598032	(24,28)
0.00002158472321902510374995385	(24,29)
2.4551306102016333183569e-6	(24,30)
0.00002350601371992393620486862	(25,1)
0.0000235026919405936784138974	(25,2)
0.00002348029785822241828023719	(25,3)
0.00002340825805948385507391768	(25,4)
0.0000232431479952649108917533	(25,5)
0.00002293188837657629907429642	(25,6)
0.00002241631651667124484050574	(25,7)
0.00002163913732930680086448255	(25,8)
0.00002055100536370329394193428	(25,9)
0.00001911816839153713299960562	(25,10)
0.00001732978431667818284900799	(25,11)
0.00001520379401964191345251844	(25,12)
0.0000127901788888282020915896	(25,13)
0.00001017061330538539308209456	(25,14)
7.45395159163892359516544e-6	(25,15)
4.76761736858299554433044e-6	(25,16)
2.24568309343601198002232e-6	(25,17)
1.50905021478060311191e-8	(25,18)
-1.81808651122289739215186e-6	(25,19)
-3.18031817270248376742203e-6	(25,20)
-4.03848472907401673071321e-6	(25,21)
-4.40279799573207321957485e-6	(25,22)
-4.32447998981382310879222e-6	(25,23)
-3.88876965145648728140794e-6	(25,24)
-3.20453624393950048416579e-6	(25,25)
-2.39217157147440269662694e-6	(25,26)
-1.57144830510434964399928e-6	(25,27)
-8.5070982251995769839755e-7	(25,28)
-3.1823030306396785222062e-7	(25,29)
-3.603151068813736727331e-8	(25,30)
0.00153030384988534025105671398	(26,1)
0.00153010844872431397595605188	(26,2)
0.00152879107351518859164995248	(26,3)
0.00152455248079502608392438867	(26,4)
0.00151483381778724350804396619	(26,5)
0.00149649686911466512031903555	(26,6)
0.00146607787606028824649459065	(26,7)
0.00142011438272435159754413885	(26,8)
0.00135553278942078667828633191	(26,9)
0.0012700695150960166379947363	(26,10)
0.0011626838642031527603969742	(26,11)
0.00103390944451352425068247238	(26,12)
0.00088608673755044919882972844	(26,13)
0.00072342466884804650040593431	(26,14)
0.00055185457680272495932666262	(26,15)
0.00037866457622874493376178904	(26,16)
0.00021193265788481437691480431	(26,17)
0.0000598081409431276695451237	(26,18)
-0.00007028212805250036493582712	(26,19)
-0.00017240910922085550301633411	(26,20)
-0.00024280029463288280208626038	(26,21)
-0.00028029343361787834563184311	(26,22)
-0.00028651964216694307526017768	(26,23)
-0.00026578279670269321639669283	(26,24)
-0.0002246396223659677302421529	(26,25)
-0.00017122206574568642561087008	(26,26)
-0.00011437538135763378814357727	(26,27)
-0.00006270788213060641298540646	(26,28)
-0.00002365900564075637877273032	(26,29)
-2.6903562703572882477501e-6	(26,30)
0.00311790435422810971344586993	(27,1)
0.00311750551003129201059212209	(27,2)
0.00311481654514678817740885542	(27,3)
0.00310616496332358329152537407	(27,4)
0.00308632797238813972559209566	(27,5)
0.00304890078885325685006846375	(27,6)
0.00298681548012288558721323972	(27,7)
0.0028930092593113780381836843	(27,8)
0.0027612169435612905143671168	(27,9)
0.00258683190155031820374349608	(27,10)
0.00236774939505871062342807683	(27,11)
0.00210508317610507249107949852	(27,12)
0.00180363766106406215622636176	(27,13)
0.00147202908402438047327928985	(27,14)
0.00112238135596215011091772813	(27,15)
0.00076957321108850209367717445	(27,16)
0.00043007566424914552325431586	(27,17)
0.00012048278547103344764867883	(27,18)
-0.0001441068987637882012550998	(27,19)
-0.00035166653638723403092847616	(27,20)
-0.00049457488872098286004226789	(27,21)
-0.0005705294019522501523603721	(27,22)
-0.00058290704204442640356655279	(27,23)
-0.00054050813069306277332532911	(27,24)
-0.00045669454224645644534140786	(27,25)
-0.00034800848589297863825281606	(27,26)
-0.00023242172443007250598548849	(27,27)
-0.00012740967442324905451089886	(27,28)
-0.00004806559651859923928927781	(27,29)
-5.465456807574479926513e-6	(27,30)
0.00476649946810634384954661249	(28,1)
0.00476588812043358126431623605	(28,2)
0.0047617664862842309150293	(28,3)
0.00474850545374403688275156381	(28,4)
0.00471810000921876614723968359	(28,5)
0.00466073460120464227169499062	(28,6)
0.00456558001647594597852100429	(28,7)
0.00442182017000334659078738523	(28,8)
0.00421986975286972224866388865	(28,9)
0.00395269664938168722181522186	(28,10)
0.00361711598755065335125848596	(28,11)
0.0032148871843294960597109504	(28,12)
0.00275343249808353904603654585	(28,13)
0.00224601334299934375740429277	(28,14)
0.00171125136147932756684782242	(28,15)
0.00117196055386535458751146853	(28,16)
0.0006533535615117105745065134	(28,17)
0.00018078364195386121467430171	(28,18)
-0.00022273352954361401650457421	(28,19)
-0.00053892283004898668388998829	(28,20)
-0.00075627230144386284695781891	(28,21)
-0.00087140499351466174587246546	(28,22)
-0.00088960400106170274742760791	(28,23)
-0.00082439745692177590103240583	(28,24)
-0.00069622619630956325887990767	(28,25)
-0.0005303295139569111063436028	(28,26)
-0.00035407905591641659993615194	(28,27)
-0.00019405614580578645934467587	(28,28)
-0.00007319709754464667033053466	(28,29)
-8.3224901121980592826575e-6	(28,30)
0.00645839001026835710502769594	(29,1)
0.00645755914425104699282339848	(29,2)
0.00645195755318308799439085985	(29,3)
0.0064339349938035587952888312	(29,4)
0.00639261280251282063629423894	(29,5)
0.00631465354774133923361144857	(29,6)
0.00618534651546701901085580604	(29,7)
0.00599000695407208665110302343	(29,8)
0.00571563554381904074933511537	(29,9)
0.00535271992342639118053559103	(29,10)
0.00489699551870602498436474815	(29,11)
0.00435093438839368211274015413	(29,12)
0.00372471371936563029560428042	(29,13)
0.00303644089699276646708087165	(29,14)
0.00231148289269747554262848665	(29,15)
0.0015808575826938794246279836	(29,16)
0.0008787778321722461404107656	(29,17)
0.00023957352162739594255359364	(29,18)
-0.0003056720707562506905658236	(29,19)
-0.0007323680270089016687635827	(29,20)
-0.0010251306032744569071548324	(29,21)
-0.00117960496697273091595986547	(29,22)
-0.00120313564420492621116440121	(29,23)
-0.00111416821946068053114840634	(29,24)
-0.00094042126933160735933408772	(29,25)
-0.0007160175279891934244022248	(29,26)
-0.00047788741717558774500114443	(29,27)
-0.00026184203096080072184059641	(29,28)
-0.0000987484943820185798958784	(29,29)
-0.0000112267043108385406777013	(29,30)
0.00817801912660960756248680102	(30,1)
0.00817696351653332276506314886	(30,2)
0.00816984674404440141873120111	(30,3)
0.00814694940439387203790477631	(30,4)
0.008094451247709235636346343	(30,5)
0.00799541080836980033994243382	(30,6)
0.00783114796126493679787797113	(30,7)
0.00758302690565524606767344018	(30,8)
0.00723457091974374339784719424	(30,9)
0.00677375711722728367849365946	(30,10)
0.00619525647598966038435677073	(30,11)
0.00550232237061377915052768097	(30,12)
0.00470800968358251865267253407	(30,13)
0.00383544037595542964988734299	(30,14)
0.00291692397737315805203830212	(30,15)
0.00199188396672841995389991879	(30,16)
0.00110371256423515820512187595	(30,17)
0.00029584784460678969535878958	(30,18)
-0.000392493084563022729747686	(30,19)
-0.00093040952110983961618986467	(30,20)
-0.00129871881120615600893892933	(30,21)
-0.00149221170642690517842891225	(30,22)
-0.00152044480734826433813745344	(30,23)
-0.001406933608689323108315552	(30,24)
-0.00118680670808591689310058949	(30,25)
-0.00090316790657772004706611633	(30,26)
-0.00060256449929620122517737518	(30,27)
-0.00033006028242380319829776605	(30,28)
-0.0001244520376132009912485587	(30,29)
-0.000014147597008926964766006	(30,30)
0.00991186833866151972030883922	(31,1)
0.00991058430979268690299898888	(31,2)
0.00990192758872821269322002073	(31,3)
0.00987407587072522963078273427	(31,4)
0.00981021975208428059665390741	(31,5)
0.00968975669543951511752281817	(31,6)
0.00948997729756944578194991783	(31,7)
0.00918824099364513995725568802	(31,8)
0.00876455683121350719884251896	(31,9)
0.00820438253546658184631626576	(31,10)
0.00750135298715436602540219429	(31,11)
0.00665957328207680468071142863	(31,12)
0.00569508655289188770366524132	(31,13)
0.00463617008891795947053028828	(31,14)
0.00352222936014768795073989996	(31,15)
0.00240123673964879030788022783	(31,16)
0.00132587335534552024955776663	(31,17)
0.00034874181000774009148105882	(31,18)
-0.00048281447800189086759671761	(31,19)
-0.00113165523737008445858171889	(31,20)
-0.00157491858397733387390330879	(31,21)
-0.00180668727794575075109576243	(31,22)
-0.00183887584070361408493139502	(31,23)
-0.00170018900129312527432979535	(31,24)
-0.00143323921450055914929051457	(31,25)
-0.00109013158646075440912584528	(31,26)
-0.00072700096060247092317589964	(31,27)
-0.00039809961854870348113474065	(31,28)
-0.0001500763460099496589938152	(31,29)
-0.000017058814915987223136586	(31,30)
0.0116482754340789261068303397	(32,1)
0.0116467606521350465987183678	(32,2)
0.01163654825323653226910247253	(32,3)
0.01160369164617494115573469944	(32,4)
0.01152836231165478647829826269	(32,5)
0.01138626131661605099984899312	(32,6)
0.01115061436676404992376693601	(32,7)
0.01079474722995896115717161686	(32,8)
0.01029514091081737604382284812	(32,9)
0.00963474347207918647115210267	(32,10)
0.0088061934508316825497632032	(32,11)
0.00781451961481090675712465346	(32,12)
0.00667885330603004769868359545	(32,13)
0.00543274363678188856744440508	(32,14)
0.00412280713995823780688354331	(32,15)
0.00280565735030628304351109473	(32,16)
0.00154331313774407777435834062	(32,17)
0.00039753245101293315639503705	(32,18)
-0.0005762864482681251918135987	(32,19)
-0.00133488921048775954078195395	(32,20)
-0.001851894159891836466408255	(32,21)
-0.00212084124973036075811730123	(32,22)
-0.00215614337798442039817127477	(32,23)
-0.00199178409687076662489405873	(32,24)
-0.00167788239721276168396714044	(32,25)
-0.00127549805210715688588012001	(32,26)
-0.0008502492651127236816296795	(32,27)
-0.00046543848247669335638671655	(32,28)
-0.0001754241463068506060143718	(32,29)
-0.000019937897881692284557227	(32,30)
0.01337721698823483321758062658	(33,1)
0.01337547028040579765926009418	(33,2)
0.01336369430555646089473256355	(33,3)
0.01332580750227204279529914669	(33,4)
0.01323894752866592674530416958	(33,5)
0.0130751025454728943911292212	(33,6)
0.01280341876657738969826831642	(33,7)
0.01239318087859507940527096095	(33,8)
0.01181734795010410934046933537	(33,9)
0.01105638416081701966539352046	(33,10)
0.01010198122861650929823965201	(33,11)
0.00896016468597589444576868132	(33,12)
0.00765324454690057849281256325	(33,13)
0.00622013677537572027253372338	(33,14)
0.00471475038954785461731035237	(33,15)
0.00320238758029933404036187999	(33,16)
0.0017544007588246410800164883	(33,17)
0.00044163717072974357159013776	(33,18)
-0.00067257656131512401416558354	(33,19)
-0.00153904442116794795808226306	(33,20)
-0.00212805733667910123028238174	(33,21)
-0.0024327921059120775377630372	(33,22)
-0.00247029406415945376509789672	(33,23)
-0.00227988815991615404829562878	(33,24)
-0.00191917784125587676074537789	(33,25)
-0.00145807352818286500926470597	(33,26)
-0.00097150922924298744785975316	(33,27)
-0.00053163715990232743969177906	(33,28)
-0.0002003293090155753486288472	(33,29)
-0.000022765942348841944414765	(33,30)
0.01509008407224978161654390032	(34,1)
0.01508810528001800413432703075	(34,2)
0.01507476466985677968910326161	(34,3)
0.01503184437242421222069440555	(34,4)
0.0149334468352464795167199837	(34,5)
0.01474784722196203030440878048	(34,6)
0.01444011597675412730152210066	(34,7)
0.01397550799731986651881892612	(34,8)
0.01332348380147827710294411967	(34,9)
0.01246206328154704137456255449	(34,10)
0.0113820490729434741039863064	(34,11)
0.01009053710061735078648668499	(34,12)
0.00861309761338531404011276346	(34,13)
0.00699408899734683018845295877	(34,14)
0.0052947640268725607446556352	(34,15)
0.00358912137338983534999317379	(34,16)
0.00195779626151842903824999748	(34,17)
0.00048060987710613397956901887	(34,18)
-0.00077135626063066408088235969	(34,19)
-0.00174317608359057064567906264	(34,20)
-0.00240203199637000432506707036	(34,21)
-0.0027409274589555662556638176	(34,22)
-0.00277966657051987918117365772	(34,23)
-0.00256295331910433310452852412	(34,24)
-0.00215581428953147830279522333	(34,25)
-0.0016368575778101385237388865	(34,26)
-0.0010901124203535146343420268	(34,27)
-0.00059632923279002462644823279	(34,28)
-0.0002246536249270246860728569	(34,29)
-0.000025527234816918279494395	(34,30)
0.01677946862382120476862890902	(35,1)
0.01677725848558894133117222373	(35,2)
0.01676235822806660278786024414	(35,3)
0.01671442059984137275734278669	(35,4)
0.01660452322231726166000745618	(35,5)
0.01639724267174708137507104732	(35,6)
0.01605359349625930200914056411	(35,7)
0.01553482852616523177847839347	(35,8)
0.01480694818006899872281338665	(35,9)
0.01384557951984637032297056768	(35,10)
0.01264070056132259056167991779	(35,11)
0.01120055099396786032906062326	(35,12)
0.00955403410287540329195013427	(35,13)
0.0077510080988593417330217013	(35,14)
0.00586009325579994380751250275	(35,15)
0.00396395693009384026010149305	(35,16)
0.00215242532871636917597888179	(35,17)
0.00051413545711766541811523606	(35,18)
-0.00087228954338884598671615144	(35,19)
-0.00194643728719048812081352665	(35,20)
-0.00267262089106591836845822872	(35,21)
-0.00304386622161363605191237702	(35,22)
-0.00308285315058385919652400022	(35,23)
-0.00283967896165717240899422031	(35,24)
-0.00238669751971845839364195322	(35,25)
-0.00181102008745976314190984857	(35,26)
-0.00120550673719943539506872962	(35,27)
-0.0006592131013421202430198631	(35,28)
-0.0002482835994137473218618196	(35,29)
-0.000028208886876302140361307	(35,30)
0.01843896997602260839048537763	(36,1)
0.01843653003633540572692803363	(36,2)
0.01842008055456546454048767277	(36,3)
0.01836715924893653071273892092	(36,4)
0.01824583987240006080524770315	(36,5)
0.01801702782868773987026584448	(36,6)
0.01763771608572001186865344844	(36,7)
0.0170651977312687149350194269	(36,8)
0.01626206477261139282046824353	(36,9)
0.01520161305670022321838127854	(36,10)
0.01387306574922279222994352195	(36,11)
0.01228587847120968577059014171	(36,12)
0.01047235132379334009145944605	(36,13)
0.00848788224419080233488602085	(36,14)
0.00640845704197574615143294338	(36,15)
0.00432535147865644666310046169	(36,16)
0.00233745428787900408961794428	(36,17)
0.00054202305738018006690351404	(36,18)
-0.00097502413787490454452158877	(36,19)
-0.00214805796595396568604875202	(36,20)
-0.00293877611747199052486231655	(36,21)
-0.00334042442649173407927956115	(36,22)
-0.00337866449529303081982904118	(36,23)
-0.00310897888171845518305442921	(36,24)
-0.00261092234061729182471421312	(36,25)
-0.001979879739106939884892618	(36,26)
-0.00131724191637370272640193284	(36,27)
-0.0007200439860872298409581151	(36,28)
-0.0002711274209618375730924307	(36,29)
-0.000030800489662049237148053	(36,30)
0.02006302565734136563873724757	(37,1)
0.02006035819896349943492000958	(37,2)
0.02004237489312675887741767004	(37,3)
0.01998451957778567777525791916	(37,4)
0.01985189276741870788992074484	(37,5)
0.0196017679816463336897181591	(37,6)
0.0191871640536354173493086776	(37,7)
0.0185614698181255257176548523	(37,8)
0.01768393229335692050258800619	(37,9)
0.01652558639944449931102220685	(37,10)
0.0150749741674555458660039732	(37,11)
0.01334283703166336158396187082	(37,12)
0.01136492607507637496598796158	(37,13)
0.00920220151089988041820726699	(37,14)
0.00693798816807257244423678985	(37,15)
0.00467207982610814306150843748	(37,16)
0.00251226635452370059083881934	(37,17)
0.00056419845714394181601222103	(37,18)
-0.00107918524158592724707636213	(37,19)
-0.00234732753967852071408736707	(37,20)
-0.00319957383901151184183902645	(37,21)
-0.003629585388654427334175124	(37,22)
-0.00366609863917273769403301091	(37,23)
-0.00336995191362311108629981993	(37,24)
-0.00282774735163371024195961341	(37,25)
-0.00214288447807898730939637004	(37,26)
-0.00142495631458149403846167199	(37,27)
-0.0007786266063487821807418526	(37,28)
-0.0002931121791498452463114822	(37,29)
-0.000033293796348865346317536	(37,30)
0.02164676717914466636272795426	(38,1)
0.02164387517414276951443232981	(38,2)
0.02162437809153282224008692125	(38,3)
0.02156165338490772846974602856	(38,4)
0.02141786797982678182574307708	(38,5)
0.02114671384473162473459447368	(38,6)
0.02069729527039337647880138843	(38,7)
0.0200191643760185916554409956	(38,8)
0.01906829711850295232085812774	(38,9)
0.01781354514716011360027099875	(38,10)
0.01624284571192420990807446751	(38,11)
0.01436829247469633010289730022	(38,12)
0.0122291311974627894048889621	(38,13)
0.00989188930533189586625627933	(38,14)
0.0074471802049516852747692017	(38,15)
0.00500319697366082549634627921	(38,16)
0.00267643934625495526366173309	(38,17)
0.00058069571031976854081492437	(38,18)
-0.00118437170253702658905351151	(38,19)
-0.00254358117304588220026033186	(38,20)
-0.00345419326600104429557666758	(38,21)
-0.00391047428195993521734858437	(38,22)
-0.00394431403641094384449252002	(38,23)
-0.00362185619818838223797460202	(38,24)
-0.00303657261928461931155481568	(38,25)
-0.0022995941132580119832013076	(38,26)
-0.00152836506902255475661720003	(38,27)
-0.0008348085959171616469186815	(38,28)
-0.0003141813562623058106444246	(38,29)
-0.000035682435509838949022346	(38,30)
0.02318589954608180264555084033	(39,1)
0.02318278662222760797862133256	(39,2)
0.02316180023056803791105891239	(39,3)
0.02309428497043221448547554048	(39,4)
0.02293952239486000577235409642	(39,5)
0.02264768371345059137137052489	(39,6)
0.02216402969715428498564854588	(39,7)
0.02143435447842458722641726929	(39,8)
0.02041144637811864248227816692	(39,9)
0.01906205764319480983456327609	(39,10)
0.0173735984740741502555122283	(39,11)
0.01535957645451492409587184096	(39,12)
0.01306276420497147658632624365	(39,13)
0.01055524311696431845357326462	(39,14)
0.00793484103944162633340540009	(39,15)
0.00531800461138033527173551825	(39,16)
0.00282972484606740366797742309	(39,17)
0.00059164817549652383806206025	(39,18)
-0.00129015441949810626847009527	(39,19)
-0.00273618936492392782602536142	(39,20)
-0.00370189958605234884967642301	(39,21)
-0.00418233683870678184283558597	(39,22)
-0.004212606560915973901870585	(39,23)
-0.00386408689435544730303580749	(39,24)
-0.00323692014231708926389576241	(39,25)
-0.00244966497186938320574302391	(39,26)
-0.00162724959519626527872247621	(39,27)
-0.000888474638442218821066988	(39,28)
-0.0003342925871920079222556867	(39,29)
-0.000037961654803451826411879	(39,30)
0.02467660220003978283247110945	(40,1)
0.02467327261913228726773799645	(40,2)
0.02465082566024769107277755752	(40,3)
0.02457861243079517741214101309	(40,4)
0.02441308559748421373025343931	(40,5)
0.02410096646765962149664438971	(40,6)
0.02358375423608189288113775464	(40,7)
0.0228035743153790311441012481	(40,8)
0.02171011948042625970430938142	(40,9)
0.02026813162260578828491978243	(40,10)
0.0184645717900043136974904799	(40,11)
0.01631441716997463950171473265	(40,12)
0.01386398672629940189229676924	(40,13)
0.0111908836135259934391337411	(40,14)
0.00840005225009409840739877759	(40,15)
0.0056160210745222421988084945	(40,16)
0.00297202867153612748317519465	(40,17)
0.00059727902927716906193863002	(40,18)
-0.00139607667858505321397185486	(40,19)
-0.00292455045974068953638134612	(40,20)
-0.00394203037508707714968112216	(40,21)
-0.00444452169997161965997774477	(40,22)
-0.00447039000079337144000325662	(40,23)
-0.00409615697947587528109939039	(40,24)
-0.00342841683458260512792586854	(40,25)
-0.00259283642247548647218590918	(40,26)
-0.00172144830872742075955578437	(40,27)
-0.000939541265075977811755383	(40,28)
-0.0003534156671586957302671528	(40,29)
-0.000040128092730689531313986	(40,30)
0.02611544869498112300015889089	(41,1)
0.02611190734003674577005650556	(41,2)
0.02608803274330803001935113451	(41,3)
0.02601122759454874069602206194	(41,4)
0.02583518024898369697493923338	(41,5)
0.02550324277910699877856798129	(41,6)
0.02495324531446933324133395383	(41,7)
0.02412374385370165063039412516	(41,8)
0.02296143568265718158533516031	(41,9)
0.02142914562734562004819615328	(41,10)
0.0195134624833292598227634478	(41,11)
0.01723088141082858911834323476	(41,12)
0.01463127326431704901427363427	(41,13)
0.01179771090374718776498170397	(41,14)
0.00884213349470512044074920002	(41,15)
0.00589695426234917598467298327	(41,16)
0.00310339246699584264165902393	(41,17)
0.00059789135486171657424650192	(41,18)
-0.00150165611813414143921872435	(41,19)
-0.00310808562610171100805880042	(41,20)
-0.0041739849590578940015181764	(41,21)
-0.00469646587707718218577347302	(41,22)
-0.00471717955027925845244076033	(41,23)
-0.00431768071896258143938715316	(41,24)
-0.00361077970130596213503486314	(41,25)
-0.00272891903828212695948418904	(41,26)
-0.00181084842952532958055635579	(41,27)
-0.0009879522411019624619777372	(41,28)
-0.0003715307807304660637363115	(41,29)
-0.000042179575511984422844066	(41,30)
0.02749934235564873375412289328	(42,1)
0.02749559472427009056674757638	(42,2)
0.0274703295617457482418223151	(42,3)
0.02738905186293127008904398095	(42,4)
0.02720275823487950419117538711	(42,5)
0.02685152183938684596670441288	(42,6)
0.02626960657544856181586963069	(42,7)
0.02539210798426918030290065202	(42,8)
0.02416283529030716318904750699	(42,9)
0.02254279293512967748507466635	(42,10)
0.0205182722565365213360304605	(42,11)
0.0181073261686758973513392278	(42,12)
0.0153633677759029597077015674	(42,13)
0.01237486679512903553786358697	(42,14)
0.0092606110788340115059234075	(42,15)
0.00616067702842102721852160564	(42,16)
0.00322397624429860886995129716	(42,17)
0.00059385790449973024119168147	(42,18)
-0.0016063880101870361947841955	(42,19)
-0.00328623584751591689433135659	(42,20)
-0.00439721619862365160040569822	(42,21)
-0.00493768278777218508353582215	(42,22)
-0.00495257780478648130882837606	(42,23)
-0.00452835938711676018093338277	(42,24)
-0.00378380288375213411377693725	(42,25)
-0.00285778417103781317325402186	(42,26)
-0.00189537872448192909755577304	(42,27)
-0.0010336744667096780296333131	(42,28)
-0.0003886269249214088057207077	(42,29)
-0.000044114936045612965671847	(42,30)
0.02882546533455934180147916115	(43,1)
0.02882151753614435896033260992	(43,2)
0.02879490300354682669521263193	(43,3)
0.0287092853799586151048876032	(43,4)
0.02851305002643173079632593889	(43,5)
0.0281430910836412348556750386	(43,6)
0.02753021920571471960921886724	(43,7)
0.02660618777050152116745915893	(43,8)
0.02531203221752870489657650334	(43,9)
0.02360703589311162162877481932	(43,10)
0.02147726432298252834435410384	(43,11)
0.01894235814798372401881935052	(43,12)
0.01605924668829025145016979966	(43,13)
0.01292170197172889517192089046	(43,14)
0.00965518995275238722664352382	(43,15)
0.00640720460759813606517196693	(43,16)
0.00333404173063268451145784353	(43,17)
0.00058561064426833600459132789	(43,18)
-0.00170974955780884628962926742	(43,19)
-0.0034584604974229111888407512	(43,20)
-0.00461122420706724899357420351	(43,21)
-0.00516775237322885591720125171	(43,22)
-0.00517626280602807504090933621	(43,23)
-0.00472796885674327146226910182	(43,24)
-0.00394734627517388088423396742	(43,25)
-0.00297935472520884185366155587	(43,26)
-0.00197500305672762681310766162	(43,27)
-0.0010766943230224393379001268	(43,28)
-0.0004047005012408679751915452	(43,29)
-0.000045933852139686375310143	(43,30)
0.03009123874390754339020173163	(44,1)
0.03008709749868894333867686484	(44,2)
0.030059178908768791893342371	(44,3)
0.02996936721832557074744949073	(44,4)
0.02976352495836781588337205519	(44,5)
0.02937547664356542858258385686	(44,6)
0.02873270268526477322733409425	(44,7)
0.02776374166115649631096771799	(44,8)
0.02640697588215037920551211662	(44,9)
0.02462006877695424213246572609	(44,10)
0.02238892758616073123626345934	(44,11)
0.01973479970790828361665006409	(44,12)
0.01671808713983923452192366306	(44,13)
0.01343774716065684748561921461	(44,14)
0.01002572849604310957963117541	(44,15)
0.00663667372224165558672842319	(44,16)
0.00343393642389370145326759624	(44,17)
0.00057363019820213527278958352	(44,18)
-0.00181120492786344040023080843	(44,19)
-0.00362423711329150811613850391	(44,20)
-0.00481555156822444265745860823	(44,21)
-0.00538631286379979272688032186	(44,22)
-0.00538797774380108934690461266	(44,23)
-0.00491634872693844652011662494	(44,24)
-0.0041013254516387381515669585	(44,25)
-0.00309359695091883879796029237	(44,26)
-0.00204971462737321317927660936	(44,27)
-0.0011170144037099269206257853	(44,28)
-0.0004197540548906028076366152	(44,29)
-0.000047636701578156875020747	(44,30)
0.03129429183743555252069594032	(45,1)
0.03128996447564211906444161387	(45,2)
0.03126079125236482917749876258	(45,3)
0.03116694456504559332159678998	(45,4)
0.03095186042176933032850821201	(45,5)
0.0305464125569948487768009747	(45,6)
0.02987488403354980381096302608	(45,7)
0.02886273481323964290937424887	(45,8)
0.02744582068180732232936523848	(45,9)
0.02558028755544261207664128515	(45,10)
0.02325194691461970493621675077	(45,11)
0.02048365998464798513602440645	(45,12)
0.0173392394242322588601170908	(45,13)
0.01392268751414004028353872231	(45,14)
0.01037221557016690437850365857	(45,15)
0.0068493230916181055337487231	(45,16)
0.00352407829791397554326794592	(45,17)
0.00055843531364594762209900483	(45,18)
-0.00191021076535514786672535755	(45,19)
-0.00378306203436998518975521129	(45,20)
-0.00500977968501252641592646722	(45,21)
-0.00559305383000967129996132439	(45,22)
-0.00558752198626517976998597271	(45,23)
-0.00509339271463206515590653015	(45,24)
-0.00424570270531460113748169462	(45,25)
-0.0032005131051893346899559278	(45,26)
-0.00211953081496886580406467924	(45,27)
-0.0011546505824701153859459079	(45,28)
-0.0004337951428958255821121448	(45,29)
-0.000049224431979797910382103	(45,30)
0.03243243851453694654742894642	(46,1)
0.03242793297424257127331909509	(46,2)
0.03239755863814397038523701175	(46,3)
0.03229984918718003188196680267	(46,4)
0.03207591826613012566969026413	(46,5)
0.03165381705387216455921013698	(46,6)
0.03095477391463485849692944587	(46,7)
0.02990131495231150231809169934	(46,8)
0.02842690156933305036297366091	(46,9)
0.02648626519881183531571556971	(46,10)
0.02406517830074801731760237069	(46,11)
0.02118811016059591441519194835	(46,12)
0.01792220280494430085998604086	(46,13)
0.01437633958810272815885234864	(46,14)
0.01069474943556543604697267663	(46,15)
0.00704547514469594225702218896	(46,16)
0.00360494113631286227419741274	(46,17)
0.000540572469764507041005655	(46,18)
-0.00200622196557508571185569593	(46,19)
-0.0039344516196082061374460507	(46,20)
-0.00519352595349119490063146819	(46,21)
-0.00578771022292036251982390205	(46,22)
-0.00577474317397832341927377377	(46,23)
-0.00525904008942139282839907838	(46,24)
-0.00438047900960037333577298728	(46,25)
-0.00330013486029911466690270616	(46,26)
-0.00218448853600618557790865233	(46,27)
-0.0011896293759557635781617608	(46,28)
-0.0004468353162976717417626922	(46,29)
-0.000050698443779620289159403	(46,30)
0.03350365969486971560876940728	(47,1)
0.03349898451734628269854542048	(47,2)
0.03346746665407849381880163701	(47,3)
0.03336607973329102521309061347	(47,4)
0.03313372697864913546692395858	(47,5)
0.03269577451008772402833624098	(47,6)
0.03197054823166080752948743827	(47,7)
0.0308777934589368365320146006	(47,8)
0.02934871449785219173608839336	(47,9)
0.02733673140839830099848560592	(47,10)
0.02482762791381488792496144535	(47,11)
0.02184746204647308672252773805	(47,12)
0.01846660403927048378218721778	(47,13)
0.01479863043826444918568971829	(47,14)
0.01099351823377474491108572807	(47,15)
0.00722551880244019566837531844	(47,16)
0.0036770405024425606476654651	(47,17)
0.00052060574634303850455690429	(47,18)
-0.00209869751223779558139201973	(47,19)
-0.00407794381313224367415082409	(47,20)
-0.00536644151824596171421442594	(47,21)
-0.00597005717055065250482384618	(47,22)
-0.00594953017053040915929569858	(47,23)
-0.00541326797947560266259605813	(47,24)
-0.00450568678238071745670727534	(47,25)
-0.00339251736363239314612906259	(47,26)
-0.002244640065435193752598765	(47,27)
-0.001221985569696884535604769	(47,28)
-0.0004588892043895797175298432	(47,29)
-0.000052060484977948105749508	(47,30)
0.0345060903574189753147113173	(48,1)
0.03450125467903767233258872764	(48,2)
0.03446865488466795457970604813	(48,3)
0.03436378867128167843129025923	(48,4)
0.03412346845276708093147899615	(48,5)
0.03367052190255588275857198103	(48,6)
0.03292053407923481242104547628	(48,7)
0.03179063060279246265927059713	(48,8)
0.03020990073054657523803921026	(48,9)
0.0281305558581116364206545575	(48,10)
0.02553843425477606967486182411	(48,11)
0.02246114931928799161065210306	(48,12)
0.01897217810250897611332493359	(48,13)
0.01518957847623214362634843057	(48,14)
0.01126878182331950151051558968	(48,15)
0.00738989324945483250898909405	(48,16)
0.00374092037326836129522747311	(48,17)
0.00049910706089794924110089741	(48,18)
-0.00218710622212708370182864515	(48,19)
-0.00421309987244848527973918058	(48,20)
-0.00552820942005866917511192844	(48,21)
-0.00613990535233234702107462506	(48,22)
-0.00611180671250349326145217628	(48,23)
-0.00555608441735870717448432208	(48,24)
-0.00462138334461061950588156315	(48,25)
-0.003477733874519165226023046	(48,26)
-0.002300049268962234918272435	(48,27)
-0.0012517600810348039119872743	(48,28)
-0.0004699736912794396323652359	(48,29)
-0.000053312556555885154267996	(48,30)
0.03543801025058861262000454535	(49,1)
0.03543302379052427071749694744	(49,2)
0.03539940758856470679262670427	(49,3)
0.03529127287537901953821171867	(49,4)
0.03504346836911412697334504372	(49,5)
0.03457643880825209006584189906	(49,6)
0.03380319912866563055541996692	(49,7)
0.03263842404737872625419917488	(49,8)
0.03100923420423475764305565664	(49,9)
0.02886673422204683240166202814	(49,10)
0.02619685279006672803180670593	(49,11)
0.02302871091028324402445566492	(49,12)
0.01943875073137752371477242093	(49,13)
0.01554927582971281123071908437	(49,14)
0.01152085483017758871856224104	(49,15)
0.00753907265632520237942639994	(49,16)
0.00379714047752898863311707867	(49,17)
0.00047664686960447192253868996	(49,18)
-0.00227093226833082585817411769	(49,19)
-0.00433950611809265936930699156	(49,20)
-0.00567854299526921233935376383	(49,21)
-0.00629709682085099074812075617	(49,22)
-0.00626152564318898330491145883	(49,23)
-0.0056875220282857901802156792	(49,24)
-0.00472764499635174437266245806	(49,25)
-0.00355587092034086045486853471	(49,26)
-0.0023507882089180978602726183	(49,27)
-0.0012789980380970612085619066	(49,28)
-0.0004801071768304046201943204	(49,29)
-0.00005445682765046395664797	(49,30)
0.03629783746044376510693446254	(50,1)
0.03629271050363093787847535363	(50,2)
0.03625814723008510794629843736	(50,3)
0.03614696705508753476460391318	(50,4)
0.03589218939130350462378899924	(50,5)
0.03541204016765354090321967922	(50,6)
0.03461714369601453758174868999	(50,7)
0.03341989991909734852028776738	(50,8)
0.03174561130035477517333663012	(50,9)
0.02954437641787656355540128678	(50,10)
0.02680224258441336597792037767	(50,11)
0.02354977616349263042916144365	(50,12)
0.01986622251193538258003528424	(50,13)
0.0158778720334735097459553299	(50,14)
0.01175009083018182112620942449	(50,15)
0.00767355184427157992235595758	(50,16)
0.00384626438426921908809143571	(50,17)
0.00045378541272557331490927008	(50,18)
-0.00234968038399159655683988028	(50,19)
-0.00445677560204695016662423398	(50,20)
-0.0058171844276062851827566492	(50,21)
-0.00644150117936486794740485739	(50,22)
-0.00639866364829979224027504116	(50,23)
-0.00580763229005363183548866321	(50,24)
-0.00482456165179879973727683552	(50,25)
-0.00362702392703490818707900681	(50,26)
-0.0023969340930716603008628647	(50,27)
-0.001303747057598752267001985	(50,28)
-0.0004893089153511606334096246	(50,29)
-0.000055495559727057393060421	(50,30)
0.03708412417544208486058421969	(51,1)
0.03707886755041179049312551062	(51,2)
0.03704343020433898894034946722	(51,3)
0.03692943936974637195763747778	(51,4)
0.03666822652910833128455127162	(51,5)
0.03617597118177149775868892305	(51,6)
0.03536109488934103163970391239	(51,7)
0.03413390587713851487733603323	(51,8)
0.03241804251399987351710916897	(51,9)
0.03016269662464906007359016227	(51,10)
0.02735405457061164783286399583	(51,11)
0.0240240514890099736511351052	(51,12)
0.02025455432295489004388225365	(51,13)
0.01617555894271959154195236523	(51,14)
0.01195686762349462565311361065	(51,15)
0.00779383290428243643251018674	(51,16)
0.00388884838820326854040791585	(51,17)
0.00043106456920893701501756135	(51,18)
-0.00242288067588377930026239132	(51,19)
-0.00456454962560637118108045155	(51,20)
-0.00594390338768657531490520413	(51,21)
-0.00657301205529953079640543786	(51,22)
-0.00652321643855145286498596095	(51,23)
-0.0059164803144899617339869387	(51,24)
-0.00491223198952513951311859458	(51,25)
-0.00369129328871453199894442773	(51,26)
-0.002438566541350920271965782	(51,27)
-0.0013260557069996914044926179	(51,28)
-0.0004975984263643463781347631	(51,29)
-0.000056431039091268494808333	(51,30)
0.03779555411141997528031658683	(52,1)
0.03779017916281374446914092384	(52,2)
0.03775394422104134916715717709	(52,3)
0.03763738869738198579262177394	(52,4)
0.03737030414598510673823122378	(52,5)
0.03686700383516944660831103968	(52,6)
0.03603390235262852115271268644	(52,7)
0.03477940573838002043612025088	(52,8)
0.0330256456243840159133691906	(52,9)
0.03072100473913909983441457584	(52,10)
0.02785182118991515024129186266	(52,11)
0.02445130831805782362608862746	(52,12)
0.02060375401316032328287362587	(52,13)
0.01644255681030964834744856954	(52,14)
0.01214157359223406411123759685	(52,15)
0.00790041279550676324009267784	(52,16)
0.00392543123479857933777962419	(52,17)
0.00040900036894942983101288324	(52,18)
-0.00249009300148049133595027806	(52,19)
-0.0046624990654142526785967479	(52,20)
-0.00605849572323520267142977112	(52,21)
-0.00669154383480481887214171776	(52,22)
-0.00663519434437187942848324353	(52,23)
-0.00601414011570244448420499706	(52,24)
-0.00499075908500123694622086513	(52,25)
-0.00374878084809804468684679653	(52,26)
-0.002475765149473921413734275	(52,27)
-0.0013459721385262579005495874	(52,28)
-0.0005049949724729039005013265	(52,29)
-0.000057265517158055458893829	(52,30)
0.03843094116393103533529267275	(53,1)
0.03842545971964492961944016597	(53,2)
0.03838850691531064760130303149	(53,3)
0.03826964312953339123314846083	(53,4)
0.03799727419030209163793373288	(53,5)
0.03748403463861936574365155011	(53,6)
0.03663453522318563058777056292	(53,7)
0.0353554753077282186160590246	(53,8)
0.03356764006174263905541190999	(53,9)
0.0312186990200158873964667523	(53,10)
0.02829514721302874855621273949	(53,11)
0.02483137223211469723561658359	(53,12)
0.02091386424251154517657011813	(53,13)
0.01667910150596228102074755463	(53,14)
0.01230459515349719275399212856	(53,15)
0.00799377195410205810059373314	(53,16)
0.00395652472183652144253848962	(53,17)
0.00038807619579950386770206262	(53,18)
-0.00255091088410249921105225679	(53,19)
-0.00475032548921802672801183018	(53,20)
-0.00616078218490616504764173775	(53,21)
-0.00679702864237596878899606552	(53,22)
-0.00673461830311328866508136508	(53,23)
-0.0061006903416449031815755733	(53,24)
-0.00506024650023267380816816769	(53,25)
-0.00379958676445119732142505901	(53,26)
-0.0025086073314057629882112825	(53,27)
-0.0013635428840073666782759429	(53,28)
-0.000511517099852027884974874	(53,29)
-0.000058001157951710312933294	(53,30)
0.03898922893977813202163019999	(54,1)
0.03898365327283401233926448711	(54,2)
0.03894606533841386998054638316	(54,3)
0.03882515934813458737506452526	(54,4)
0.03854811531346421229344400018	(54,5)
0.03802608326778262002771623857	(54,6)
0.03716208000018423675742228207	(54,7)
0.03586129914227121016535591969	(54,8)
0.03404334223931829369960082254	(54,9)
0.03165525973675996888519349688	(54,10)
0.02868370161148806229644614535	(54,11)
0.02516411318832560385937144046	(54,12)
0.02118495145618022550773555486	(54,13)
0.01688543288154850348401632098	(54,14)
0.01244630533337383855834826572	(54,15)
0.00807436394558288024160610404	(54,16)
0.00398260520672152009203726555	(54,17)
0.00036873670048192686424350385	(54,18)
-0.00260496495802006300985298092	(54,19)
-0.00482776206076663251692961254	(54,20)
-0.00625060718900374910295143205	(54,21)
-0.0068894135633424810804318945	(54,22)
-0.0068215162299305129756322562	(54,23)
-0.00617621045345340372968038819	(54,24)
-0.00512079481087888413761943885	(54,25)
-0.00384380674934498764885429553	(54,26)
-0.002537166424704163085942088	(54,27)
-0.0013788118005656941338652148	(54,28)
-0.0005171822372886828209820849	(54,29)
-0.000058639992354278722785699	(54,30)
0.03946949088890989480904522892	(55,1)
0.03946383367428429994188686145	(55,2)
0.03942569605065858186309541695	(55,3)
0.03930302260952794874072626336	(55,4)
0.03902193260653775882443660395	(55,5)
0.03849229184161433075038061231	(55,6)
0.03761573908745819696559339561	(55,7)
0.03629616804022692096019425344	(55,8)
0.03445216167758950030564912126	(55,9)
0.03203024369320208834443464851	(55,10)
0.02901721039500942546099853967	(55,11)
0.02544943680060098257786128267	(55,12)
0.0214170959872896246213539385	(55,13)
0.01706178430373524809663499334	(55,14)
0.01256705349483372895994175147	(55,15)
0.00814260619241682890842570382	(55,16)
0.00400410604098128565925410832	(55,17)
0.0003513824306607415845868577	(55,18)
-0.00265192594893474566785724052	(55,19)
-0.00489457424652433026822073581	(55,20)
-0.00632783763008073346922778191	(55,21)
-0.00696865811655008477626099956	(55,22)
-0.00689591977082711525255519876	(55,23)
-0.0062407773424316005869801905	(55,24)
-0.00517249855509297445874952351	(55,25)
-0.00388152965318319397919086773	(55,26)
-0.0025615100444862210398768437	(55,27)
-0.001391819158099001243526475	(55,28)
-0.0005220063500258588452590973	(55,29)
-0.00005918387865813408519821	(55,30)
0.03987093081454551963119348267	(56,1)
0.03986520508130761544175276031	(56,2)
0.03982660559523252466893992653	(56,3)
0.0397024471170227565338935353	(56,4)
0.03941795774272184914567692891	(56,5)
0.03888192463880599289597508731	(56,6)
0.03799482982642706608032621742	(56,7)
0.03665947709556784302567938112	(56,8)
0.03479359779380548190606909463	(56,9)
0.03234327953619885179040468053	(56,10)
0.02929545036452300964889712899	(56,11)
0.02568727666237553518673553863	(56,12)
0.02161038330287031426940083452	(56,13)
0.01720837338544553560690512508	(56,14)
0.0126671562551279047501705758	(56,15)
0.0081988718053562638766328972	(56,16)
0.00402141094601321647831517939	(56,17)
0.00033636517591014093172961009	(56,18)
-0.00269150720516586033467807662	(56,19)
-0.00495056034592633188064256226	(56,20)
-0.00639236176397179698774295034	(56,21)
-0.00703473199057182387327231712	(56,22)
-0.0069578614410191213508162277	(56,23)
-0.00629446237815329872435336196	(56,24)
-0.00521544359109118094666029779	(56,25)
-0.00391283538752514304889411966	(56,26)
-0.0025816986731668905872512472	(56,27)
-0.0014026008602952599356916257	(56,28)
-0.0005260036449849509703774336	(56,29)
-0.000059634469015110713591825	(56,30)
0.04019288358583619409970995764	(57,1)
0.04018710266505471762754571281	(57,2)
0.040148131178137914932604841	(57,3)
0.04002277660948583075363676871	(57,4)
0.03973554935846008812500846829	(57,5)
0.03919436809485162555986377622	(57,6)
0.03829878387734622776416363413	(57,7)
0.03695072419866351297379050223	(57,8)
0.03506723726540085389074169935	(57,9)
0.03259406379043594591571772615	(57,10)
0.02951824375508954953583229001	(57,11)
0.02587758771486165612560214748	(57,12)
0.02176489641857487910553861362	(57,13)
0.01732539395237094444572121114	(57,14)
0.01274688962784263152981574149	(57,15)
0.00824348254271433748556275461	(57,16)
0.00403484833774777114683872566	(57,17)
0.00032398401836061600793597519	(57,18)
-0.00272346680128663522436229812	(57,19)
-0.00499555187220833011736154269	(57,20)
-0.0064440881859411620793016892	(57,21)
-0.00708761305997277458145265508	(57,22)
-0.00700737215437589237995287461	(57,23)
-0.00633732888344571496397709778	(57,24)
-0.00524970485252793068601986108	(57,25)
-0.00393779316999538645329919011	(57,26)
-0.002597784474447542407368287	(57,27)
-0.0014111877917287469523825732	(57,28)
-0.0005291863242643394822566802	(57,29)
-0.000059993181412836116076573	(57,30)
0.04043481591559669833539106943	(58,1)
0.04042899338457086215953872237	(58,2)
0.04038974141748899185707722089	(58,3)
0.04026348503128225661071451901	(58,4)
0.03997419354315471879207256681	(58,5)
0.03942913095825587627404461618	(58,6)
0.03852714684100750949212007405	(58,7)
0.03716950889426059986120861845	(58,8)
0.03527275190289981761418098454	(58,9)
0.03278235758251711160915513984	(58,10)
0.02968545375952385296410507544	(58,11)
0.02602034067545295628077256715	(58,12)
0.02188070951299733104108308872	(58,13)
0.0174130092814028282012925992	(58,14)
0.01280648242200108364531519763	(58,15)
0.00827670291719266463083779879	(58,16)
0.00404468660287033339951996211	(58,17)
0.00031448207540973961448413194	(58,18)
-0.00274760923917565102531985025	(58,19)
-0.00502941381288862439969394636	(58,20)
-0.00648294492987250829383012732	(58,21)
-0.00712728569911965527732936432	(58,22)
-0.00704447915080434148396682542	(58,23)
-0.00636943003344644952467880267	(58,24)
-0.00527534449242468823210222434	(58,25)
-0.00395646008022840970305102138	(58,26)
-0.00260981032138025711189311	(58,27)
-0.0014176052844333293078663626	(58,28)
-0.0005315643841623633932449393	(58,29)
-0.000060261176850475244259842	(58,30)
0.04059632709736475400655305682	(59,1)
0.04059047672081486977273673023	(59,2)
0.04055103705705515322268935355	(59,3)
0.04042417718019016825673878432	(59,4)
0.04013350433805130461296747881	(59,5)
0.03958584451370819171630205907	(59,6)
0.03867957804022398151770210834	(59,7)
0.03731553153230510782422243064	(59,8)
0.03540989698813900864970052091	(59,9)
0.03290798403297199344441433786	(59,10)
0.02979698093385020242843398941	(59,11)
0.02611551754614555669570376819	(59,12)
0.02195788277323108782891858097	(59,13)
0.01747134664539684065978581937	(59,14)
0.01284611092641106559482680844	(59,15)
0.00829873546542347255620918253	(59,16)
0.00405113032573057362436240859	(59,17)
0.0003080439189344318488402315	(59,18)
-0.00276378677182247426271007963	(59,19)
-0.00505204479826101917040716481	(59,20)
-0.00650887871334827189512826073	(59,21)
-0.00715373941028332756957997809	(59,22)
-0.0070692043284745897735728132	(59,23)
-0.00639080717681141471947355393	(59,24)
-0.0052924104078926568662130921	(59,25)
-0.00396887991697083876717356609	(59,26)
-0.0026178090297659192861847693	(59,27)
-0.0014218726982718655168553015	(59,28)
-0.0005331454573569773835666767	(59,29)
-0.000060439341431869580143888	(59,30)
0.04067714962272594060408047472	(60,1)
0.04067128529164526897314797561	(60,2)
0.04063175156549589752138291235	(60,3)
0.04050458925615271751508862182	(60,4)
0.0402132241703640262961585895	(60,5)
0.03966426280418639802978823223	(60,6)
0.03875585040239094892818188913	(60,7)
0.03738859266596005448986610299	(60,8)
0.0354785100484868833176793269	(60,9)
0.03297082630501035903144314872	(60,10)
0.02985276049104276554996593371	(60,11)
0.02616310822268485825158274928	(60,12)
0.02199645850064350251802496021	(60,13)
0.01750049319399793243172110721	(60,14)
0.01286589490238243571936584215	(60,15)
0.00830971719138329171774089224	(60,16)
0.00405431746306955240405085828	(60,17)
0.00030479365568967750191379389	(60,18)
-0.00277190037316222594792624023	(60,19)
-0.00506337720325923334858251743	(60,20)
-0.00652185435054436771217317574	(60,21)
-0.00716696778075679756036120006	(60,22)
-0.00708156298707423408241939779	(60,23)
-0.00640148857771884314172840252	(60,24)
-0.00530093513933986449003199595	(60,25)
-0.00397508234822829949682245849	(60,26)
-0.0026218027896929173506657423	(60,27)
-0.0014240031104271720809008478	(60,28)
-0.0005339346962946187381767248	(60,29)
-0.000060528273144171359202802	(60,30)