luu221_(sigma,mu)
0.00787007829236112997667147	(1,1)
0.0078700782461416677802234	(1,2)
0.00787007793455874429707515	(1,3)
0.00787007693234062461847916	(1,4)
0.00787007463600726625679559	(1,5)
0.00787007030966493904377359	(1,6)
0.00787006315131785466616993	(1,7)
0.00787005238031843281320574	(1,8)
0.00787003734301452752688758	(1,9)
0.00787001762911060426821609	(1,10)
0.00786999318663287977666432	(1,11)
0.00786996441973195825920282	(1,12)
0.00786993225188338251541032	(1,13)
0.00786989813811396799269916	(1,14)
0.00786986401401398734992019	(1,15)
0.00786983217627630946062235	(1,16)
0.00786980509856420503452634	(1,17)
0.00786978519641499618962491	(1,18)
0.00786977456411525467674714	(1,19)
0.00786977471346751941142118	(1,20)
0.00786978634776085962663117	(1,21)
0.00786980920317378168305424	(1,22)
0.00786984198403621296635771	(1,23)
0.00786988240833953695981808	(1,24)
0.00786992736678096023856095	(1,25)
0.00786997318417202665255176	(1,26)
0.00787001595823926902240984	(1,27)
0.00787005193970363982564362	(1,28)
0.0078700779107381689944171	(1,29)
0.007870091517582335152806	(1,30)
0.06971857857579290044577401	(2,1)
0.0697185782057537414127048	(2,2)
0.06971857571126968189031477	(2,3)
0.06971856768873675782741505	(2,4)
0.06971854931328160692246812	(2,5)
0.06971851471720443984136558	(2,6)
0.06971845754423236945686755	(2,7)
0.06971837168711602549025055	(2,8)
0.0697182521843753247238312	(2,9)
0.06971809621137722936331949	(2,10)
0.06971790405942504588813281	(2,11)
0.06971767996364862658878937	(2,12)
0.06971743262531686956993735	(2,13)
0.06971717528356306857907492	(2,14)
0.06971692522834538131105826	(2,15)
0.06971670270883145621489703	(2,16)
0.06971652927239782747782556	(2,17)
0.06971642565798780971265512	(2,18)
0.06971640945001332060039569	(2,19)
0.06971649276124499663374178	(2,20)
0.06971668024311548871793773	(2,21)
0.06971696771163358391110487	(2,22)
0.06971734162451884667158191	(2,23)
0.06971777955457030033727413	(2,24)
0.06971825168622442001096937	(2,25)
0.06971872323213632583304102	(2,26)
0.06971915754250079855838544	(2,27)
0.06971951957975547035976903	(2,28)
0.0697197793705036879152962	(2,29)
0.0697199150349501162061742	(2,30)
0.18759741362152563518775846	(3,1)
0.18759741292533688081102454	(3,2)
0.18759740823296834361409405	(3,3)
0.18759739315048894055156013	(3,4)
0.18759735865465838140006696	(3,5)
0.18759729390095018303149832	(3,6)
0.18759718745627814249023294	(3,7)
0.18759702899138970436125827	(3,8)
0.18759681138217932810943456	(3,9)
0.1875965330580589222529663	(3,10)
0.18759620032116789939511805	(3,11)
0.18759582926891405251007007	(3,12)
0.18759544690938057250026435	(3,13)
0.18759509108345785539313416	(3,14)
0.18759480890734895750740671	(3,15)
0.1875946536191099861211408	(3,16)
0.18759467993410757529824391	(3,17)
0.18759493825610765935753614	(3,18)
0.18759546831541417374065332	(3,19)
0.1875962929741899522131756	(3,20)
0.1875974130184343144412601	(3,21)
0.18759880372423431658151434	(3,22)
0.18760041383703238246627151	(3,23)
0.18760216734897139054939218	(3,24)
0.18760396813025307463780867	(3,25)
0.18760570710866964960922691	(3,26)
0.1876072713471996956422572	(3,27)
0.18760855409283754988993584	(3,28)
0.1876094647028500727001801	(3,29)
0.1876099373250654685786155	(3,30)
0.35040773845674242344374403	(4,1)
0.35040773842272826994133689	(4,2)
0.35040773819782182450873412	(4,3)
0.35040773752643604665304462	(4,4)
0.35040773628924191785055177	(4,5)
0.35040773511187352264922503	(4,6)
0.35040773655123107358847435	(4,7)
0.35040774698433821639580366	(4,8)
0.35040777916627838991129207	(4,9)
0.35040785521267266748506016	(4,10)
0.35040800954156097927691487	(4,11)
0.35040829113073424920760459	(4,12)
0.35040876435899399842422551	(4,13)
0.3504095077407072773572608	(4,14)
0.35041061004868718183585914	(4,15)
0.35041216364101096147794891	(4,16)
0.35041425522620003125969784	(4,17)
0.35041695475895952204109046	(4,18)
0.35042030358222783892354676	(4,19)
0.35042430324527475688827563	(4,20)
0.35042890656740283425138766	(4,21)
0.35043401244042818306694036	(4,22)
0.35043946555979630782685597	(4,23)
0.35044506176836681630957091	(4,24)
0.35045055904646744709947007	(4,25)
0.35045569347079871986498127	(4,26)
0.35046019879144481380780046	(4,27)
0.35046382773849967089385224	(4,28)
0.3504663728500360901479026	(4,29)
0.3504676845650856680402912	(4,30)
0.5428173504340347961443177	(5,1)
0.54281735431715572321049332	(5,2)
0.54281738050978603148404105	(5,3)
0.54281746493738379359176797	(5,4)
0.54281765941242093837141508	(5,5)
0.54281802975420031040103473	(5,6)
0.54281865410940062980449357	(5,7)
0.54281962184706313543698959	(5,8)
0.54282103316803199741180619	(5,9)
0.54282299923972458764954808	(5,10)
0.54282564231275197698527781	(5,11)
0.54282909498054342947138578	(5,12)
0.54283349758831754722825636	(5,13)
0.54283899284530339624431573	(5,14)
0.54284571697178895714715291	(5,15)
0.54285378720533010753884465	(5,16)
0.54286328613931951994868705	(5,17)
0.54287424407613949284989467	(5,18)
0.54288662122760289632856948	(5,19)
0.54290029206516976872181998	(5,20)
0.54291503430710197454612219	(5,21)
0.54293052486205647816420102	(5,22)
0.5429463445128078370810008	(5,23)
0.54296199226178189963293674	(5,24)
0.54297690916862518237915166	(5,25)
0.54299051032853788918043424	(5,26)
0.54300222253099069902114055	(5,27)
0.54301152426300678885253999	(5,28)
0.54301798421467120301078	(5,29)
0.5430212943945551767352218	(5,30)
0.74675542695497855661751143	(6,1)
0.74675544224745547133875663	(6,2)
0.74675554538102515830538388	(6,3)
0.74675587760149488832995986	(6,4)
0.74675664162307496314486389	(6,5)
0.74675809186344613451699026	(6,6)
0.74676052316025151209272022	(6,7)
0.74676425892969149454554344	(6,8)
0.74676963944713372902102497	(6,9)
0.74677701048613994135687417	(6,10)
0.74678671204837922556261795	(6,11)
0.74679906647668204082983599	(6,12)
0.74681436498825714471717623	(6,13)
0.74683285168779525128115538	(6,14)
0.74685470446409795049712648	(6,15)
0.74688001281957975280768694	(6,16)
0.7469087535455207536612147	(6,17)
0.74694076609897363210450417	(6,18)
0.74697573038807626544356015	(6,19)
0.74701315025468308154042864	(6,20)
0.74705234610666720781958033	(6,21)
0.74709245980206917562166137	(6,22)
0.74713247400463454482869312	(6,23)
0.74717124688156827994942154	(6,24)
0.74720756134648395444345502	(6,25)
0.74724018627281134723163631	(6,26)
0.74726794545762328591638299	(6,27)
0.7472897888422915865101148	(6,28)
0.7473048597940764684709024	(6,29)
0.7473125522494050063106541	(6,30)
0.94324213408766984556074956	(7,1)
0.94324217503935812061508794	(7,2)
0.94324245120631994962541463	(7,3)
0.94324334064522100852301095	(7,4)
0.94324538515598934388282315	(7,5)
0.94324926227697984772445563	(7,6)
0.94325575139854705943761029	(7,7)
0.943265696165894737503661	(7,8)
0.94327996509293480889522926	(7,9)
0.9432994117914373479936436	(7,10)
0.94332483557107651941094676	(7,11)
0.94335694255542226192286613	(7,12)
0.94339630705407089999064037	(7,13)
0.94344333286257367798001645	(7,14)
0.9434982144936480008289837	(7,15)
0.9435608990545897172509179	(7,16)
0.94363105046848449285848231	(7,17)
0.94370801880858813642679836	(7,18)
0.94379081844886255174973475	(7,19)
0.94387811929582861113242674	(7,20)
0.94396825536114261817619268	(7,21)
0.94405925424007447004954408	(7,22)
0.94414888966210702015184692	(7,23)
0.94423475727631991877382606	(7,24)
0.94431437143563220751994394	(7,25)
0.94438527824371557740789644	(7,26)
0.94444517786284647529861137	(7,27)
0.94449204737986949169715692	(7,28)
0.9445242546630556245462845	(7,29)
0.9445406537859908335336141	(7,30)
1.11437349269718400015736543	(8,1)
1.11437358299509100804988224	(8,2)
1.11437419192577261091840998	(8,3)
1.11437615292071121244041609	(8,4)
1.11438065963238563141153051	(8,5)
1.11438920239787905963564457	(8,6)
1.11440348998637657563268905	(8,7)
1.11442536103053619631819186	(8,8)
1.11445668947633397007333439	(8,9)
1.11449928789021197897458781	(8,10)
1.11455481170667696304651462	(8,11)
1.11462466670032690211357177	(8,12)
1.11470992134184152882219277	(8,13)
1.11481122542191582504847103	(8,14)
1.11492873649171335005499258	(8,15)
1.11506205625747283385873512	(8,16)
1.11521017995361404711175188	(8,17)
1.11537146268261243069408561	(8,18)
1.11554360747374978683754672	(8,19)
1.11572368009264944114177421	(8,20)
1.11590815519367977774242999	(8,21)
1.1160929971106990109706801	(8,22)
1.11627377642536947485702882	(8,23)
1.11644582058253469256749708	(8,24)
1.11660439352398503897243433	(8,25)
1.11674489597511664327130385	(8,26)
1.11686307508446659742477876	(8,27)
1.11695523001126095227431854	(8,28)
1.1170183991289667592417293	(8,29)
1.1170505149758316688306459	(8,30)
1.24521429969148380954152749	(9,1)
1.2452144747232094202252751	(9,2)
1.2452156550488099325399152	(9,3)
1.24521945599417001804616982	(9,4)
1.24522819028404068333707326	(9,5)
1.24524474306391173596580912	(9,6)
1.24527241661563041035973274	(9,7)
1.24531475290143183194274376	(9,8)
1.24537534243755492900549767	(9,9)
1.24545762769520727370043758	(9,10)
1.24556470844943657360673802	(9,11)
1.2456991555049706674756387	(9,12)
1.24586283829110328406062209	(9,13)
1.24605677115675538594887123	(9,14)
1.24628098293795537473134782	(9,15)
1.24653441451336446052250957	(9,16)
1.24681484947761119626663457	(9,17)
1.24711888350445779963079779	(9,18)
1.24744193813276673872761433	(9,19)
1.2477783242723352992600354	(9,20)
1.24812135943872561664908271	(9,21)
1.24846354045149199722325984	(9,22)
1.24879677009682477032765613	(9,23)
1.2491126322708011502757825	(9,24)
1.24940270575528204497580762	(9,25)
1.24965890252853913379049221	(9,26)
1.24987381292509622442920633	(9,27)
1.25004103755699391107434538	(9,28)
1.2501554851091849207503631	(9,29)
1.2502136161689610519766613	(9,30)
1.3253179214480297482971938	(10,1)
1.325318229526952711598964	(10,2)
1.32532030704115224778915904	(10,3)
1.32532699698747973111588028	(10,4)
1.32534236899247295330042712	(10,5)
1.32537149743285365845206555	(10,6)
1.3254201843528590313436073	(10,7)
1.32549464108477753632679786	(10,8)
1.3256011436394153512461746	(10,9)
1.32574567708609920092440577	(10,10)
1.32593358349209368730859444	(10,11)
1.32616922682858475564295465	(10,12)
1.32645568688669454295168763	(10,13)
1.32679449295102131629290565	(10,14)
1.32718540691861172601477901	(10,15)
1.32762626476048503639576599	(10,16)
1.32811288458880618870433657	(10,17)
1.32863904888147416085326141	(10,18)
1.32919656732092157272541153	(10,19)
1.32977542491529201000697292	(10,20)
1.33036401734909415985147584	(10,21)
1.33094947175658959361068909	(10,22)
1.33151804640901622756602353	(10,23)
1.33205559744133292079506887	(10,24)
1.33254809518185217865400525	(10,25)
1.33298216748382046226228634	(10,26)
1.33334564333639131079596875	(10,27)
1.33362806755518945563991201	(10,28)
1.3338211569862538577553531	(10,29)
1.3339191706559035191458568	(10,30)
1.34962455758640992697054048	(11,1)
1.34962505964923433017849389	(11,2)
1.34962844526833598476485668	(11,3)
1.3496393473503590056177212	(11,4)
1.34966439684706036842940652	(11,5)
1.34971185914676949794569237	(11,6)
1.34979117852647293293153683	(11,7)
1.34991245288960687121496135	(11,8)
1.35008586345341001786373854	(11,9)
1.35032108502911602716483284	(11,10)
1.3506267022429896402277695	(11,11)
1.35100965577042318383407584	(11,12)
1.35147474073620040283310672	(11,13)
1.35202417718052728087456605	(11,14)
1.35265727012095466750938414	(11,15)
1.35337017434194117309588514	(11,16)
1.35415577656120910680509098	(11,17)
1.35500370487924947256689942	(11,18)
1.35590047216969134512580599	(11,19)
1.35682975606941932060337101	(11,20)
1.35777281331260406138664542	(11,21)
1.35870902030364548122672557	(11,22)
1.35961652521452271658269871	(11,23)
1.36047298990133695855103792	(11,24)
1.36125639312190584348633346	(11,25)
1.36194586057951185864273835	(11,26)
1.36252248292799325135318893	(11,27)
1.36297008069274875391674849	(11,28)
1.3632758755670255085399984	(11,29)
1.3634310309626460160534335	(11,30)
1.31859667092621446569781926	(12,1)
1.31859743850694073773502084	(12,2)
1.3186026146073206395411726	(12,3)
1.31861928204670955868793352	(12,4)
1.31865757734671144819626865	(12,5)
1.31873013264023844416410925	(12,6)
1.31885137487977232466237217	(12,7)
1.31903671585062809616340855	(12,8)
1.31930167081643622859361287	(12,9)
1.31966094591185480024212748	(12,10)
1.32012753477239449975917815	(12,11)
1.32071186361040094361717503	(12,12)
1.32142102133961015763736821	(12,13)
1.32225810775097263727775467	(12,14)
1.32322172842263160692318858	(12,15)
1.32430566017763218044423596	(12,16)
1.32549870553793745226032661	(12,17)
1.32678474871668012502586304	(12,18)
1.32814301914168743234416031	(12,19)
1.32954856122100457673281734	(12,20)
1.33097290103330150200526354	(12,21)
1.33238489197994608115267193	(12,22)
1.33375171247515503942076302	(12,23)
1.33503997996156677276271485	(12,24)
1.33621693755673048499971495	(12,25)
1.33725166318330115697317859	(12,26)
1.33811624683178714341347089	(12,27)
1.33878688026794094554107332	(12,28)
1.3392448054505126931232682	(12,29)
1.3394770733226548378279216	(12,30)
1.23760383993225110524987018	(13,1)
1.23760495159311257888337332	(13,2)
1.23761244794347365861669649	(13,3)
1.23763658654719867999435101	(13,4)
1.2376920464188584195558917	(13,5)
1.23779711734801346051608458	(13,6)
1.23797268019582514115447327	(13,7)
1.23824102616793204927498247	(13,8)
1.23862456998056332135294495	(13,9)
1.23914451602263420198207068	(13,10)
1.23981953807136049378040633	(13,11)
1.240664532002392348051796	(13,12)
1.24168949752022824341891296	(13,13)
1.24289859954833765304997557	(13,14)
1.24428945288939621198749623	(13,15)
1.24585266538358199537636382	(13,16)
1.24757166528894808464058996	(13,17)
1.24942282816356623739861778	(13,18)
1.25137590730322771999400315	(13,19)
1.25339475996070638828233956	(13,20)
1.25543834939044530227995251	(13,21)
1.25746199057966431038045331	(13,22)
1.25941879582203514471026618	(13,23)
1.26126126565943173661407555	(13,24)
1.26294296183826129050241606	(13,25)
1.26442019249685344835939002	(13,26)
1.26565363645860394416035747	(13,27)
1.26660983375024843918912231	(13,28)
1.2672624735776620259555218	(13,29)
1.2675934189826052247654154	(13,30)
1.11571953778902957473099151	(14,1)
1.11572107454108143314732559	(14,2)
1.11573143742164053048939653	(14,3)
1.11576480614299777791477691	(14,4)
1.11584147133704177374928043	(14,5)
1.11598671116864775064314903	(14,6)
1.11622937633605546077603249	(14,7)
1.11660024923256585452048632	(14,8)
1.1171302533379262125591462	(14,9)
1.1178485956772035595093317	(14,10)
1.11878092822316970870472701	(14,11)
1.11994761340556075965579878	(14,12)
1.12136217457212590661064815	(14,13)
1.12303000460102860531233916	(14,14)
1.12494739527093516984072986	(14,15)
1.12710093690291747248299152	(14,16)
1.12946732269356004998812203	(14,17)
1.13201357559321585674631079	(14,18)
1.13469769811152995093984081	(14,19)
1.13746972765394471149650917	(14,20)
1.14027316254654088084877542	(14,21)
1.14304670746756999159438601	(14,22)
1.14572627227184661243050842	(14,23)
1.14824714586680457643471904	(14,24)
1.15054625753484421456513106	(14,25)
1.15256443246690764349283149	(14,26)
1.1542485467103943501462833	(14,27)
1.15555348948869356575031272	(14,28)
1.1564438479456674840889489	(14,29)
1.1568952405889941916234053	(14,30)
0.96419317934153791462129145	(15,1)
0.9641952198144416494906039	(15,2)
0.96420897944492839234298633	(15,3)
0.96425328549982370441042854	(15,4)
0.96435507777090744290390742	(15,5)
0.96454791384638519118437807	(15,6)
0.96487008413738155421016037	(15,7)
0.96536242332225618364120216	(15,8)
0.96606591938773844983544323	(15,9)
0.96701923156431469538519797	(15,10)
0.96825623366761271585240617	(15,11)
0.96980369936436067176501556	(15,12)
0.9716792406061291631629021	(15,13)
0.97388960008640132115182479	(15,14)
0.97642938349451717934337303	(15,15)
0.97928029821849389164543886	(15,16)
0.98241094285256981669429069	(15,17)
0.9857771674282165142389768	(15,18)
0.98932299885774650010142524	(15,19)
0.99298210085788532601414432	(15,20)
0.99667971379197363966217851	(15,21)
1.00033499853774235823197267	(15,22)
1.00386369061568141008367514	(15,23)
1.00718095717377757333841982	(15,24)
1.01020434056649614279995523	(15,25)
1.0128566684960505487709925	(15,26)
1.01506881206595913081155163	(15,27)
1.01678217946519728301865022	(15,28)
1.0179508439868751632173887	(15,29)
1.018543220148643205531126	(15,30)
0.79488902838012062666136448	(16,1)
0.79489164453708959074095248	(16,2)
0.79490928618101643381268701	(16,3)
0.79496609200252979457465263	(16,4)
0.79509660033291628501357779	(16,5)
0.79534382906471119442433235	(16,6)
0.79575685166849769983720579	(16,7)
0.79638797963697579789962443	(16,8)
0.79728968129195344207044898	(16,9)
0.79851138118617058983773703	(16,10)
0.80009629239815505250072686	(16,11)
0.80207843513977901171337924	(16,12)
0.80447998886257188775048589	(16,13)
0.80730911144284544897262834	(16,14)
0.81055833848464917163616647	(16,15)
0.81420364921551348023500328	(16,16)
0.81820425421832847893949591	(16,17)
0.82250312605828799763538366	(16,18)
0.82702825867046586760561548	(16,19)
0.8316946071832223278329534	(16,20)
0.83640662857406941790873911	(16,21)
0.84106131683496820536970857	(16,22)
0.84555160542364753758820023	(16,23)
0.84976999549371096991467933	(16,24)
0.85361226104281933054299117	(16,25)
0.85698108155903843841727169	(16,26)
0.85978945847246597166860449	(16,27)
0.86196378295874691608714511	(16,28)
0.8634464384698586605728388	(16,29)
0.8641978408211072276702097	(16,30)
0.61894270179132785916054522	(17,1)
0.61894595582194986119616675	(17,2)
0.61896789883374124911448532	(17,3)
0.61903855460293209147540151	(17,4)
0.61920088018827802433513486	(17,5)
0.61950837338031386859711541	(17,6)
0.62002204916594545455372892	(17,7)
0.62080692151578284170195522	(17,8)
0.62192815236721619296621252	(17,9)
0.62344704903161175616181408	(17,10)
0.62541710292779109747683288	(17,11)
0.62788026525743386614829082	(17,12)
0.63086364810486247467031425	(17,13)
0.63437682216190243953147564	(17,14)
0.63840985527699909796648588	(17,15)
0.64293220053262771511402001	(17,16)
0.64789250055370552405851904	(17,17)
0.65321932884701882619869141	(17,18)
0.65882284215201521828822588	(17,19)
0.66459727311129454456611649	(17,20)
0.67042415287335410046503427	(17,21)
0.67617612082867568061252503	(17,22)
0.68172115513090977091865268	(17,23)
0.68692704370959075522321341	(17,24)
0.69166591105416308676515428	(17,25)
0.69581862034237422198746137	(17,26)
0.69927888218009006089439975	(17,27)
0.70195691871009129228000828	(17,28)
0.7037825534833557605429022	(17,29)
0.704707621774677525974768	(17,30)
0.44579831343656980496055727	(18,1)
0.44580225615137550379012596	(18,2)
0.44582884315027380229422822	(18,3)
0.44591445193492924530906348	(18,4)
0.44611112808436867167872816	(18,5)
0.44648368116389085887413909	(18,6)
0.44710601104571135077452141	(18,7)
0.44805682869131538387118689	(18,8)
0.44941496784423060439773401	(18,9)
0.45125450942824071227551896	(18,10)
0.45363995656424440674650087	(18,11)
0.45662170298768152811586626	(18,12)
0.46023202973792540267855354	(18,13)
0.46448184359674783237119138	(18,14)
0.46935833625883469080629138	(18,15)
0.47482369722749557299688974	(18,16)
0.48081495872631866903069325	(18,17)
0.4872449912396975623114895	(18,18)
0.49400460794856666142101412	(18,19)
0.5009656797017075034471448	(18,20)
0.50798511321944034011234056	(18,21)
0.51490950705071698873612504	(18,22)
0.52158027429102408419829225	(18,23)
0.52783900878760236085910243	(18,24)
0.53353287181735202674555188	(18,25)
0.53851978729638425015493654	(18,26)
0.54267325306317638684113804	(18,27)
0.54588660099047622732843326	(18,28)
0.5480765670643677671963667	(18,29)
0.5491860620028960171317753	(18,30)
0.28268478049138067340712705	(19,1)
0.28268945118974771069174276	(19,2)
0.28272094716888691987733648	(19,3)
0.28282236205287761528025062	(19,4)
0.28305534758304336509554805	(19,5)
0.28349666704530698424541394	(19,6)
0.28423383088797117009225996	(19,7)
0.28536000753798369103233652	(19,8)
0.28696844253324743695610505	(19,9)
0.28914665141651447762242687	(19,10)
0.29197067332583406673368547	(19,11)
0.29549967989530754034799643	(19,12)
0.29977122557774806087225678	(19,13)
0.30479739957019319377457746	(19,14)
0.31056209645843492505293004	(19,15)
0.31701956455364144001443952	(19,16)
0.32409432144256922494287867	(19,17)
0.33168245066366595529234788	(19,18)
0.33965421760700465059349453	(19,19)
0.34785787273627430465702256	(19,20)
0.35612445137050504472166263	(19,21)
0.36427333551419411601273612	(19,22)
0.37211831676880864885903218	(19,23)
0.37947389043518278755184516	(19,24)
0.38616151796560336311332944	(19,25)
0.39201561498513052218850485	(19,26)
0.39688905137391609428841069	(19,27)
0.40065798437078710037848924	(19,28)
0.40322588167354911281017893	(19,29)
0.4045266262440913258501565	(19,30)
0.1344967257413768719143543	(20,1)
0.13450215323877626167929935	(20,2)
0.13453875249204962396528679	(20,3)
0.13465659887728585789430741	(20,4)
0.13492732933570751064361054	(20,5)
0.13544012972520177793281239	(20,6)
0.13629664820462472935527854	(20,7)
0.13760505732085021853621282	(20,8)
0.13947353618868796638082737	(20,9)
0.14200348453062336698264149	(20,10)
0.1452828082356796028699003	(20,11)
0.1493796273399247709951375	(20,12)
0.15433674848355151362871946	(20,13)
0.16016721300519072453600215	(20,14)
0.16685117904553044708405788	(20,15)
0.17433432394443076894738927	(20,16)
0.18252786681036914387243608	(20,17)
0.19131021731195631724348553	(20,18)
0.2005301634594993780691787	(20,19)
0.21001142640367438449291268	(20,20)
0.21955834101019513114137883	(20,21)
0.2289623721307591463077244	(20,22)
0.23800915048370796790651088	(20,23)
0.24648570857567790484433676	(20,24)
0.25418761339500960182159224	(20,25)
0.26092572413227857525550206	(20,26)
0.26653234439865497881010395	(20,27)
0.27086658369753359278591314	(20,28)
0.27381878734984730639014123	(20,29)
0.2753139340795896462605302	(20,30)
0.00398322073372408373276302	(21,1)
0.00398942508717436979261235	(21,2)
0.0040312628443227251068809	(21,3)
0.00416597591270959164489172	(21,4)
0.00447544962819373457268027	(21,5)
0.00506161648567061464544222	(21,6)
0.00604062312765303171488965	(21,7)
0.00753601318265515685457605	(21,8)
0.00967123682193851453725301	(21,9)
0.01256184749594966965998838	(21,10)
0.01630778176256807248126039	(21,11)
0.0209861337902001016617827	(21,12)
0.02664482722710149132930457	(21,13)
0.03329755081699364517094506	(21,14)
0.04092026036105306826855016	(21,15)
0.04944946161858707248613596	(21,16)
0.05878238296569696779262551	(21,17)
0.06877903211709530011603842	(21,18)
0.07926601838196466486263463	(21,19)
0.09004192112322951431131176	(21,20)
0.10088390511848519404103098	(21,21)
0.11155523039898616928000815	(21,22)
0.12181328037726610323488072	(21,23)
0.13141773653094814167750155	(21,24)
0.1401385562802373622160453	(21,25)
0.14776345641683209635539068	(21,26)
0.15410465987703069881735665	(21,27)
0.15900472130361744770696443	(21,28)
0.16234130039281976730571578	(21,29)
0.1640307970795839122385348	(21,30)
-0.10787685893506469832901014	(22,1)
-0.1078698644640651802507281	(22,2)
-0.10782269880097249253265201	(22,3)
-0.10767083146916504668159173	(22,4)
-0.10732195548982007184468882	(22,5)
-0.10666118024011511669558155	(22,6)
-0.10555762953496116522499372	(22,7)
-0.10387216252381110655655655	(22,8)
-0.10146586614322964331584182	(22,9)
-0.09820890776468737425781647	(22,10)
-0.0939892923681452761840631	(22,11)
-0.08872104749198693152962828	(22,12)
-0.08235136779619620159054845	(22,13)
-0.07486629331027809744778593	(22,14)
-0.06629457163552825938452983	(22,15)
-0.05670946051390358964245337	(22,16)
-0.04622835499692600941468487	(22,17)
-0.03501026133524439186196389	(22,18)
-0.02325127429205333800997775	(22,19)
-0.0111783327167933328864527	(22,20)
0.00095838103300223245343551	(22,21)
0.01289397599316534776965329	(22,22)
0.02435788069211778631573517	(22,23)
0.03508293865081826279407572	(22,24)
0.04481418910565645468426672	(22,25)
0.05331701365412103699558943	(22,26)
0.06038440153450575016590444	(22,27)
0.06584315776237786384033731	(22,28)
0.06955894152071711733399133	(22,29)
0.0714400718678160694696277	(22,30)
-0.20142612416347582779993829	(23,1)
-0.20141833126452549163599009	(23,2)
-0.20136578168372500594247033	(23,3)
-0.20119658006427282139604403	(23,4)
-0.20080789014831275062050854	(23,5)
-0.20007173399669901814957318	(23,6)
-0.19884237009081252490017765	(23,7)
-0.19696493848788115924924093	(23,8)
-0.19428498066188026196501017	(23,9)
-0.19065836961053007528580166	(23,10)
-0.18596113117936137296100156	(23,11)
-0.18009860995757858259764928	(23,12)
-0.17301344099310099453251886	(23,13)
-0.16469183731943571402264689	(23,14)
-0.15516779353491440466181977	(23,15)
-0.14452493246302148238160989	(23,16)
-0.13289587479307145579748586	(23,17)
-0.12045917581111878554131357	(23,18)
-0.10743403198355743323079043	(23,19)
-0.09407309683181282982651514	(23,20)
-0.08065384689440359123153927	(23,21)
-0.06746899636762709630938456	(23,22)
-0.05481647114565578030301047	(23,23)
-0.0429894233995829232575347	(23,24)
-0.03226670544259205719064864	(23,25)
-0.02290413844250363600816631	(23,26)
-0.0151268205763302036802609	(23,27)
-0.00912263247686367913364698	(23,28)
-0.00503702471802026414259173	(23,29)
-0.0029691184890741399465829	(23,30)
-0.27789206678600055697227488	(24,1)
-0.27788347058409952185778484	(24,2)
-0.27782550424343686989490002	(24,3)
-0.2776388629595059770364101	(24,4)
-0.27721011917289510309668776	(24,5)
-0.27639813586010637621122116	(24,6)
-0.27504223732300484875018448	(24,7)
-0.27297179685288948464722862	(24,8)
-0.27001680718611142635495458	(24,9)
-0.26601891405518391832258434	(24,10)
-0.26084232654871224574666014	(24,11)
-0.25438398264347549527888787	(24,12)
-0.24658235505442941592558326	(24,13)
-0.2374243385015172188118385	(24,14)
-0.22694976567011058982027534	(24,15)
-0.2152532494324538534154903	(24,16)
-0.20248323018402112628801106	(24,17)
-0.18883830092184439119752451	(24,18)
-0.17456106786155513947277459	(24,19)
-0.15992996073173794565067314	(24,20)
-0.14524951837736618689131989	(24,21)
-0.13083973264019180457571471	(24,22)
-0.11702503524340829059579689	(24,23)
-0.10412346473958955936044275	(24,24)
-0.09243646557686435141576659	(24,25)
-0.08223966456325657257070328	(24,26)
-0.07377485776188408349028771	(24,27)
-0.06724333769125240610838921	(24,28)
-0.06280060762957325344002823	(24,29)
-0.0605524732398542749158383	(24,30)
-0.33901406862832011114869527	(25,1)
-0.33900466657307725921774432	(25,2)
-0.33894126630962392594127077	(25,3)
-0.33873713051373258332780399	(25,4)
-0.33826820925630649927220365	(25,5)
-0.33738017383619361209664504	(25,6)
-0.33589739168907716898523185	(25,7)
-0.33363347375750520957930543	(25,8)
-0.33040291796543056081102498	(25,9)
-0.32603327147172877157879747	(25,10)
-0.32037715399723998096390276	(25,11)
-0.31332344004747468826058155	(25,12)
-0.30480690309355373343174738	(25,13)
-0.29481568876991715191788473	(25,14)
-0.2833961084239305317536426	(25,15)
-0.27065442139053892060859144	(25,16)
-0.25675548783169453448856843	(25,17)
-0.24191840085327748340705764	(25,18)
-0.22640942085225782160749061	(25,19)
-0.21053271204485905182362595	(25,20)
-0.19461950192828876941179799	(25,21)
-0.17901633879156948662308442	(25,22)
-0.16407311004609572273535462	(25,23)
-0.15013141411358166975398144	(25,24)
-0.13751376688915343451615888	(25,25)
-0.12651399010189785759549597	(25,26)
-0.11738899318721312517375733	(25,27)
-0.11035203980925070391930445	(25,28)
-0.10556749740360114998253974	(25,29)
-0.1031470097701917327965846	(25,30)
-0.38675550986580656437557835	(26,1)
-0.38674530100714806361202215	(26,2)
-0.38667646045303808567220184	(26,3)
-0.38645481009991765019568434	(26,4)
-0.3859456679718769818671503	(26,5)
-0.3849815083567259138829512	(26,6)
-0.38337175169479633458122129	(26,7)
-0.38091428856416800982770379	(26,8)
-0.37740821857801746553209588	(26,9)
-0.37266716669902840792293969	(26,10)
-0.36653244328631024118062814	(26,11)
-0.35888525909929624127403759	(26,12)
-0.34965720974948981751939649	(26,13)
-0.33883831712960871900274521	(26,14)
-0.32648206021640328495584789	(26,15)
-0.31270703509457549936288805	(26,16)
-0.29769513387439339547664855	(26,17)
-0.28168639597513217149847548	(26,18)
-0.26497093117760903973114124	(26,19)
-0.24787851229897529546974536	(26,20)
-0.23076656420325471986791963	(26,21)
-0.2140073241829891473986045	(26,22)
-0.19797491801426238834413988	(26,23)
-0.18303299889599406154783646	(26,24)
-0.1695234537484670077969762	(26,25)
-0.15775651744639785967076125	(26,26)
-0.14800247446338941459237007	(26,27)
-0.14048498907397834964639064	(26,28)
-0.13537600345699928733109645	(26,29)
-0.1327920844723713062107182	(26,30)
-0.423101199188213321597995564	(27,1)
-0.423090183769572992152977165	(27,2)
-0.423015904608631681275799487	(27,3)
-0.422776745620257306184321224	(27,4)
-0.422227399116417117224817746	(27,5)
-0.421187157580246211749962664	(27,6)
-0.419450529168954929014770426	(27,7)
-0.416799755318101196123314466	(27,8)
-0.413018667857738118640517778	(27,9)
-0.40790718521916802860152729	(27,10)
-0.401295633101354606470578114	(27,11)
-0.393058007641029980887841794	(27,12)
-0.383123300007843014413705895	(27,13)
-0.371484084617756375663992869	(27,14)
-0.35820174145788305820112832	(27,15)
-0.34340792498785818733070249	(27,16)
-0.32730218286133064786897664	(27,17)
-0.31014593252604359058922002	(27,18)
-0.29225328401479711190813348	(27,19)
-0.27397941766731319439992124	(27,20)
-0.25570736069488219674521967	(27,21)
-0.23783404511082307306275195	(27,22)
-0.22075647559117218997951443	(27,23)
-0.20485870661696295561575455	(27,24)
-0.19050015009112885378524972	(27,25)
-0.17800553739634916678046153	(27,26)
-0.16765667180433702274996949	(27,27)
-0.15968595088080407484638624	(27,28)
-0.1542715287816579468142996	(27,29)
-0.15153393136444814975672	(27,30)
-0.449928352297460752805242464	(28,1)
-0.449916531581574808877035915	(28,2)
-0.449836822374381141811398323	(28,3)
-0.449580182854181692133012877	(28,4)
-0.44899069965177401643868492	(28,5)
-0.447874516270435897377947392	(28,6)
-0.446011284715174622178167187	(28,7)
-0.443167693906114587254584319	(28,8)
-0.439112468265006972259361855	(28,9)
-0.433632070142852725014142197	(28,10)
-0.42654620513329485339650785	(28,11)
-0.417722148035324810396505785	(28,12)
-0.407086905338211378462054417	(28,13)
-0.394636325011684477250056358	(28,14)
-0.380440459334815216603947584	(28,15)
-0.364644767549289842463867347	(28,16)
-0.347467081851489176897224452	(28,17)
-0.329190610374076440559374038	(28,18)
-0.310153567954228127412425927	(28,19)
-0.29073626806238061141575305	(28,20)
-0.27134664843113176909833937	(28,21)
-0.2524052275150504863076298	(28,22)
-0.23433040635111679265971156	(28,23)
-0.21752486368979259982767032	(28,24)
-0.20236357428129058268504297	(28,25)
-0.18918374680989125649628533	(28,26)
-0.17827676186537791744148216	(28,27)
-0.16988201659480798342484904	(28,28)
-0.16418246653855198094445661	(28,29)
-0.1613016019128541649980309	(28,30)
-0.468934687040984137640807598	(29,1)
-0.468922063288995695272322976	(29,2)
-0.468836939331669749894568025	(29,3)
-0.468562869106188802359639862	(29,4)
-0.467933366990788772853538399	(29,5)
-0.466741477526483252622519456	(29,6)
-0.464752073500636106636366578	(29,7)
-0.461716412433017614403652559	(29,8)
-0.457388300169902943579948455	(29,9)
-0.451541026134225729093294158	(29,10)
-0.44398407717964730403211701	(29,11)
-0.434578539947631655123323104	(29,12)
-0.42325009664627157298022851	(29,13)
-0.409998627359429153219367509	(29,14)
-0.39490365720202717215507129	(29,15)
-0.378125211779440330395095181	(29,16)
-0.359900032457327110832839064	(29,17)
-0.340533502868172147844051559	(29,18)
-0.320387994542937984916744268	(29,19)
-0.299868604008465352659823207	(29,20)
-0.279407393894269258598979666	(29,21)
-0.25944725619162982353560836	(29,22)
-0.24042639876327026160336309	(29,23)
-0.22276424643775255250148416	(29,24)
-0.20684928592996903873392187	(29,25)
-0.19302911184764072369606249	(29,26)
-0.18160268638407827467937936	(29,27)
-0.17281463513137069529836364	(29,28)
-0.16685128096101407920454386	(29,29)
-0.1638380708135509069655033	(29,30)
-0.48160724707469882074440698	(30,1)
-0.481593823614715181220532219	(30,2)
-0.481503307400824707971843429	(30,3)
-0.481211879502331943274818646	(30,4)
-0.48054252974675127231585129	(30,5)
-0.47927527194413257250682812	(30,6)
-0.477160298399996468045527106	(30,7)
-0.473933581564730280926387344	(30,8)
-0.469334226133283981268352673	(30,9)
-0.463122663603759007620884134	(30,10)
-0.455098598012281630610352802	(30,11)
-0.445117496865206089918450585	(30,12)
-0.433104412977008730507576896	(30,13)
-0.419064046288090693835069395	(30,14)
-0.403086214203568186144044974	(30,15)
-0.385346273670593834082193374	(30,16)
-0.366100483276695838541419068	(30,17)
-0.345676747897981148404638745	(30,18)
-0.324461586385923215463763392	(30,19)
-0.302884448301414295645476614	(30,20)
-0.281400643292167709993177966	(30,21)
-0.260474127679981362092722008	(30,22)
-0.240561234969690214556055631	(30,23)
-0.22209617848157178680354176	(30,24)
-0.20547884408626486884670959	(30,25)
-0.19106507856419102674826663	(30,26)
-0.17915940606277218562476959	(30,27)
-0.17000990024570143198176791	(30,28)
-0.16380481742116121487487865	(30,29)
-0.160670557611675247251459	(30,30)
-0.489218001454487854485798366	(31,1)
-0.489203782793286982430236484	(31,2)
-0.489107904766636985491118817	(31,3)
-0.488799217851351478178995481	(31,4)
-0.488090250738119966235325168	(31,5)
-0.486748074658508304000353468	(31,6)
-0.484508323718551981513646216	(31,7)
-0.481091858301595126644162616	(31,8)
-0.476223328711009209905208404	(31,9)
-0.469650654916121357648272855	(31,10)
-0.461164226441018670494709244	(31,11)
-0.450614492168547368214806391	(31,12)
-0.43792659804574719785440723	(31,13)
-0.423110871384406442224370355	(31,14)
-0.406268248573419788289120556	(31,15)
-0.387590173081283756363497877	(31,16)
-0.367352998672486501397500559	(31,17)
-0.345907445869626347972721534	(31,18)
-0.323664100992559658294826589	(31,19)
-0.30107625226783623883895651	(31,20)
-0.278621488084326799075205388	(31,21)
-0.256783432532151246499695901	(31,22)
-0.236034788009169690724922744	(31,23)
-0.21682254176481558666320117	(31,24)
-0.19955583127106785900650776	(31,25)
-0.18459660914651170912673395	(31,26)
-0.17225294783389111601194862	(31,27)
-0.16277460701283404861362292	(31,28)
-0.15635036558772543436330498	(31,29)
-0.1531065933773755808743918	(31,30)
-0.492835492675912455910822328	(32,1)
-0.492820484623077961384135504	(32,2)
-0.492719284014229023289060147	(32,3)
-0.492393465049190749690303514	(32,4)
-0.491645176004718922328856097	(32,5)
-0.490228655498018572851710404	(32,6)
-0.487865127185752045650752834	(32,7)
-0.484260540636858178003147289	(32,8)
-0.479125368618101516477143343	(32,9)
-0.472195396750045445051338223	(32,10)
-0.463252198195354486179137295	(32,11)
-0.452141830264109843577067748	(32,12)
-0.438790274543831821239243047	(32,13)
-0.423214302654408121325146054	(32,14)
-0.405526791284301012618162438	(32,15)
-0.385936001825200182285576826	(32,16)
-0.364738917104086773662250629	(32,17)
-0.342309304111236945898653739	(32,18)
-0.319081657663794474758715067	(32,19)
-0.295532502632767192895918606	(32,20)
-0.272160650795857359714305394	(32,21)
-0.249467920655823573243991448	(32,22)
-0.227941568771573473010504967	(32,23)
-0.208039308334927282428855952	(32,24)
-0.19017737389251876754029862	(32,25)
-0.17472169476387612319734977	(32,26)
-0.16198191340513790016543298	(32,27)
-0.15220775843669011404791822	(32,28)
-0.14558716546938123100208556	(32,29)
-0.1422455267075258395296317	(32,30)
-0.493344906364530667600416913	(33,1)
-0.493329116150392700817722099	(33,2)
-0.493222641771336625461080105	(33,3)
-0.492879848585672290134517972	(33,4)
-0.492092603997832543136270451	(33,5)
-0.490602447555589341642491247	(33,6)
-0.488116367437134360445199345	(33,7)
-0.484325633242023784826019122	(33,8)
-0.478926847576302967521981392	(33,9)
-0.471644068608270003867916639	(33,10)
-0.4622505779992062156999285	(33,11)
-0.450588689402680092659350762	(33,12)
-0.436585974084600076380457347	(33,13)
-0.420266463216891194463154185	(33,14)
-0.401755776518979622321012192	(33,15)
-0.381279686699848933124374372	(33,16)
-0.35915628173061057793784158	(33,17)
-0.335782530887865240367812662	(33,18)
-0.311616592157900803922425326	(33,19)
-0.287157535945577117310852002	(33,20)
-0.262924260429569609797021195	(33,21)
-0.239435241008238131594459941	(33,22)
-0.217190434983931943861748237	(33,23)
-0.19665622473577124814449581	(33,24)
-0.17825380850576471487340137	(33,25)
-0.16235100974070468078990414	(33,26)
-0.1492571263556406949752121	(33,27)
-0.13922020907906392949572505	(33,28)
-0.13242604973818931045025135	(33,29)
-0.1289981657259607842383812	(33,30)
-0.491471504446068200491605186	(34,1)
-0.4914549408233855438639129	(34,2)
-0.491343251752516933146312471	(34,3)
-0.490983675234687577437147739	(34,4)
-0.490157917452603741085570607	(34,5)
-0.488594977494973466150415984	(34,6)
-0.485987811655533944674248267	(34,7)
-0.48201327092003049291302059	(34,8)
-0.476354425548623003726761223	(34,9)
-0.468724041204564245898293463	(34,10)
-0.45888765580084150234523528	(34,11)
-0.446684501716504307121174461	(34,12)
-0.432044496316816108823531159	(34,13)
-0.414999732216411705781650659	(34,14)
-0.395689342858913215363092609	(34,15)
-0.374357253632266551988412005	(34,16)
-0.351343062972554351438681259	(34,17)
-0.327067013230563933944063698	(34,18)
-0.302010588580070606482870966	(34,19)
-0.276694625627828792729359138	(34,20)
-0.251656898151322433049122576	(34,21)
-0.227430951518689047725471154	(34,22)
-0.204527572506977210305033411	(34,23)
-0.183419772531801802534551052	(34,24)
-0.164531629215221120898704614	(34,25)
-0.14823085242703083812247463	(34,26)
-0.13482457136156218326589352	(34,27)
-0.12455760550690907253686487	(34,28)
-0.11761238630348985620240295	(34,29)
-0.1141097221447003142714115	(34,30)
-0.487804301001806393787701343	(35,1)
-0.487786974326732932567738402	(35,2)
-0.487670140454072709157537751	(35,3)
-0.48729400629847887121224637	(35,4)
-0.486430257593213504805907662	(35,5)
-0.48479553777321048538622212	(35,6)
-0.482069004440133929413670744	(35,7)
-0.477913382253514099717059495	(35,8)
-0.471998576734549304624555613	(35,9)
-0.464026521748069774210152662	(35,10)
-0.45375557762685904779820854	(35,11)
-0.441022565279226325672515634	(35,12)
-0.425760497291135636020296695	(35,13)
-0.408010304296412894865597592	(35,14)
-0.387925358746043187401379265	(35,15)
-0.365768314611743871499865067	(35,16)
-0.341900603600270997793554621	(35,17)
-0.316765718661343060153378705	(35,18)
-0.290868038485796336927968062	(35,19)
-0.264749301676778699735967358	(35,20)
-0.238964883180568934169730218	(35,21)
-0.214061778644106246218529236	(35,22)
-0.190559737137610648529007292	(35,23)
-0.168936401057351748586529604	(35,24)
-0.149616719164043029397254075	(35,25)
-0.13296638142309125618009777	(35,26)
-0.11928863874251543173969128	(35,27)
-0.10882364011074165537002459	(35,28)
-0.10174933990340503672515597	(35,29)
-0.0981830772508413063917331	(35,30)
-0.482818222542612697649241195	(36,1)
-0.48280014483390427046933862	(36,2)
-0.48267824725954639758123634	(36,3)
-0.482285817239992113809759665	(36,4)
-0.481384682675217047095559276	(36,5)
-0.47967934310676957128042742	(36,6)
-0.476835420771815363911856088	(36,7)
-0.472501837145673771154595906	(36,8)
-0.466335729212936812661863373	(36,9)
-0.458028682632453684747124711	(36,10)
-0.447332459683784863938660197	(36,11)
-0.434082139477720405462380666	(36,12)
-0.41821456162102206494850509	(36,13)
-0.399780234027301459804788561	(36,14)
-0.378947435051032599569064065	(36,15)
-0.355998045213596467795782513	(36,16)
-0.331315559562363633354975268	(36,17)
-0.305366599739203423610004225	(36,18)
-0.278677911967520933888076711	(36,19)
-0.251811193576483840357579949	(36,20)
-0.225338094959767542529031349	(36,21)
-0.199817427709537169244067047	(36,22)
-0.175776062557428492800290465	(36,23)
-0.153694341835036093851507468	(36,24)
-0.133996178638111677284286068	(36,25)
-0.1170434620674461440416724	(36,26)
-0.10313399098178540870973944	(36,27)
-0.09250193613967517533785689	(36,28)
-0.08531977129162407907171302	(36,29)
-0.0817006887423196001142568	(36,30)
-0.476893896994220751357435782	(37,1)
-0.476875081971543369853206307	(37,2)
-0.476748213263143337464192375	(37,3)
-0.47633978605204416735007156	(37,4)
-0.475401955308947472852684024	(37,5)
-0.473627315805908896911323717	(37,6)
-0.470668248002063363147551337	(37,7)
-0.46616022364585165087483995	(37,8)
-0.459748034293310742990309107	(37,9)
-0.451113420504186403774317798	(37,10)
-0.440002133878177608688229009	(37,11)
-0.426248173377626824651341874	(37,12)
-0.4097929099650374446411771	(37,13)
-0.390697118998262924564338639	(37,14)
-0.369144580954236011502466124	(37,15)
-0.345436811683032527148764147	(37,16)
-0.31997949846847264997420389	(37,17)
-0.293262166356565579658059201	(37,18)
-0.265833308601884847440782704	(37,19)
-0.238273567029504099897019066	(37,20)
-0.211169504602495596741220045	(37,21)
-0.185090118963582410584716388	(37,22)
-0.160567610768562795115517005	(37,23)
-0.138083181889920978853228878	(37,24)
-0.11805792742063373126385806	(37,25)
-0.100848300856367555817253824	(37,26)
-0.08674522867209888683734115	(37,27)
-0.07597574108238159953478501	(37,28)
-0.06870595084991127157259978	(37,29)
-0.0650443150668286962023199	(37,30)
-0.470334779238130598776826647	(38,1)
-0.470315242341266368746523786	(38,2)
-0.470183506662698521230729496	(38,3)
-0.469759418235245814452240302	(38,4)
-0.468785666482707505174109475	(38,5)
-0.466943207984884120700893037	(38,6)
-0.463871505022437125739783104	(38,7)
-0.459192962447004995385013293	(38,8)
-0.4525404742952900360676898	(38,9)
-0.443586454886179934977190194	(38,10)
-0.4320712345319002351215436	(38,11)
-0.417828377618782540254927198	(38,12)
-0.400804453291702621092171299	(38,13)
-0.381071134116669963099513829	(38,14)
-0.358828216896002396254568581	(38,15)
-0.334397162626800138339998565	(38,16)
-0.308205872066284521296356727	(38,17)
-0.280766443319948732323541315	(38,18)
-0.252648406775731551732658933	(38,19)
-0.224450273692822404592070664	(38,20)
-0.196772135061822590719059035	(38,21)
-0.170191568589957816368274057	(38,22)
-0.145244383599298981359036772	(38,23)
-0.122410913480849982194944452	(38,24)
-0.102107797563324650519362676	(38,25)
-0.08468458245832576430059053	(38,26)
-0.07042406907065418669221535	(38,27)
-0.05954514028812425212262155	(38,28)
-0.05220679756896850743030707	(38,29)
-0.0485122677019308817983078	(38,30)
-0.463381649520071866327983394	(39,1)
-0.463361407911168996844337393	(39,2)
-0.463224921036841248529876804	(39,3)
-0.462785544706949821519937107	(39,4)
-0.46177673262557661884911399	(39,5)
-0.459868097021329599734939576	(39,6)
-0.456686535044541490114101516	(39,7)
-0.451841795572976369681223995	(39,8)
-0.444955345402380694792070394	(39,9)
-0.435690803180882296757918304	(39,10)
-0.423783663351765995460711315	(39,11)
-0.409067677195923776876922568	(39,12)
-0.3914952316354599896676732	(39,13)
-0.371149455217008374178772046	(39,14)
-0.348246583097656228542039748	(39,15)
-0.32312822416465847245374002	(39,16)
-0.296244401791981535206185754	(39,17)
-0.268129352308527926307652895	(39,18)
-0.239372850193630714494602639	(39,19)
-0.210590152044299167517597841	(39,20)
-0.182393487032127503151808492	(39,21)
-0.155367450131241089805758894	(39,22)
-0.130049828779599182034901418	(39,23)
-0.106918491492455667739136068	(39,24)
-0.08638414540338254053158911	(39,25)
-0.068788135753469552563291768	(39,26)
-0.05440406149245481976074537	(39,27)
-0.0434418132288359119540795	(39,28)
-0.03605266449064864189156446	(39,29)
-0.0323342117876372082914563	(39,30)
-0.456224694643674412511879825	(40,1)
-0.45620376719470907372934104	(40,2)
-0.456062656424168356794970793	(40,3)
-0.455608402559508791008068065	(40,4)
-0.454565475629251657231523563	(40,5)
-0.452592464186539800571861334	(40,6)
-0.449304081916524741443372687	(40,7)
-0.444297859189076342518946104	(40,8)
-0.437184325535857994549476106	(40,9)
-0.427618842016770869487137824	(40,10)
-0.415332642641466352093296227	(40,11)
-0.400160255137911181645001867	(40,12)
-0.382060447371598722584517761	(40,13)
-0.361128281986871250937626152	(40,14)
-0.337596753565401654225070401	(40,15)
-0.311827708225023973222502422	(40,16)
-0.284293086645246460892100358	(40,17)
-0.255548726742644494014182317	(40,18)
-0.226203779018358311974695622	(40,19)
-0.196889085333135204361362694	(40,20)
-0.168227634602041924860009672	(40,21)
-0.140809537994830582489284823	(40,22)
-0.115173039573773348889009675	(40,23)
-0.091792094580773697438450095	(40,24)
-0.071070175972438043354714323	(40,25)
-0.053339319223509387212768265	(40,26)
-0.03886302735201931359888902	(40,27)
-0.02784151816605479509871598	(40,28)
-0.02041785493208837288543888	(40,29)
-0.0166836986861132388749814	(40,30)
-0.449013458364403241450250906	(41,1)
-0.448991865631875584371060341	(41,2)
-0.448846269618356927755492764	(41,3)
-0.448377585078620843729642564	(41,4)
-0.447301572232478638991968666	(41,5)
-0.445266142836612310277522574	(41,6)
-0.441874236343550943907608283	(41,7)
-0.436711626869365659434368903	(41,8)
-0.42937841353372177765529627	(41,9)
-0.419522241156960977636604767	(41,10)
-0.406870642884709804979255558	(41,11)
-0.391259473090850823099351578	(41,12)
-0.372654378839923575406420008	(41,13)
-0.351162745782161956250859882	(41,14)
-0.32703454076510414406040669	(41,15)
-0.30065181860295504048437184	(41,16)
-0.272508117182088032449051894	(41,17)
-0.243180242204542596144946738	(41,18)
-0.213295786749997124033934331	(41,19)
-0.183499995764255006078565851	(41,20)
-0.15442526743865829685892038	(41,21)
-0.126665807088621842277249349	(41,22)
-0.100758919019485475983870624	(41,23)
-0.077173357993212048912643479	(41,24)
-0.056304244620175180228008541	(41,25)
-0.038473387616138767837507462	(41,26)
-0.02393348424035076465196748	(41,27)
-0.01287456257500304734720541	(41,28)
-0.005431125423744130667729	(41,29)
-0.0016886856709846055367044	(41,30)
-0.44186496625387726938161171	(42,1)
-0.44184273044254823832763644	(42,2)
-0.441692798947665983756987644	(42,3)
-0.441210166285529804757136812	(42,4)
-0.440102178021084598120984454	(42,5)
-0.438006441397077902517990574	(42,6)
-0.43451455721076959141807776	(42,7)
-0.429201028466781448530551202	(42,8)
-0.421656044705023342074452496	(42,9)
-0.41152007493439828046200704	(42,10)
-0.398517489518904974135948913	(42,11)
-0.382485973425467682271253171	(42,12)
-0.363398478661853743701610036	(42,13)
-0.341375006289660752822877843	(42,14)
-0.316682594381671733547270815	(42,15)
-0.289723357433415162300855301	(42,16)
-0.261011997237109465816859135	(42,17)
-0.231145562641152086711132273	(42,18)
-0.200769101308327073519271977	(42,19)
-0.170541071219897569012191919	(42,20)
-0.14110197327531620350821471	(42,21)
-0.113048779527670751872290838	(42,22)
-0.086916596691636993784260886	(42,23)
-0.063167862903721625573370814	(42,24)
-0.042188417711339830728472617	(42,25)
-0.024289119005335678758256967	(42,26)
-0.00971133080084389257400982	(42,27)
0.00136546577658866777870934	(42,28)
0.00881555103126531493968527	(42,29)
0.0125596843051444878661591	(42,30)
-0.434870317330953499340922189	(43,1)
-0.434847462248197232723248394	(43,2)
-0.434693355833413240696044848	(43,3)
-0.434197292292627304873376376	(43,4)
-0.433058518321558500807280117	(43,5)
-0.430904733396903147819802899	(43,6)
-0.427316660227503278517047148	(43,7)
-0.421858036747160154452830737	(43,8)
-0.41410967483595422631963601	(43,9)
-0.403705403169955097167652858	(43,10)
-0.390366940688346772796381567	(43,11)
-0.37393425442539751814298086	(43,12)
-0.35438794798433127889227658	(43,13)
-0.331860827819419672349611722	(43,14)
-0.306636984319439277243811425	(43,15)
-0.279138321379519632155994716	(43,16)
-0.249900161531027122991825664	(43,17)
-0.219538989026429480375700599	(43,18)
-0.18871627515752888194550068	(43,19)
-0.158102507164976842741334458	(43,20)
-0.128345040847381744757668565	(43,21)
-0.100042395826188120043418901	(43,22)
-0.073726372559278362845664469	(43,23)
-0.04985215399833307441586517	(43,24)
-0.028795561443908630353605547	(43,25)
-0.010855968875829147772187858	(43,26)
0.00373694301623921521295337	(43,27)
0.01481444411400510702429182	(43,28)
0.0222596994892522638402014	(43,29)
0.0259997814324400244071554	(43,30)
-0.428100006150760235057367272	(44,1)
-0.428076557152886585894770901	(44,2)
-0.427918446816904320380255224	(44,3)
-0.427409503157141706936146872	(44,4)
-0.426241209661810293950554363	(44,5)
-0.424031778204371406513964218	(44,6)
-0.420351537509313495812181823	(44,7)
-0.41475398534756947508450729	(44,8)
-0.40681109612427085457740816	(44,9)
-0.396150584928913256183844768	(44,10)
-0.382491999160343304540064624	(44,11)
-0.365677981497024969073938596	(44,12)
-0.345697049249561720534929986	(44,13)
-0.322694897348150429975777239	(44,14)
-0.296972529404664400843733768	(44,15)
-0.268971248104364999028449569	(44,16)
-0.239246348560243769436240871	(44,17)
-0.20843286839588320658936175	(44,18)
-0.177207640580485699498872992	(44,19)
-0.146252017740371840664196511	(44,20)
-0.116219034937247461017669453	(44,21)
-0.087707659741720353684801715	(44,22)
-0.061245434565263902688941623	(44,23)
-0.037279529476380739318346069	(44,24)
-0.016175200670951032732206479	(44,25)
0.001780008895154614385608369	(44,26)
0.01636828211452199013156479	(44,27)
0.02743169937745487653789453	(44,28)
0.03486229932420648197352322	(44,29)
0.0385934308234259852196426	(44,30)
-0.421608204522520124842574572	(45,1)
-0.421584188454225296837253273	(45,2)
-0.421422255224132393397412267	(45,3)
-0.420901014397949612033972452	(45,4)
-0.419704540954237949397668717	(45,5)
-0.417442001600942768944246518	(45,6)
-0.413673837201455730078103097	(45,7)
-0.407943847110624489270819371	(45,8)
-0.399815714015076962323063675	(45,9)
-0.388911553972867134030583971	(45,10)
-0.374949187093016694042401599	(45,11)
-0.357774262847791019905816801	(45,12)
-0.337383385593322781025227882	(45,13)
-0.313935111933033022945828697	(45,14)
-0.287747098744635885383445448	(45,15)
-0.259279539091345248744481866	(45,16)
-0.229106953683628730445040652	(45,17)
-0.197881986740224399065790534	(45,18)
-0.166295751890434162333243667	(45,19)
-0.135039335899778144207760543	(45,20)
-0.104770361286690798336817534	(45,21)
-0.076087272356603826090185955	(45,22)
-0.049512563365367407852770976	(45,23)
-0.025484814877646816035372143	(45,24)
-0.004358357314272731463023009	(45,25)
0.013591266128260475452992549	(45,26)
0.02815812205338698343785756	(45,27)
0.03919502654622379572176009	(45,28)
0.04660277700004916808830244	(45,29)
0.050320892347097438249114	(45,30)
-0.415436197099462567244032929	(46,1)
-0.415411642227396531628738908	(46,2)
-0.415246076710235310252134794	(46,3)
-0.414713152413800810820854198	(46,4)
-0.413489908630812683692648733	(46,5)
-0.411176930406204674185087444	(46,6)
-0.407325297328081588514417752	(46,7)
-0.401469666932651598743618456	(46,8)
-0.393165979003801818002623798	(46,9)
-0.382031249864214625904978282	(46,10)
-0.36778197745080596760739871	(46,11)
-0.350267083193492977382051533	(46,12)
-0.329491340093811255868555244	(46,13)
-0.305626028241648585907041116	(46,14)
-0.279005077837650839116788611	(46,15)
-0.250106950046238248987939851	(46,16)
-0.219524552546117642558609769	(46,17)
-0.187927134567801255087021779	(46,18)
-0.156019001845628212135050501	(46,19)
-0.124499888147476115500028053	(46,20)
-0.094031005134321021559715409	(46,21)
-0.065209437350182165926726449	(46,22)
-0.038552004459233542385491582	(46,23)
-0.014488299406033160838279283	(46,24)
0.006638454306653996787956497	(46,25)
0.024564713283202671744590393	(46,26)
0.039096299120484152753049342	(46,27)
0.05009656580501860993980431	(46,28)
0.05747486098679452404652312	(46,29)
0.0611767043365128334751279	(46,30)
-0.409615132619057072404298933	(47,1)
-0.409590068560353314014758358	(47,2)
-0.409421070460832035573404118	(47,3)
-0.408877105576947174948040649	(47,4)
-0.407628567496870497611656189	(47,5)
-0.405267942906351820284117734	(47,6)
-0.40133749559459245853933263	(47,7)
-0.395363310811833214542389725	(47,8)
-0.386894135027074016274669194	(47,9)
-0.375542366242827569927062058	(47,10)
-0.361023543434176417312729336	(47,11)
-0.343190056634033365551333775	(47,12)
-0.322054835681875548150794514	(47,13)
-0.297801634547268412886423639	(47,14)
-0.270780159157246323483672194	(47,15)
-0.241486407789686387684929065	(47,16)
-0.210530752733484125792541723	(47,17)
-0.178598001826689358929931765	(47,18)
-0.146404567600066919828218265	(47,19)
-0.114657797755991596275292072	(47,20)
-0.084021595781219444266220152	(47,21)
-0.055090988446985009520594433	(47,22)
-0.02837665741087853438370515	(47,23)
-0.00429898334460324036119706	(47,24)
0.016809927524664992959551038	(47,25)
0.034698374217080065057746495	(47,26)
0.049183668115134835053439952	(47,27)
0.06013939230123421839455236	(47,28)
0.06748315274877874244231083	(47,29)
0.0711662451790590917164206	(47,30)
-0.404168223845771425403876179	(48,1)
-0.404142681492264675330117569	(48,2)
-0.403970459101512040214611206	(48,3)
-0.403416124050818284673625265	(48,4)
-0.402143830346083008630623307	(48,5)
-0.399738468116500030546090418	(48,6)
-0.395734048151713904880416103	(48,7)
-0.389648664068276293118180756	(48,8)
-0.381024417353920295661732376	(48,9)
-0.369469549093183943143939867	(48,10)
-0.354698958596585650181847307	(48,11)
-0.336568631152823965387623176	(48,12)
-0.315099547851621591454579874	(48,13)
-0.290487576886551478403160699	(48,14)
-0.263097588315903179917806058	(48,15)
-0.233442283988916704236140978	(48,16)
-0.202148503087797156057540825	(48,17)
-0.169915530556368003496439287	(48,18)
-0.137470813405269942211762879	(48,19)
-0.105528342491354860396898416	(48,20)
-0.074753922065193800080484391	(48,21)
-0.045739962883853855671088205	(48,22)
-0.018990705129762166403347582	(48,23)
0.005082741140940823775762634	(48,24)
0.026159236927148971116646294	(48,25)
0.043998621219981197319353889	(48,26)
0.058429306444991948524997285	(48,27)
0.06933469714180804418859661	(48,28)
0.07664029245215403978958245	(48,29)
0.0803028914254010743256957	(48,30)
-0.399112504639090145229882111	(49,1)
-0.399086516077847484833608617	(49,2)
-0.398911285737434647048423956	(49,3)
-0.398347276751492628045351	(49,4)
-0.397052824751143025514939071	(49,5)
-0.39460574228095879404313575	(49,6)
-0.390532365706467702551150446	(49,7)
-0.384343387088494380560367245	(49,8)
-0.375574808275337678846210688	(49,9)
-0.363831153211994851923081953	(49,10)
-0.348826955720853015399734226	(49,11)
-0.330421852603628237355897396	(49,12)
-0.308644677733005383464222997	(49,13)
-0.283702946522650100900611576	(49,14)
-0.255975972399403574032675867	(49,15)
-0.225992231630112020891242057	(49,16)
-0.194393965770018731970454115	(49,17)
-0.161893829448432147681685529	(49,18)
-0.129229253295565618975951831	(49,19)
-0.097119969156154997282673564	(49,20)
-0.066233000223453186660582656	(49,21)
-0.037157721695239933410264898	(49,22)
-0.010391783519271316505671776	(49,23)
0.013662875795299600644916578	(49,24)
0.034695785601567445993377446	(49,25)
0.052477890377406071451568308	(49,26)
0.066848204450263322068879281	(49,27)
0.07769945937450283272951626	(49,28)
0.08496461898791519145587728	(49,29)
0.0886056719277597575754574	(49,30)
-0.39446023189697633390864337	(50,1)
-0.394433830327682891425676857	(50,2)
-0.39425581587256748735899842	(50,3)
-0.393682853200632496886627585	(50,4)
-0.392367894773405314348857246	(50,5)
-0.389882210345737453840137798	(50,6)
-0.385745054697667166328625527	(50,7)
-0.379460316282512602610603446	(50,8)
-0.370558438230293478360091228	(50,9)
-0.358640644431748889214617833	(50,10)
-0.343421331879375889129462593	(50,11)
-0.324763775410656836178327465	(50,12)
-0.302704372465478021123654748	(50,13)
-0.277461715260307923695842121	(50,14)
-0.24942873651084968571104447	(50,15)
-0.219148669652281469005951974	(50,16)
-0.187278035784354533662652813	(50,17)
-0.154541734277929948726598383	(50,18)
-0.121686156975051159574644297	(50,19)
-0.089435947498136335007420855	(50,20)
-0.058458776153722256200042571	(50,21)
-0.029340698466582245184836138	(50,22)
-0.002572772981789174241842488	(50,23)
0.021451987140694005398616765	(50,24)
0.04243334430588017775583557	(50,25)
0.060152795234213347615723034	(50,26)
0.074459359575677580799681468	(50,27)
0.08525452623702468737901136	(50,28)
0.09247824133292732442349071	(50,29)
0.0960973348880504679996011	(50,30)
-0.390220003028315973355712852	(51,1)
-0.390193222677985298353244788	(51,2)
-0.390012654861549933875526397	(51,3)
-0.389431480921288328968677267	(51,4)
-0.388097718239097364532212504	(51,5)
-0.385576643043109402720091571	(51,6)
-0.381381034160992643120834918	(51,7)
-0.375008580851953445204266377	(51,8)
-0.365984702920021074097739684	(51,9)
-0.353907718074255920826982733	(51,10)
-0.338492070027989871831537559	(51,11)
-0.319604590143223966216144373	(51,12)
-0.297288862763939433699182272	(51,13)
-0.271773888140049585751591539	(51,14)
-0.243465297590835348593023593	(51,15)
-0.212919984264815450386842432	(51,16)
-0.180807575889018548842992035	(51,17)
-0.147864081526278954124241103	(51,18)
-0.114843865675277521731275583	(51,19)
-0.082475729813011971838671704	(51,20)
-0.051427528124227131087679188	(51,21)
-0.022281842521837112828079274	(51,22)
0.004476722137505815082875839	(51,23)
0.028463696039616619670253049	(51,24)
0.049388515752677135176555161	(51,25)
0.067042571440144986714944106	(51,26)
0.081284206553823083560757933	(51,27)
0.09202303338055941236800649	(51,28)
0.09920545261552749168979861	(51,29)
0.102802759001436317205681	(51,30)
-0.386397645614089102789145845	(52,1)
-0.386370521649507657020503634	(52,2)
-0.386187637553453891253864178	(52,3)
-0.385599015034491295032463262	(52,4)
-0.384248196236743142506136163	(52,5)
-0.381695026236044084222907954	(52,6)
-0.377446424918243551249846648	(52,7)
-0.370994491979301328574026862	(52,8)
-0.361860152977556407465881578	(52,9)
-0.349639190127901968913245738	(52,10)
-0.33404623350963716891675669	(52,11)
-0.31495152416336208742345498	(52,12)
-0.292405373623252904549035656	(52,13)
-0.266646429123514167511022584	(52,14)
-0.238092010713553669099243996	(52,15)
-0.207311501677847874992558104	(52,16)
-0.174986421129998202056099913	(52,17)
-0.141862748968343219433385476	(52,18)
-0.108701871377992899225924193	(52,19)
-0.076236069397495012933669329	(52,20)
-0.045133023030896607859300533	(52,21)
-0.015971809785673345554791761	(52,22)
0.010769152592225809150076985	(52,23)
0.034713431880577275703146904	(52,24)
0.055579469328463390380295823	(52,25)
0.073167797048369295204154878	(52,26)
0.087345327646512136012368093	(52,27)
0.09802910858018567068316839	(52,28)
0.105171430009244982936906	(52,29)
0.1087476516142511873141887	(52,30)
-0.382996924543716964476050008	(53,1)
-0.382969492981980015838403947	(53,2)
-0.382784535413484727243392819	(53,3)
-0.382189245341507325926858905	(53,4)
-0.380823160117818053674481331	(53,5)
-0.378241267798483386177357207	(53,6)
-0.373945256354843966567576278	(53,7)
-0.367422249680041850764094939	(53,8)
-0.358189201393950897709241052	(53,9)
-0.345839706281302099912841628	(53,10)
-0.330088678489990610198525654	(53,11)
-0.310809560202219620768151481	(53,12)
-0.28805885278401053504067525	(53,13)
-0.262084004089451060467203307	(53,14)
-0.233312931814544046510745976	(53,15)
-0.202326275801771805535340953	(53,16)
-0.169816196159821194282205033	(53,17)
-0.136537506047923521251412879	(53,18)
-0.103257702000542141852805458	(53,19)
-0.070711940381966408358929876	(53,20)
-0.039567468852320654664657747	(53,21)
-0.010399944289076252837853702	(53,22)
0.016318018295108509258908241	(53,23)
0.040217407282777777496502604	(53,24)
0.061024901424083773783181114	(53,25)
0.078549342906659581942281081	(53,26)
0.09266539669815906696602189	(53,27)
0.10329681211248914454632906	(53,28)
0.11040117322318927078894544	(53,29)
0.1139574864499644290575975	(53,30)
-0.38002010271086401875027468	(54,1)
-0.379992400328315064323444141	(54,2)
-0.379805617206549095699344725	(54,3)
-0.379204456974661858280193887	(54,4)
-0.37782493208104048613338845	(54,5)
-0.375217758106498535042818013	(54,6)
-0.370880026849889288534022452	(54,7)
-0.364294503361432125184586873	(54,8)
-0.35497468470756276603800742	(54,9)
-0.342512304755605700030755784	(54,10)
-0.32662262016419835183168354	(54,11)
-0.307182008550324217109029687	(54,12)
-0.284252552431457393128487246	(54,13)
-0.258089576340655622884958363	(54,14)
-0.229130431733979662053030313	(54,15)
-0.197965725467615447817276988	(54,16)
-0.165296979587676577039393419	(54,17)
-0.131886708060322917887656341	(54,18)
-0.098507646462844318931769533	(54,19)
-0.065897292929902970114369757	(54,20)
-0.034722297547146628907575641	(54,21)
-0.005555085008039488119280112	(54,22)
0.02113704210051651122616815	(54,23)
0.044991777299673927963586216	(54,24)
0.06574318457484976704083168	(54,25)
0.083207515564682347821417732	(54,26)
0.097266318718567714711241857	(54,27)
0.10784927493610477843124575	(54,28)
0.11491864231166400425697354	(54,29)
0.1184566414114483581291491	(54,30)
-0.377468383923922688551055089	(55,1)
-0.377440448163769274781771543	(55,2)
-0.377252091897611140720003749	(55,3)
-0.376645873270768566140101199	(55,4)
-0.375254767992131272584112925	(55,5)
-0.372625812787381674846707659	(55,6)
-0.368252146496091841290915275	(55,7)
-0.361612794706505925682318573	(55,8)
-0.352218306540617811531676766	(55,9)
-0.339658861460352662031224032	(55,10)
-0.323650081164562260447097589	(55,11)
-0.304070961150490674224202842	(55,12)
-0.28098849222388990436335435	(55,13)
-0.254664882478051141006780334	(55,14)
-0.225545689160782267954207162	(55,15)
-0.194230148482981811168506211	(55,16)
-0.161427842448310894412285441	(55,17)
-0.127907861093879182005061569	(55,18)
-0.094447346589126929904239888	(55,19)
-0.061785670927876564276783767	(55,20)
-0.030588805870714027866836237	(55,21)
-0.001426226037869556817538351	(55,22)
0.025239494639166228653481024	(55,23)
0.049051953690092510999181901	(55,24)
0.069751675181190526566317526	(55,25)
0.087161361694138639195506238	(55,26)
0.101168533298252067779450194	(55,27)
0.11170800241377742168167387	(55,28)
0.11874606214392967776547505	(55,29)
0.1222677035952224836962094	(55,30)
-0.37534226068871989157479912	(56,1)
-0.375314129567564592686036203	(56,2)
-0.375124456426109775323634564	(56,3)
-0.374514003523660218081705595	(56,4)
-0.373113205093606772068821856	(56,5)
-0.370466020377003531625315732	(56,6)
-0.366062284751264078863725369	(56,7)
-0.359377905507973704278852622	(56,8)
-0.349920986076354121919042697	(56,9)
-0.337280440012102117401161291	(56,10)
-0.321172244621899584672836302	(56,11)
-0.301477649918906234371297684	(56,12)
-0.278267825804843928252323145	(56,13)
-0.251810810587152056729881046	(56,14)
-0.222559084194588378799721063	(56,15)
-0.19111913402505223422811125	(56,16)
-0.158207282130036053121269938	(56,17)
-0.124598079008806060713714355	(56,18)
-0.091072277199203896209601631	(56,19)
-0.058370713761242773618157195	(56,20)
-0.027158676116225899801673804	(56,21)
0.001996947326781015446883226	(56,22)
0.028637646949556671465789514	(56,23)
0.052412050242908863873480408	(56,24)
0.073066155018666023810564019	(56,25)
0.090428108489384273201570926	(56,26)
0.104390455668444538396203828	(56,27)
0.1148923168598653507827523	(56,28)
0.12190336644851598668095535	(56,29)
0.1254109142421371780733948	(56,30)
-0.373641784666832013878735237	(57,1)
-0.37361349668032788365548231	(57,2)
-0.37342276615759358388496586	(57,3)
-0.372808913418307390311040226	(57,4)
-0.371400332405408676863811983	(57,5)
-0.368738512682523083504741897	(57,6)
-0.364310640810724562720242772	(57,7)
-0.357590128226248705845367747	(57,8)
-0.348083129222886855459316507	(57,9)
-0.335377564313470513479819055	(57,10)
-0.319189729500985356349795589	(57,11)
-0.299402726802083354451351396	(57,12)
-0.276091128157113616839812304	(57,13)
-0.249527697916021291724415427	(57,14)
-0.220170509515895877463765932	(57,15)
-0.188631890193396125096793252	(57,16)
-0.155633568477213734214313321	(57,17)
-0.12195444916176456707000181	(57,18)
-0.088378131224497438128807217	(57,19)
-0.055646559290300539417567085	(57,20)
-0.024424394328094160317174846	(57,21)
0.00472362849105535164936176	(57,22)
0.03134233212366870003292118	(57,23)
0.055084439650945730750041902	(57,24)
0.075700386306077755577185061	(57,25)
0.09302271913346131779119136	(57,26)
0.106948033892563644985064975	(57,27)
0.11741891692200719414510209	(57,28)
0.12440775910835247387974879	(57,29)
0.1279037311304858586168211	(57,30)
-0.372366773662604340504819577	(58,1)
-0.37233836769041907391287992	(58,2)
-0.372146841865473287634496606	(58,3)
-0.371530431998852162299366965	(58,4)
-0.370115997667254590604026394	(58,5)
-0.367443171698124363348010605	(58,6)
-0.362997150541606858843958947	(58,7)
-0.356249473099331084536425927	(58,8)
-0.34670483626689468780111025	(58,9)
-0.333950427453182894768809708	(58,10)
-0.317702801903265085046692762	(58,11)
-0.297846479165267137393792074	(58,12)
-0.274458617266240800514229117	(58,13)
-0.247815561362437177607679225	(58,14)
-0.218379612329180950320483212	(58,15)
-0.186767499760453926195395019	(58,16)
-0.15370501503938194768890704	(58,17)
-0.119974319878848704586545445	(58,18)
-0.086361123005639838929417688	(58,19)
-0.053608161475194039131440262	(58,20)
-0.022379579861063561682871607	(58,21)
0.006761551025480580263638049	(58,22)
0.033362600934681603007266145	(58,23)
0.057079406243270272823498704	(58,24)
0.077665763986882405509550583	(58,25)
0.094957546376481519122404397	(58,26)
0.10885440470881562343549279	(58,27)
0.11930153589819836049573786	(58,28)
0.12627337451844529340456266	(58,29)
0.1297604900754368679569024	(58,30)
-0.371516965746907790152238734	(59,1)
-0.371488480957159965688849252	(59,2)
-0.371296423850761418141488568	(59,3)
-0.370678305777948870894902337	(59,4)
-0.369259961428894164941378436	(59,5)
-0.366579783677266879538150443	(59,6)
-0.362121640576897873986791022	(59,7)
-0.355355822391131057592436465	(59,8)
-0.345786056582765679866827049	(59,9)
-0.332999047456672924966430049	(59,10)
-0.316711532809322963703017664	(59,11)
-0.29680899090277552283398483	(59,12)
-0.273370320377690549638295186	(59,13)
-0.246674270932269598568685354	(59,14)
-0.217185977120309648490391995	(59,15)
-0.185525114067729270660038512	(59,16)
-0.152420185379682926095503405	(59,17)
-0.118655519641557322249006648	(59,18)
-0.085018219897277626200232207	(59,19)
-0.052251533054631337115613224	(59,20)
-0.02101923708239424511267047	(59,21)
0.008116730415476107888403066	(59,22)
0.034705459616219177747488732	(59,23)
0.058404882170828304719653517	(59,24)
0.078971052254638662244026857	(59,25)
0.096242070737156927663890553	(59,26)
0.110119634087428164647063472	(59,27)
0.12055068469991517876861299	(59,28)
0.1275110224736378273478443	(59,29)
0.1309921508785127868304034	(59,30)
-0.371092128420941570349024297	(60,1)
-0.371063604174255630520642073	(60,2)
-0.370871281102977048086177927	(60,3)
-0.37025230789020662600298647	(60,4)
-0.368832006190094355274856434	(60,5)
-0.366148148261094350899312094	(60,6)
-0.36168393746426177255987921	(60,7)
-0.354909039664144392056107672	(60,8)
-0.345326698266071112685378045	(60,9)
-0.332523377726750881704472577	(60,10)
-0.316215910054405393004017555	(60,11)
-0.296290256997546760297339981	(60,12)
-0.272826192490291261241125555	(60,13)
-0.246103673715819003836602181	(60,14)
-0.216589256683161065737911195	(60,15)
-0.184904092456525040568879084	(60,16)
-0.151778041816239469696396014	(60,17)
-0.117996515418657135941948591	(60,18)
-0.084347309763398989567707987	(60,19)
-0.05157392110922805647875109	(60,20)
-0.020339937386020854539933332	(60,21)
0.008793277514862002438148098	(60,22)
0.035375680755177227994921067	(60,23)
0.059066257532279157326981847	(60,24)
0.079622195346858112992329173	(60,25)
0.096882712928818637204295523	(60,26)
0.110750531742169492169522524	(60,27)
0.12117346841701060356911047	(60,28)
0.12812800634726622765171785	(60,29)
0.1316061163888764208204325	(60,30)