luu121_(sigma,mu)
-0.00001999742750797906567927795	(1,1)
-0.00017964140517384017695547496	(1,2)
-0.00049705627870664690983162672	(1,3)
-0.00096810652619524642663737446	(1,4)
-0.00158567830098177937182405861	(1,5)
-0.00233875545733347251595710989	(1,6)
-0.00321144782746271144840782394	(1,7)
-0.00418215525534423018266033708	(1,8)
-0.00522305224475031319234574995	(1,9)
-0.00630005684929061687374595008	(1,10)
-0.00737340525817768247659180497	(1,11)
-0.00839889431544569117442062793	(1,12)
-0.00932978374809485010656545787	(1,13)
-0.01011927529163515904305892397	(1,14)
-0.01072341493020594872555496809	(1,15)
-0.01110420469531194744376219048	(1,16)
-0.01123266854671207515652238402	(1,17)
-0.01109159783108742686850514649	(1,18)
-0.01067770856997220244454832144	(1,19)
-0.01000297578246808116238458133	(1,20)
-0.00909496705054961419671212624	(1,21)
-0.00799607403446776558567906951	(1,22)
-0.00676163009162834617619783933	(1,23)
-0.0054569965930511379371741054	(1,24)
-0.00415379135891796486908087825	(1,25)
-0.00292551139856808286258146243	(1,26)
-0.00184286135626286715656326115	(1,27)
-0.00096913293645769915684834313	(1,28)
-0.00035598557150938905890438533	(1,29)
-0.00003995377332522923734309508	(1,30)
-0.00001999633747320827927595521	(2,1)
-0.00017963161312967160434770233	(2,2)
-0.00049702918445232878653532132	(2,3)
-0.00096805375341433675892552813	(2,4)
-0.00158559185659039825339639002	(2,5)
-0.00233862793898793564568602524	(2,6)
-0.00321127268188813224696356037	(2,7)
-0.00418192708080831854198726481	(2,8)
-0.00522276712166485070670699938	(2,9)
-0.00629971267466504034889228894	(2,10)
-0.00737300205342792202564996959	(2,11)
-0.00839843447361170015474339789	(2,12)
-0.00932927218631247636149920116	(2,13)
-0.01011871947793439037541606849	(2,14)
-0.01072282476029037558210807515	(2,15)
-0.01110359220458286124297238626	(2,16)
-0.01123204745486774012007635735	(2,17)
-0.01109098293036266508435327274	(2,18)
-0.01067711498248490712122447116	(2,19)
-0.01000241812602507722672896702	(2,20)
-0.00909445856432498918637271084	(2,21)
-0.00799562572485944680357456973	(2,22)
-0.00676124996308071803163620576	(2,23)
-0.00545668902772508072447337057	(2,24)
-0.0041535567022542557880305105	(2,25)
-0.00292534579507080289649301312	(2,26)
-0.00184275686194728753239348946	(2,27)
-0.00096907791276100841333270602	(2,28)
-0.00035596534202748628984767552	(2,29)
-0.00003995150186216396309538795	(2,30)
-0.00001998835114610331538185335	(3,1)
-0.00017955987004362290508466559	(3,2)
-0.00049683067392582721178227105	(3,3)
-0.00096766710593328721075351758	(3,4)
-0.00158495851293830293168813843	(3,5)
-0.00233769367342943885740248404	(3,6)
-0.00320998949887434704137846068	(3,7)
-0.0041802554358969718610874379	(3,8)
-0.00522067834850286498166492875	(3,9)
-0.00629719143901582761606682188	(3,10)
-0.007370048609426239572866013	(3,11)
-0.00839506647218523102703673302	(3,12)
-0.00932552578454539746666847389	(3,13)
-0.01011464952249046063995414285	(3,14)
-0.01071850386722672614386243299	(3,15)
-0.01109910862939522104513387763	(3,16)
-0.01122750173603563983229207521	(3,17)
-0.01108648339096373540234791618	(3,18)
-0.01067277228006827784980800107	(3,19)
-0.00999833914207669074270208132	(3,20)
-0.00909074001172767979311377042	(3,21)
-0.00799234791506152931564639691	(3,22)
-0.00675847120542793406237274944	(3,23)
-0.00545444112480372943521724673	(3,24)
-0.00415184195358069031226243283	(3,25)
-0.0029241358277101326381025701	(3,26)
-0.00184199347612310741841415136	(3,27)
-0.00096867597346844140922058982	(3,28)
-0.00035581757833451716999672945	(3,29)
-0.00003993491078356185913084639	(3,30)
-0.00001995948378041180996946307	(4,1)
-0.00017930054763514103026593596	(4,2)
-0.00049611313894274805219316298	(4,3)
-0.00096626953692300285870582149	(4,4)
-0.00158266925809795238980004701	(4,5)
-0.00233431676955588826670488332	(4,6)
-0.00320535154591442107250815995	(4,7)
-0.00417421364702863707883117581	(4,8)
-0.00521312934495824189215603546	(4,9)
-0.00628808013716893800613531022	(4,10)
-0.00735937638110495573750571845	(4,11)
-0.00838289766806584530010294959	(4,12)
-0.00931199170795105664207808371	(4,13)
-0.01009994903218057321826664284	(4,14)
-0.01070289997023551339872864686	(4,15)
-0.01108292068863280534216302493	(4,16)
-0.01121109324534776103858997784	(4,17)
-0.01107024563964087984713417478	(4,18)
-0.01065710461107062961520095297	(4,19)
-0.00998362687106813612958834413	(4,20)
-0.00907733138270326005376113779	(4,21)
-0.00798053168860737356130583519	(4,22)
-0.00674845657699038552802988601	(4,23)
-0.00544634163006192339982080698	(4,24)
-0.004145664825136663499614323	(4,25)
-0.00291977792580370426675167661	(4,26)
-0.0018392444466028456959000823	(4,27)
-0.00096722872577782964964172728	(4,28)
-0.00035528557529531491675809899	(4,29)
-0.0000398751793748447049504254	(4,30)
-0.00001988399622733873903089632	(5,1)
-0.00017862242510894630679460462	(5,2)
-0.0004942368023999529493967733	(5,3)
-0.00096261494059715810581806272	(5,4)
-0.00157668298076441106013436243	(5,5)
-0.00232548648217377104074014462	(5,6)
-0.00319322403886928409714870448	(5,7)
-0.00415841594113126622045312573	(5,8)
-0.00519339174968764594183016221	(5,9)
-0.00626425953540138851946711367	(5,10)
-0.00733147758127049927917991205	(5,11)
-0.00835109042683323448226988282	(5,12)
-0.00927662102440075511919981826	(5,13)
-0.01006153656190925915808065005	(5,14)
-0.01066213489733611687259567829	(5,15)
-0.01104063909689236791040718922	(5,16)
-0.01116824590044051949968889396	(5,17)
-0.01102785506824767546277371723	(5,18)
-0.01061621336386089229703373431	(5,19)
-0.0099452397978400360159805456	(5,20)
-0.0090423555389627710106170281	(5,21)
-0.00794971804569160312654905206	(5,22)
-0.00672234794647597425456983303	(5,23)
-0.00542523108312133227458494844	(5,24)
-0.00412956836508265340184759425	(5,25)
-0.00290842427190434336711246128	(5,26)
-0.00183208356576415866909594082	(5,27)
-0.00096345930246071239904938113	(5,28)
-0.00035390006834863887584356498	(5,29)
-0.00003971962637697565622008521	(5,30)
-0.00001972147540158578308310078	(6,1)
-0.00017716246234544646429200851	(6,2)
-0.00049019715079973743801192994	(6,3)
-0.00095474681668761738027526015	(6,4)
-0.00156379498449567506757038556	(6,5)
-0.00230647581631185939900560244	(6,6)
-0.00316711542145558068389476571	(6,7)
-0.00412440717662481299370233084	(6,8)
-0.00515090349196093302593439186	(6,9)
-0.00621298550884904284457931779	(6,10)
-0.00727143057717613005166070346	(6,11)
-0.00828263888084496866807852121	(6,12)
-0.00920051098531416279833188051	(6,13)
-0.00997889441238253861520412953	(6,14)
-0.01057444726566548265780585469	(6,15)
-0.01094970794120190551104805219	(6,16)
-0.0110761186461557120514639455	(6,17)
-0.01093673179395008076869103904	(6,18)
-0.01052833518851114271166874629	(6,19)
-0.00986276463428579835456308677	(6,20)
-0.00896722904921764963839003768	(6,21)
-0.00788354877747405511346424567	(6,22)
-0.00666629609157925217898333823	(6,23)
-0.00537991996863443679857616061	(6,24)
-0.00409502662757629325442762702	(6,25)
-0.00288406471235766844513837374	(6,26)
-0.00181672206548966095582525575	(6,27)
-0.00095537410534912862015696689	(6,28)
-0.000350928475292257223480166	(6,29)
-0.00003938601469525884086818003	(6,30)
-0.00001941640630730050656247372	(7,1)
-0.00017442195535542970900460847	(7,2)
-0.00048261429742614844092777326	(7,3)
-0.00093997755825428620946653191	(7,4)
-0.00153960308144194635136938424	(7,5)
-0.00227079156995932447043839518	(7,6)
-0.0031181088858591085438274813	(7,7)
-0.0040605739022388955034993321	(7,8)
-0.00507115813712373034802049428	(7,9)
-0.00611675626176432919035479131	(7,10)
-0.00715874554029258518835222843	(7,11)
-0.00815419461103871452533555969	(7,12)
-0.00905771340643631527759482504	(7,13)
-0.00982386337943571374268053146	(7,14)
-0.01040997812562647550617016241	(7,15)
-0.01077918637713363961953638489	(7,16)
-0.0109033886996751234464394147	(7,17)
-0.01076592095822620084186733092	(7,18)
-0.01036364451933753910581555407	(7,19)
-0.00970823557873412030482570105	(7,20)
-0.00882650177299264498998288296	(7,21)
-0.0077596288420224980453362279	(7,22)
-0.006561347109030981002025049	(7,23)
-0.00529509916082210211105650202	(7,24)
-0.00403037797532686574568692888	(7,25)
-0.00283848069219069995604947589	(7,26)
-0.00178798007792795236281266069	(7,27)
-0.00094024799201156794626650778	(7,28)
-0.00034536950388802015858167053	(7,29)
-0.00003876194897028693859532353	(7,30)
-0.00001890140422442569470978015	(8,1)
-0.00016979557180203958622922841	(8,2)
-0.00046981332294194086746129004	(8,3)
-0.00091504493675590695080961203	(8,4)
-0.00149876392941777316428585851	(8,5)
-0.00221055248865018767545266747	(8,6)
-0.00303538180962157678863179536	(8,7)
-0.00395282115209577048578691083	(8,8)
-0.00493655075529530312936436467	(8,9)
-0.00595433363968980489839767723	(8,10)
-0.00696856131561980049892247609	(8,11)
-0.00793743219285888085989649178	(8,12)
-0.00881675454977888298455998878	(8,13)
-0.00956229506862681930489446891	(8,14)
-0.0101325265758706632867432387	(8,15)
-0.0104915720002777417974117997	(8,16)
-0.01061210203657428805523955069	(8,17)
-0.01047792637109399756516516224	(8,18)
-0.01008602529096540165270471218	(8,19)
-0.00944780036223270399513591734	(8,20)
-0.00858937745597951629537174849	(8,21)
-0.00755086826623237737038456901	(8,22)
-0.00638458126394170766759054844	(8,23)
-0.00515226215874938694734069209	(8,24)
-0.00392152924124971023616440572	(8,25)
-0.0027617425366746452050360989	(8,26)
-0.00173960059219868184940954975	(8,27)
-0.00091478966823304443061504962	(8,28)
-0.0003360139764900261640947765	(8,29)
-0.00003771170628371697383707424	(8,30)
-0.00001810425651204968078025371	(9,1)
-0.00016263460918591536927305017	(9,2)
-0.00044999930816188459914578356	(9,3)
-0.00087645301877652655435153872	(9,4)
-0.00143555145879494162767620785	(9,5)
-0.00211731299655545663737621301	(9,6)
-0.00290733707194255894611172919	(9,7)
-0.00378604614687185675314481187	(9,8)
-0.00472821917571237937956356287	(9,9)
-0.00570296530268491124564037278	(9,10)
-0.00667424808538804860183368212	(9,11)
-0.00760201653955199662374619594	(9,12)
-0.00844393499148656994858203531	(9,13)
-0.00915763565412204616886936251	(9,14)
-0.00970335314913057360254151968	(9,15)
-0.01004674588454423433132186996	(9,16)
-0.01016167139767794188367274093	(9,17)
-0.01003266609304683100193783708	(9,18)
-0.00965688681590177251856920113	(9,19)
-0.00904530264058252872819994171	(9,20)
-0.00822297796146804186488236015	(9,21)
-0.00722835809016560777617015001	(9,22)
-0.00611154993448907665465171131	(9,23)
-0.00493167562083862748908269468	(9,24)
-0.00375345830331300386289629826	(9,25)
-0.00264326933975035372625359746	(9,26)
-0.00166491796256379753574187718	(9,27)
-0.0008754935946731640069917603	(9,28)
-0.00032157418101959692919366615	(9,29)
-0.00003609075873462528010429065	(9,30)
-0.00001695788871778071853833609	(10,1)
-0.00015233652272993304223635535	(10,2)
-0.00042150505337682371367488323	(10,3)
-0.00082095465271127279595546798	(10,4)
-0.00134464717860317308038193771	(10,5)
-0.00198322893000838473646313802	(10,6)
-0.00272320398429654522678561274	(10,7)
-0.00354622354863302522451456505	(10,8)
-0.00442864898914374833236978028	(10,9)
-0.00534152810795576968150318853	(10,10)
-0.00625108815105356723587679236	(10,11)
-0.00711979825186601792710412654	(10,12)
-0.00790799352512536779050673255	(10,13)
-0.0085759889981511432417090131	(10,14)
-0.00908655075403433687479225891	(10,15)
-0.00940754069101981976136177447	(10,16)
-0.00951451597260218937527331833	(10,17)
-0.00939304888854736877900691838	(10,18)
-0.00904053985374198147148622815	(10,19)
-0.00846732579237801065710960123	(10,20)
-0.00769693606447763659972237872	(10,21)
-0.0067654141848309711817749642	(10,22)
-0.00571969999221763240387739079	(10,23)
-0.00461514670345617891887613984	(10,24)
-0.00351232309813012882022413622	(10,25)
-0.00247331591768172191257495327	(10,26)
-0.00155779541069294482325973359	(10,27)
-0.00081913334261737381252028012	(10,28)
-0.00030086517681225910846214762	(10,29)
-0.00003376612697485859810607106	(10,30)
-0.0000154115764614888441752114	(11,1)
-0.0001384456443124680505894281	(11,2)
-0.00038306976214878315531213434	(11,3)
-0.00074609426154264255906250037	(11,4)
-0.0012220292485212318864854545	(11,5)
-0.00180236891392445576597796481	(11,6)
-0.0024748391424285397079245579	(11,7)
-0.00322275093228060210834065536	(11,8)
-0.00402460329304865806946996608	(11,9)
-0.00485406280652417399196248894	(11,10)
-0.00568041410290126537607482879	(11,11)
-0.00646952911923533314769734125	(11,12)
-0.00718534772158472644561833553	(11,13)
-0.00779180375612579392254110244	(11,14)
-0.00825507506340715715991274763	(11,15)
-0.00854598955065585265475088189	(11,16)
-0.00864238740381425509229202528	(11,17)
-0.00853122589852281420576716031	(11,18)
-0.00821022017649418477023838812	(11,19)
-0.00768884084485818338271036656	(11,20)
-0.0069885352720714591155487499	(11,21)
-0.0061421000275949818237850054	(11,22)
-0.00519220157963851328234067153	(11,23)
-0.00418911473027221727178286455	(11,24)
-0.00318781665276566906309425861	(11,25)
-0.0022446325013732459264469899	(11,26)
-0.00141367106073384456496357026	(11,27)
-0.000743311911156642381083606	(11,28)
-0.00027300699506124696103184095	(11,29)
-0.00003063907719998727957899355	(11,30)
-0.00001344130187393690398752409	(12,1)
-0.00012074621669658290061895852	(12,2)
-0.00033409646113415687291893102	(12,3)
-0.00065070921464152821536960162	(12,4)
-0.00106579368580114373196497227	(12,5)
-0.00157192558387038566158212555	(12,6)
-0.00215838961775225923328805284	(12,7)
-0.00281061471919848075219182252	(12,8)
-0.00350982773666055408104198014	(12,9)
-0.00423303692596556734799057357	(12,10)
-0.00495342768078627852295201299	(12,11)
-0.00564121221188002900758187316	(12,12)
-0.00626492630097546495603232087	(12,13)
-0.0067931148361301629908776399	(12,14)
-0.00719629909478871637540479846	(12,15)
-0.00744907810288427743176927192	(12,16)
-0.0075321885913906498295031382	(12,17)
-0.00743433658233938881328380956	(12,18)
-0.00715362029493676340311078932	(12,19)
-0.00669838881591799961020387443	(12,20)
-0.00608742188037275628490234193	(12,21)
-0.00534936952938960369823706448	(12,22)
-0.00452145143145733981412265242	(12,23)
-0.00364747860194014317112179071	(12,24)
-0.00277531929342565227516098757	(12,25)
-0.00195398054565348353992491117	(12,26)
-0.00123051279396252198749102391	(12,27)
-0.00064696387194120144830333017	(12,28)
-0.00023760908871127032149493689	(12,29)
-0.00002666582275187685913164773	(12,30)
-0.00001105712998902539433446724	(13,1)
-0.00009932865726706315230744528	(13,2)
-0.00027483534649551681144948716	(13,3)
-0.00053528692092449166842039375	(13,4)
-0.00087673922806987950408706984	(13,5)
-0.00129307814117061556286205186	(13,6)
-0.00177547720154642171322815703	(13,7)
-0.00231193204199991184301831748	(13,8)
-0.00288697554285052168208671875	(13,9)
-0.00348166575790021682397564964	(13,10)
-0.00407391470382491372422624271	(13,11)
-0.00463919227842141498158229109	(13,12)
-0.00515159918945876503749952209	(13,13)
-0.00558526003867277876368719712	(13,14)
-0.00591594725830287311213446961	(13,15)
-0.00612281301491441782296533825	(13,16)
-0.0061900834532967025087595165	(13,17)
-0.00610856065215550059023970712	(13,18)
-0.00587678386770676358264469937	(13,19)
-0.00550172289142903564340147529	(13,20)
-0.00499891087035906343850457403	(13,21)
-0.00439196855124766121191302871	(13,22)
-0.00371152239609884623789859734	(13,23)
-0.00299357060174143839320774863	(13,24)
-0.00227739892843943975457965892	(13,25)
-0.00160318804382361708157268263	(13,26)
-0.00100948231840185783055060659	(13,27)
-0.0005307043065745632977126788	(13,28)
-0.00019489843348909656372199476	(13,29)
-0.00002187189734312133546982929	(13,30)
-8.30585665367938728755761e-6	(14,1)
-0.00007461334468458679062139068	(14,2)
-0.00020644959784995668830506436	(14,3)
-0.00040209299954578498837224962	(14,4)
-0.00065857721432600739806336983	(14,5)
-0.00097130176623868912242554562	(14,6)
-0.00133362294072128471638055705	(14,7)
-0.00173650293909787101966132326	(14,8)
-0.00216829595423802447093010224	(14,9)
-0.00261474082665939639119034669	(14,10)
-0.00305921174363264378776435467	(14,11)
-0.00348325266713249530507964792	(14,12)
-0.00386739036251248458301468853	(14,13)
-0.00419218829495593992144242042	(14,14)
-0.00443947287646835669796886924	(14,15)
-0.00459363814729362464067692931	(14,16)
-0.00464291804778355773668642932	(14,17)
-0.00458050919408894504701907684	(14,18)
-0.0044054325650633664714419668	(14,19)
-0.00412303948431002161548465428	(14,20)
-0.0037450942094941221619915017	(14,21)
-0.00328939970912063691338777072	(14,22)
-0.00277897145171688991487915261	(14,23)
-0.00224080254799755454298935145	(14,24)
-0.0017042987492818779436590462	(14,25)
-0.00119949045245071927953031716	(14,26)
-0.00075514857882956966218078043	(14,27)
-0.00039694048607754875081675745	(14,28)
-0.00014576041261459669717922233	(14,29)
-0.00001635673587826983750745936	(14,30)
-5.26796705422088189941855e-6	(15,1)
-0.00004732329649421707767536389	(15,2)
-0.00013093977620936153946418435	(15,3)
-0.00025502401403853663805817169	(15,4)
-0.00041769031076099798058210018	(15,5)
-0.00061601157608395540087591165	(15,6)
-0.00084575782418652225226177394	(15,7)
-0.0011011723107517721571210466	(15,8)
-0.00137483590850981900796410079	(15,9)
-0.00165766453216252873135957893	(15,10)
-0.00193907262782531354267607472	(15,11)
-0.00220731895158673853392054811	(15,12)
-0.00245003074057643855257805632	(15,13)
-0.00265488109598437014696210825	(15,14)
-0.0028103743904401226931747435	(15,15)
-0.00290667819840462771179036838	(15,16)
-0.00293642970344235887186671583	(15,17)
-0.00289544120643568245193926922	(15,18)
-0.00278323385036339133148394966	(15,19)
-0.00260334066535472583202320531	(15,20)
-0.00236333831118801910514622254	(15,21)
-0.00207458952948925513145597694	(15,22)
-0.00175170294866674624270795107	(15,23)
-0.00141174102056597404137871096	(15,24)
-0.00107322820318796144581840298	(15,25)
-0.00075502816941150342251506679	(15,26)
-0.00047516954585046366222145859	(15,27)
-0.0002497038528189298122361051	(15,28)
-0.00009167693040622532223562411	(15,29)
-0.00001028671904391226770356128	(15,30)
-2.04910299230682240166608e-6	(16,1)
-0.00001840751760915437596013671	(16,2)
-0.00005093173171232163740300891	(16,3)
-0.0000991943692570710499577598	(16,4)
-0.00016245582493569119069217552	(16,5)
-0.0002395644040313885931446287	(16,6)
-0.00032885171587601935861614478	(16,7)
-0.00042804369676010400516212316	(16,8)
-0.00053420794008848538087451529	(16,9)
-0.00064375565819473310287588868	(16,10)
-0.00075251164958487375943444237	(16,11)
-0.00085585848557805409492708736	(16,12)
-0.00094895248212518220207086366	(16,13)
-0.0010269998847867161144549944	(16,14)
-0.00108557322906360571069228792	(16,15)
-0.00112094120552862597252887112	(16,16)
-0.00113038153504309462359518696	(16,17)
-0.00111244596402222348735205234	(16,18)
-0.00106714967093342852566694238	(16,19)
-0.00099606377189148618889380401	(16,20)
-0.00090229841162501977643311354	(16,21)
-0.00079037399872922921081343539	(16,22)
-0.00066598824249895201264428054	(16,23)
-0.00053569560908068518434678005	(16,24)
-0.00040652273445765519043957351	(16,25)
-0.00028554768144905044773177384	(16,26)
-0.00017947258220609367717536756	(16,27)
-0.00009421839676795572077436081	(16,28)
-0.00003456771858546664974006944	(16,29)
-3.87735401909403812362605e-6	(16,30)
1.23245218308042765204422e-6	(17,1)
0.00001107142543841570805791845	(17,2)
0.00003063447250748374354327374	(17,3)
0.00005966957334498655731885319	(17,4)
0.00009774671327993033471242188	(17,5)
0.00014420502729136139997077931	(17,6)
0.00019809688318256063550546794	(17,7)
0.00025813896917753438019891648	(17,8)
0.00032268040564078226313487743	(17,9)
0.0003896967346067549806458385	(17,10)
0.00045681654281274038030890559	(17,11)
0.00052138469332734967206929898	(17,12)
0.00058056293253788112607907526	(17,13)
0.00063146522609011122792728457	(17,14)
0.00067132174154305733629869894	(17,15)
0.00069766209871927870822276511	(17,16)
0.00070850553043974962579275874	(17,17)
0.00070254317091642099403719901	(17,18)
0.00067929612142590949265040057	(17,19)
0.00063923258732325102762359687	(17,20)
0.00058382857969172077305423041	(17,21)
0.00051555966985112028246261431	(17,22)
0.00043781611781109356462639208	(17,23)
0.00035474013498160271697042858	(17,24)
0.00027099155360727073177944308	(17,25)
0.00019145595951854397468953347	(17,26)
0.00012091642934347379725438338	(17,27)
0.0000637154005736369715818088	(17,28)
0.00002343603398199996253204329	(17,29)
2.63213647100776270806203e-6	(17,30)
4.45972812870910861628927e-6	(18,1)
0.00004006276138452238997548234	(18,2)
0.00011085141456925266430358217	(18,3)
0.00021590505524999075714447925	(18,4)
0.00035364205657376364913145939	(18,5)
0.00052161610096861488420405554	(18,6)
0.00071630176245564694432484402	(18,7)
0.00093290956804847928562006162	(18,8)
0.00116527096528116009666307412	(18,9)
0.00140582897356404354189917002	(18,10)
0.00164576118854037413852101267	(18,11)
0.00187524911566906034991685778	(18,12)
0.00208389276198913243253781817	(18,13)
0.00226125347114408119407931449	(18,14)
0.00239749269584995079502952837	(18,15)
0.00248406127462349969012993762	(18,16)
0.00251438416809354679506753166	(18,17)
0.00248448060317448552839669761	(18,18)
0.00239345990316235065194069704	(18,19)
0.00224383924649038544604389662	(18,20)
0.00204164100209319658427838747	(18,21)
0.00179624342083903728030012849	(18,22)
0.00151997810267955343502946724	(18,23)
0.00122748915866832479898805267	(18,24)
0.00093489039543002547942900107	(18,25)
0.00065877609854594106586033383	(18,26)
0.00041515611079740279923054988	(18,27)
0.00021839524327247973217994943	(18,28)
0.00008023949472156621782341252	(18,29)
9.00662665806311479084468e-6	(18,30)
7.52960927451801863184358e-6	(19,1)
0.00006764017968174424068047007	(19,2)
0.00018715605045412388486685508	(19,3)
0.00036452007471998822436371198	(19,4)
0.00059705367295760975915072001	(19,5)
0.00088060892124639586655143815	(19,6)
0.00120920265216781490285474346	(19,7)
0.00157470165611217580781946404	(19,8)
0.00196662857948739957479429355	(19,9)
0.00237215012836754663374482019	(19,10)
0.00277629332004093280476106169	(19,11)
0.00316241324872340824593697061	(19,12)
0.00351290932110594784626425719	(19,13)
0.00381015884279536001308711756	(19,14)
0.00403761010051742472637578486	(19,15)
0.00418095453507718017548548734	(19,16)
0.00422928174602427534653901679	(19,17)
0.00417611382639862053431775858	(19,18)
0.0040202180126350291876689962	(19,19)
0.00376610903796409034506692338	(19,20)
0.00342417410816210254693139141	(19,21)
0.00301038236004783700112177092	(19,22)
0.00254557451835388376087927815	(19,23)
0.00205436418874008149588472553	(19,24)
0.00156371651331314857425107225	(19,25)
0.00110129954405161230310815634	(19,26)
0.00069372583044762953456015647	(19,27)
0.00036481422004181358435266507	(19,28)
0.00013400346946242595617734208	(19,29)
0.00001503969396021011558035734	(19,30)
0.00001036169349562294180776107	(20,1)
0.0000930814098431348080218492	(20,2)
0.0002575499029765766407093051	(20,3)
0.00050162223199253603461823109	(20,4)
0.00082160611187190825366254618	(20,5)
0.00121178011962246193420053769	(20,6)
0.00166388723431708455651363181	(20,7)
0.00216669970343143208446018456	(20,8)
0.00270575202341233586866565129	(20,9)
0.00326332772519293903165718857	(20,10)
0.00381876345228811555553809363	(20,11)
0.00434910252364419420512464903	(20,12)
0.00483009285471530758830186627	(20,13)
0.00523748460184284129749789383	(20,14)
0.00554854540801494757099964815	(20,15)
0.00574367980687861171654919603	(20,16)
0.00580801781075639386306666461	(20,17)
0.00573282866142530545553375778	(20,18)
0.00551662060652868124504951162	(20,19)
0.00516580639690278922417084317	(20,20)
0.00469484554487686208273756963	(20,21)
0.00412581549323185758477113904	(20,22)
0.00348741095002714547733346642	(20,23)
0.00281341935784625503192910401	(20,24)
0.00214076624287452786515667964	(20,25)
0.00150726279402862465512717303	(20,26)
0.00094921593931559542031886352	(20,27)
0.00049907593263966673643737672	(20,28)
0.0001832967776997313515697528	(20,29)
0.00002057071438286362981526524	(20,30)
0.00001290241194489334884639825	(21,1)
0.0001159052307374136853871574	(21,2)
0.00032070146244333685652211292	(21,3)
0.00062461816236391031245336432	(21,4)
0.00102305161908955022455121085	(21,5)
0.00150886447546563692197837709	(21,6)
0.0020717522211234163757587901	(21,7)
0.00269769948403263278494250533	(21,8)
0.00336864763226528239284801106	(21,9)
0.00406248127585966862448847715	(21,10)
0.00475341324906690100495660766	(21,11)
0.00541280805625094900070700168	(21,12)
0.00601043647617142543025708539	(21,13)
0.00651610396930858048126437479	(21,14)
0.00690154817834240351887902783	(21,15)
0.00714246153431780434364793126	(21,16)
0.00722046845950561162506009779	(21,17)
0.00712487630098346320766482168	(21,18)
0.00685402664506916230849270729	(21,19)
0.00641609883422262664497739605	(21,20)
0.00582925820280091829577630879	(21,21)
0.00512109396900961097663690733	(21,22)
0.00432735085473765044301438437	(21,23)
0.00349001870573198374088894714	(21,24)
0.00265489999929724142270078609	(21,25)
0.00186882108639718416925690753	(21,26)
0.00117668531067556648523722743	(21,27)
0.00061858214646129994064132691	(21,28)
0.00022716508761780584763781281	(21,29)
0.00002549258285394031767129464	(21,30)
0.00001512467047216293338893669	(22,1)
0.00013586824932807257115357701	(22,2)
0.00037593727272144660263003394	(22,3)
0.00073219616900233132955355528	(22,4)
0.00119924166925546428133176081	(22,5)
0.00176869286876999358102257344	(22,6)
0.00242844548081390394915423953	(22,7)
0.00316203243548229130187472033	(22,8)
0.00394823434872121638622598621	(22,9)
0.00476106695350280158500111461	(22,10)
0.00557023935162687683352370666	(22,11)
0.00634212983586868805614529057	(22,12)
0.00704126969783671259698057699	(22,13)
0.00763226582996944832844926924	(22,14)
0.00808203668391554499698026445	(22,15)
0.00836218981367309070877248449	(22,16)
0.00845133847591963394067606471	(22,17)
0.00833714363181614122843032512	(22,18)
0.00801787808779255820571329677	(22,19)
0.00750334090301343617364742083	(22,20)
0.00681499969799901228084458824	(22,21)
0.00598530126104827604330352422	(22,22)
0.00505616064865984790850722715	(22,23)
0.00407670900652470921506176276	(22,24)
0.00310044399381680439821173091	(22,25)
0.00218197826807587104588149456	(22,26)
0.0013736166868654217981598087	(22,27)
0.000722009115053302926956483	(22,28)
0.0002651221712848859240898013	(22,29)
0.00002975072901753779573349739	(22,30)
0.00001702420689703905574176509	(23,1)
0.00015293217723032509362765569	(23,2)
0.00042315138751851968380885388	(23,3)
0.00082414987247792339600441209	(23,4)
0.00134983811734908485887026401	(23,5)
0.00199076624744277304165322399	(23,6)
0.00273328102661969030611682737	(23,7)
0.00355880380642674883927362154	(23,8)
0.00444339222985221372072072636	(23,9)
0.00535772986315716639014284608	(23,10)
0.00626765005642546023517560057	(23,11)
0.00713524650386205133677748212	(23,12)
0.00792055851987329667972104153	(23,13)
0.00858375087167939006849118344	(23,14)
0.00908764385677463643381119104	(23,15)
0.0094003968410491483330461165	(23,16)
0.00949811426438313585488499082	(23,17)
0.00936713178932479801094451372	(23,18)
0.00900575380989603249612867709	(23,19)
0.00842525104017810545100227419	(23,20)
0.00764998467830130606814231721	(23,21)
0.0067165957484398148335462716	(23,22)
0.00567227728030480999362848681	(23,23)
0.00457222513461591032185129002	(23,24)
0.00347643313403783568920791876	(23,25)
0.00244605357265914784123870993	(23,26)
0.00153958078914086375150000364	(23,27)
0.00080913094123524280497490173	(23,28)
0.00029708502116946010506323212	(23,29)
0.00003333583509507432867163946	(23,30)
0.00001861420383048457914827808	(24,1)
0.00016721543650272653681879805	(24,2)
0.00046267146728841227206266883	(24,3)
0.00090111741406605129906310828	(24,4)
0.00147588604910696212403717249	(24,5)
0.00217662565260526822322113493	(24,6)
0.00298837405940898407335172253	(24,7)
0.00389076642943071091326877492	(24,8)
0.00485755622801239084162589213	(24,9)
0.00585660837222226786819814423	(24,10)
0.00685048153510907038059926144	(24,11)
0.00779765678725768209915744224	(24,12)
0.00865439804121700683875244417	(24,13)
0.00937715394535623184268732418	(24,14)
0.00992533974693315606104687891	(24,15)
0.01026427991736805188397724765	(24,16)
0.01036805544452981302506643403	(24,17)
0.010221988748747937139871785	(24,18)
0.00982451617738715955072423645	(24,19)
0.00918824158829420594911574181	(24,20)
0.0083400300806193529121955509	(24,21)
0.00732008142490848336665582743	(24,22)
0.00618000967943714117574245126	(24,23)
0.00498004005944035203448214669	(24,24)
0.00378550834900216502974066518	(24,25)
0.00266290565197111633216371525	(24,26)
0.00167574785023723112457965892	(24,27)
0.00088056283598692403849495109	(24,28)
0.00032327957711037221915939674	(24,29)
0.00003627325715733976096836956	(24,30)
0.00001991953835507808678175269	(25,1)
0.00017894150327358657421970274	(25,2)
0.00049511585021901784454631796	(25,3)
0.00096430308123652988478544857	(25,4)
0.00157935784715606556597113119	(25,5)
0.0023291798079954805665324256	(25,6)
0.00319771778269447793323115999	(25,7)
0.00416311875141020463271383415	(25,8)
0.00519721552978139354889274307	(25,9)
0.00626552477248043878951035283	(25,10)
0.00732788139461820893086687474	(25,11)
0.0083397703527220613118874317	(25,12)
0.0092543385106322143235669273	(25,13)
0.01002498666940339910925472714	(25,14)
0.0106083645766621081088778856	(25,15)
0.01096752956784907206333055902	(25,16)
0.0110749906693839550122472111	(25,17)
0.01091535002517299311968179084	(25,18)
0.01048727431465067401472643033	(25,19)
0.00980457844513319627668848199	(25,20)
0.00889627670086212259198703439	(25,21)
0.00780554453006511179032175954	(25,22)
0.00658762766060272227962900438	(25,23)
0.00530682463101135421736144051	(25,24)
0.00403274567159875110119992181	(25,25)
0.00283610880190053015595853588	(25,26)
0.00178436916623791832003336805	(25,27)
0.00093748866470143863339477418	(25,28)
0.00034414069502126872144708101	(25,29)
0.0000386118008780382673439071	(25,30)
0.00002097162179963627188483387	(26,1)
0.00018839255231749303265584573	(26,2)
0.00052126529059613294667345824	(26,3)
0.00101522750040944465984917495	(26,4)
0.0016627440476344282125139746	(26,5)
0.00245210172086892872233233771	(26,6)
0.00336635497819308484525696014	(26,7)
0.00438242626296545420353551673	(26,8)
0.00547056699837347568172151266	(26,9)
0.00659436180796647284507416676	(26,10)
0.00771140974657995205438685887	(26,11)
0.00877474638596406988115983924	(26,12)
0.00973498650857652010817405103	(26,13)
0.0105430783748028971925464331	(26,14)
0.01115347785029317709094123458	(26,15)
0.01152748481568621624338413553	(26,16)
0.01163644422916597213068029945	(26,17)
0.01146450582458565412420688304	(26,18)
0.01101066143960276432271463639	(26,19)
0.01028983472047544389785398513	(26,20)
0.00933287786835976504827503638	(26,21)
0.00818542481044879480406302129	(26,22)
0.00690564905681388594101014143	(26,23)
0.00556106720452661011064693983	(26,24)
0.0042246068832906787688356372	(26,25)
0.00297021473650457663590779773	(26,26)
0.00186831250060775578026203724	(26,27)
0.00098141679792666288213493526	(26,28)
0.00036022250852844627100335578	(26,29)
0.0000404136635012540065989313	(26,30)
0.00002180431319452139534075228	(27,1)
0.00019587274673750814593460889	(27,2)
0.00054196138436611365293761537	(27,3)
0.00105552980662923054219105003	(27,4)
0.00172872932617188482395593864	(27,5)
0.00254935082960551736392744213	(27,6)
0.00349972194601729008801073298	(27,7)
0.00455576733415869998965036577	(27,8)
0.00568644877139138684797488661	(27,9)
0.00685377695684384415443148493	(27,10)
0.00801353531499474448552537614	(27,11)
0.00911678177959381091364665082	(27,12)
0.01011210506609248009718739351	(27,13)
0.01094851755847278586379487191	(27,14)
0.01157877944381091534595775817	(27,15)
0.01196287980938503011940561805	(27,16)
0.01207135979695355326981874959	(27,17)
0.01188815670530478985813315711	(27,18)
0.01141267758599260321102322881	(27,19)
0.01066087291420049772318683918	(27,20)
0.00966516760600088503559173761	(27,21)
0.00847320740034533182436633635	(27,22)
0.00714548176713184880800533934	(27,23)
0.00575197910892570409504005326	(27,24)
0.00436810732577508522006986475	(27,25)
0.00307016705494394634301666759	(27,26)
0.00193069353742743875617304535	(27,27)
0.00101398641712684034405679571	(27,28)
0.00037212730990281373166366055	(27,29)
0.000041746453507747503644239	(27,30)
0.00002245101805705067726732794	(28,1)
0.00020168217572175863724558477	(28,2)
0.00055803445698806724454114787	(28,3)
0.00108682719477197035470707797	(28,4)
0.00177996246413709717689082722	(28,5)
0.00262483374851288580213476276	(28,6)
0.00360318272069565562902553668	(28,7)
0.00469012676394890705779774242	(28,8)
0.00585358309013894052131968301	(28,9)
0.00705428948694796288265157986	(28,10)
0.00824656748918284061448256466	(28,11)
0.00937989541334683712895443894	(28,12)
0.01040126420581941315189670404	(28,13)
0.0112581894945874729789242004	(28,14)
0.01190216141354401456179918163	(28,15)
0.01229224235994226930765476751	(28,16)
0.01239848227634221644916862557	(28,17)
0.01220481763215167103464702529	(28,18)
0.01171115504728031195089410947	(28,19)
0.01093440902763930809782842562	(28,20)
0.00990835656810864287433912132	(28,21)
0.00868227754688781746797108795	(28,22)
0.00731845623688750449540032546	(28,23)
0.00588871448515501212731017115	(28,24)
0.00447022249750522724317472726	(28,25)
0.00314088356859160681380199408	(28,26)
0.00197461290801124705145450507	(28,27)
0.00103682927194172350686151452	(28,28)
0.00038045478259310064873593285	(28,29)
0.00004267749345690542196338678	(28,30)
0.00002294285463288233237735794	(29,1)
0.00020610038148562006042675801	(29,2)
0.00057025798371804807083986357	(29,3)
0.00111062614598704482139991865	(29,4)
0.00181891094917932617833087173	(29,5)
0.00268218982654862645536510425	(29,6)
0.00368173463963494978805239559	(29,7)
0.00479201240607010136097320072	(29,8)
0.0059800976021243042287306097	(29,9)
0.00720570320187640363627849198	(29,10)
0.0084219809479068391679788642	(29,11)
0.00957715915866681805849632745	(29,12)
0.0106169871175543438099553552	(29,13)
0.01148785064723395363821733972	(29,14)
0.01214032770609304320395279433	(29,15)
0.01253287943635023294262910759	(29,16)
0.01263533215756923894465153304	(29,17)
0.01243180577190777523912424621	(29,18)
0.01192278442572514422784917719	(29,19)
0.01112610053843363147971209592	(29,20)
0.01007670307212216106803330419	(29,21)
0.00882519196348932230800784155	(29,22)
0.00743520937560753615009008041	(29,23)
0.00597987309041632982703292989	(29,24)
0.00453750957895852277169106834	(29,25)
0.00318698971686733895355200454	(29,26)
0.00200298824242457140602647562	(29,27)
0.00105148134842182441966106358	(29,28)
0.00038576955191278791041204349	(29,29)
0.00004327017788039907322693292	(29,30)
0.00002330766627837210910866662	(30,1)
0.00020937748727989040173104503	(30,2)
0.00057932404138239154315657977	(30,3)
0.0011282746156542667582774701	(30,4)
0.00184778266322439661156549433	(30,5)
0.00272467564345405632517937693	(30,6)
0.00373984974046883738895803569	(30,7)
0.00486724862742560706017289819	(30,8)
0.00607326741377702104998806966	(30,9)
0.0073167953020987383564249917	(30,10)
0.00855005150154442332033839006	(30,11)
0.00972028304849375117406197389	(30,12)
0.01077228929678433978745252153	(30,13)
0.01165162871220249094745275505	(30,14)
0.01230826418914221016478111036	(30,15)
0.01270032813112625855643595117	(30,16)
0.01279764978688385073486875878	(30,17)
0.01258469129363130765881405251	(30,18)
0.01206258538177337225934765077	(30,19)
0.01125004997632125358883444238	(30,20)
0.01018306108425888943682345744	(30,21)
0.00891328078895433396575006478	(30,22)
0.00750534738451475368207485141	(30,23)
0.00603322769870708477681361452	(30,24)
0.00457589957172007371688518415	(30,25)
0.00321267193277641301316563853	(30,26)
0.00201846166869061234633737598	(30,27)
0.0010593341685224206814029821	(30,28)
0.00038858328183599356928219802	(30,29)
0.00004358196309980780306736844	(30,30)
0.00002356964118252674678359951	(31,1)
0.00021173078126168285168284444	(31,2)
0.00058583385606285022416646541	(31,3)
0.00114094362264634485826395053	(31,4)
0.00186849572474297186842801657	(31,5)
0.00275512052243865900996294883	(31,6)
0.00378141365745318952549411519	(31,7)
0.00492089670235156159953692644	(31,8)
0.00613941561178801844693447363	(31,9)
0.00739519629224365364246130216	(31,10)
0.00863971537803734263621050129	(31,11)
0.00981945475045901653948864349	(31,12)
0.01087849987822133535675170183	(31,13)
0.01176182835432845189657298277	(31,14)
0.01241903216305550556032483163	(31,15)
0.01280814104797525103482214193	(31,16)
0.01289917731624190378847614113	(31,17)
0.01267708095555640305221991375	(31,18)
0.01214369708644624340870135865	(31,19)
0.01131860735417531261045613839	(31,20)
0.01023869933843737711261743359	(31,21)
0.0089564874048540828191301649	(31,22)
0.00753730930190321090181466849	(31,23)
0.00605561317464664687636234133	(31,24)
0.00459061228266038310784097617	(31,25)
0.00322161739411017154129260963	(31,26)
0.00202336165880730295582744563	(31,27)
0.00106161464145669344809088079	(31,28)
0.00038934725251300537410316176	(31,29)
0.00004366353293974641108623164	(31,30)
0.00002374932951002005687020488	(32,1)
0.00021334487048527982610317603	(32,2)
0.00059029822901652652942660455	(32,3)
0.00114962807786190351701138557	(32,4)
0.00188267984196142615752119927	(32,5)
0.00277592851523345429898847698	(32,6)
0.00380972832217698497436080814	(32,7)
0.00495725827914634492921303528	(32,8)
0.00618391750057603448830354176	(32,9)
0.00744739493834182787459969108	(32,10)
0.00869857478307339133046861636	(32,11)
0.00988334554201962270549199369	(32,12)
0.01094526776756058633185297871	(32,13)
0.01182893717664152209684577558	(32,14)
0.01248377380718611553781309875	(32,15)
0.01286789085504261038520466915	(32,16)
0.01295166202401170298464478202	(32,17)
0.01272061993081440069168232307	(32,18)
0.01217737841174670636307017252	(32,19)
0.01134236873972211048551541318	(32,20)
0.01025329847828056104582834578	(32,21)
0.00896336449793857408823876852	(32,22)
0.00753836245687493371468101917	(32,23)
0.00605292184440258084084508399	(32,24)
0.00458615211157765407532387797	(32,25)
0.00321701061904454410072913674	(32,26)
0.0020197006490593013968232146	(32,27)
0.00105938371480864183498454093	(32,28)
0.00038845184008016629481730388	(32,29)
0.0000435587389287368046443911	(32,30)
0.00002386389446633351734672668	(33,1)
0.00021437393626706570210042538	(33,2)
0.00059314377694169982454282282	(33,3)
0.00115515893710648015281793988	(33,4)
0.0018916962139016190507050463	(33,5)
0.00278910774234473261493444759	(33,6)
0.00382755222357356840866759098	(33,7)
0.00497992775208360428625693694	(33,8)
0.00621126590530516214892934686	(33,9)
0.00747881686255550067206392848	(33,10)
0.00873298961274124879203626574	(33,11)
0.00991921437554595180474457592	(33,12)
0.01098067667388983625625191358	(33,13)
0.01186174972602131618641688849	(33,14)
0.01251184261178089935175399032	(33,15)
0.01288930414742358540838466119	(33,16)
0.01296499031382740876946951838	(33,17)
0.01272512253688411662885397887	(33,18)
0.0121731320830096916976596787	(33,19)
0.01133029083376527788788611932	(33,20)
0.01023505356930490257664412253	(33,21)
0.008941162676091762577370687	(33,22)
0.00751467612470236057988585617	(33,23)
0.00603016193658192380659539925	(33,24)
0.00456635182072590639342986623	(33,25)
0.00320156384139555711955921153	(33,26)
0.00200919393280378009088931641	(33,27)
0.00105354621032276236853731054	(33,28)
0.00038623010438583207069400404	(33,29)
0.00004330500152398458986489279	(33,30)
0.00002392748077627444325206061	(34,1)
0.00021494504430136600879744046	(34,2)
0.00059472209067256314605195762	(34,3)
0.00115822103814264678884142247	(34,4)
0.00189666674163262634896655048	(34,5)
0.00279631346520146093712300514	(34,6)
0.00383715952387016042196105887	(34,7)
0.0049918691889613678407808299	(34,8)
0.00622516714219431359355862636	(34,9)
0.00749394012891633061167265305	(34,10)
0.00874821245922313973384598479	(34,11)
0.00993306125701400825593826429	(34,12)
0.01099141492018065812479685364	(34,13)
0.01186755091060818057956981166	(34,14)
0.01251099676699789150079754502	(34,15)
0.01288046050198145191665656593	(34,16)
0.01294738766256386907528762826	(34,17)
0.0126987680937200430382940724	(34,18)
0.01213889154461254525331682465	(34,19)
0.01128986432211583259637169029	(34,20)
0.0101908300807343748416598991	(34,21)
0.00889596613003270589504620673	(34,22)
0.00747143500328118527253763608	(34,23)
0.00599154819662262403173179183	(34,24)
0.00453444082376181390693259758	(34,25)
0.00317756467570857960726229322	(34,26)
0.00199328945680083989042718342	(34,27)
0.00104486639909408147843151196	(34,28)
0.0003829634863648167138563747	(34,29)
0.00004293394819513947774222917	(34,30)
0.00002395162374115161194251559	(35,1)
0.00021516181930416049163609407	(35,2)
0.00059531990251110947586022701	(35,3)
0.00115937290231665585510963993	(35,4)
0.0018985064576151885567143984	(35,5)
0.00279889590552468720302189419	(35,6)
0.00384040569493951331050773077	(35,7)
0.00499550175347971330732012027	(35,8)
0.00622864760422904654903241887	(35,9)
0.00749642364364825660695007338	(35,10)
0.00874853862989527680441626318	(35,11)
0.00992979774848624495545302309	(35,12)
0.01098296430595928637330572508	(35,13)
0.01185232012162315289493563832	(35,14)
0.01248761454332731681080790645	(35,15)
0.01284801436746727792700242926	(35,16)
0.01290564174369087932850125412	(35,17)
0.0126483197550850820933186402	(35,18)
0.01208123004226470506929545939	(35,19)
0.01122730814957171720598182121	(35,20)
0.01012633900327255128124287399	(35,21)
0.00883284522912379521541576514	(35,22)
0.00741296710959789060235826525	(35,23)
0.00594060422275132893476383043	(35,24)
0.0044931224603901726703385932	(35,25)
0.00314693015312917187686029433	(35,26)
0.00197320165420587299042382556	(35,27)
0.00103398570962129324364049759	(35,28)
0.00037888829146610848523534104	(35,29)
0.00004247213988117092793087721	(35,30)
0.00002394565213437378048820896	(36,1)
0.00021510806430679798261745891	(36,2)
0.00059516910042478250466200159	(36,3)
0.00115906623802689826704554715	(36,4)
0.0018979554670577398313466135	(36,5)
0.00279794734598559524292120029	(36,6)
0.00383879217013460132785175531	(36,7)
0.00499278385026045357536010623	(36,8)
0.00622415876009907618134834776	(36,9)
0.00748923365553254448010538856	(36,10)
0.00873745396432635318749713881	(36,11)
0.00991341499355001999172347753	(36,12)
0.01095978626181700362287343115	(36,13)
0.01182093247568242318300908815	(36,14)
0.01244690669491847051509960469	(36,15)
0.01279741396429102797346342908	(36,16)
0.01284532263701982742456115437	(36,17)
0.01257934059232926726831152206	(36,18)
0.0120055672050249750245586041	(36,19)
0.01114776160636806089328314412	(36,20)
0.01004631013500375390538734377	(36,21)
0.00875600765685362082842508316	(36,22)
0.00734287057532368769225868654	(36,23)
0.00588026402363161022520121507	(36,24)
0.00444465076055793311233670028	(36,25)
0.00311126045154077318235500588	(36,26)
0.00194994511464171243995496648	(36,27)
0.00102144036273453005361936287	(36,28)
0.00037420214945076213749766157	(36,29)
0.00004194179498196142537780417	(36,30)
0.00002391705932366895747910234	(37,1)
0.00021485109452308952823675267	(37,2)
0.00059445595250214740940378932	(37,3)
0.00115766390612332402726692887	(37,4)
0.00189560837040278314318957317	(37,5)
0.00279434551673018652715573263	(37,6)
0.00383352589840892187925407445	(37,7)
0.00498529063595754245608365165	(37,8)
0.00621367387653859034925965924	(37,9)
0.00747476028704795351090515661	(37,10)
0.00871777100543452810030122723	(37,11)
0.00988713850947166554518692684	(37,12)
0.01092549334941729563112134236	(37,13)
0.01177734422420783036031906619	(37,14)
0.01239311216540943955381359712	(37,15)
0.01273310299575451580532927637	(37,16)
0.01277098577522604001661976197	(37,17)
0.0124963927773049769857187421	(37,18)
0.01191635952053525232780154127	(37,19)
0.01105546150042999694064958653	(37,20)
0.00995465198391913012478558264	(37,21)
0.00866893794847415366710990538	(37,22)
0.00726413078448810189159437585	(37,23)
0.00581296590359296070753127195	(37,24)
0.00439090145873870991099707047	(37,25)
0.0030718886348601805007157763	(37,26)
0.00192436577259542348264274862	(37,27)
0.00100767771503586221820512971	(37,28)
0.0003690700032814758467803683	(37,29)
0.00004136146069895892426570373	(37,30)
0.0000238718309031610408540742	(38,1)
0.00021444468053531528481721234	(38,2)
0.00059332925043170716936647437	(38,3)
0.00115545577998985081709415905	(38,4)
0.00189194023777982260562990786	(38,5)
0.00278879189716255689040065232	(38,6)
0.00382557191831690468499452333	(38,7)
0.00497428244436879816883765061	(38,8)
0.00619877340049436103754248408	(38,9)
0.0074549203991985864892165119	(38,10)
0.00869174919538509405517435626	(38,11)
0.00985356481150481668045279227	(38,12)
0.01088300062223586331225072997	(38,13)
0.01172475637796655162349406715	(38,14)
0.0123296707866690706232250827	(38,15)
0.01265869863621065165838052042	(38,16)
0.01268635101793305359954000645	(38,17)
0.01240321334104233834844822019	(38,18)
0.01181726842797980632175958409	(38,19)
0.01095389854195824753638944956	(38,20)
0.00985459295242625258449940778	(38,21)
0.0085745207458149567251185122	(38,22)
0.00717922389554798418666074094	(38,23)
0.00574073548411807296676679067	(38,24)
0.00433343483070051194253096799	(38,25)
0.00302992469247533095390054665	(38,26)
0.00189716853784859294459796839	(38,27)
0.00099307074490805691429433475	(38,28)
0.00036362941922471468892229183	(38,29)
0.00004074660839370619930329415	(38,30)
0.00002381472568284981712193383	(39,1)
0.0002139315724797696709241104	(39,2)
0.00059190729364280057035629768	(39,3)
0.00115267234766768959706325852	(39,4)
0.00188732888533560664746884571	(39,5)
0.00278184456391869507336152258	(39,6)
0.00381569844464726055465482999	(39,7)
0.00496076346407974133108431752	(39,8)
0.00618071817347539251947584581	(39,9)
0.00743124578933093611483831167	(39,10)
0.00866119792167038967599129893	(39,11)
0.00981477852708416005784813596	(39,12)
0.01083465535082869492777446036	(39,13)
0.01166575491829466334040510472	(39,14)
0.01225937123915350772097516831	(39,15)
0.01257714399820908931947359794	(39,16)
0.01259445603025726880310713749	(39,17)
0.01230286470451591026883083015	(39,18)
0.01171130428967106425442202883	(39,19)
0.01084595130878024838428059364	(39,20)
0.00974880231799866506989675667	(39,21)
0.00847514646030908417011014297	(39,22)
0.00709020563804444808584577654	(39,23)
0.00566525696295142974438092933	(39,24)
0.00427354966608005452044064154	(39,25)
0.00298629339318526261078305976	(39,26)
0.00186894106077428431815389212	(39,27)
0.0009779305189811178919226118	(39,28)
0.00035799515846091155661301762	(39,29)
0.00004011014625393358374068956	(39,30)
0.00002374951176869134954723221	(40,1)
0.00021334562080138226575808737	(40,2)
0.00059028375718546336001646442	(40,3)
0.00114949613990057595370733641	(40,4)
0.00188207359076066008712645503	(40,5)
0.00277394578736893206207189615	(40,6)
0.00380451474508386831786158404	(40,7)
0.0049455310290175753660066157	(40,8)
0.00616051092667245238570261252	(40,9)
0.00740495726072498867351436117	(40,10)
0.00862756304068599041683726113	(40,11)
0.00977245071020787390160819124	(40,12)
0.01078234589651790993266189351	(40,13)
0.01160242843944839067117331023	(40,14)
0.01218447516263247403403682025	(40,15)
0.01249083599280046074207941727	(40,16)
0.01249778488453136309399643322	(40,17)
0.01219786088272956918189489857	(40,18)
0.01160094710278672340021961567	(40,19)
0.01073399859312215851089118411	(40,20)
0.00963949173103662842640325116	(40,21)
0.00837279997092449555876717561	(40,22)
0.00699878590659214517980102324	(40,23)
0.00558793302614951277352856578	(40,24)
0.00421232868754426793146250214	(40,25)
0.00294176616872813334539060244	(40,26)
0.00184017376575948521913514262	(40,27)
0.0009625167081460592227772279	(40,28)
0.00035226303531763690566438329	(40,29)
0.00003946285207043902597590566	(40,30)
0.00002367916194944246764140698	(41,1)
0.00021271353145202953214354879	(41,2)
0.00058853254814336821609405756	(41,3)
0.00114607118819151494730496033	(41,4)
0.00187641058223486373789992991	(41,5)
0.0027654448694387518858948833	(41,6)
0.00379250248319655689085880218	(41,7)
0.00492921640192562855039342814	(41,8)
0.00613894715465847225348992759	(41,9)
0.00737702588624555862689873551	(41,10)
0.00859199842368893533218020868	(41,11)
0.00972792011226283611205205703	(41,12)
0.01072759168016616016434222323	(41,13)
0.01153646532864651544561714579	(41,14)
0.01210681964433638116666477597	(41,15)
0.01240173088349313455345196556	(41,16)
0.01239837420625194942823022716	(41,17)
0.01209027164732523906268720197	(41,18)
0.01148824614360998964816546612	(41,19)
0.0106200121749787647303387618	(41,20)
0.00952849907985816887954219182	(41,21)
0.00826913397325557679256719764	(41,22)
0.00690639050897907663586089284	(41,23)
0.0055099344991588006860277732	(41,24)
0.00415067623613166674828993644	(41,25)
0.00289698759918283163485744082	(41,26)
0.00181127651039009972471929978	(41,27)
0.00094704633993854070809985462	(41,28)
0.00034651313041968426325300995	(41,29)
0.00003881373377029861865623296	(41,30)
0.00002360601360150966576666945	(42,1)
0.00021205630234618456032941885	(42,2)
0.00058671178010833192300644636	(42,3)
0.00114251076513931360297501714	(42,4)
0.00187052571394261245025476035	(42,5)
0.00275661683199214032381327968	(42,6)
0.00378004136406822081613221822	(42,7)
0.00491231813932289361048142265	(42,8)
0.00611665672626689474403086898	(42,9)
0.00734822310341154621038640058	(42,10)
0.00855542443950789798913112107	(42,11)
0.00968225958738268070146235904	(42,12)
0.01067161666245642220107115035	(42,13)
0.01146923310111236167431069663	(42,14)
0.01202790085399506039128034121	(42,15)
0.01231143039695342114903950142	(42,16)
0.01229789975485083143621615345	(42,17)
0.01198180749515239480694044289	(42,18)
0.01137490127703796028739262805	(42,19)
0.01050563257208977857722605581	(42,20)
0.00941735702990664735613439605	(42,21)
0.00816552899597119014970788421	(42,22)
0.00681421176147534167805334498	(42,23)
0.00543224109286917635261941405	(42,24)
0.00408934924662954205210354834	(42,25)
0.00285249721565880028916604978	(42,26)
0.00178259231780692155603619831	(42,27)
0.00093170102116579747802799567	(42,28)
0.00034081244429339062099270061	(42,29)
0.00003817032728501325885437474	(42,30)
0.00002353189845097618390325851	(43,1)
0.0002113903890368413223486271	(43,2)
0.00058486699842552409766623277	(43,3)
0.00113890366552203850823842505	(43,4)
0.00186456475147624451860648093	(43,5)
0.00274767758006036233235116454	(43,6)
0.0037674299396089267152187621	(43,7)
0.00489522915371087254113808545	(43,8)
0.00609413762552851921246291683	(43,9)
0.00731916132008791321494303977	(43,10)
0.00851857533805429676248016329	(43,11)
0.00963632986792823255011120147	(43,12)
0.01061540881704025741977188753	(43,13)
0.01140184257900142154205493574	(43,14)
0.01194894167213582144722561477	(43,15)
0.01222125133394585302861042985	(43,16)
0.01219774641157120024760347708	(43,17)
0.01187388835070172647662609583	(43,18)
0.01126232874085504913359044576	(43,19)
0.01039223038724091462664453507	(43,20)
0.00930734860712268151817346907	(43,21)
0.00806314215461471494622364827	(43,22)
0.00672324966863197381534156401	(43,23)
0.0053556746352193891239559275	(43,24)
0.00402898256249477835930833329	(43,25)
0.00280874735333599038322062453	(43,26)
0.00175440864055074269401012078	(43,27)
0.00091663287030921099743584248	(43,28)
0.00033521707902282431213390836	(43,29)
0.00003753894156244094889695973	(43,30)
0.00002345824719496875344002957	(44,1)
0.00021072864454722261209106716	(44,2)
0.00058303378054237650533241315	(44,3)
0.00113531927028402666059605313	(44,4)
0.00185864166374436213492956142	(44,5)
0.00273879612485203699653307761	(44,6)
0.00375490237666094594831961691	(44,7)
0.00487825851869668549571629982	(44,8)
0.00607178312828215606054661389	(44,9)
0.00729032660516671172458060942	(44,10)
0.00848203737657031772169747502	(44,11)
0.00959082280732432182894288478	(44,12)
0.01055976792506801745654104004	(44,13)
0.01133519943815619785090590626	(44,14)
0.01187094598391799311794547507	(44,15)
0.01213228144415579469947499209	(44,16)
0.01209906436481488422137327073	(44,17)
0.01176769875025132328681844605	(44,18)
0.01115171404010865886415161114	(44,19)
0.01028095570936178600833861316	(44,20)
0.00919955204491164319501283933	(44,21)
0.00796294657933287957984824052	(44,22)
0.00663434531116160823168693857	(44,23)
0.00528092608658155155435989645	(44,24)
0.00397010956918490904131574938	(44,25)
0.00276611773800137307071509347	(44,26)
0.00172696658271377864943889817	(44,27)
0.00090196938265586370798323946	(44,28)
0.0003297740294644164059246214	(44,29)
0.00003692485984774792343216432	(44,30)
0.00002338617343186686760225281	(45,1)
0.00021008107332914857481164113	(45,2)
0.00058123982205783611277482303	(45,3)
0.00113181160883195673925147107	(45,4)
0.0018528452741964008576009698	(45,5)
0.00273010438690089640987352187	(45,6)
0.0037426419023889504934096756	(45,7)
0.00486164894743715580091465511	(45,8)
0.00604990357633991771706130478	(45,9)
0.00726210486555901763872190961	(45,10)
0.00844627932846719608532806171	(45,11)
0.0095462959578336975093137482	(45,12)
0.01050534376507259816516772293	(45,13)
0.01127004537104694629825081447	(45,14)
0.01179474201906092550195129464	(45,15)
0.01204542402648311488906837473	(45,16)
0.01200281397745266150731489364	(45,17)
0.01166423195287459077328760291	(45,18)
0.01104405429460590134265326905	(45,19)
0.01017277775003549140920746635	(45,20)
0.00909487686329241623324282962	(45,21)
0.00786576323184099037923451778	(45,22)
0.00654820787792092525563908359	(45,23)
0.00520857748556236825952901374	(45,24)
0.00391317900934931649369756256	(45,25)
0.00272492740799801307401068424	(45,26)
0.00170046845611347252661102161	(45,27)
0.00088781742428040013222875827	(45,28)
0.00032452265568353626827244037	(45,29)
0.00003633250525471311850558193	(45,30)
0.0000233165407286634249640236	(46,1)
0.00020945543373863621886166433	(46,2)
0.00057950660362861748716506158	(46,3)
0.00112842260497560769564216355	(46,4)
0.00184724457493131526242824678	(46,5)
0.0027217050271004908365858832	(46,6)
0.00373079154180141532531449551	(46,7)
0.00484559074513840032150044929	(46,8)
0.00602874374930637186183379973	(46,9)
0.00723480271591480583337574435	(46,10)
0.00841167678679975754500699562	(46,11)
0.00950320009169507029766743762	(46,12)
0.01045266648460744979042964298	(46,13)
0.01120699080253871947460425236	(46,14)
0.01172101678806980072237240923	(46,15)
0.01196143337401005927825981995	(46,16)
0.01190980147365196155185059064	(46,17)
0.01156432508006043433976907765	(46,18)
0.01094019205104811255596109481	(46,19)
0.01006851658562460082177456549	(46,20)
0.00899409286502148986459477126	(46,21)
0.00777228657707101439138607738	(46,22)
0.00646543656666051990666660587	(46,23)
0.00513911980143464353896519789	(46,24)
0.0038585687138590035002226953	(46,25)
0.00268544448256344295162975254	(46,26)
0.00167508398909344551558009507	(46,27)
0.0008742665210505081602799272	(46,28)
0.00031949589730030226831806049	(46,29)
0.00003576557741830391044252191	(46,30)
0.00002325001604546684621707676	(47,1)
0.00020885771795465028486615797	(47,2)
0.00057785071876904530320187701	(47,3)
0.00112518466240158462522445368	(47,4)
0.00184189295903225406867944424	(47,5)
0.0027136776822626582934600931	(47,6)
0.00371946266463956188462872566	(47,7)
0.00483023290930210458237975561	(47,8)
0.00600849667560004635616185931	(47,9)
0.00720866405639888268946090339	(47,10)
0.00837853145095999655352556505	(47,11)
0.0094619010196781441226682528	(47,12)
0.01040217065756321530463430471	(47,13)
0.0111465407886842665069368072	(47,14)
0.01165034333994806498063981501	(47,15)
0.01188094284576388281443396797	(47,16)
0.01182070724105603122012255901	(47,17)
0.01146868704741864242293448334	(47,18)
0.01084084224485460357691834179	(47,19)
0.00996886856876577008898194756	(47,20)
0.0088978534545417111622009212	(47,21)
0.0076831053297366762187502034	(47,22)
0.00638653837116428602467934849	(47,23)
0.00507296750279238200423387469	(47,24)
0.00380659685632080460149380087	(47,25)
0.00264789419896290065189845741	(47,26)
0.00165095545102136596352560305	(47,27)
0.00086139157974501499187441739	(47,28)
0.00031472127978167171162795241	(47,29)
0.00003522716582610316039585914	(47,30)
0.00002318711218240014208968683	(48,1)
0.00020829253328362993515688561	(48,2)
0.00057628492879281064755764194	(48,3)
0.00112212271871436996295527783	(48,4)
0.00183683158248907287936460315	(48,5)
0.00270608391698145666246227191	(48,6)
0.00370874176984085410232894289	(48,7)
0.00481569193551679347642228685	(48,8)
0.00598931457955923307703623648	(48,9)
0.00718388319944244326334423284	(48,10)
0.00834708638113327970533643996	(48,11)
0.00942269682872779148707941419	(48,12)
0.01035421427288105244696074999	(48,13)
0.01108911544845039965282531624	(48,14)
0.01158320226911795724368363749	(48,15)
0.01180448703872519719584155821	(48,16)
0.0117361082311414278416558389	(48,17)
0.01137792074210122341757670439	(48,18)
0.0107466136978379737478810997	(48,19)
0.00987442669266983912473447574	(48,20)
0.00880671443079121958043581277	(48,21)
0.00759871927243232292342806703	(48,22)
0.00631194258396322961381044349	(48,23)
0.00501047050069681804027478965	(48,24)
0.00375753122422809743871384112	(48,25)
0.00261246556071080767766254322	(48,26)
0.001628201905409117245567671	(48,27)
0.00084925515214857198763078759	(48,28)
0.00031022175312283163757431418	(48,29)
0.00003471984435170423861342572	(48,30)
0.0000231282214294982055298706	(49,1)
0.00020776340443866456622100919	(49,2)
0.00057481899909854331617269148	(49,3)
0.00111925587361728960945346939	(49,4)
0.00183209202864505576880349957	(49,5)
0.0026989711469174484470823577	(49,6)
0.0036986958579888400838887479	(49,7)
0.00480205878531040743870402763	(49,8)
0.00597131753506186888644742588	(49,9)
0.00716061523389958194284630549	(49,10)
0.00831753802660015237121164961	(49,11)
0.0093858314570298077766547883	(49,12)
0.01030909367432599295389289093	(49,13)
0.01103506603276161654941176868	(49,14)
0.01151999863857247707987738842	(49,15)
0.01173251926292324377554556032	(49,16)
0.01165649566614496984125793862	(49,17)
0.01129254062798707216683927579	(49,18)
0.01065802627610193216989201114	(49,19)
0.00978569694643742364755438391	(49,20)
0.00872114918236001450797916738	(49,21)
0.00751955294697712119455657445	(49,22)
0.00624201267994254999238705746	(49,23)
0.00495192399330343158885115998	(49,24)
0.00371159690081118743541888088	(49,25)
0.00257931686999349731634785424	(49,26)
0.00160692276136152129688917724	(49,27)
0.00083790933041803518864194507	(49,28)
0.00030601639511311764698540295	(49,29)
0.00003424575058999181468525174	(49,30)
0.00002307364218844189936721496	(50,1)
0.00020727301268323893023813616	(50,2)
0.00057346036076641326138644609	(50,3)
0.00111659867687256541078422571	(50,4)
0.00182769841545666902898170893	(50,5)
0.00269237574046905909173478231	(50,6)
0.00368937667605562644698593173	(50,7)
0.0047894043865068706108344244	(50,8)
0.00595460028860558014627287833	(50,9)
0.00713898418538946289605135984	(50,10)
0.00829004568218752375635470609	(50,11)
0.00935150535182177775571109936	(50,12)
0.01026705527856076020526940855	(50,13)
0.01098468752615613760790656341	(50,14)
0.01146107526419327033707450494	(50,15)
0.01166542529189364722325203078	(50,16)
0.01158228902716835564458660154	(50,17)
0.01121298672946561226658345342	(50,18)
0.01057552460990368181430504437	(50,19)
0.00970311149139408890817613664	(50,20)
0.00864156102492283452584671604	(50,21)
0.00744596685598141721219803339	(50,22)
0.00617705610803044964269237466	(50,23)
0.00489757662860431785201484557	(50,24)
0.00366898266857560549439459396	(50,25)
0.00254858035954789855423317043	(50,26)
0.00158720075698971993098934591	(50,27)
0.0008273973432110331381965366	(50,28)
0.00030212100451735089247758601	(50,29)
0.00003380665282632641240634459	(50,30)
0.00002302359999173553738289589	(51,1)
0.0002068233846461394397705921	(51,2)
0.00057221463290163876536267203	(51,3)
0.00111416214506353818217146677	(51,4)
0.00182366905864017870514071097	(51,5)
0.00268632546565953873614241508	(51,6)
0.00368082406363075845893000794	(51,7)
0.00477778396476040142474382633	(51,8)
0.00593923762515698204199580666	(51,9)
0.00711908942345662941314211322	(51,10)
0.00826473890052464877531428765	(51,11)
0.00931988381085699980552473618	(51,12)
0.01022830473807891842818987589	(51,13)
0.01093822850169591728157613417	(51,14)
0.01140672311962689036804345971	(51,15)
0.01160353416817409745112634829	(51,16)
0.01151384710288337030399832096	(51,17)
0.01113963575181312932488396346	(51,18)
0.01049948909182937488807457444	(51,19)
0.00962703931542896648643103016	(51,20)
0.00856829326458326852150630577	(51,21)
0.00737826667545998008675210942	(51,22)
0.00611733240434382810365690067	(51,23)
0.00484763731127264373908425685	(51,24)
0.00362984637747820779169033646	(51,25)
0.00252036609199038390653074883	(51,26)
0.00156910447902804697649118547	(51,27)
0.00081775490676814288367459768	(51,28)
0.00029854860392544665335202227	(51,29)
0.00003340400684802359947997006	(51,30)
0.0000229782640625950206602848	(52,1)
0.0002064160410777958031204016	(52,2)
0.00057108603414295459991764822	(52,3)
0.00111195456251369379682022747	(52,4)
0.00182001778139121222782640201	(52,5)
0.00268084141604766059992689663	(52,6)
0.00367306858448710884590630604	(52,7)
0.00476724044588656752107402043	(52,8)
0.00592528857630835499379779518	(52,9)
0.00710101067715488431975952292	(52,10)
0.00824172328347308309204266582	(52,11)
0.00929110348947672451857011514	(52,12)
0.01019301408317025586632013903	(52,13)
0.01089589880585459720809185102	(52,14)
0.01135718946823785094076464066	(52,15)
0.01154712668489879773535758463	(52,16)
0.01145147671767019288341646226	(52,17)
0.01107280993773290219347187527	(52,18)
0.01043024471764574404945085111	(52,19)
0.00955779488085107488784084112	(52,20)
0.00850163744336114083701395579	(52,21)
0.00731671086870276293993032824	(52,22)
0.00606305994801918890273423732	(52,23)
0.0048022809064524824885164053	(52,24)
0.00359431946596345947691570193	(52,25)
0.00249476525668088233488515986	(52,26)
0.00155269049936712028167742187	(52,27)
0.00080901137291817960837658012	(52,28)
0.0002953098675723607154190429	(52,29)
0.00003303900430921731014854656	(52,30)
0.00002293776032868400276308759	(53,1)
0.00020605211375102233263601295	(53,2)
0.00057007770603395922911047597	(53,3)
0.00110998211057600378335784194	(53,4)
0.00181675494311458199693642992	(53,5)
0.00267593952255306218587561857	(53,6)
0.0036661335903684975594543055	(53,7)
0.00475780712045814480439744449	(53,8)
0.00591279971011851220194869958	(53,9)
0.00708481194804062256256355743	(53,10)
0.00822108499101224831709063359	(53,11)
0.00926527745817104681571515017	(53,12)
0.01016132726904223643524851515	(53,13)
0.01085787553265948160464942065	(53,14)
0.01131268420395621642854177873	(53,15)
0.01149644203528797085941868756	(53,16)
0.01139543962734042440107539569	(53,17)
0.01101278413098306097249695308	(53,18)
0.01036806821110255363506075098	(53,19)
0.00949564516707155825011511708	(53,20)
0.00844184012057148208356819622	(53,21)
0.00726151700296918345600695946	(53,22)
0.00601442160738908892222185064	(53,23)
0.00476165303514969037146259449	(53,24)
0.00356251077968569131343348363	(53,25)
0.00247185296423045381611712604	(53,26)
0.001538005190654230355976342	(53,27)
0.000801190706349481553960406	(53,28)
0.00029241348592867551454945286	(53,29)
0.00003271261396914969829280104	(53,30)
0.00002290218161639133869772983	(54,1)
0.00020573243703425156872636303	(54,2)
0.00056919196632095798733921635	(54,3)
0.00110824936047970597501507408	(54,4)
0.00181388824481625582961986419	(54,5)
0.00267163173627692452831863072	(54,6)
0.0036600368339282422187179478	(54,7)
0.00474950972310853197794893026	(54,8)
0.00590180769324590831304945924	(54,9)
0.00707054455068134857957074904	(54,10)
0.0082028942368603991484713094	(54,11)
0.00924249911677923364519219298	(54,12)
0.01013336446660207216972752925	(54,13)
0.01082430765116533895247484202	(54,14)
0.01127338478185216667093069625	(54,15)
0.01145168301730238736481900382	(54,16)
0.01134595796514886256808111124	(54,17)
0.01095979141449654807930714081	(54,18)
0.01031319377524504706946189997	(54,19)
0.00944081541817510981316024747	(54,20)
0.00838910846229559968334470859	(54,21)
0.00721286700032554764379573908	(54,22)
0.00597156946609580413544822789	(54,23)
0.00472587411011682830134517549	(54,24)
0.00353450979872030774297709574	(54,25)
0.00245169061531948401018969092	(54,26)
0.00152508626862654881131459915	(54,27)
0.00079431231598826504534710381	(54,28)
0.00028986647613579793431946478	(54,29)
0.00003242561681961263011249003	(54,30)
0.00002287159560180778134985317	(55,1)
0.00020545761931305748199075078	(55,2)
0.0005684305064991505581649008	(55,3)
0.00110675965763354482804358577	(55,4)
0.00181142335687076166980004905	(55,5)
0.00266792694978651590487539489	(55,6)
0.00365479172355524927586349755	(55,7)
0.00474236804746281818537670427	(55,8)
0.00589234127658167154467958525	(55,9)
0.00705824946320748382553873471	(55,10)
0.00818720798434960031779545448	(55,11)
0.00922284520786474647877331577	(55,12)
0.01010922536463571129497106131	(55,13)
0.01079531957351701831643673985	(55,14)
0.01123944003790075810300017814	(55,15)
0.01141302009669365002884645406	(55,16)
0.01130321853626255023754930926	(55,17)
0.01091402760770131607135644983	(55,18)
0.01026581773425729996452374691	(55,19)
0.0093934938331678788947255883	(55,20)
0.00834361484683984415367443233	(55,21)
0.00717091149879259880338915501	(55,22)
0.0059346287733235840291186764	(55,23)
0.00469504272546124943080603034	(55,24)
0.00351038935762632895023273228	(55,25)
0.00243432790231543023075978131	(55,26)
0.00151396409762627454271729525	(55,27)
0.00078839175952205921298681106	(55,28)
0.00028767444525197372249609861	(55,29)
0.00003217863588205384791600593	(55,30)
0.00002284605097313203601731922	(56,1)
0.00020522809834494823104972875	(56,2)
0.00056779454491072465961389271	(56,3)
0.0011055154194054295180460945	(56,4)
0.00180936440524637581202959513	(56,5)
0.00266483171012299480373175147	(56,6)
0.00365040829330350039346549639	(56,7)
0.00473639719217683352986963212	(56,8)
0.00588442282378717695238433492	(56,9)
0.00704795913202746838962506801	(56,10)
0.00817407201106112549599085306	(56,11)
0.0092063781204662962654622259	(56,12)
0.01008899169406196717866868794	(56,13)
0.01077101388901064591725731672	(56,14)
0.01121097313203629406930988628	(56,15)
0.01138059456437620106679818545	(56,16)
0.01126737619140965069811569864	(56,17)
0.01087565484206192934825628838	(56,18)
0.01022610226777514666158512612	(56,19)
0.00935383537984225507717677638	(56,20)
0.0083055006437453554593266731	(56,21)
0.00713577345699232463085677794	(56,22)
0.00590370122707795769266299995	(56,23)
0.00466923848560081478880650097	(56,24)
0.00349020792230016299818480905	(56,25)
0.00241980448815684817602789399	(56,26)
0.0015046627871006577312930429	(56,27)
0.00078344133563400320890529203	(56,28)
0.00028584181165095963189817116	(56,29)
0.00003197216127358561992162647	(56,30)
0.00002282558216112019688380539	(57,1)
0.00020504418375100558364923674	(57,2)
0.00056728494425955950228620561	(57,3)
0.00110451836364789689552578138	(57,4)
0.00180771434448770635230317962	(57,5)
0.00266235076530828817136189753	(57,6)
0.00364689394536200115409471686	(57,7)
0.00473160851299751935219919298	(57,8)
0.0058780694764251362010315233	(57,9)
0.00703969884376849807793449727	(57,10)
0.00816352247433820827785636993	(57,11)
0.00919314763395464369724912785	(57,12)
0.01007272913890590378593827219	(57,13)
0.01075147343977344620674527701	(57,14)
0.01118808379613796166830695739	(57,15)
0.01135452097024897798943019472	(57,16)
0.01123855645678057110872811971	(57,17)
0.01084480438189603069562899108	(57,18)
0.01019417839077075463200473009	(57,19)
0.00932196486873028190904175356	(57,20)
0.00827487928474038138987672253	(57,21)
0.00710755110217870137059634747	(57,22)
0.00587886767221089529701782488	(57,23)
0.00464852433791409615172527159	(57,24)
0.0034740114718342398302374101	(57,25)
0.00240815139617323584665019982	(57,26)
0.00149720110022840397757460977	(57,27)
0.00077947057506524088878104262	(57,28)
0.00028437198866165520897390684	(57,29)
0.00003180657100117654678333697	(57,30)
0.0000228102129145258816975163	(58,1)
0.00020490608913227984776180584	(58,2)
0.00056690230042695524482620308	(58,3)
0.00110376968138130833590200389	(58,4)
0.0018064752394352677866952692	(58,5)
0.00266048747680041983312081042	(58,6)
0.00364425400968522634648879042	(58,7)
0.00472801033904825290400446013	(58,8)
0.00587329402847761084614365088	(58,9)
0.00703348775227046705060125272	(58,10)
0.00815558708023953359166257187	(58,11)
0.00918319221808033564206892585	(58,12)
0.01006048876136238382987206008	(58,13)
0.01073676287348883168608776612	(58,14)
0.01117085002641562182291354799	(58,15)
0.0113348889725686008513269532	(58,16)
0.01121685755460510548689111478	(58,17)
0.01082157881647824180779722465	(58,18)
0.01017014829379728263475264842	(58,19)
0.00929797938894528820146329872	(58,20)
0.0082518387146442493108486718	(58,21)
0.00708632029580612696085954398	(58,22)
0.00586019027390223776450580559	(58,23)
0.0046329484570433578917187223	(58,24)
0.00346183502147300870834558206	(58,25)
0.00239939213617374205230741396	(58,26)
0.00149159319065889303922860203	(58,27)
0.0007764866389477684426830749	(58,28)
0.00028326753356289186543946568	(58,29)
0.00003168214783443828140615925	(58,30)
0.00002279995893221287555110183	(59,1)
0.00020481395571254990902609568	(59,2)
0.00056664700785046869663570469	(59,3)
0.00110327016388639990105991762	(59,4)
0.00180564847248341264735972144	(59,5)
0.00265924412270410413611879789	(59,6)
0.00364249215489917588445548974	(59,7)
0.00472560849784468635113338467	(59,8)
0.0058701055659131474833552128	(59,9)
0.00702933962777567567298275395	(59,10)
0.00815028593428879582386879404	(59,11)
0.00917653997778030839715989765	(59,12)
0.01005230803791502612659100292	(59,13)
0.0107269297759331284125076228	(59,14)
0.01115932932557518094289474691	(59,15)
0.01132176470742098227009889588	(59,16)
0.01120235191482913771849997732	(59,17)
0.01080605371697949864269848641	(59,18)
0.01015408712830396578145313617	(59,19)
0.00928195018067411874495688094	(59,20)
0.00823644328666301180486002721	(59,21)
0.0070721363708928951600575171	(59,22)
0.00584771421109484309915437239	(59,23)
0.00462254571613445738047123669	(59,24)
0.00345370381335769506004909931	(59,25)
0.00239354358564592670031001484	(59,26)
0.00148784917931847729751977482	(59,27)
0.00077449463074934332071220736	(59,28)
0.00028253026428019015672468379	(59,29)
0.00003159909252151119655955689	(59,30)
0.00002279482970938927671666645	(60,1)
0.0002047678689218676706061735	(60,2)
0.00056651930537982452671421161	(60,3)
0.00110302029183157964783361868	(60,4)
0.00180523488887448377381250174	(60,5)
0.00265862211019092109641051863	(60,6)
0.00364161067586470564786227944	(60,7)
0.00472440668215631496274288205	(60,8)
0.00586850991271933789609379929	(60,9)
0.00702726337826085941617175315	(60,10)
0.00814763213226995451155661476	(60,11)
0.00917320930850142153460243431	(60,12)
0.01004821157835315918431583391	(60,13)
0.01072200545923273220375461435	(60,14)
0.01115355957228655046291692753	(60,15)
0.01131519175481794775722215711	(60,16)
0.01119508725098197813500568018	(60,17)
0.0107982788259257661969225628	(60,18)
0.01014604429797267106079231184	(60,19)
0.00927392399787770711108848202	(60,20)
0.0082287351481242889980478835	(60,21)
0.00706503547994534112001019962	(60,22)
0.00584146892174805680857449296	(60,23)
0.00461733877038833426066677778	(60,24)
0.00344963419436034281164038488	(60,25)
0.00239061663976819201275423755	(60,26)
0.00148597558002561827306485985	(60,27)
0.00077349782648846814691387402	(60,28)
0.00028216134551362083920920999	(60,29)
0.00003155753354324688907390849	(60,30)