luu222_(sigma,mu)
-0.0018272869941926755788288536	(1,1)
-0.0164155458757607065619032912	(1,2)
-0.045432231621712890438827822	(1,3)
-0.0885594313504178917544096366	(1,4)
-0.1453246344353156496591882184	(1,5)
-0.215105909429511174537875183	(1,6)
-0.2971387180760822594549006106	(1,7)
-0.390524291748503381767692046	(1,8)
-0.494239478547279508393056565	(1,9)
-0.607147953166053589009539976	(1,10)
-0.728012666709636238181678988	(1,11)
-0.855509400061192876485184351	(1,12)
-0.988241272305058871971776523	(1,13)
-1.124754045247811375048591507	(1,14)
-1.263552056357957868347060482	(1,15)
-1.403114605559475235316528545	(1,16)
-1.541912616341889670199724774	(1,17)
-1.678425388644110923493964867	(1,18)
-1.811157259963754202584667232	(1,19)
-1.938653992149214569972760055	(1,20)
-2.059518704337281463873598073	(1,21)
-2.17242717747166039230606908	(1,22)
-2.27614236272291782500908805	(1,23)
-2.36952793485264221334081449	(1,24)
-2.45156074202845026521767986	(1,25)
-2.52134201568721519592757746	(1,26)
-2.57810721762908197915550626	(1,27)
-2.6212344164556214961885209	(1,28)
-2.6502511015782777024549127	(1,29)
-2.66483936014154685211742	(1,30)
-0.0018272870157563342647300122	(2,1)
-0.0164155460690984093097369138	(2,2)
-0.0454322321496948744978780683	(2,3)
-0.088559432334993397930576508	(2,4)
-0.1453246358828519239112631266	(2,5)
-0.2151059111007373093899840701	(2,6)
-0.2971387192971157986631729912	(2,7)
-0.390524291170069373370144393	(2,8)
-0.494239473870005149074538257	(2,9)
-0.607147940859282483765608978	(2,10)
-0.728012641758251605559156926	(2,11)
-0.855509355778374445168264428	(2,12)
-0.988241200247989087693653872	(2,13)
-1.12475393526783923683212083	(2,14)
-1.263551896806919332063554545	(2,15)
-1.403114383660601900944136048	(2,16)
-1.541912318718325554687910296	(2,17)
-1.678425001982131590168772295	(2,18)
-1.81115677177308923385457437	(2,19)
-1.938653391571049112739985513	(2,20)
-2.059517982942870264182234644	(2,21)
-2.17242632999185991612711023	(2,22)
-2.27614138765158824876231673	(2,23)
-2.3695268348744755906734965	(2,24)
-2.45155952423353106837154114	(2,25)
-2.52134069154934400363614623	(2,26)
-2.57810580274123561706542006	(2,27)
-2.6212329300325114672416543	(2,28)
-2.6502495657515569340819151	(2,29)
-2.66483779908677394464049	(2,30)
-0.0018272871283334385718918249	(3,1)
-0.016415547077869399316229103	(3,2)
-0.0454322348935957306362041797	(3,3)
-0.0885594373822597845648418537	(3,4)
-0.1453246430294147641582843048	(3,5)
-0.2151059184942800174594554123	(3,6)
-0.2971387221629736975631489444	(3,7)
-0.390524280186986452276014868	(3,8)
-0.494239433316557130270599514	(3,9)
-0.607147846716376578985075813	(3,10)
-0.728012460000715955964450016	(3,11)
-0.85550904111185715752188746	(3,12)
-0.988240695541231898023875185	(3,13)
-1.124753171893160069755114827	(3,14)
-1.263550796035434445872691361	(3,15)
-1.403112859169051699430750459	(3,16)
-1.541910280160218867949555121	(3,17)
-1.67842235946832046462735311	(3,18)
-1.811153441007633241388187134	(3,19)
-1.938649299308380463935341988	(3,20)
-2.059513072380710625466788496	(3,21)
-2.1724205656966766601596844	(3,22)
-2.27613475963135136035262624	(3,23)
-2.36951936146493661171335146	(3,24)
-2.45155125354368240310841754	(3,25)
-2.52133170131120757759944187	(3,26)
-2.57809619851950133156737229	(3,27)
-2.6212228418615312154725751	(3,28)
-2.6502391433723902910071752	(3,29)
-2.66482720604844627222432	(3,30)
-0.0018272872451071323085803258	(4,1)
-0.0164155481186276513660629798	(4,2)
-0.0454322376194030592320274874	(4,3)
-0.0885594417250496328848589503	(4,4)
-0.1453246464971705889972913587	(4,5)
-0.2151059133698294978958685601	(4,6)
-0.2971386914194971706191118278	(4,7)
-0.390524192274768935189399829	(4,8)
-0.494239236210046113016782714	(4,9)
-0.60714746181875097421554162	(4,10)
-0.728011776656533121637899656	(4,11)
-0.855507912553069682569455499	(4,12)
-0.988238937071935640314540089	(4,13)
-1.124750561998324390926526167	(4,14)
-1.263547080885048218742587518	(4,15)
-1.403107760700034909723965507	(4,16)
-1.541903507582773543268609806	(4,17)
-1.678413623696728722173955848	(4,18)
-1.811142471195937985994154566	(4,19)
-1.938635860414549258152304099	(4,20)
-2.059496982517381265795145439	(4,21)
-2.17240171197041768476094234	(4,22)
-2.27611311123103299173544758	(4,23)
-2.36949497892623271776823176	(4,24)
-2.45152429337302420040939838	(4,25)
-2.52130241547305399728687782	(4,26)
-2.5780649286459783189981694	(4,27)
-2.6211900084034918921908741	(4,28)
-2.6502052302487675894976175	(4,29)
-2.66479274164423931650188	(4,30)
-0.0018272863952375570483116639	(5,1)
-0.01641554046483424079979782	(5,2)
-0.0454322160830713686808680008	(5,3)
-0.0885593975267813150063667232	(5,4)
-0.1453245656061303031207661016	(5,5)
-0.2151057701926679516776483157	(5,6)
-0.2971384395522834802349300282	(5,7)
-0.390523752670583179375225284	(5,8)
-0.494238483651267114465991967	(5,9)
-0.607146211059128854987178733	(5,10)
-0.728009769948838256094444777	(5,11)
-0.855504810448792981702224894	(5,12)
-0.98823431433346071653322121	(5,13)
-1.12474391018855051641736052	(5,14)
-1.263537818709513232458801259	(5,15)
-1.403095252514551640914542835	(5,16)
-1.541887089711325083575765405	(5,17)
-1.67839263741160959787805566	(5,18)
-1.811116300482236089703633702	(5,19)
-1.938603972055666073105136923	(5,20)
-2.059458965662684300311452462	(5,21)
-2.17235731422115061388456089	(5,22)
-2.27606226841830056461244382	(5,23)
-2.36943783613842555853209433	(5,24)
-2.45146121537790937225350874	(5,25)
-2.52123398541282733011129784	(5,26)
-2.57799193469394010957180988	(5,27)
-2.6211134188905692429592969	(5,28)
-2.6501261585356022361710939	(5,29)
-2.66471240268003446796217	(5,30)
-0.0018272810622316618888022452	(6,1)
-0.016415492520131122062246312	(6,2)
-0.0454320827305848545818497553	(6,3)
-0.0885591334509366261108716813	(6,4)
-0.1453241166678205399722792334	(6,5)
-0.2151050619672708312856949222	(6,6)
-0.2971373603777714597618647375	(6,7)
-0.390522131861505294940316705	(6,8)
-0.494236066535725010409425959	(6,9)
-0.607142633384668485016249696	(6,10)
-0.728004534857748469671848545	(6,11)
-0.855497271541226849453038184	(6,12)
-0.988223668249245204918606436	(6,13)
-1.124729201621868511773376009	(6,14)
-1.263517959852957348374115896	(6,15)
-1.40306905769017751142362232	(6,16)
-1.541853324510228750481206916	(6,17)
-1.678350080183878364601027366	(6,18)
-1.811063812659809341748255427	(6,19)
-1.938540572704443120034372036	(6,20)
-2.05938390496869181985096231	(6,21)
-2.17227014039386292685971921	(6,22)
-2.27596288276296518879370406	(6,23)
-2.36932653177496944131322522	(6,24)
-2.45133869618703249171495288	(6,25)
-2.52110136315829542469966601	(6,26)
-2.57785070377637839790935329	(6,27)
-2.6209654097055271384929879	(6,28)
-2.649973471824503654722286	(6,29)
-2.66455732848607438858798	(6,30)
-0.0018272622152597560653992382	(7,1)
-0.016415323150088940064639448	(7,2)
-0.0454316129105001803246672967	(7,3)
-0.0885582109585842000236469777	(7,4)
-0.1453225776573158973983205297	(7,5)
-0.2151027132721505548426693924	(7,6)
-0.2971339529013208328373579813	(7,7)
-0.390517326109546028382859407	(7,8)
-0.494229392969135515662321214	(7,9)
-0.607133451708874981129218313	(7,10)
-0.727991997426407720958703469	(7,11)
-0.855480296564472144585342647	(7,12)
-0.98820092835095593553576392	(7,13)
-1.124699132447023226673820816	(7,14)
-1.263478791931630441422076046	(7,15)
-1.403018872750253650390984494	(7,16)
-1.541790135099797572725219572	(7,17)
-1.678271929068209974231905909	(7,18)
-1.810968886264577548403887332	(7,19)
-1.938427321134829537756167634	(7,20)
-2.059251160039173236533909411	(7,21)
-2.172117222774626776379188249	(7,22)
-2.27578968981485219022122005	(7,23)
-2.36913359884571432364475535	(7,24)
-2.45112722594286229036486234	(7,25)
-2.52087321974118390653375051	(7,26)
-2.57760837100012242023694834	(7,27)
-2.6207119149291911327715301	(7,28)
-2.6497122793910473815380415	(7,29)
-2.66429220854656890911905	(7,30)
-0.0018272109658450151603082253	(8,1)
-0.0164148626654069669862649841	(8,2)
-0.0454303369195406901629244126	(8,3)
-0.0885557140639768368390810908	(8,4)
-0.145318443911517721574758577	(8,5)
-0.215096492612676885532808191	(8,6)
-0.2971251246419698545815640602	(8,7)
-0.390505250997419389333468538	(8,8)
-0.494213257664104760840794624	(8,9)
-0.607112211626025999242272972	(8,10)
-0.727964325414902558021092223	(8,11)
-0.85544454563472325910154176	(8,12)
-0.98815511644202638999165007	(8,13)
-1.124640955991922675526413204	(8,14)
-1.263405672798610082411728278	(8,15)
-1.402928040207017193886020926	(8,16)
-1.541678741064606460520563191	(8,17)
-1.67813719144736190503080176	(8,18)
-1.810808252021964682580253745	(8,19)
-1.938238638257592053769769602	(8,20)
-2.059032846035384144743494349	(8,21)
-2.171868416929830811089688447	(8,22)
-2.27551037717562554056837457	(8,23)
-2.36882469569126152920272332	(8,24)
-2.4507906191434630340213441	(8,25)
-2.52051175560768280841843632	(8,26)
-2.57722579269633293868987446	(8,27)
-2.6203127509562998883831267	(8,28)
-2.6493016888104468305798172	(8,29)
-2.66387579129583010910592	(8,30)
-0.0018270932756619869528614436	(9,1)
-0.0164138052810604715402932862	(9,2)
-0.0454274084636055956669753454	(9,3)
-0.0885499931607196783716564757	(9,4)
-0.1453090086206610134131852144	(9,5)
-0.215082393910754987255957303	(9,6)
-0.297105342867088898393034828	(9,7)
-0.390478637195326536746709726	(9,8)
-0.494178464842542100093671565	(9,9)
-0.607067623650535572309793152	(9,10)
-0.727907993282659167375056968	(9,11)
-0.855374141821205458905190289	(9,12)
-0.988067917710852082929388613	(9,13)
-1.124533863417544849876606086	(9,14)
-1.263275274868473052012814474	(9,15)
-1.402770721005269467924491359	(9,16)
-1.541490831096578540891202342	(9,17)
-1.67791515413852888806789797	(9,18)
-1.810548894839341226303311094	(9,19)
-1.937939334231780391478246125	(9,20)
-2.058691749571901369727792811	(9,21)
-2.171484657392505575123459857	(9,22)
-2.27508421482415007176702893	(9,23)
-2.36835762700629802934954955	(9,24)
-2.45028542208292465624979086	(9,25)
-2.51997246952695888498862128	(9,26)
-2.57665763212675867880841956	(9,27)
-2.619721956792307563026916	(9,28)
-2.6486953243978979678903492	(9,29)
-2.66326149422196092446163	(9,30)
-0.0018268546649609166539766154	(10,1)
-0.0164116615811314020962494118	(10,2)
-0.0454214731356509729184229349	(10,3)
-0.0885384088879921395600525676	(10,4)
-0.1452899434125209624173053257	(10,5)
-0.2150540182070906202952602822	(10,6)
-0.2970657862936160208121978942	(10,7)
-0.390425927184996296408362297	(10,8)
-0.49411045296300398465964799	(10,9)
-0.60698190869928857529430072	(10,10)
-0.727801852575798826930546566	(10,11)
-0.855244483220783070501244836	(10,12)
-0.987911264547466515482583857	(10,13)
-1.124346382481439773012207497	(10,14)
-1.263052854180985500715663363	(10,15)
-1.402509099464917940897386737	(10,16)
-1.541185776815502147085094657	(10,17)
-1.677562682951396839178872606	(10,18)
-1.810145515711369818074863471	(10,19)
-1.937482304684134096804509266	(10,20)
-2.058179322204123021155216235	(10,21)
-2.170916298330814889118461483	(10,22)
-2.27446077645174638578842863	(10,23)
-2.36768146041465864274126345	(10,24)
-2.44956041893504179608217372	(10,25)
-2.51920402796562575370849213	(10,26)
-2.57585254650068600209994895	(10,27)
-2.6188882358730497257347568	(10,28)
-2.6478419470876155796133597	(10,29)
-2.66239811529412545575282	(10,30)
-0.0018264162137192056595354612	(11,1)
-0.0164077225965659965163171073	(11,2)
-0.0454105690270524517159274438	(11,3)
-0.0885171385903838241245212565	(11,4)
-0.1452549814894435997273748389	(11,5)
-0.2150021067041528495771488891	(11,6)
-0.2969937047929599102021718862	(11,7)
-0.390330443241805015661780256	(11,8)
-0.493988258906827064118147625	(11,9)
-0.606829554165414546021791388	(11,10)
-0.727615684609226872967741797	(11,11)
-0.855020606949289739729325137	(11,12)
-0.987645536966732664476771905	(11,13)
-1.124034449741310829381446968	(11,14)
-1.262690239040644537645689798	(11,15)
-1.402091340656388339745331637	(11,16)
-1.540708616470496402815133226	(11,17)
-1.67702229267557775704542773	(11,18)
-1.809538747023413066625691295	(11,19)
-1.936806945981761215866019024	(11,20)
-2.057434342606072165884664862	(11,21)
-2.170102058863677594381592284	(11,22)
-2.27357919103512787958978531	(11,23)
-2.36673609264438719275130421	(11,24)
-2.44855650529998791097997069	(11,25)
-2.51814842330710954479179711	(11,26)
-2.57475359269723330235378663	(11,27)
-2.617755559464796926793352	(11,28)
-2.6466861955456404647139264	(11,29)
-2.66123064474826459423049	(11,30)
-0.0018256731307579435507526343	(12,1)
-0.0164010469516041864725821507	(12,2)
-0.0453920911696622966727553195	(12,3)
-0.0884811071067370596749929082	(12,4)
-0.1451958044332807433230021864	(12,5)
-0.2149143742802603835640325719	(12,6)
-0.2968721918617643781402772313	(12,7)
-0.390170093298840094592597368	(12,8)
-0.493784154551636093065341134	(12,9)
-0.606576882071111450626605631	(12,10)
-0.727309705191553987463318016	(12,11)
-0.854656639923874512184727853	(12,12)
-0.987218973509496568327609897	(12,13)
-1.123540799945612569854178522	(12,14)
-1.262125219930429146480567396	(12,15)
-1.401451005523293718728435742	(12,16)
-1.539989521293980926620099861	(12,17)
-1.676221690506285791305239774	(12,18)
-1.808654797115791726579785326	(12,19)
-1.935838921705848574677109805	(12,20)
-2.056382821109543526802114242	(12,21)
-2.168969076200013283811337976	(12,22)
-2.27236834886465591957214804	(12,23)
-2.36545260626938854858051228	(12,24)
-2.44720718718527821563897948	(12,25)
-2.51674160079373183735699852	(12,26)
-2.57329896283089151975194744	(12,27)
-2.6162639873676172211788782	(12,28)
-2.6451694653818209740936387	(12,29)
-2.65970117407802624338645	(12,30)
-0.0018244967331902039888805206	(13,1)
-0.0163904786460326811370349033	(13,2)
-0.0453628407460458559966292775	(13,3)
-0.0884240826653801766691064363	(13,4)
-0.1451021994601705984776937526	(13,5)
-0.2147757419506265177500665885	(13,6)
-0.2966805050283953835153806674	(13,7)
-0.389917790616850022363585537	(13,8)
-0.493464175257433253442515564	(13,9)
-0.606182693788260702086432054	(13,10)
-0.72683533047947241519282971	(13,11)
-0.854096687844188803853140784	(13,12)
-0.986568682069771832911183836	(13,13)
-1.122796093836010194743374486	(13,14)
-1.261282785609069025353641631	(13,15)
-1.400508382716247719296832943	(13,16)
-1.538945206780920410892642934	(13,17)
-1.675075247160423008022592459	(13,18)
-1.807406959037402306512739958	(13,19)
-1.934491685301866951679435611	(13,20)
-2.054939512309101918602114436	(13,21)
-2.167434385609832535918929255	(13,22)
-2.27074832928790686715629597	(13,23)
-2.36375463019555550933330975	(13,24)
-2.4454398650842438825734227	(13,25)
-2.51491466381782941420789255	(13,26)
-2.57142311547218001008832753	(13,27)
-2.6143507365578175404976915	(13,28)
-2.6432309325042989816099051	(13,29)
-2.65774989562755088850844	(13,30)
-0.0018227399313253751931331238	(14,1)
-0.0163746963277572762454795573	(14,2)
-0.0453191614317234547291755619	(14,3)
-0.0883389424865389018615509825	(14,4)
-0.1449624946488673854937492183	(14,5)
-0.2145689793386883757501351449	(14,6)
-0.2963949493095881803630705088	(14,7)
-0.389542606789340539768427089	(14,8)
-0.492989564380013732278694357	(14,9)
-0.605600019962468437203655689	(14,10)
-0.726137236786128125199745845	(14,11)
-0.853277198771734609862310794	(14,12)
-0.985623289734708135368816414	(14,13)
-1.121721825011860806874752755	(14,14)
-1.260078246309255394946842545	(14,15)
-1.399173776942967793915420339	(14,16)
-1.537482326227977614314552268	(14,17)
-1.673487429319283721799256842	(14,18)
-1.805699012428587244517129153	(14,19)
-1.932669782458977703393324879	(14,20)
-2.053011053558131117585872052	(14,21)
-2.165407839339139257227557483	(14,22)
-2.26863305690088874250302968	(14,23)
-2.36156070582905154863482923	(14,24)
-2.44317790104292766154457361	(14,25)
-2.51259565222346278809834508	(14,26)
-2.56905829476029871634142036	(14,27)
-2.6119514883159161213571834	(14,28)
-2.6408087101111735354694365	(14,29)
-2.65531618178052125424106	(14,30)
-0.0018202454781360261372856257	(15,1)
-0.0163522874000532786712566067	(15,2)
-0.0452571444531699640609905688	(15,3)
-0.0882180722197429506683274024	(15,4)
-0.1447642133748065988677826225	(15,5)
-0.2142756704456707662500854013	(15,6)
-0.2959902045710795441010149605	(15,7)
-0.389011502767264202728631613	(15,8)
-0.492318939560858409740397501	(15,9)
-0.604778740876792293743240779	(15,10)
-0.725156438882573094532542673	(15,11)
-0.852130486528680437624819129	(15,12)
-0.984306880598441136351256242	(15,13)
-1.120234623331820994363520455	(15,14)
-1.258421836462008584017447557	(15,15)
-1.397352329147446459795901535	(15,16)
-1.53550241389926281237318967	(15,17)
-1.671357762831164753276083334	(15,18)
-1.803430100410603447010436747	(15,19)
-1.930273537722770534428107226	(15,20)
-2.050500365868494017285192151	(15,21)
-2.162796140957024836749119907	(15,22)
-2.26593390863078905700664126	(15,23)
-2.35878743083390211264659282	(15,24)
-2.44034329077439476586898511	(15,25)
-2.50971176352905033467555898	(15,26)
-2.56613634991540119131771782	(15,27)
-2.6090018809892882060400938	(15,28)
-2.6378411109118046181697348	(15,29)
-2.65233972797809114894894	(15,30)
-0.0018168555838844522534906695	(16,1)
-0.0163218343923243964191743085	(16,2)
-0.0451728675776153331332316565	(16,3)
-0.08805383146611699366500991	(16,4)
-0.1444948369729379075941705334	(16,5)
-0.213877339013655332131421061	(16,6)
-0.2954408719512288953276118717	(16,7)
-0.388291344999180228244262964	(16,8)
-0.491410814805923391510011965	(16,9)
-0.603668635499054706496483504	(16,10)
-0.723833869310640875709368698	(16,11)
-0.85058882379252660936344948	(16,12)
-0.982543565096869521995947655	(16,13)
-1.118251241636750672810700374	(16,14)
-1.256224039619796776389607214	(16,15)
-1.394949582435372898916699931	(16,16)
-1.532907580449314219694388239	(16,17)
-1.668586536811720432586342401	(16,18)
-1.800500318296548808018551298	(16,19)
-1.927204407320856265669231133	(16,20)
-2.047311661061658514518231356	(16,21)
-2.159507414701345522567842163	(16,22)
-2.26256377703515279102189865	(16,23)
-2.35535297702629925409592865	(16,24)
-2.43685962897290403470131836	(16,25)
-2.50619179193737355463984737	(16,26)
-2.56259070671860200115850739	(16,27)
-2.6054391020268112513177189	(16,28)
-2.634267971857718351668296	(16,29)
-2.64876173936656379679527	(16,30)
-0.0018124212261130288548488295	(17,1)
-0.0162819985942146425565144226	(17,2)
-0.0450626265301337775880523767	(17,3)
-0.0878390045477900359105121843	(17,4)
-0.1441425432227699492696053198	(17,5)
-0.2133565381896970800878401634	(17,6)
-0.294722971176355937505947516	(17,7)
-0.38735085744316563371257382	(17,8)
-0.490226042160340056493162646	(17,9)
-0.602222333029950748860441905	(17,10)
-0.722113842801202270898253678	(17,11)
-0.848588403197460393532897358	(17,12)
-0.980261901212220493423055799	(17,13)
-1.115693379883763984985300052	(17,14)
-1.253400738753888819948010324	(17,15)
-1.391876864495704300099376535	(17,16)
-1.529606019810529646904070424	(17,17)
-1.665080318608566922297502889	(17,18)
-1.796816117419631842659497319	(17,19)
-1.923370156406002327412626841	(17,20)
-2.04335528758890395461368558	(17,21)
-2.155455632261902914637641339	(17,22)
-2.25844101352490636803583935	(17,23)
-2.35118051324132715901902374	(17,24)
-2.43265500574774720570072416	(17,25)
-2.50196852403185256080854166	(17,26)
-2.55835831889974356341639298	(17,27)
-2.6012034791049651863095445	(17,28)
-2.6300319916548565887586851	(17,29)
-2.64452613735408452572586	(17,30)
-0.001806809679283670143865795	(18,1)
-0.0162315876964066788496113331	(18,2)
-0.0449231221578912832007919423	(18,3)
-0.0875671650846379032038009136	(18,4)
-0.1436968036483128633094939861	(18,5)
-0.2126977319283575901255110994	(18,6)
-0.2938151518470622179714963674	(18,7)
-0.386162200981152114023600955	(18,8)
-0.488729787847485487869857946	(18,9)
-0.600397702585541240765250471	(18,10)
-0.719946862581443116483860425	(18,11)
-0.846072548036341409337466754	(18,12)
-0.97739848105626019048453247	(18,13)
-1.11249160264234536944653067	(18,14)
-1.249877404027033901729999652	(18,15)
-1.388055671186408388598401697	(18,16)
-1.525516503211642015039581035	(18,17)
-1.660756465856809885558100269	(18,18)
-1.792294740529813682369261371	(18,19)
-1.918689126054504907751480523	(18,20)
-2.038551745797444448474092925	(18,21)
-2.150564306627104976696720857	(18,22)
-2.25349274937224020187723367	(18,23)
-2.34620112396643670401198693	(18,24)
-2.42766451752268047658867629	(18,25)
-2.49698086150831109831165333	(18,26)
-2.55338144630332481947198463	(18,27)
-2.5962399788643750077791923	(18,28)
-2.6250800327848560779515754	(18,29)
-2.63958076005813560170825	(18,30)
-0.0017999093571617798290924663	(19,1)
-0.0161695992911942578058760739	(19,2)
-0.0447515807998741241200412702	(19,3)
-0.0872329104763179849072600643	(19,4)
-0.143148767732268122041421585	(19,5)
-0.2118878621048517124147810147	(19,6)
-0.2926994731502294501979101504	(19,7)
-0.384701990788181216156448771	(19,8)
-0.48689280643363988096112201	(19,9)
-0.598159396078386880091944599	(19,10)
-0.71729143547113437839088426	(19,11)
-0.842993793659079114597273691	(19,12)
-0.973900262602731673913486279	(19,13)
-1.108587894964223520721763155	(19,14)
-1.245591836776747284418744869	(19,15)
-1.383420553827678899723485912	(19,16)
-1.520571357917440185542046258	(19,17)
-1.65554614009820227901486315	(19,18)
-1.786867211912813681304334447	(19,19)
-1.913093142950019913226470644	(19,20)
-2.032834465086057374971410243	(19,21)
-2.1447690927358477195337208	(19,22)
-2.24765728688303671088546598	(19,23)
-2.34035597129858736037908095	(19,24)
-2.42183219468100978954542084	(19,25)
-2.49117552448206677547161376	(19,26)
-2.54760915832302730839501092	(19,27)
-2.5904995478764800289614743	(19,28)
-2.6193643479346114087939444	(19,29)
-2.63387852954962865079141	(19,30)
-0.0017916317863909660032961594	(20,1)
-0.0160952386019004912377338716	(20,2)
-0.0445458033496077548489846417	(20,3)
-0.0868319575018589975300686265	(20,4)
-0.1424914196551965380537968486	(20,5)
-0.2109165801277216601100604174	(20,6)
-0.2913617228980822972680165181	(20,7)
-0.382951713815907753979703005	(20,8)
-0.484691965852530885939152024	(20,9)
-0.595479487553078665124432304	(20,10)
-0.714114829568870917817408078	(20,11)
-0.839314764444531098119895086	(20,12)
-0.969725563465498543559703749	(20,13)
-1.103936766874060264278818247	(20,14)
-1.240495374971281285578926906	(20,15)
-1.377920412394486600592926668	(20,16)
-1.514717831871556794222889851	(20,17)
-1.649395724223177224016448678	(20,18)
-1.780479787561762991507414704	(20,19)
-1.906528981939984859465382068	(20,20)
-2.026151259474271660720827981	(20,21)
-2.13801921889463192686597806	(20,22)
-2.24088549279898659257452143	(20,23)
-2.33359764061336525387377855	(20,24)
-2.41511229443970306437593297	(20,25)
-2.48450829130264625739026933	(20,26)
-2.5409985249688392689338683	(20,27)
-2.5839402633088510127109995	(20,28)
-2.6128437018409366512854983	(20,29)
-2.62737855871042308293133	(20,30)
-0.0017819111632179406548653439	(21,1)
-0.0160079145011908821066501274	(21,2)
-0.0443041542446767960235103659	(21,3)
-0.0863611209161388408701216446	(21,4)
-0.1417195433941781281101247141	(21,5)
-0.2097761958985234567953716673	(21,6)
-0.2897913484481706781216955732	(21,7)
-0.380897640847326288214228871	(21,8)
-0.482110141205230929768374609	(21,9)
-0.592337351117949627983060636	(21,10)
-0.710392940742977652712529271	(21,11)
-0.835008035453222384502740543	(21,12)
-0.964843926453072167044509607	(21,13)
-1.09850513347263472168152909	(21,14)
-1.23455279999977717521424284	(21,15)
-1.371518442058618466206784123	(21,16)
-1.507918093323056467197296931	(21,17)
-1.642266888092067764966286657	(21,18)
-1.773094098614100269957774538	(21,19)
-1.898958597414698864293567999	(21,20)
-2.018464654826224760727336387	(21,21)
-2.130277915069700536831961069	(21,22)
-2.23314132981400231665860905	(21,23)
-2.32589077407308120148983428	(21,24)
-2.40747003149286938917099694	(21,25)
-2.47694481774207435289180493	(21,26)
-2.5335155123403082321325553	(21,27)
-2.57652828904293929578563	(21,28)
-2.6054843695713312266542876	(21,29)
-2.62004717113705188679361	(21,30)
-0.0017707023155735641746440324	(22,1)
-0.0159072212043232370542545482	(22,2)
-0.0440255108193862343743175823	(22,3)
-0.085818214844403032550324845	(22,4)
-0.1408295613633036159093399697	(22,5)
-0.2084614402333178130246683167	(22,6)
-0.2879811314279282142943089387	(22,7)
-0.378530404810554374167481959	(22,8)
-0.479135691553528807877632232	(22,9)
-0.588719035530422818138527856	(22,10)
-0.706109569435818565648508296	(22,11)
-0.83005532145379687928949981	(22,12)
-0.959235236536066324227608979	(22,13)
-1.092271381036916712544811099	(22,14)
-1.227741377925637890696372264	(22,15)
-1.364191179426872880555407545	(22,16)
-1.500148314363206589894582652	(22,17)
-1.634135742615554388892058827	(22,18)
-1.764686408474589319935946413	(22,19)
-1.890358513511002181755784737	(22,20)
-2.009751438038376822344992391	(22,21)
-2.121522141262754800717984832	(22,22)
-2.22440177725537179127989446	(22,23)
-2.31721218851246492960409032	(22,24)
-2.39888188899774119519957226	(22,25)
-2.4684611276349540652801644	(22,26)
-2.52513563033251612511068447	(22,27)
-2.5682386495159941291113147	(22,28)
-2.5972609986394172532352354	(22,29)
-2.61185880869281060342016	(22,30)
-0.0017579779602769036848861874	(23,1)
-0.0157929136302816912961683763	(23,2)
-0.0437091951359891897049113893	(23,3)
-0.0852019200451530892506265011	(23,4)
-0.1398193171286769775180664883	(23,5)
-0.2069691447400989357541931272	(23,6)
-0.2859267489794494682218418594	(23,7)
-0.375844431039010195820350501	(23,8)
-0.475761751311915958102111855	(23,9)
-0.584616414308523564591238751	(23,10)
-0.701255433415087278082512696	(23,11)
-0.82444636316326135461554729	(23,12)
-0.952888498578782048421749114	(23,13)
-1.085224061177436094231524584	(23,14)
-1.220049501242194418978316464	(23,15)
-1.355927128160012609266991111	(23,16)
-1.491397320230415143075335138	(23,17)
-1.624991554290976005458645151	(23,18)
-1.755246433814733124045602679	(23,19)
-1.88071879035198622320332097	(23,20)
-2.000001802687985239539601321	(23,21)
-2.111741940051646702553336334	(23,22)
-2.21465640941852524080511251	(23,23)
-2.30755068829220917441180597	(23,24)
-2.38933566334116053055134612	(23,25)
-2.45904387505908072961007503	(23,26)
-2.51584438599984829673291729	(23,27)
-2.5590558372742546188757977	(23,28)
-2.5881573247787014129441897	(23,29)
-2.60279680307993074041185	(23,30)
-0.0017437259837079968045357458	(24,1)
-0.0156648829736569110130897263	(24,2)
-0.0433549063975708780102867212	(24,3)
-0.0845116522967203864709994536	(24,4)
-0.1386878599292570093688912428	(24,5)
-0.205297924262476709763209161	(24,6)
-0.2836263383035892334824931152	(24,7)
-0.372837371376686129229354439	(24,8)
-0.471985525623499516217961405	(24,9)
-0.580026339281577629232413531	(24,10)
-0.695827182415445255355645782	(24,11)
-0.818177812484939120730692213	(24,12)
-0.945800609509242042774184509	(24,13)
-1.077360572947216317275469574	(24,14)
-1.211475310015021416060776833	(24,15)
-1.346725353340614144983550009	(24,16)
-1.481665194846079462329167174	(24,17)
-1.614835401960582431565285204	(24,18)
-1.744776092859814478245961925	(24,19)
-1.870041902405186405402073766	(24,20)
-1.989218392133791254876319684	(24,21)
-2.100939673112817317667803147	(24,22)
-2.20390684616749623172510626	(24,23)
-2.29690674081137121412656768	(24,24)
-2.37883036418320042044803236	(24,25)
-2.44869045652030531198747105	(24,26)
-2.50563758345879095724594188	(24,27)
-2.5489742649998844528942492	(24,28)
-2.5781667311043720143381847	(24,29)
-2.59285399035219049444764	(24,30)
-0.0017279472064315185465505746	(25,1)
-0.0155231366238601907985881532	(25,2)
-0.0429626653877436112091201419	(25,3)
-0.0837474541957698610174737199	(25,4)
-0.1374352674975917991358951291	(25,5)
-0.2034479156813664469037984203	(25,6)
-0.2810801382887119691410089084	(25,7)
-0.369509638060322982357781437	(25,8)
-0.46780770924926982743374346	(25,9)
-0.574949941300752035080947489	(25,10)
-0.689826582183946419663132034	(25,11)
-0.811252306566098498359861512	(25,12)
-0.937975334453084273870174665	(25,13)
-1.0686860584425601225182167	(25,14)
-1.202025529310509996369474016	(25,15)
-1.336594287420212582344822072	(25,16)
-1.470962085402274713359938445	(25,17)
-1.603679012461811428431247444	(25,18)
-1.733288405477384915420201649	(25,19)
-1.85834173578601376691322048	(25,20)
-1.977415424468920824973550057	(25,21)
-2.089129300024289188682514775	(25,22)
-2.1921662056056874448435549	(25,23)
-2.2852921150248306653889212	(25,24)
-2.36737604120187610097640411	(25,25)
-2.43740901767202714266761539	(25,26)
-2.49452149139957492432977082	(25,27)
-2.5379985642922886214273638	(25,28)
-2.5672926398271183269553441	(25,29)
-2.58203315079187852851961	(25,30)
-0.0017106538267120660257629177	(26,1)
-0.0153677841828472815724256161	(26,2)
-0.0425327757821598917959726022	(26,3)
-0.0829099198018455938187692307	(26,4)
-0.1360625226236718180992421189	(26,5)
-0.2014205958269588760307399886	(26,6)
-0.278290239408245108844025255	(26,7)
-0.3658640778733711011122968877	(26,8)
-0.463232079339620258008125503	(26,9)
-0.569392138531369988571406083	(26,10)
-0.683259938142416488035240464	(26,11)
-0.803677809942120116807702893	(26,12)
-0.929422573933479006614503142	(26,13)
-1.059212605163820222736125472	(26,14)
-1.191714620290447545479206644	(26,15)
-1.325550846895853654530081712	(26,16)
-1.459307304415814411365133546	(26,17)
-1.591543870313295514693514596	(26,18)
-1.720806634512402017811599581	(26,19)
-1.84564278606117340530318343	(26,20)
-1.964617971146309334132092843	(26,21)
-2.07633576003154713096043866	(26,22)
-2.17945860746976275411110952	(26,23)
-2.2727295192599896653714394	(26,24)
-2.35499356173623073670984753	(26,25)
-2.42521836752633370955284125	(26,26)
-2.48251288135084309828947097	(26,27)
-2.5261437264774018639718258	(26,28)
-2.5555487262895524806325651	(26,29)
-2.57034726109069587657376	(26,30)
-0.0016918685378093260072575117	(27,1)
-0.0151990295354194229287059395	(27,2)
-0.0420658022045151194781247704	(27,3)
-0.0820001518784831760452402921	(27,4)
-0.1345714430477211065471018253	(27,5)
-0.1992186778745939925485689158	(27,6)
-0.2752604409915787595065042656	(27,7)
-0.3619057853358459439428395664	(27,8)
-0.458265260421651388009394044	(27,9)
-0.563361350119349794063843738	(27,10)
-0.676137755789881638565813981	(27,11)
-0.795467221084778975654326444	(27,12)
-0.920157917520654658439483865	(27,13)
-1.04895874948638012528157017	(27,14)
-1.180564238242397137426932141	(27,15)
-1.313619851930570594836301352	(27,16)
-1.446728720516228603717750662	(27,17)
-1.57846059194580604665224582	(27,18)
-1.707363658370383155290521437	(27,19)
-1.831979546325902042427461111	(27,20)
-1.950861379093492148453892162	(27,21)
-2.062594446858662351430178553	(27,22)
-2.16581871774102456235503678	(27,23)
-2.25925222929841499658996913	(27,24)
-2.34171433074457686481305383	(27,25)
-2.41214779194763377371244091	(27,26)
-2.46963892875895455214469025	(27,27)
-2.5134350776764720183738424	(27,28)
-2.5429589476470919824786495	(27,29)
-2.55781955119311334815023	(27,30)
-0.0016716241967384256645185095	(28,1)
-0.0150171678733156269402327172	(28,2)
-0.0415625619866688123014110551	(28,3)
-0.0810197458085893416116255556	(28,4)
-0.1329646549793332081882591492	(28,5)
-0.1968460719074336672013440404	(28,6)
-0.2719961961942104340511907179	(28,7)
-0.3576420292809336406834096555	(28,8)
-0.452916629521258775748292375	(28,9)
-0.556869376462476053917931844	(28,10)
-0.668474592370377491438559541	(28,11)
-0.786638191432196288200852062	(28,12)
-0.910202426120278989932173519	(28,13)
-1.037949218417564729588558727	(28,14)
-1.168602930891725869217730661	(28,15)
-1.300833679894247885308414365	(28,16)
-1.433262368250657791816733203	(28,17)
-1.564468495868340618999049976	(28,18)
-1.69300150915659199812821966	(28,19)
-1.817396024473083392180017816	(28,20)
-1.936190781291839527236722124	(28,21)
-2.047950728689449332784820652	(28,22)
-2.15129129441038721151216663	(28,23)
-2.24490367466477898555099863	(28,24)
-2.32757992876177692553833256	(28,25)
-2.39823674917345846439720446	(28,26)
-2.45593696565930706032645787	(28,27)
-2.49990808164907138556744	(28,28)
-2.5295573829622342801042533	(28,29)
-2.54448336422571129641088	(28,30)
-0.0016499638757973756879864495	(29,1)
-0.0148225861576439617471359951	(29,2)
-0.0410241264397394714055349885	(29,3)
-0.079970792017278139330175825	(29,4)
-0.1312455968667605162479511817	(29,5)
-0.1943078899181887091572110141	(29,6)
-0.2685046175810719602135005686	(29,7)
-0.353082257552251575197861091	(29,8)
-0.447198317392450366385885803	(29,9)
-0.549931393013652212602352617	(29,10)
-0.660289037756323761806019781	(29,11)
-0.777213086340062696634468902	(29,12)
-0.899582564724274103522777995	(29,13)
-1.026214825176515196329265748	(29,14)
-1.155865987986131644322803274	(29,15)
-1.287232061360314976550995801	(29,16)
-1.418952185327971160984246666	(29,17)
-1.549615279538258016234580638	(29,18)
-1.677770991904582871860564565	(29,19)
-1.801945312158982497170109049	(29,20)
-1.920660627133602652847791527	(29,21)
-2.032459454778688903582785814	(29,22)
-2.13593068675817934853131659	(29,23)
-2.22973694652515850557776167	(29,24)
-2.31264164184350441972709121	(29,25)
-2.38353443094934412177411318	(29,26)
-2.44145407669679693532846938	(29,27)
-2.4856079685686319909433832	(29,28)
-2.5153878872621649947369703	(29,29)
-2.53038182429408831713289	(29,30)
-0.0016269411292569932302750794	(30,1)
-0.0146157655140278239597529203	(30,2)
-0.0404518274703208266044004354	(30,3)
-0.078855888789128293292706848	(30,4)
-0.1294185401305750787676084616	(30,5)
-0.1916104756620339615771810843	(30,6)
-0.2647945164441158158941618976	(30,7)
-0.3482381448556741810907758512	(30,8)
-0.441125262255701707334523492	(30,9)
-0.54256600515215477577218888	(30,10)
-0.651603763351593882198226338	(30,11)
-0.767219018573634147855998786	(30,12)
-0.888330209046957234476215112	(30,13)
-1.013792436252825003031370717	(30,14)
-1.142395355878964631964215785	(30,15)
-1.272861930528144517549379159	(30,16)
-1.403849789911836321593968528	(30,17)
-1.533956718658245831164932382	(30,18)
-1.661731306112408793060195082	(30,19)
-1.785689134300338782207358942	(30,20)
-1.904334170714331195277322658	(30,21)
-2.016184397349875228946779708	(30,22)
-2.11980024788473055133398987	(30,23)
-2.21381419798521600053739639	(30,24)
-2.29695986475209617969744887	(30,25)
-2.36809917991766107081611687	(30,26)
-2.4262465370509579385234166	(30,27)
-2.4705891944429068096244357	(30,28)
-2.5005035684738053444945412	(30,29)
-2.51556732318968519660208	(30,30)
-0.0016026203336660634959048068	(31,1)
-0.0143972842889271599273360235	(31,2)
-0.0398472660237507073554798031	(31,3)
-0.0776781586290543306754225011	(31,4)
-0.1274886156454275059180916851	(31,5)
-0.1887614428310514780249323391	(31,6)
-0.2608764531880509731479370745	(31,7)
-0.3431236543128042760843210299	(31,8)
-0.434715279381140847998922116	(31,9)
-0.53479532010333663271305495	(31,10)
-0.642445587826247938037795761	(31,11)
-0.756687896541510466462623755	(31,12)
-0.87648266258599198805126787	(31,13)
-1.000724942158054136714648338	(31,14)
-1.128239546684449850041166604	(31,15)
-1.257777258960008457573406741	(31,16)
-1.388014228284503454756056145	(31,17)
-1.517556322791766600352701628	(31,18)
-1.644949609049838840011915112	(31,19)
-1.768697325854212160960149699	(31,20)
-1.887282872405517504459986964	(31,21)
-1.999197593528445922169613617	(31,22)
-2.102971634927863441666860528	(31,23)
-2.19720592068505165405470392	(31,24)
-2.28060337006506576115225787	(31,25)
-2.35199776368531963036070257	(31,26)
-2.41037909912474977353701731	(31,27)
-2.4549147429812765749569668	(31,28)
-2.4849661023803794040469452	(31,29)
-2.50010084283375379070637	(31,30)
-0.0015770769948461677006497064	(32,1)
-0.0141678208066132803533064349	(32,2)
-0.0392123196970150244365230655	(32,3)
-0.0764412629927743121247050188	(32,4)
-0.1254618375020215585651659965	(32,5)
-0.1857697090796594011026534777	(32,6)
-0.2567627817044023661118739864	(32,7)
-0.3377550905630252963390777564	(32,8)
-0.427989119013988724743764573	(32,9)
-0.52664500301195874748065362	(32,10)
-0.63284552162828453343204947	(32,11)
-0.745656444595412318471386072	(32,12)
-0.864082637669571584355941542	(32,13)
-0.987061182835248914582240328	(32,14)
-1.11345349180608793142490777	(32,15)
-1.242038822893059913944508174	(32,16)
-1.371511645308992143234644109	(32,17)
-1.500484903558337162532962989	(32,18)
-1.627500482424153300545467771	(32,19)
-1.751047203993574449279812239	(32,20)
-1.86958568916311476012053774	(32,21)
-1.981578570498945334268386902	(32,22)
-2.08552398785428481022184745	(32,23)
-2.17999009586286270012523972	(32,24)
-2.2636484479459776967578888	(32,25)
-2.33530451594365776508704935	(32,26)
-2.39392414293770054436766017	(32,27)
-2.438655288286494253502451	(32,28)
-2.4688449062643153616211906	(32,29)
-2.48405113526367398130832	(32,30)
-0.0015503979481739679191321939	(33,1)
-0.0139281551674280453662093499	(33,2)
-0.0385491476972163583653990682	(33,3)
-0.0751494118364413862054776351	(33,4)
-0.1233451182425667018881253118	(33,5)
-0.1826455173606327599819750015	(33,6)
-0.2524676760625613234088734575	(33,7)
-0.332151129327883587086535158	(33,8)
-0.420970494007255453973996305	(33,9)
-0.518144295038703651297945756	(33,10)
-0.622838764919316784329915793	(33,11)
-0.734166167334381046378988302	(33,12)
-0.851178170480166971034017432	(33,13)
-0.972855796756940743950690048	(33,14)
-1.098098309078965097610154878	(33,15)
-1.225713874855231266515885514	(33,16)
-1.354414851195071709609064096	(33,17)
-1.482820032879660797901131614	(33,18)
-1.609465284824855229186496999	(33,19)
-1.732822823741104134979954389	(33,20)
-1.85132824762834437918957854	(33,21)
-1.963413453940462551372124899	(33,22)
-2.067542992568212448505470445	(33,23)
-2.16225123076484239718628562	(33,24)
-2.24617793187168482287798204	(33,25)
-2.31810036355381620517574677	(33,26)
-2.37696071194737015442430548	(33,27)
-2.4218882421306709208375677	(33,28)
-2.4522161963105990245207015	(33,29)
-2.46749378587825823515272	(33,30)
-0.0015226814067417174692451791	(34,1)
-0.0136791696794293576756792799	(34,2)
-0.0378601920174143867666447127	(34,3)
-0.0738073657908118044549983737	(34,4)
-0.1211462719853903944414418492	(34,5)
-0.1794004393140232425939627267	(34,6)
-0.2480071323650765835615570831	(34,7)
-0.3263328142575925836564309448	(34,8)
-0.413686065940895381127128068	(34,9)
-0.509325980353885635059810612	(34,10)
-0.612464644210840787861325895	(34,11)
-0.722263242085994363592988007	(34,12)
-0.837822453798251690807734327	(34,13)
-0.958168977856703187622778863	(34,14)
-1.082240969009364095732002767	(34,15)
-1.208875707376150323111069411	(34,16)
-1.336802775581158171672008687	(34,17)
-1.464645386274794448159060084	(34,18)
-1.590931389468526968701086931	(34,19)
-1.714114121362334735675441425	(34,20)
-1.832601909064784672694955959	(34,21)
-1.944793973222872388399959097	(34,22)
-2.049119845747367286029850294	(34,23)
-2.14407930110212236897019639	(34,24)
-2.22828013362828338527718037	(34,25)
-2.30047176487179298163501046	(34,26)
-2.3595734609639225023240402	(34,27)
-2.4046967134006455092925479	(34,28)
-2.4351619569044506966964171	(34,29)
-2.45051018832955889784923	(34,30)
-0.0014940368333069538679089444	(35,1)
-0.0134218477070524593491647996	(35,2)
-0.0371481742316550441495141249	(35,3)
-0.0724204297980193982429154981	(35,4)
-0.1188740035473964966846384114	(35,5)
-0.1760473579525950671022156752	(35,6)
-0.2433989420587631241460100563	(35,7)
-0.3203235163838158823386419818	(35,8)
-0.406165384165074741876930324	(35,9)
-0.500226295779697834025483957	(35,10)
-0.601766481102145050479998267	(35,11)
-0.709998333091984258514699818	(35,12)
-0.824073581724726076673814835	(35,13)
-0.943066135984658422928242904	(35,14)
-1.065953857974894727632729191	(35,15)
-1.191603109539103891065007165	(35,16)
-1.318759813159581408844858102	(35,17)
-1.446049979325760588403714044	(35,18)
-1.5719913194315947359066065	(35,19)
-1.695015961683657590027527477	(35,20)
-1.813502745943434493539962141	(35,21)
-1.925816386301137907321638844	(35,22)
-2.030350146837468401415669296	(35,23)
-2.12556862682266167416614701	(35,24)
-2.21004771607443099741990954	(35,25)
-2.28250958854260682260579481	(35,26)
-2.34185154575189439748641224	(35,27)
-2.387168409440723968107238	(35,28)
-2.4177688515706209484897493	(35,29)
-2.43318646079654708675787	(35,30)
-0.0014645846271472020138457988	(36,1)
-0.013157270857008194510623419	(36,2)
-0.0364160876889994569576391866	(36,3)
-0.0709944377855745346885271161	(36,4)
-0.1165378828807206153394533845	(36,5)
-0.1726004286720930845446090522	(36,6)
-0.2386626354517114875786568685	(36,7)
-0.314148854719708660189617783	(36,8)
-0.398440776248630609989770956	(36,9)
-0.490884781749345182608506674	(36,10)
-0.590791392330817021407166975	(36,11)
-0.697426327612589902296525712	(36,12)
-0.809994208145757200398686792	(36,13)
-0.927617464791272305196584371	(36,14)
-1.049314245008217582408325217	(36,15)
-1.173979726210558867473157605	(36,16)
-1.300375074235613744994014757	(36,17)
-1.427127314387064294700571335	(36,18)
-1.55274180101618509360626176	(36,19)
-1.675627113207633799180908788	(36,20)
-1.794130456742729779463499406	(36,21)
-1.906580352921775622946763175	(36,22)
-2.011332747191320627475142259	(36,23)
-2.1068167119355516278142141	(36,24)
-2.1915765346573337442436287	(36,25)
-2.26430796364471783674231704	(36,26)
-2.32388748490165728092517653	(36,27)
-2.3693945095228854153941258	(36,28)
-2.4001271054883104302563238	(36,29)
-2.4156123334084385007971	(36,30)
-0.0014344556272379656602280115	(37,1)
-0.0128866145141907242369495588	(37,2)
-0.0356671851424861852276656719	(37,3)
-0.0695357284512932933454313177	(37,4)
-0.1141483049583045254305875039	(37,5)
-0.1690750188241850461083004529	(37,6)
-0.2338193958526687897425505302	(37,7)
-0.3078365787287356210658538408	(37,8)
-0.390547191054261854777353884	(37,9)
-0.481344076581798584788120666	(37,10)
-0.579590024275714747864507036	(37,11)
-0.684605998671784795524022088	(37,12)
-0.795651125735354513374947298	(37,13)
-0.911897426402564234321640331	(37,14)
-1.03240366453265212342282766	(37,15)
-1.156093335633695269572259804	(37,16)
-1.281741559353356883699442676	(37,17)
-1.407974460024084772918901177	(37,18)
-1.533282760762351100422449776	(37,19)
-1.65604917904729766838480434	(37,20)
-1.77458724884322379774694889	(37,21)
-1.887187787184309919767570152	(37,22)
-1.992168587906648461810948871	(37,23)
-2.0879230799161532350564837	(37,24)
-2.17296447880522440255162241	(37,25)
-2.24596313169516951859142748	(37,26)
-2.30577602381410805287193942	(37,27)
-2.3514685396910808246871314	(37,28)
-2.3823293883878479196416113	(37,29)
-2.39788003539170608325398	(37,30)
-0.0014037904398639530280748631	(38,1)
-0.0126111418004810744863806654	(38,2)
-0.0349049620153126897799947832	(38,3)
-0.0680511125569950832156090671	(38,4)
-0.1117164357744988124071899281	(38,5)
-0.1654876268749787930651133145	(38,6)
-0.2288919458300449877931806479	(38,7)
-0.3014164147961417021578717714	(38,8)
-0.382521997432919822365541471	(38,9)
-0.471649658214732508430332063	(38,10)
-0.568216227565559923616469675	(38,11)
-0.671599602020914094903925229	(38,12)
-0.781114775431002353497516219	(38,13)
-0.89598416558219782761957387	(38,14)
-1.015307230814873831440052332	(38,15)
-1.138035064375912920316684062	(38,16)
-1.262955280155930882902464229	(38,17)
-1.388691088255848677970082924	(38,18)
-1.513716293615536981315231969	(38,19)
-1.636385512995436466236774608	(38,20)
-1.754976719943188305722993088	(38,21)
-1.867741720317699916090715582	(38,22)
-1.972959557081258075032687639	(38,23)
-2.06898813485072754098680061	(38,24)
-2.15431034255443179137522388	(38,25)
-2.2275723289993340382003501	(38,26)
-2.2876130284681514152386791	(38,27)
-2.3334852759857887406695086	(38,28)
-2.3644697243746291212798056	(38,29)
-2.38008320825201144241632	(38,30)
-0.0013727386029649706544935783	(39,1)
-0.0123321960669860419188676398	(39,2)
-0.0341331356107068408494737643	(39,3)
-0.0665478323317313195313091904	(39,4)
-0.1092541454591872512142630208	(39,5)
-0.161855782662231789265987718	(39,6)
-0.223904407760655012415901058	(39,7)
-0.2949198797119318974837556147	(39,8)
-0.374404742618562497975262332	(39,9)
-0.461849538840711196348229723	(39,10)
-0.556726678946506921104610528	(39,11)
-0.658472416558488035029490936	(39,12)
-0.766458698073699374548795316	(39,13)
-0.879958867834350446834721195	(39,14)
-0.998112901539738904195182887	(39,15)
-1.119898560000644861366746702	(39,16)
-1.244114349621827604817272452	(39,17)
-1.369378495113221648545215121	(39,18)
-1.49414562955591082796917764	(39,19)
-1.616740149156992571947360888	(39,20)
-1.735402766860068017031796634	(39,21)
-1.848345202367046773936705102	(39,22)
-1.953807394551627641595322421	(39,23)
-2.05011207547953376086624636	(39,24)
-2.13571275056460664375558026	(39,25)
-2.20923272454269475183924603	(39,26)
-2.26949443336066800864192524	(39,27)
-2.3155396998290186002709291	(39,28)
-2.3466424520616192249188981	(39,29)
-2.36231586817723962796262	(39,30)
-0.0013414576020613883765622895	(40,1)
-0.0120511920530994501443268363	(40,2)
-0.033355620635156442757230788	(40,3)
-0.0650335137082670906021100432	(40,4)
-0.1067739297048298554600623229	(40,5)
-0.1581979305592514274000038369	(40,6)
-0.2188821412397001782832925624	(40,7)
-0.288380064689223217661258171	(40,8)
-0.366236875032036445572308507	(40,9)
-0.451993918619180964711064633	(40,10)
-0.545180458360741894012946822	(40,11)
-0.645292238264681258582899058	(40,12)
-0.751758940673805802111791833	(40,13)
-0.863905076523486588635041288	(40,14)
-0.980910708269676171585921581	(40,15)
-1.101779141799638708062674724	(40,16)
-1.225318064272759581821154604	(40,17)
-1.35013862886866553182303065	(40,18)
-1.474674124179569417637584278	(40,19)
-1.597216771095726414743954216	(40,20)
-1.7159685475040986871707745	(40,21)
-1.829100267913753128631284599	(40,22)
-1.934812668255579344866161667	(40,23)
-2.03139388516855908929357506	(40,24)
-2.11726916148074450545389915	(40,25)
-2.1910404344676239460375139	(40,26)
-2.25151526395982933413183937	(40,27)
-2.297726025428040355673691	(40,28)
-2.3289412545788307439218553	(40,29)
-2.34467143709708615448411	(40,30)
-0.0013101117541050278292152	(41,1)
-0.0117696058592538619767116964	(41,2)
-0.0325765014419240098010263257	(41,3)
-0.0635161121888417098266215763	(41,4)
-0.104288820823242115993159625	(41,5)
-0.1545332975238029119127840347	(41,6)
-0.213851560150571170865656605	(41,7)
-0.281831393723368460045435152	(41,8)
-0.358061436527454150237878312	(41,9)
-0.442134804980478195499529766	(41,10)
-0.533638589510404937697880152	(41,11)
-0.632128837949703370613166195	(41,12)
-0.737093429841663602147916938	(41,13)
-0.847907983901049026849377788	(41,14)
-0.963791970988444446763809572	(41,15)
-1.083772948869978470134085907	(41,16)
-1.206665999311160559141891713	(41,17)
-1.331073148009489166569878711	(41,18)
-1.455404295777184281690951252	(41,19)
-1.577917742883820156904875905	(41,20)
-1.696775517724146399716016126	(41,21)
-1.810106986475277842195514493	(41,22)
-1.916073841643470163260702585	(41,23)
-2.01293041603231785012084738	(41,24)
-2.09907496582532176117219268	(41,25)
-2.17308962952169759594843126	(41,26)
-2.23376874951831315999094398	(41,27)
-2.2801368147251871376282361	(41,28)
-2.3114582748268625769420542	(41,29)
-2.32724185770445425953226	(41,30)
-0.0012788709764644782481451123	(42,1)
-0.0114889638879813422535793561	(42,2)
-0.0318000014231557526953432673	(42,3)
-0.0620038531774804186802491168	(42,4)
-0.101812289814978683822647726	(42,5)
-0.1508817481035032867926754467	(42,6)
-0.2088399323110276191000575507	(42,7)
-0.275309360230511098862995	(42,8)
-0.349922729243061174613800416	(42,9)
-0.432325604128277480224959096	(42,10)
-0.522163552182095748151402806	(42,11)
-0.619053392957064627449102024	(42,12)
-0.722541324516410370726607458	(42,13)
-0.832053710173981125056635607	(42,14)
-0.946848512717843817917925354	(42,15)
-1.065976103055867376899806282	(42,16)
-1.18825713525741808139467604	(42,17)
-1.312282527985403572221388366	(42,18)
-1.436436927783870519386034096	(42,19)
-1.558943220215804007924218304	(42,20)
-1.677922560062148945356690234	(42,21)
-1.791462613276495310299118377	(42,22)
-1.897686446468931855440081414	(42,23)
-1.99481558033304546546152609	(42,24)
-2.08122269060705981536898786	(42,25)
-2.15547174703147618606189865	(42,26)
-2.21634553744718267408330143	(42,27)
-2.2628621909482605028375695	(42,28)
-2.2942833269996385802780899	(42,29)
-2.31011680347201023662142	(42,30)
-0.0012479094587348029913404641	(43,1)
-0.0112108309122179767558387397	(43,2)
-0.0310304499907529321030600113	(43,3)
-0.060505167638704935438405123	(43,4)
-0.0993581408691940061767316334	(43,5)
-0.147263628515262694229777788	(43,6)
-0.2038751646627259511321484903	(43,7)
-0.268850245943868114719694897	(43,8)
-0.341865962220594249200805198	(43,9)
-0.42262069126940829377061648	(43,10)
-0.510818774390913511498813858	(43,11)
-0.606137902530422909028580111	(43,12)
-0.708182359385678547773032692	(43,13)
-0.816428583600393502628970948	(43,14)
-0.930171888540467617931810301	(43,15)
-1.048483902035162429334455953	(43,16)
-1.170189031787723653145651315	(43,17)
-1.293865232264500862175759255	(43,18)
-1.41787025140303169136749886	(43,19)
-1.540390355203190157975587616	(43,20)
-1.659505216567660451049542812	(43,21)
-1.773260851007998979609457065	(43,22)
-1.879742370162628792018447144	(43,23)
-1.9771396572190047378924975	(43,24)
-2.06380131791484397887401473	(43,25)
-2.13827481422246494851367165	(43,26)
-2.19933301590670178262205906	(43,27)
-2.2459891574354746529070536	(43,28)
-2.2775032111399415814659776	(43,29)
-2.29338299049794003564887	(43,30)
-0.0012174042553121150686060436	(44,1)
-0.0109367974320318868394877786	(44,2)
-0.0302722475922848740224560491	(44,3)
-0.0590286239537609837761126583	(44,4)
-0.0969403997279301926388759378	(44,5)
-0.1436996019333709531003466222	(44,6)
-0.1989855769790662640401129508	(44,7)
-0.262490826025579322141254749	(44,8)
-0.333936882875904611104040952	(44,9)
-0.413074965909801510516695543	(44,10)
-0.499668112038349827200813075	(44,11)
-0.593454595931872936049171382	(44,12)
-0.694096189418817294587965151	(44,13)
-0.801118433183303015587692774	(44,14)
-0.913852641418819059243078124	(44,15)
-1.031390055301592260086357139	(44,16)
-1.152557061340000785763462297	(44,17)
-1.275916959524247105599668864	(44,18)
-1.399799219003997037505367732	(44,19)
-1.522352603885647753448743316	(44,20)
-1.641615033005652498515391439	(44,21)
-1.75559122827162665466363901	(44,22)
-1.862329262103653864925557003	(44,23)
-1.95998871809297376402256225	(44,24)
-2.04689572016399359965056181	(44,25)
-2.1215828852918754291978276	(44,26)
-2.18281474703125358960743414	(44,27)
-2.2296010243125663817123146	(44,28)
-2.2612011334942714370656917	(44,29)
-2.27712359406837361060316	(44,30)
-0.0011875338167766740377892161	(45,1)
-0.0106684664818751425100987827	(45,2)
-0.0295298292106551798522662028	(45,3)
-0.0575828568494957572501398304	(45,4)
-0.0945731973526393683482517221	(45,5)
-0.1402104771189165541489068856	(45,6)
-0.1941996670462614289815248618	(45,7)
-0.256268064291095560982851739	(45,8)
-0.326181398265610727563319575	(45,9)
-0.403743398287602980753940391	(45,10)
-0.488775323311665732067673378	(45,11)
-0.58107534165074639379797262	(45,12)
-0.680361744815238694711974128	(45,13)
-0.786207903954013360011179748	(45,14)
-0.897979595095432202609505264	(45,15)
-1.014785973126007343759149719	(45,16)
-1.135453711833806036392986321	(45,17)
-1.258529975084110272390485373	(45,18)
-1.382314874773253350423580925	(45,19)
-1.504919141102004990006908136	(45,20)
-1.624339017262924737478554034	(45,21)
-1.738538595877110815928103508	(45,22)
-1.845530058657866083297433841	(45,23)
-1.94344416961121038574566964	(45,24)
-2.03058621055239094060020297	(45,25)
-2.10547559070784964918177047	(45,26)
-2.16687000942385858421489156	(45,27)
-2.2137769419329629457894675	(45,28)
-2.2454562318422844157135857	(45,29)
-2.2614177692696348223313	(45,30)
-0.0011584764781239435173062928	(46,1)
-0.0104074400504153809785583234	(46,2)
-0.0288076267959833694819039154	(46,3)
-0.0561764942737434407264925968	(46,4)
-0.0922706503256924298172881139	(46,5)
-0.1368170325074945371693278412	(46,6)
-0.1895458702320163311425683165	(46,7)
-0.250218802352892340690177618	(46,8)
-0.318645190915726017707792284	(46,9)
-0.394680572692042661621320547	(46,10)
-0.478203544515910634473266404	(46,11)
-0.569071065210061218338542938	(46,12)
-0.667056604458254980439953889	(46,13)
-0.771779803172271284248803751	(46,14)
-0.882639192191257760021591704	(46,15)
-0.998760115896954124006057761	(46,16)
-1.118967964683430112822104659	(46,17)
-1.241792531112741078775605266	(46,18)
-1.365503825229995167859769144	(46,19)
-1.488174383329757766786238296	(46,20)
-1.607759210686035123395955938	(46,21)
-1.722182738150320171035551623	(46,22)
-1.829422622991408794808892603	(46,23)
-1.92758240963015588282394401	(46,24)
-2.01494820378080154721847519	(46,25)
-2.09002779386298640960423134	(46,26)
-2.15157344533207712756740743	(46,27)
-2.1985915368525778198439333	(46,28)
-2.2303432018875205702580844	(46,29)
-2.24634027191820931926078	(46,30)
-0.0011304089217857830065636463	(47,1)
-0.0101553052741220828198383166	(47,2)
-0.0281100310755945470564731597	(47,3)
-0.0548180830852425073829878614	(47,4)
-0.0900467394069545712866892358	(47,5)
-0.1335398378448017562979800751	(47,6)
-0.1850523162988976457239857703	(47,7)
-0.24437944637683840070607597	(47,8)
-0.311373333768436392539926217	(47,9)
-0.385940233055123685813376048	(47,10)
-0.468014773447470035760547996	(47,11)
-0.557511182197954666110423419	(47,12)
-0.654256394712838058653072657	(47,13)
-0.757914484086944799501187895	(47,14)
-0.86791488347436780523585269	(47,15)
-0.983397408643135388234683156	(47,16)
-1.103184751286311016791099231	(47,17)
-1.2257883768384999959724788	(47,18)
-1.349447808723982914148899402	(47,19)
-1.472197616545869711729611524	(47,20)
-1.591952367577112288751973586	(47,21)
-1.706598093039949514730831336	(47,22)
-1.81407949247331063479654419	(47,23)
-1.91247458841257618532779622	(47,24)
-2.00005197925535386698871451	(47,25)
-2.07530934750611051625875995	(47,26)
-2.13699480530409931588107633	(47,27)
-2.1841146435520171363963816	(47,28)
-2.2159320182647192027870979	(47,29)
-2.23196117355553274035421	(47,30)
-0.0011035046331939167995093602	(48,1)
-0.0099136205640681695415726214	(48,2)
-0.0274413531831320980402088143	(48,3)
-0.0535160144157675851337678119	(48,4)
-0.0879151876454154887637560125	(48,5)
-0.1303990754213227754709558981	(48,6)
-0.1807465862468739374137964462	(48,7)
-0.238785655011130112281554889	(48,8)
-0.304409908568998148010548107	(48,9)
-0.37757483581426153379020889	(48,10)
-0.458269365809169347121551715	(48,11)
-0.546463052253109438450352225	(48,12)
-0.642034219154931343349219236	(48,13)
-0.744689272254410481892821501	(48,14)
-0.853886572217660690072599753	(48,15)
-0.968778723109390908664442302	(48,16)
-1.08818448843044718311610844	(48,17)
-1.210596357048623915452765614	(48,18)
-1.334223360003870122859930983	(48,19)
-1.457062723160767438802871291	(48,20)
-1.576989735195318228077553864	(48,21)
-1.691853572112085891598116397	(48,22)
-1.799567723985255796573277033	(48,23)
-1.89818646509718664534911874	(48,24)
-1.98596253683398471392614603	(48,25)
-2.06138494032488756048044922	(48,26)
-2.12319878113282273817851834	(48,27)
-2.1704111231544724409170326	(48,28)
-2.2022877417612888134057229	(48,29)
-2.21834566229667406026244	(48,30)
-0.0010779323663486250681219593	(49,1)
-0.00968390182280261560231227	(49,2)
-0.0268057865404692952227269024	(49,3)
-0.0522784495470420196180389018	(49,4)
-0.0858893394180202432401788677	(49,5)
-0.1274143629077042684665391863	(49,6)
-0.1766554718820808570360370284	(49,7)
-0.233472031896308336496273962	(49,8)
-0.297797631760943051282562282	(49,9)
-0.369635114637208309320359087	(49,10)
-0.449025549547911511698080562	(49,11)
-0.535991458841730352696068066	(49,12)
-0.630460123606293202517634518	(49,13)
-0.732177937849231196972914175	(49,14)
-0.840630115659746047049554644	(49,15)
-0.954980427557507409317584597	(49,16)
-1.074042690650430273560224792	(49,17)
-1.196290094641040018871448514	(49,18)
-1.319901563428892580131378165	(49,19)
-1.442837999668719916580617794	(49,20)
-1.562936924381407039898486555	(49,21)
-1.67801246950461478974816909	(49,22)
-1.785948825649242884873053086	(49,23)
-1.88477834780639787802657657	(49,24)
-1.97273953367822478400345982	(49,25)
-2.04831402262811265076093133	(49,26)
-2.11024491650419578323204802	(49,27)
-2.1575407589987286508842682	(49,28)
-2.1894704029514691386150042	(49,29)
-2.20555391991392304283641	(49,30)
-0.001053854636458651477921907	(50,1)
-0.0094676089045772396053481402	(50,2)
-0.0262073694160870889225549654	(50,3)
-0.0511132471247298430848359256	(50,4)
-0.0839820417317532327105309791	(50,5)
-0.1246045797311693446910573331	(50,6)
-0.1728047407067210447897497817	(50,7)
-0.228471825996980203681475398	(50,8)
-0.29157749168853105749082811	(50,9)
-0.362169661184355116325655841	(50,10)
-0.440338961381136309831913045	(50,11)
-0.52615811880136482959133822	(50,12)
-0.619600599703308504815343423	(50,13)
-0.72045021596221434894826658	(50,14)
-0.828216883872754684362917847	(50,15)
-0.942074002540723727105562032	(50,16)
-1.060829655516074119369234494	(50,17)
-1.182937750928890741130359591	(50,18)
-1.306547886417276951739887901	(50,19)
-1.429586054845239795603228253	(50,20)
-1.549853859326843137638749593	(50,21)
-1.665132447545841077215465365	(50,22)
-1.773278762322450541435437018	(50,23)
-1.8723051047656057553457783	(50,24)
-1.96043728987421449876898589	(50,25)
-2.03615079922873840438641976	(50,26)
-2.09818758392625077880380404	(50,27)
-2.1455582180703450479576657	(50,28)
-2.1775349515622327568525484	(50,29)
-2.19364106464132263453035	(50,30)
-0.0010314262562054785689669891	(51,1)
-0.009266132467597882202856441	(51,2)
-0.0256499485707102537482453328	(51,3)
-0.0500278925060327093241352123	(51,4)
-0.0822055290802085915919763156	(51,5)
-0.1219876988600321229083606446	(51,6)
-0.1692189086082483700341477533	(51,7)
-0.223816642812866067629414338	(51,8)
-0.285788400624509399224179762	(51,9)
-0.355224525665515827529532951	(51,10)
-0.43226220918110196258311213	(51,11)
-0.517021224813254385432293102	(51,12)
-0.609518129176833349692605893	(51,13)
-0.709571375595974408922071154	(51,14)
-0.816713374858292170628294712	(51,15)
-0.930125719288082731560367854	(51,16)
-1.048610216184940745133455666	(51,17)
-1.170601855803284613137631681	(51,18)
-1.294222083276533531344997998	(51,19)
-1.417363777083080764696130121	(51,20)
-1.537794794006975732291994972	(51,21)
-1.653265585968901372452056092	(51,22)
-1.761608021627754945220998059	(51,23)
-1.86081623336357680140002121	(51,24)
-1.94910485012056393904020083	(51,25)
-2.0249442772877274620013131	(51,26)
-2.08707601616227583399576424	(51,27)
-2.1345130669102367065545926	(51,28)
-2.1665312604740840963293924	(51,29)
-2.18265714875060929680543	(51,30)
-0.0010107929315501328295846629	(52,1)
-0.0090807813612608403874869608	(52,2)
-0.0251371443851018802403760179	(52,3)
-0.0490294300058716446556775889	(52,4)
-0.0805713130919971361176331211	(52,5)
-0.1195806257778078973339120699	(52,6)
-0.1659210226948943074032133678	(52,7)
-0.219536169330172569477800729	(52,8)
-0.280466864852413056142979449	(52,9)
-0.348842840535629593531070766	(52,10)
-0.424844463317632988816673184	(52,11)
-0.50863502321649170249022275	(52,12)
-0.600270770084011487156871331	(52,13)
-0.699601836961412732009528651	(52,14)
-0.806180883461134503567312143	(52,15)
-0.919196376049487841533179369	(52,16)
-1.037443554297757359205206299	(52,17)
-1.159339198727367108908630936	(52,18)
-1.282978158619233957977398761	(52,19)
-1.406222358750119184511930755	(52,20)
-1.526808382330878282061827221	(52,21)
-1.642458481403990888780343655	(52,22)
-1.750981727208469387925481754	(52,23)
-1.85035597411412428144119399	(52,24)
-1.93878608886342471686497571	(52,25)
-2.01473835696580139535701447	(52,26)
-2.07695438045133242716499793	(52,27)
-2.1244498306391419983814797	(52,28)
-2.1565041732418662557878376	(52,29)
-2.17264719990909294125542	(52,30)
-0.0009920899322398774649150633	(53,1)
-0.0089127706844969533783410236	(53,2)
-0.0246723178459199996118473814	(53,3)
-0.0481243987691689572807666489	(53,4)
-0.0790900781452389983454983292	(53,5)
-0.117399046330582562947451489	(53,6)
-0.1629324564796936318719014949	(53,7)
-0.215657915365686813219785254	(53,8)
-0.275646675739423328276348469	(53,9)
-0.343064470272830240280350551	(53,10)
-0.418131079530389490424778483	(53,11)
-0.501049428907418918155080291	(53,12)
-0.59191178542805305596386352	(53,13)
-0.690596835766246086752924246	(53,14)
-0.796675220722372000495603701	(53,15)
-0.909341086799519329588204511	(53,16)
-1.027383065436713843092210538	(53,17)
-1.149200770841913890220041397	(53,18)
-1.272864379093204967659533221	(53,19)
-1.396207365218603496655238789	(53,20)
-1.516937789058380043240503721	(53,21)
-1.632752384023842444350533169	(53,22)
-1.741439786231204091427477274	(53,23)
-1.84096345689726868431606397	(53,24)
-1.92951984670560564651376433	(53,25)
-2.00557195316359979045239674	(53,26)
-2.06786188419484950585860825	(53,27)
-2.1154080840860867179135881	(53,28)
-2.1474935843309645550814989	(53,29)
-2.16365129561791557304297	(53,30)
-0.0009754408512847037486859412	(54,1)
-0.0087632106433708427513559723	(54,2)
-0.0242585397434227794005213706	(54,3)
-0.047318772953347754195925775	(54,4)
-0.0777715840501180676600548959	(54,5)
-0.1154572850214626172550546086	(54,6)
-0.1602727194572179129496511691	(54,7)
-0.212206973737126893209467332	(54,8)
-0.271358624441495130440721905	(54,9)
-0.337925689798485210087321955	(54,10)
-0.412163255418811348909761496	(54,11)
-0.494309678486439561617867206	(54,12)
-0.584489313938907951799798322	(54,13)
-0.682606132477746140087343527	(54,14)
-0.788246479593073282064795523	(54,15)
-0.90060911607196608490784935	(54,16)
-1.01847626888224248849391854	(54,17)
-1.140231748175358196057703629	(54,18)
-1.263923322097615086343623071	(54,19)
-1.387358836391966339271839754	(54,20)
-1.508220828922369796172840465	(54,21)
-1.624183358771880589656486674	(54,22)
-1.733017058825710066490475182	(54,23)
-1.83267286757813325618836951	(54,24)
-1.92134008664410821519379316	(54,25)
-1.99747913733194387419442517	(54,26)
-2.05983290144474148459350801	(54,27)
-2.107422564617993255987299	(54,28)
-2.139534541834562410553563	(54,29)
-2.15570466057789540088686	(54,30)
-0.0009609564666614479942299599	(55,1)
-0.008633096326989641528807043	(55,2)
-0.0238985624096226298662064162	(55,3)
-0.0466179068559510100796657967	(55,4)
-0.0766245768202695055867403865	(55,5)
-0.113768175204564109881765316	(55,6)
-0.1579592829471909317299580249	(55,7)
-0.209205801465932721685479366	(55,8)
-0.267630242590010799788161208	(55,9)
-0.333458893736506046857894789	(55,10)
-0.406977722207470285918159078	(55,11)
-0.488456022328197346710721842	(55,12)
-0.578046082272124214163297627	(55,13)
-0.675673764038224562935112725	(55,14)
-0.780938842491467462533018651	(55,15)
-0.893043753382887826730478559	(55,16)
-1.010764753266664961909257792	(55,17)
-1.132471506028028093334416298	(55,18)
-1.256191950461176817336201477	(55,19)
-1.379711409076127201842135543	(55,20)
-1.500690122096926968958342577	(55,21)
-1.616782459437807131489083163	(55,22)
-1.725743538064870977222170287	(55,23)
-1.82551362404518405592182265	(55,24)
-1.91427605962346367614544154	(55,25)
-1.99048928923093622585761889	(55,26)
-2.05289711037808690317009261	(55,27)
-2.1005232970706118287426687	(55,28)
-2.1326573632044291261451624	(55,29)
-2.14883777757736262891172	(55,30)
-0.000948733717371332129117991	(56,1)
-0.0085232985106063186070439346	(56,2)
-0.0235947942973528202757136951	(56,3)
-0.04602648556748709974314229	(56,4)
-0.0756567084640543184455248803	(56,5)
-0.1123429424988113950405480219	(56,6)
-0.1560074238981546283780433236	(56,7)
-0.206674023984548133213026299	(56,8)
-0.264485571021072728676134326	(56,9)
-0.329692338371658693355924488	(56,10)
-0.402606473070145881567511887	(56,11)
-0.483523455862780075658921172	(56,12)
-0.57261915751547599108863361	(56,13)
-0.6698378352092760235050685	(56,14)
-0.774790425999391639527812773	(56,15)
-0.886682220676068221758380029	(56,16)
-1.004284149899556273676399024	(56,17)
-1.125953654995848268116458706	(56,18)
-1.249701702669220344659028918	(56,19)
-1.373294449342134381936633654	(56,20)
-1.494373255099148783357855448	(56,21)
-1.610575904889938432777670385	(56,22)
-1.719644530180171878254383778	(56,23)
-1.81951055180706144224267	(56,24)
-1.90835246996499347530100813	(56,25)
-1.98462724954714292227473866	(56,26)
-2.0470796329263632552839291	(56,27)
-2.0947357221206189586388193	(56,28)
-2.1268877554351319413774694	(56,29)
-2.14307650338672023702423	(56,30)
-0.0009388548047319016630343194	(57,1)
-0.0084345555836216648428602795	(57,2)
-0.0233492776698009276238890979	(57,3)
-0.045548481669583069151521417	(57,4)
-0.0748744666291237440845396143	(57,5)
-0.1111911025996734624304919987	(57,6)
-0.1544300881535925859185586945	(57,7)
-0.204628264080912792752576112	(57,8)
-0.261944958326577763060980851	(57,9)
-0.326649917855613236326873234	(57,10)
-0.399076528978713151927442712	(57,11)
-0.479541490064585513982784155	(57,12)
-0.568239738668993431387384964	(57,13)
-0.665130346609572719613449263	(57,14)
-0.769833158039776031533671558	(57,15)
-0.881555606463990100262799281	(57,16)
-0.99906412599272006687245944	(57,17)
-1.120706089766120467001219054	(57,18)
-1.244478589088063381150938658	(57,19)
-1.368132185046100370949214163	(57,20)
-1.489292937342201416755337268	(57,21)
-1.605585247965011740977839338	(57,22)
-1.714740825917583644604645611	(57,23)
-1.81468405048173575433752352	(57,24)
-1.90358963239035229790954561	(57,25)
-1.97991346539067999262116311	(57,26)
-2.04240116879429524464924431	(57,27)
-2.0900808204672040853664172	(57,28)
-2.1222469321425577283142602	(57,29)
-2.13844218213127116465674	(57,30)
-0.0009313864284360604778832416	(58,1)
-0.0083674666880800685585247884	(58,2)
-0.0231636696366131587922614563	(58,3)
-0.0451871184337174978098615743	(58,4)
-0.0742831148288069319637350503	(58,5)
-0.110320374515876026290229977	(58,6)
-0.153237774483669629309895138	(58,7)
-0.203081997069745635309570628	(58,8)
-0.260024890731641999879005183	(58,9)
-0.324350975925557230757100755	(58,10)
-0.396409742781755795618956102	(58,11)
-0.476533960947719907033616873	(58,12)
-0.564932985675353221371039348	(58,13)
-0.661577056576487109350688262	(58,14)
-0.766092683134085731775650976	(58,15)
-0.877688820809466108107049133	(58,16)
-0.995128390703622840644362371	(58,17)
-1.116751042711588468817680294	(58,18)
-1.240543285697329524415356778	(58,19)
-1.364243829857650047947173116	(58,20)
-1.485467144816052558918319264	(58,21)
-1.601827528803153122543583035	(58,22)
-1.71104885521752260176696188	(58,23)
-1.8110502437579428858557792	(58,24)
-1.90000361355923519153144861	(58,25)
-1.97636412184866217719432866	(58,26)
-2.03887811721597696703376916	(58,27)
-2.0865752262709659449895505	(58,28)
-2.1187517210347559296287308	(58,29)
-2.13495174965979897924575	(58,30)
-0.0009263791654704385866677748	(59,1)
-0.008322486140318446556418322	(59,2)
-0.0230392267369603477180383955	(59,3)
-0.0449448399067429579805242434	(59,4)
-0.0738866438675999401281921513	(59,5)
-0.1097366100992102705654429014	(59,6)
-0.1524384404792966578924954455	(59,7)
-0.202045433434429338026797412	(59,8)
-0.258737854536308331144641671	(59,9)
-0.322810154142487250723014544	(59,10)
-0.394622642009352335945918808	(59,11)
-0.474518877755159361788458128	(59,12)
-0.562717884611911322997379216	(59,13)
-0.659197374205381508237614339	(59,14)
-0.7635882917812471542223028	(59,15)
-0.875100565965162379581931146	(59,16)
-0.992494707806346847988991145	(59,17)
-1.114105135385882641486880939	(59,18)
-1.237911218058641821648703521	(59,19)
-1.361643691454674402862445913	(59,20)
-1.48290924371769018479038949	(59,21)
-1.599315405758548699329127634	(59,22)
-1.708580818714187035557750384	(59,23)
-1.8086211066738387606474539	(59,24)
-1.8976063522554366742768088	(59,25)
-1.97399125393925327202750936	(59,26)
-2.03652268092593548615788497	(59,27)
-2.0842313244005362016285031	(59,28)
-2.1164146563583699977690126	(59,29)
-2.13261782350336132668403	(59,30)
-0.0009238669984655720289820743	(60,1)
-0.008299919194780816566745201	(60,2)
-0.0229767932322978402806233136	(60,3)
-0.0448232881966965000002519048	(60,4)
-0.0736877349663199385540037312	(60,5)
-0.1094437405700164784216305136	(60,6)
-0.1520374311928542752634160147	(60,7)
-0.201525429935822974876195702	(60,8)
-0.258092232100650356947214972	(60,9)
-0.322037277422641622295918729	(60,10)
-0.393726310739337185894324848	(60,11)
-0.473508309493482078011597541	(60,12)
-0.56160714779742269837430022	(60,13)
-0.658004281280157512333623983	(60,14)
-0.762332870599457717266143924	(60,15)
-0.873803318326790865721295784	(60,16)
-0.991174909851075090397423782	(60,17)
-1.112779422244384461426715721	(60,18)
-1.236592629583700557207244131	(60,19)
-1.360341257933728117259785863	(60,20)
-1.481628088251712853276569368	(60,21)
-1.598057258386505225712957639	(60,22)
-1.707344790869386840066581595	(60,23)
-1.80740456531983765722264668	(60,24)
-1.89640575356281529994316947	(60,25)
-1.97280283447273945852864294	(60,26)
-2.03534294795166262426065766	(60,27)
-2.0830573271442170625172681	(60,28)
-2.1152440519980853351929033	(60,29)
-2.13144877410725685415834	(60,30)