mdd22_(sigma,mu)
-32.12613255335437	(1,1)
-32.12613412215888	(1,2)
-32.12614470117894	(1,3)
-32.1261787658516	(1,4)
-32.12625702987253	(1,5)
-32.12640529812477	(1,6)
-32.12665302166522	(1,7)
-32.12703162186297	(1,8)
-32.12757266136536	(1,9)
-32.12830594657406	(1,10)
-32.12925764951458	(1,11)
-32.13044853633186	(1,12)
-32.13189238526491	(1,13)
-32.13359466911312	(1,14)
-32.13555156628557	(1,15)
-32.13774935099241	(1,16)
-32.14016419752591	(1,17)
-32.14276241646799	(1,18)
-32.14550112266687	(1,19)
-32.14832931659555	(1,20)
-32.15118934291081	(1,21)
-32.15401867336632	(1,22)
-32.15675194639175	(1,23)
-32.15932318331264	(1,24)
-32.16166809198324	(1,25)
-32.16372636308064	(1,26)
-32.16544386287481	(1,27)
-32.16677462918342	(1,28)
-32.16768258446736	(1,29)
-32.16814289141142	(1,30)
-31.710412377048136373	(2,1)
-31.710413805421331635	(2,2)
-31.710423437459100479	(2,3)
-31.710454452795337912	(2,4)
-31.710525710735742769	(2,5)
-31.71066070550114777	(2,6)
-31.710886249841242681	(2,7)
-31.711230948028036533	(2,8)
-31.711723528971465523	(2,9)
-31.712391116711240748	(2,10)
-31.713257518591400253	(2,11)
-31.714341610943382936	(2,12)
-31.715655898171047535	(2,13)
-31.717205313966542654	(2,14)
-31.71898632332646688	(2,15)
-31.720986371516128777	(2,16)
-31.723183711653690862	(2,17)
-31.725547626720395888	(2,18)
-31.728039045154894227	(2,19)
-31.730611532395165953	(2,20)
-31.733212624443731775	(2,21)
-31.735785454406526728	(2,22)
-31.738270609633682362	(2,23)
-31.7406081461746886	(2,24)
-31.742739679289178768	(2,25)
-31.744610464169984222	(2,26)
-31.746171380150684931	(2,27)
-31.747380734640371547	(2,28)
-31.748205809825479997	(2,29)
-31.7486240855769444	(2,30)
-30.9079082043701874993	(3,1)
-30.9079093646014341474	(3,2)
-30.9079171884550703232	(3,3)
-30.907942381336270732	(3,4)
-30.9080002617467854481	(3,5)
-30.9081099118890910245	(3,6)
-30.9082931068828510507	(3,7)
-30.9085730719841180705	(3,8)
-30.9089731253114180918	(3,9)
-30.9095152691491552645	(3,10)
-30.9102187956677707989	(3,11)
-30.9110989727444725765	(3,12)
-30.9121658724891230211	(3,13)
-30.913423399206502902	(3,14)
-30.9148685651111171509	(3,15)
-30.9164910515185269212	(3,16)
-30.9182730809286581558	(3,17)
-30.9201896119284970835	(3,18)
-30.9222088547633759177	(3,19)
-30.9242930913735593375	(3,20)
-30.9263997702813371157	(3,21)
-30.9284828345308648203	(3,22)
-30.9304942304625944218	(3,23)
-30.9323855369034568935	(3,24)
-30.9341096487334824553	(3,25)
-30.9356224459976207071	(3,26)
-30.9368843798938398881	(3,27)
-30.9378619100829006429	(3,28)
-30.938528733701461955	(3,29)
-30.9388667549659734156	(3,30)
-29.77215833881388399336	(4,1)
-29.77215912617589658122	(4,2)
-29.77216443562906270969	(4,3)
-29.77218153199833204722	(4,4)
-29.77222081005930465249	(4,5)
-29.77229521680021175769	(4,6)
-29.77241952215667147613	(4,7)
-29.77260947145193869727	(4,8)
-29.77288085863858797767	(4,9)
-29.7732485636909908908	(4,10)
-29.77372559987468109127	(4,11)
-29.77432221691636854512	(4,12)
-29.77504510420586068551	(4,13)
-29.77589673408223525668	(4,14)
-29.77687487912588347	(4,15)
-29.77797232946545913634	(4,16)
-29.77917682681039484764	(4,17)
-29.78047122173424686862	(4,18)
-29.78183385022738968489	(4,19)
-29.78323911529770098819	(4,20)
-29.78465824998780109842	(4,21)
-29.78606023008958484171	(4,22)
-29.7874127984561404395	(4,23)
-29.78868355839081137512	(4,24)
-29.78984109124546967327	(4,25)
-29.79085605306322501105	(4,26)
-29.79170220671895143679	(4,27)
-29.7923573493238701192	(4,28)
-29.7928040993970149777	(4,29)
-29.79303051417762729848	(4,30)
-28.373638679214036680893	(5,1)
-28.373639018101000460736	(5,2)
-28.373641303314513792845	(5,3)
-28.373648661459237488214	(5,4)
-28.373665565202497766308	(5,5)
-28.373697582260198408515	(5,6)
-28.373751056864548051327	(5,7)
-28.373832737508803378057	(5,8)
-28.373949367925564630973	(5,9)
-28.374107260936054433342	(5,10)
-28.374311876719502154494	(5,11)
-28.374567427899859555122	(5,12)
-28.374876533383952147085	(5,13)
-28.375239940962173991615	(5,14)
-28.37565633529242012001	(5,15)
-28.376122243186981780954	(5,16)
-28.376632042430552965248	(5,17)
-28.377178074130748049719	(5,18)
-28.377750852380563790112	(5,19)
-28.378339359352312463442	(5,20)
-28.378931409346167677765	(5,21)
-28.379514062161847008025	(5,22)
-28.380074064653580199236	(5,23)
-28.380598299471887101006	(5,24)
-28.381074221601939238662	(5,25)
-28.38149026602793443423	(5,26)
-28.381836213233447796139	(5,27)
-28.382103502805377515921	(5,28)
-28.382285488703267339201	(5,29)
-28.382377632453905038507	(5,30)
-26.7904478332968783470956	(6,1)
-26.7904476788348145520715	(6,2)
-26.7904466372058535915271	(6,3)
-26.7904432827237139109854	(6,4)
-26.7904355733624618706826	(6,5)
-26.7904209591145622931176	(6,6)
-26.7903965152032316299165	(6,7)
-26.790359092552781779799	(6,8)
-26.7903054781218999715314	(6,9)
-26.7902325586719998575379	(6,10)
-26.7901374829596649182941	(6,11)
-26.7900178188090344863198	(6,12)
-26.7898717026349064014256	(6,13)
-26.7896979794310879183241	(6,14)
-26.7894963308461689791965	(6,15)
-26.7892673877742055086698	(6,16)
-26.7890128221307066687032	(6,17)
-26.7887354105781080749629	(6,18)
-26.7884390614275410440433	(6,19)
-26.7881287953042600707777	(6,20)
-26.7878106708605005791252	(6,21)
-26.7874916491059186123531	(6,22)
-26.7871793938066098095837	(6,23)
-26.7868820106080047178092	(6,24)
-26.7866077335384880750569	(6,25)
-26.7863645736328427392058	(6,26)
-26.7861599497705720246562	(6,27)
-26.7860003256756259802542	(6,28)
-26.7858908787412457541466	(6,29)
-26.785835225545738077593	(6,30)
-25.09919367847466346465037	(7,1)
-25.09919301444760584726709	(7,2)
-25.09918853662501199778412	(7,3)
-25.09917411739116360807984	(7,4)
-25.09914098584610786355071	(7,5)
-25.09907820726265450889287	(7,6)
-25.09897328272293520040551	(7,7)
-25.09881283922553036032421	(7,8)
-25.09858337772173945621496	(7,9)
-25.09827204576825821526801	(7,10)
-25.09786740242211359497252	(7,11)
-25.09736014513562972672568	(7,12)
-25.09674377116560404598878	(7,13)
-25.09601514889058617895338	(7,14)
-25.09517497710349070913688	(7,15)
-25.09422811272270178453751	(7,16)
-25.09318374960736607341946	(7,17)
-25.09205543365172861217669	(7,18)
-25.09086090257632149699927	(7,19)
-25.08962174334186919897869	(7,20)
-25.08836286626570464369589	(7,21)
-25.08711180285001840662012	(7,22)
-25.08589784383268093260339	(7,23)
-25.08475104448118167581983	(7,24)
-25.08370113478295581910488	(7,25)
-25.08277638183247007713703	(7,26)
-25.0820024591911191866672	(7,27)
-25.0814013822074542533695	(7,28)
-25.0809905684003535673023	(7,29)
-25.0807820775930305768797	(7,30)
-23.36762579575322779839442	(8,1)
-23.36762463047577037937683	(8,2)
-23.36761677252696428629903	(8,3)
-23.36759146906889044103278	(8,4)
-23.36753333004169030387746	(8,5)
-23.36742317252054313265836	(8,6)
-23.36723907888164872804065	(8,7)
-23.36695761728583809484531	(8,8)
-23.36655516721147871821054	(8,9)
-23.36600929033970256376239	(8,10)
-23.36530008761803004221095	(8,11)
-23.36441148615846006127471	(8,12)
-23.36333240401709209659057	(8,13)
-23.36205774616471820938046	(8,14)
-23.36058919059614225098087	(8,15)
-23.35893572932999618946408	(8,16)
-23.35711393512078351431325	(8,17)
-23.35514793140475945011594	(8,18)
-23.35306905084729399467724	(8,19)
-23.35091517736433473888834	(8,20)
-23.34872977799362434257353	(8,21)
-23.34656064450702514890902	(8,22)
-23.34445837977346461360961	(8,23)
-23.34247467974096461115498	(8,24)
-23.34066047724964367327123	(8,25)
-23.33906402719988013658285	(8,26)
-23.33772902230068423327305	(8,27)
-23.336692833291505493821	(8,28)
-23.33598496612153005617069	(8,29)
-23.3356258205924329640071	(8,30)
-21.6499465815909141335555	(9,1)
-21.64994494345544227454368	(9,2)
-21.64993389683964047815266	(9,3)
-21.64989832564859343497396	(9,4)
-21.64981659546900443198864	(9,5)
-21.64966174193870689388111	(9,6)
-21.64940296103780843493916	(9,7)
-21.64900732921502102108759	(9,8)
-21.64844167276811870468489	(9,9)
-21.64767450198539487012596	(9,10)
-21.64667792576936205769529	(9,11)
-21.6454294660191132960541	(9,12)
-21.64391369701139584838833	(9,13)
-21.64212364251078985593587	(9,14)
-21.64006187169894671723917	(9,15)
-21.63774124392404983026658	(9,16)
-21.63518526179070257702506	(9,17)
-21.63242800261103380482531	(9,18)
-21.62951361027419831742836	(9,19)
-21.62649534370653370260474	(9,20)
-21.62343419461073594912747	(9,21)
-21.62039710600726884701354	(9,22)
-21.6174548436483365151984	(9,23)
-21.61467959347635420045724	(9,24)
-21.61214237832304908034387	(9,25)
-21.60991040406008832110516	(9,26)
-21.60804445743113527475831	(9,27)
-21.60659648305730573405993	(9,28)
-21.60560746434594161768458	(9,29)
-21.6051057216886808994626	(9,30)
-19.985038831095860096850858	(10,1)
-19.985036764977495079577533	(10,2)
-19.985022832302847152092277	(10,3)
-19.984977967770181525106305	(10,4)
-19.984874885037276622944325	(10,5)
-19.984679576143714977362677	(10,6)
-19.984353192300191284942517	(10,7)
-19.9838542152511645470569	(10,8)
-19.983140817548571992218123	(10,9)
-19.982173304933819489004257	(10,10)
-19.980916534079264269176624	(10,11)
-19.979342203247303699101727	(10,12)
-19.97743092085644796130945	(10,13)
-19.97517396642330714015848	(10,14)
-19.972574669064860651385836	(10,15)
-19.969649340289051368526392	(10,16)
-19.96642771021250687382255	(10,17)
-19.962952830039579452912563	(10,18)
-19.959280419247325505501042	(10,19)
-19.955477654057639821367887	(10,20)
-19.951621414780106815580727	(10,21)
-19.947796033324889912505688	(10,22)
-19.944090607828945747719621	(10,23)
-19.940595977465195440000977	(10,24)
-19.937401475105148475432728	(10,25)
-19.934591596225756355109409	(10,26)
-19.932242736888160202056438	(10,27)
-19.930420159656331758206664	(10,28)
-19.92917534246550462425396	(10,29)
-19.92854385105813440227734	(10,30)
-18.397250914037201511454838	(11,1)
-18.397248478829073651480457	(11,2)
-18.397232057232050543301563	(11,3)
-18.397179178129776016210728	(11,4)
-18.397057680746172210190394	(11,5)
-18.396827481882636798672137	(11,6)
-18.39644279261026814577392	(11,7)
-18.395854677397412651401293	(11,8)
-18.395013835856152867991303	(11,9)
-18.393873481250321902795641	(11,10)
-18.39239218998893061316056	(11,11)
-18.390536601416968451195564	(11,12)
-18.388283855974573721601543	(11,13)
-18.385623670953515178722667	(11,14)
-18.382559965679225554665311	(11,15)
-18.379111961511478597382807	(11,16)
-18.375314696641990550211694	(11,17)
-18.37121891177630709101611	(11,18)
-18.366890281174079539419253	(11,19)
-18.36240798491316568287241	(11,20)
-18.357862643038996600093978	(11,21)
-18.353353660273922013604244	(11,22)
-18.348986060252175911903924	(11,23)
-18.344866919093721991781582	(11,24)
-18.341101537153163249778388	(11,25)
-18.337789512194057297259359	(11,26)
-18.335020894213504520082604	(11,27)
-18.332872609196917649956685	(11,28)
-18.331405334465902262641641	(11,29)
-18.3306609912635252529106	(11,30)
-16.898986468900653537617797	(12,1)
-16.898983735573103283505698	(12,2)
-16.898965303630938339837678	(12,3)
-16.89890595096896146271948	(12,4)
-16.898769579314194852924103	(12,5)
-16.898511197175128836935422	(12,6)
-16.898079406649287809628141	(12,7)
-16.897419273833612664155937	(12,8)
-16.896475448394110228759657	(12,9)
-16.895195391303908798227697	(12,10)
-16.89353257009275165360108	(12,11)
-16.891449486855203612994037	(12,12)
-16.888920414183297632111673	(12,13)
-16.885933726652218941733098	(12,14)
-16.882493729403926259241968	(12,15)
-16.878621900225464014104274	(12,16)
-16.87435747741633069138435	(12,17)
-16.869757343322258405307567	(12,18)
-16.864895173614470514088652	(12,19)
-16.859859846113612792092208	(12,20)
-16.854753130708940911123875	(12,21)
-16.849686713526411425338229	(12,22)
-16.844778642890508914961243	(12,23)
-16.840149319824692873293142	(12,24)
-16.83591718909337298263116	(12,25)
-16.832194314884646521639987	(12,26)
-16.829082044894485567206885	(12,27)
-16.826666974934272365742942	(12,28)
-16.825017421220500295320481	(12,29)
-16.82418058837317564572609	(12,30)
-15.4941833459508472676893054	(13,1)
-15.4941803950525215853914822	(13,2)
-15.4941604959321643450771785	(13,3)
-15.4940964186972108335084546	(13,4)
-15.4939491909602194918126241	(13,5)
-15.4936702373556554630791063	(13,6)
-15.4932040617770739527076934	(13,7)
-15.4924913422350235684380747	(13,8)
-15.4914722932682435405564742	(13,9)
-15.4900901442380054570720514	(13,10)
-15.4882945826812271271309494	(13,11)
-15.4860450186611207163603252	(13,12)
-15.4833135369426108803522514	(13,13)
-15.4800874171634562097754809	(13,14)
-15.4763711167595143753345662	(13,15)
-15.4721876267035620322756569	(13,16)
-15.4675791263423197372871329	(13,17)
-15.4626068815990589210587951	(13,18)
-15.457350351727085822668852	(13,19)
-15.4519054947908108284346189	(13,20)
-15.4463822918021574326500758	(13,21)
-15.4409015438287736406435296	(13,22)
-15.4355910342646892073446382	(13,23)
-15.4305811875955092206749119	(13,24)
-15.4260003932825989617026914	(13,25)
-15.4219701951699514698501598	(13,26)
-15.4186005693499673104895915	(13,27)
-15.415985523435643156405064	(13,28)
-15.414199245355097659904955	(13,29)
-15.41329300912383044043366	(13,30)
-14.1818151615839282904338717	(14,1)
-14.1818120792358677555249766	(14,2)
-14.1817912936806733942087858	(14,3)
-14.1817243618530686475372916	(14,4)
-14.1815705741884238895725868	(14,5)
-14.1812791874523973755656135	(14,6)
-14.1807922225186172993691526	(14,7)
-14.1800476907728608633393976	(14,8)
-14.1789830977338374743332785	(14,9)
-14.1775390663114002261588839	(14,10)
-14.1756629237649695868775589	(14,11)
-14.1733121040982937013464167	(14,12)
-14.1704572292852253671194186	(14,13)
-14.1670847464905500248474816	(14,14)
-14.1631990130116445033848219	(14,15)
-14.1588237355101995841916239	(14,16)
-14.1540026855895139699702652	(14,17)
-14.1487996309924143260990647	(14,18)
-14.1432974421414977571190674	(14,19)
-14.1375963588668202718536347	(14,20)
-14.1318114328923515272829236	(14,21)
-14.1260691979712724067265038	(14,22)
-14.1205036602682781461755821	(14,23)
-14.115251744246763572938717	(14,24)
-14.1104483704505537814179818	(14,25)
-14.1062213770532966536763064	(14,26)
-14.1026865226676832690948981	(14,27)
-14.099942819949702104703438	(14,28)
-14.098068445351342606574132	(14,29)
-14.09711744881232292779209	(14,30)
-12.9587590677045504677325363	(15,1)
-12.9587559398193592692338383	(15,2)
-12.9587348471669619424031161	(15,3)
-12.9586669261987031360707523	(15,4)
-12.9585108643462416069887901	(15,5)
-12.9582151630410667800693145	(15,6)
-12.9577209712946879716610319	(15,7)
-12.9569653509052988398226637	(15,8)
-12.955884819811413142574123	(15,9)
-12.9544190148729514465797014	(15,10)
-12.9525143180904025491051613	(15,11)
-12.9501272989138545554020608	(15,12)
-12.9472278375252246895610382	(15,13)
-12.9438018077147175672726094	(15,14)
-12.9398532118039981473081695	(15,15)
-12.9354056735357673655583954	(15,16)
-12.9305032085156595807594816	(15,17)
-12.9252102070719888150612726	(15,18)
-12.9196105831767835710575481	(15,19)
-12.9138060671842771924298184	(15,20)
-12.9079136508243628245022032	(15,21)
-12.9020622302939907918955965	(15,22)
-12.8963885362006630474941254	(15,23)
-12.8910324848884353675779438	(15,24)
-12.8861321304743190937284458	(15,25)
-12.8818184361498377356036823	(15,26)
-12.8782101122358262441853129	(15,27)
-12.8754087829407841471694503	(15,28)
-12.8734947407584118536312225	(15,29)
-12.872523525594067984584773	(15,30)
-11.8216780012772881337176573	(16,1)
-11.8216749066404891373854068	(16,2)
-11.8216540381680998977646414	(16,3)
-11.8215868387565492870315656	(16,4)
-11.8214324329109317256549691	(16,5)
-11.8211398620532677766765069	(16,6)
-11.8206508807532522403305394	(16,7)
-11.8199031756418375124312365	(16,8)
-11.8188338553789713377071083	(16,9)
-11.8173830561968762791855534	(16,10)
-11.8154975116325002480206625	(16,11)
-11.8131339447288720869315486	(16,12)
-11.8102621536093900150642548	(16,13)
-11.8068676746113347410119623	(16,14)
-11.8029539196105831054219626	(16,15)
-11.7985436954049418017371211	(16,16)
-11.7936800238644624100013215	(16,17)
-11.7884261938063585771876492	(16,18)
-11.7828649915577549069092115	(16,19)
-11.7770970792259794977324063	(16,20)
-11.7712385194075034914733015	(16,21)
-11.7654174828016198622237252	(16,22)
-11.7597702197491183428783467	(16,23)
-11.7544364252568368346563716	(16,24)
-11.7495541753830968422257422	(16,25)
-11.7452546558673933930398317	(16,26)
-11.7416569363382850061749295	(16,27)
-11.7388630606583382356703606	(16,28)
-11.7369537225778573996080231	(16,29)
-11.735984774295923097438583	(16,30)
-10.76788373299291533703078003	(17,1)
-10.76788073653007062424674513	(17,2)
-10.76786053005256371770671042	(17,3)
-10.76779546194937978568342572	(17,4)
-10.76764595090778307091002715	(17,5)
-10.76736264579898343149728446	(17,6)
-10.76688912428426592622606486	(17,7)
-10.76616499532359873413922884	(17,8)
-10.7651292590413575013716211	(17,9)
-10.76372377532362403418456363	(17,10)
-10.76189669820107160162594821	(17,11)
-10.75960574380799734291604059	(17,12)
-10.75682117257339375243735458	(17,13)
-10.75352837877248551258809263	(17,14)
-10.74972999108066969790711691	(17,15)
-10.74544739606485146166456434	(17,16)
-10.74072160373199168026504338	(17,17)
-10.73561338257845600428965447	(17,18)
-10.73020260391861123457449946	(17,19)
-10.72458675442791905828640661	(17,20)
-10.71887860383734806284921211	(17,21)
-10.71320305217808880790149603	(17,22)
-10.7076932267256873794235122	(17,23)
-10.702485949809320057436792	(17,24)
-10.6977167503458415102836431	(17,25)
-10.6935146387501776210326909	(17,26)
-10.6899969009687919145077982	(17,27)
-10.6872641876110257737864334	(17,28)
-10.6853961747370904105740295	(17,29)
-10.684448051998266031928394	(17,30)
-9.79539697206733874035057842	(18,1)
-9.79539411976000995180655164	(18,2)
-9.79537488534676793840842169	(18,3)
-9.79531294696985400971035628	(18,4)
-9.79517062453971626844248817	(18,5)
-9.7949009304430169783338323	(18,6)
-9.79445012790586195992277637	(18,7)
-9.79376066755623106213046901	(18,8)
-9.79277436301381037289651154	(18,9)
-9.79143566628310212641070864	(18,10)
-9.78969491114015702958537483	(18,11)
-9.78751140453119193369958505	(18,12)
-9.78485625899115647173816222	(18,13)
-9.7817148704968853444945274	(18,14)
-9.77808895436417824908932497	(18,15)
-9.77399805665362307352222321	(18,16)
-9.76948046150805848243459098	(18,17)
-9.76459341863723603096453124	(18,18)
-9.75941262323058388349190117	(18,19)
-9.75403089628108095245163664	(18,20)
-9.74855603911053727621634805	(18,21)
-9.74310787267641556945784445	(18,22)
-9.73781451887493710045703982	(18,23)
-9.73280803431994807801001505	(18,24)
-9.72821956200005506676239421	(18,25)
-9.72417421671504750226152891	(18,26)
-9.7207859599312051630719574	(18,27)
-9.7181527430087745834348187	(18,28)
-9.7163522004863816614110197	(18,29)
-9.715438155232353205458163	(18,30)
-8.9025465562374175272650367	(19,1)
-8.90254387270696031211828087	(19,2)
-8.9025257763888337533110624	(19,3)
-8.90246750236210688351754272	(19,4)
-8.90233359685452141514269619	(19,5)
-8.9020798407817193992675487	(19,6)
-8.90165564521282101892886934	(19,7)
-8.90100679572723488399558437	(19,8)
-8.90007841509043108258086435	(19,9)
-8.89881801576276279272457686	(19,10)
-8.89717852295428258750261214	(19,11)
-8.89512116184256684205217015	(19,12)
-8.89261811560416737519116276	(19,13)
-8.8896548711080788517678915	(19,14)
-8.88623217479910185320647716	(19,15)
-8.88236752248121005184579079	(19,16)
-8.87809610518605419781987574	(19,17)
-8.87347113231598735936708774	(19,18)
-8.86856345680485669411977947	(19,19)
-8.8634604390695399236114609	(19,20)
-8.85826400994433685212861603	(19,21)
-8.85308792872892394543421297	(19,22)
-8.84805427982278076654891316	(19,23)
-8.84328930674638288400476672	(19,24)
-8.83891874030563610591234974	(19,25)
-8.83506283166560913975453582	(19,26)
-8.83183134431079969920655546	(19,27)
-8.82931878515575683059328401	(19,28)
-8.8276001599295394765312044	(19,29)
-8.826727519173384158928356	(19,30)
-8.08744328498489806960224303	(20,1)
-8.0874407739871859568126474	(20,2)
-8.08742384109277462966805114	(20,3)
-8.08736931299116940974998886	(20,4)
-8.08724401191984264952132407	(20,5)
-8.08700654946904087383191028	(20,6)
-8.08660955604876800800049248	(20,7)
-8.08600222960733869937722261	(20,8)
-8.08513308181330851688701438	(20,9)
-8.08395276409472011235750028	(20,10)
-8.08241686685623061251844176	(20,11)
-8.08048859911623098488449826	(20,12)
-8.07814126883428696462762574	(20,13)
-8.07536049315886045117450647	(20,14)
-8.07214607098874478158819683	(20,15)
-8.06851344778459808622274457	(20,16)
-8.06449469662996097762338396	(20,17)
-8.06013893386115704973142358	(20,18)
-8.05551208675269567219291894	(20,19)
-8.05069593922564789069993387	(20,20)
-8.04578640266970157597943462	(20,21)
-8.04089099408525138327494223	(20,22)
-8.03612555173820239630244178	(20,23)
-8.03161027574076341113700355	(20,24)
-8.0274652416917122021184938	(20,25)
-8.02380559269094225006934667	(20,26)
-8.02073666136704126403965804	(20,27)
-8.01834930249731257991263649	(20,28)
-8.0167157235709083843572666	(20,29)
-8.0158860828860649611062533	(20,30)
-7.34756473412401492426501833	(21,1)
-7.3475623814552779059434656	(21,2)
-7.34754651620607565512589682	(21,3)
-7.34749542565253644529279371	(21,4)
-7.34737802070110694027777065	(21,5)
-7.34715551069632211930024043	(21,6)
-7.34678348066982589251207474	(21,7)
-7.34621426071734397642631878	(21,8)
-7.34539947378585340420831411	(21,9)
-7.34429265424629335356709262	(21,10)
-7.34285184212364518375129837	(21,11)
-7.34104207269128465598016068	(21,12)
-7.33883769413382114444461282	(21,13)
-7.33622445377530408723447643	(21,14)
-7.33320129419441492599415064	(21,15)
-7.32978179473388636090928791	(21,16)
-7.32599518393509409049642985	(21,17)
-7.32188683850051273638723134	(21,18)
-7.31751817962541618931092417	(21,19)
-7.31296588290008826124401549	(21,20)
-7.30832033715104532247375332	(21,21)
-7.30368332208008461592703853	(21,22)
-7.29916492320609934143211978	(21,23)
-7.29487976154761241166096926	(21,24)
-7.29094267860824643228399215	(21,25)
-7.28746407709099346495125988	(21,26)
-7.28454516666040650282708936	(21,27)
-7.28227339515737567267314296	(21,28)
-7.28071835396376032989770651	(21,29)
-7.2799284292723983981659388	(21,30)
-6.67955741023995808921980144	(22,1)
-6.67955518811301203359964717	(22,2)
-6.67954020313379470526890277	(22,3)
-6.67949194682193499632140576	(22,4)
-6.67938105215150133796463485	(22,5)
-6.67917087018655744325321391	(22,6)
-6.67881942171217476349624664	(22,7)
-6.67828161857035642512820927	(22,8)
-6.67751164765865806724345527	(22,9)
-6.67646541825148543491663053	(22,10)
-6.67510298712578242226419994	(22,11)
-6.67339089157530656635441401	(22,12)
-6.67130433335317700106834078	(22,13)
-6.66882916335842579934477729	(22,14)
-6.6659636156905126215801559	(22,15)
-6.66271973101011203381643794	(22,16)
-6.65912439575028742817390101	(22,17)
-6.65521991025349891245662585	(22,18)
-6.65106399094749896698368428	(22,19)
-6.64672911458013080046079413	(22,20)
-6.64230113027138479655249285	(22,21)
-6.63787709932094658547031642	(22,22)
-6.63356237207091030591688205	(22,23)
-6.62946697155331373808536148	(22,24)
-6.6257014187240922770999293	(22,25)
-6.62237219600317317066390038	(22,26)
-6.61957709660222679320068146	(22,27)
-6.61740073968888006572984162	(22,28)
-6.61591054072744807560245764	(22,29)
-6.6151534099065417401208692	(22,30)
-6.079254560264003798193134347	(23,1)
-6.079252432144948636718905899	(23,2)
-6.079238081079184637255690478	(23,3)
-6.079191865793168654541560129	(23,4)
-6.079085659312680863859954691	(23,5)
-6.078884354774910820666977395	(23,6)
-6.078547726352087123117565513	(23,7)
-6.078032543597648910758840299	(23,8)
-6.077294837012418952654749781	(23,9)
-6.076292221551516141848854047	(23,10)
-6.074986199628182211999047236	(23,11)
-6.073344381358678166493491756	(23,12)
-6.071342572701181426143310952	(23,13)
-6.068966688106282361735889658	(23,14)
-6.066214441515856560103318559	(23,15)
-6.063096758626463425489440917	(23,16)
-6.059638837325792997373863172	(23,17)
-6.055880767107431104192845493	(23,18)
-6.051877608024815685546077837	(23,19)
-6.04769883103126518690531772	(23,20)
-6.043427038507865886673789042	(23,21)
-6.039155918026868933587286562	(23,22)
-6.034987432532479122742653713	(23,23)
-6.031028311780960244116650576	(23,24)
-6.02738597635366588926287719	(23,25)
-6.02416408878742523776770167	(23,26)
-6.02145797817835467473542612	(23,27)
-6.01935021789508641534630433	(23,28)
-6.01790664572164504533465533	(23,29)
-6.0171730994721826104243077	(23,30)
-5.541846797867551352108494422	(24,1)
-5.541844722969229776946879064	(24,2)
-5.541830730779871500013680784	(24,3)
-5.541785670960814067150480023	(24,4)
-5.541682118470924401602054428	(24,5)
-5.541485839111369577155849822	(24,6)
-5.541157598762820886785526696	(24,7)
-5.540655216644909273067001075	(24,8)
-5.539935763181703948932668423	(24,9)
-5.538957812758008177818895822	(24,10)
-5.53768367714246407828822758	(24,11)
-5.536081561917000861298691741	(24,12)
-5.534127601108413390937691298	(24,13)
-5.531807730608568067622023931	(24,14)
-5.529119357094085770394050771	(24,15)
-5.526072766734300401046766145	(24,16)
-5.522692200277684353702854899	(24,17)
-5.519016503399439555129009989	(24,18)
-5.515099249700281670175968525	(24,19)
-5.511008234332703960966703146	(24,20)
-5.50682425310013714203153605	(24,21)
-5.502639116572586764566027658	(24,22)
-5.49855289969654727978134506	(24,23)
-5.494670489938558955406301968	(24,24)
-5.491097564245635137073819698	(24,25)
-5.487936188824533307379503914	(24,26)
-5.48528028771112890629432676	(24,27)
-5.48321125926925858128440847	(24,28)
-5.48179402919649815353654366	(24,29)
-5.4810738121151586601820785	(24,30)
-5.062126608865169375168656059	(25,1)
-5.062124545815904110704519483	(25,2)
-5.062110633524794856093287625	(25,3)
-5.062065830929529596331087622	(25,4)
-5.061962869124276644226635495	(25,5)
-5.061767707688825442958727156	(25,6)
-5.061441331933153472833032109	(25,7)
-5.060941791812028312207065314	(25,8)
-5.060226383791400459425295514	(25,9)
-5.059253886954969431901115081	(25,10)
-5.057986780400182303921846025	(25,11)
-5.056393385681709310056126838	(25,12)
-5.054449890852612723362458717	(25,13)
-5.05214221772138557091463999	(25,14)
-5.049467689501431439947148206	(25,15)
-5.046436442891896773325840221	(25,16)
-5.043072510223804043027440209	(25,17)
-5.039414479085118688156024564	(25,18)
-5.035515625179149159239190427	(25,19)
-5.031443415003098900983390162	(25,20)
-5.027278292410297501999951784	(25,21)
-5.023111698623473622992369169	(25,22)
-5.019043326972798396287253692	(25,23)
-5.015177676701006607249265538	(25,24)
-5.011620037502313423954859946	(25,25)
-5.008472099792910918891945369	(25,26)
-5.005827436915066363377774536	(25,27)
-5.003767137700223958305188034	(25,28)
-5.00235587637956765232525971	(25,29)
-5.0016386897597715003025922	(25,30)
-4.634740602187291375752750286	(26,1)
-4.634738511698517677713461831	(26,2)
-4.634724414375020496545019074	(26,3)
-4.634679015997642305028378251	(26,4)
-4.634574685527039097114967659	(26,5)
-4.634376931789211238798578937	(26,6)
-4.634046226587956997902575998	(26,7)
-4.633540073926720205202626998	(26,8)
-4.632815225328972850703691768	(26,9)
-4.631829951077924815881591329	(26,10)
-4.630546292827134261880222547	(26,11)
-4.628932239643567652834706748	(26,12)
-4.626963782252762657583563064	(26,13)
-4.624626805252952616520051194	(26,14)
-4.621918772597315506840711537	(26,15)
-4.618850148594495877579096209	(26,16)
-4.615445478570347121894677421	(26,17)
-4.61174403570406376567812298	(26,18)
-4.607799929803680774751961433	(26,19)
-4.603681575784568093881493458	(26,20)
-4.599470438343974939272071334	(26,21)
-4.595259005922261831543844336	(26,22)
-4.59114799942016115740441968	(26,23)
-4.587242884256808455666643479	(26,24)
-4.583649821019368857261256854	(26,25)
-4.580471252002035292774005672	(26,26)
-4.577801370456050917762455113	(26,27)
-4.575721749849119684153378094	(26,28)
-4.5742974175369317679093055	(26,29)
-4.5735736393053235830500685	(26,30)
-4.254407411435784645708010997	(27,1)
-4.254405258010623351652359422	(27,2)
-4.254390736293005527811396978	(27,3)
-4.254343971462252237110384875	(27,4)
-4.254236502154020771351153324	(27,5)
-4.254032804326212388727274901	(27,6)
-4.253692174654912524665397619	(27,7)
-4.253170870739469969768198003	(27,8)
-4.252424405005285652558457068	(27,9)
-4.25140989837460443681186463	(27,10)
-4.250088414873225802420353005	(27,11)
-4.248427214599797222794081071	(27,12)
-4.246401875079169587472052995	(27,13)
-4.243998236192724204955647763	(27,14)
-4.241214119920426436060709505	(27,15)
-4.238060763969041193974391129	(27,16)
-4.234563891545732038537354661	(27,17)
-4.230764323577713599311793033	(27,18)
-4.226718030877678148635610933	(27,19)
-4.222495527777420979411376463	(27,20)
-4.218180529299829123905093874	(27,21)
-4.213867831831405139986016983	(27,22)
-4.209660430127011537887882731	(27,23)
-4.205665946118847452356219415	(27,24)
-4.201992510240017740317334497	(27,25)
-4.198744295844947232165839261	(27,26)
-4.196016954275667442141046831	(27,27)
-4.193893226112874975369121761	(27,28)
-4.19243900928355950424851269	(27,29)
-4.1917001456429453090810998	(27,30)
-3.916082244866666859389965123	(28,1)
-3.916079997710742612892899965	(28,2)
-3.916064843948047455384112672	(28,3)
-3.916016044102991288987642103	(28,4)
-3.915903900390132161008685	(28,5)
-3.915691351156394196641916891	(28,6)
-3.915335944664309937602520249	(28,7)
-3.914792085962091681903129682	(28,8)
-3.914013449048390999513251253	(28,9)
-3.912955454610782743512772726	(28,10)
-3.911577727782023155657867885	(28,11)
-3.909846466009056027636635633	(28,12)
-3.907736659573481823693712031	(28,13)
-3.905234112882312183199932796	(28,14)
-3.902337211722391434560911651	(28,15)
-3.899058371182835748474001865	(28,16)
-3.895425084392770727967705427	(28,17)
-3.891480478970041531650818549	(28,18)
-3.887283282193026495963766179	(28,19)
-3.88290710272579025599182011	(28,20)
-3.878438959558528147426838834	(28,21)
-3.873977028111768302820600821	(28,22)
-3.869627626546342462294517062	(28,23)
-3.865501526909672991934152938	(28,24)
-3.861709738775719172932091345	(28,25)
-3.858358969869643052298487719	(28,26)
-3.855547011764252687122334685	(28,27)
-3.853358323582329977004230817	(28,28)
-3.85186008937537082636502346	(28,29)
-3.8510990045237504169078729	(28,30)
-3.615065717584320679940195772	(29,1)
-3.615063350920123520792348616	(29,2)
-3.615047391291947290353831074	(29,3)
-3.614995996806802077573196456	(29,4)
-3.614877893402353676467982497	(29,5)
-3.614654059593274360115939261	(29,6)
-3.614279816123971708742374281	(29,7)
-3.613707209822490908604667067	(29,8)
-3.612887577845898629943227341	(29,9)
-3.611774185026507938470309936	(29,10)
-3.610324839869151270872549378	(29,11)
-3.608504409535317098786928396	(29,12)
-3.606287166398011358371595803	(29,13)
-3.603658904963527444496597115	(29,14)
-3.60061876657119221383731593	(29,15)
-3.597180701223182029053657436	(29,16)
-3.593374484525751744836689071	(29,17)
-3.589246198156206292368941734	(29,18)
-3.584858080192895740233936623	(29,19)
-3.580287661929142838782336432	(29,20)
-3.575626133261753607117234453	(29,21)
-3.570975919419354602579606063	(29,22)
-3.566447504762924343034438853	(29,23)
-3.562155599305375599916402422	(29,24)
-3.558214803629477964963314891	(29,25)
-3.55473498086235077135649676	(29,26)
-3.551816583857833213063804667	(29,27)
-3.549546206885523052204483651	(29,28)
-3.54799263113735294038114973	(29,29)
-3.5472036116814934616142397	(29,30)
-3.347064030361854216313557905	(30,1)
-3.347061523338204126919618306	(30,2)
-3.347044617244124100534416397	(30,3)
-3.346990175461499144660478555	(30,4)
-3.346865072835914024457329039	(30,5)
-3.34662798684537631473331016	(30,6)
-3.346231624051212204063123162	(30,7)
-3.345625265963654123283976323	(30,8)
-3.344757513396728775996127704	(30,9)
-3.343579112933478399354752502	(30,10)
-3.342045760258126335860681788	(30,11)
-3.340120788776397440852605268	(30,12)
-3.337777663948506735755837967	(30,13)
-3.335002210818094716496826691	(30,14)
-3.331794502867797455039314022	(30,15)
-3.328170335436188691972384415	(30,16)
-3.324162199632033370370796656	(30,17)
-3.319819667711953975086930012	(30,18)
-3.315209103416662807085363861	(30,19)
-3.310412625071025013592228351	(30,20)
-3.305526277598304439986914891	(30,21)
-3.300657411548449519785076645	(30,22)
-3.295921319652571542548032754	(30,23)
-3.291437238999610695417812449	(30,24)
-3.28732388320223166049401916	(30,25)
-3.28369471728858772394330985	(30,26)
-3.280653222809467256643469002	(30,27)
-3.278288417649638486618792858	(30,28)
-3.27667089209254065460394763	(30,29)
-3.2758495996420209437592548	(30,30)
-3.108211343727643945229100128	(31,1)
-3.108208680082200997718921127	(31,2)
-3.108190717865910774538404904	(31,3)
-3.108132875767912529838322535	(31,4)
-3.107999963307551799624210699	(31,5)
-3.107748091174629079517950493	(31,6)
-3.107327051152027371351702067	(31,7)
-3.106683044070139208273714723	(31,8)
-3.105761626875746554468591214	(31,9)
-3.104510752072897400769046189	(31,10)
-3.102883781854579634232753363	(31,11)
-3.100842371536066562390445702	(31,12)
-3.098359128608666733165225532	(31,13)
-3.095419961845374993867528858	(31,14)
-3.092026038048486370302098523	(31,15)
-3.088195263003794034649791938	(31,16)
-3.083963200820610073163596934	(31,17)
-3.079383346308268723977733209	(31,18)
-3.074526672880822058811373125	(31,19)
-3.069480397266762958374246763	(31,20)
-3.064345933641323971016664757	(31,21)
-3.059236052807579245288147158	(31,22)
-3.054271313412666358361597024	(31,23)
-3.049575886760407372785083093	(31,24)
-3.045272948554159204897616848	(31,25)
-3.041479853984210389691071142	(31,26)
-3.038303342053284823368506889	(31,27)
-3.035835027548162625017368877	(31,28)
-3.03414743304560583283129676	(31,29)
-3.033290788991615110894771	(31,30)
-2.895065434500094041492710339	(32,1)
-2.895062602092886999101776385	(32,2)
-2.895043501896566554369227423	(32,3)
-2.894981995975288088139137771	(32,4)
-2.894840668706766930272564869	(32,5)
-2.894572866009491955009639335	(32,6)
-2.894125241573870012715426922	(32,7)
-2.893440682511922886103754465	(32,8)
-2.892461476838799944641901841	(32,9)
-2.89113258462524903711329225	(32,10)
-2.889404881291326107791592091	(32,11)
-2.887238252186087636882833237	(32,12)
-2.884604428960947872663936185	(32,13)
-2.88148946761497769460199599	(32,14)
-2.877895774227525943367117205	(32,15)
-2.873843587921697259933897684	(32,16)
-2.869371833927047410652489681	(32,17)
-2.864538266296407618935813319	(32,18)
-2.859418833595194542354327347	(32,19)
-2.85410622447765282205706261	(32,20)
-2.848707584407278440365253406	(32,21)
-2.843341438535761765634350697	(32,22)
-2.838133905507855961904225827	(32,23)
-2.833214337839555288031672875	(32,24)
-2.828710571097188939796898736	(32,25)
-2.824744001301705847075072486	(32,26)
-2.821424733763721110788907043	(32,27)
-2.818847054359452345344932342	(32,28)
-2.81708546512313174049310392	(32,29)
-2.8161915005003704025260548	(32,30)
-2.704586179442551513557195725	(33,1)
-2.704583169741766996759769901	(33,2)
-2.70456287403852847827730227	(33,3)
-2.704497519129937564741167709	(33,4)
-2.704347352062876415346872805	(33,5)
-2.704062815300216207843217591	(33,6)
-2.70358726872287244671275187	(33,7)
-2.702860124641668689545084833	(33,8)
-2.701820249058997791095137386	(33,9)
-2.700409478740816857651098825	(33,10)
-2.698576107519172803291867743	(33,11)
-2.6962782040659038482532077	(33,12)
-2.693486634350726686586140831	(33,13)
-2.690187672828172900578026367	(33,14)
-2.686385095971613271477968855	(33,15)
-2.682101660513789533045448585	(33,16)
-2.677379878539898589721107771	(33,17)
-2.672282015183423590767271848	(33,18)
-2.666889254875172811688507401	(33,19)
-2.661300010728411327800420367	(33,20)
-2.655627388886389567982754064	(33,21)
-2.649995863768474631521764875	(33,22)
-2.644537267698309640565038271	(33,23)
-2.639386244902804503294993739	(33,24)
-2.634675360620461689579659246	(33,25)
-2.630530086868592986083431898	(33,26)
-2.627063904189103461170693043	(33,27)
-2.624373761670058177921152441	(33,28)
-2.62253612534234063808656472	(33,29)
-2.621603818510579342388828	(33,30)
-2.534104265286534157594902523	(34,1)
-2.534101072858245051441295602	(34,2)
-2.534079545011140196095711802	(34,3)
-2.534010223214471400636115074	(34,4)
-2.533850945880550078949690023	(34,5)
-2.533549164225728625886931957	(34,6)
-2.533044846589631897845362826	(34,7)
-2.532273831062833687254017039	(34,8)
-2.531171470134489906277685929	(34,9)
-2.52967640395145638356369894	(34,10)
-2.527734299543066808591619783	(34,11)
-2.525301400106744487352739642	(34,12)
-2.522347738992945230341680871	(34,13)
-2.518859885523816385545790503	(34,14)
-2.514843103240409377519006538	(34,15)
-2.510322815763076744702602672	(34,16)
-2.505345292403232350782695781	(34,17)
-2.499977486816158910869493337	(34,18)
-2.494305989040357858098591213	(34,19)
-2.488435085056064367667150807	(34,20)
-2.482483957938200164650356448	(34,21)
-2.476583108673556705606795271	(34,22)
-2.470870119425306285980140964	(34,23)
-2.465484923500032392908664056	(34,24)
-2.460564780620174687067062791	(34,25)
-2.456239180126758342505598987	(34,26)
-2.452624906293109763158583819	(34,27)
-2.4498214980650594070386335	(34,28)
-2.44790732040919793261561657	(34,29)
-2.4469364371148642854519517	(34,30)
-2.381285429702629501633676062	(35,1)
-2.381282051734354419646214856	(35,2)
-2.38125927278351413261449607	(35,3)
-2.381185923115216295534724582	(35,4)
-2.381017395794676792319207539	(35,5)
-2.380698106044543569919256429	(35,6)
-2.380164581937828468388546723	(35,7)
-2.3793490399708990090853234	(35,8)
-2.378183279470072588452972437	(35,9)
-2.376602718911152767955337166	(35,10)
-2.374550394588853961843106753	(35,11)
-2.371980746522477502835990113	(35,12)
-2.368863026568221686984587886	(35,13)
-2.365184178075507969198162296	(35,14)
-2.360951054213682665122497765	(35,15)
-2.356191863144115022502488106	(35,16)
-2.350956752989557284508499879	(35,17)
-2.34531747880685233263044077	(35,18)
-2.339366128004224324989013117	(35,19)
-2.333212919602516761199177933	(35,20)
-2.326983135090112976758821745	(35,21)
-2.320813281973476136626820886	(35,22)
-2.314846632362885358170016184	(35,23)
-2.309228314748043022548256023	(35,24)
-2.30410016456863282335411719	(35,25)
-2.299595556115665135271801282	(35,26)
-2.295834443544342345051849492	(35,27)
-2.292918832148146133604897276	(35,28)
-2.29092888316588461061198623	(35,29)
-2.2899198275043183061961174	(35,30)
-2.244093782356387838979509049	(36,1)
-2.244090218229390825495581376	(36,2)
-2.244066184007835073265838728	(36,3)
-2.24398879311381049997528799	(36,4)
-2.243810985493204267209843198	(36,5)
-2.243474131622771260030289693	(36,6)
-2.24291131152436093440911497	(36,7)
-2.242051116124646277285984917	(36,8)
-2.240821795031828553198415591	(36,9)
-2.23915555988106686743582018	(36,10)
-2.236992846064433983116518968	(36,11)
-2.23428633762255443097015501	(36,12)
-2.231004569680327182510666519	(36,13)
-2.227134939256672055253155452	(36,14)
-2.222685977828110654248504274	(36,15)
-2.217688767115592904000301211	(36,16)
-2.212197412768406814618796655	(36,17)
-2.20628852845485477349672131	(36,18)
-2.200059724514029442848612883	(36,19)
-2.193627139372564353344030892	(36,20)
-2.187122096318028666668829271	(36,21)
-2.180687010359878193600417923	(36,22)
-2.174470707031249534225346435	(36,23)
-2.168623344567396009933798101	(36,24)
-2.163291151038075929127474103	(36,25)
-2.15861119765044224996121819	(36,26)
-2.154706428376718740119274541	(36,27)
-2.151681154823094880894571229	(36,28)
-2.1496172048788060100479847	(36,29)
-2.1485708855029099053981319	(36,30)
-2.120756413152261693266774349	(37,1)
-2.120752664067829823647959833	(37,2)
-2.120727382681268005223247563	(37,3)
-2.120645976721143573085963648	(37,4)
-2.120458949243692185161975194	(37,5)
-2.120104647061181478077538915	(37,6)
-2.119512728246697385948215158	(37,7)
-2.118608190011678988747798367	(37,8)
-2.117315771109489507689709226	(37,9)
-2.115564523685496258245445513	(37,10)
-2.113292339197927347702122135	(37,11)
-2.110450212328542531663184145	(37,12)
-2.107006035921055477714384975	(37,13)
-2.102947738725176821262396345	(37,14)
-2.098285605455195758542439354	(37,15)
-2.093053654352281880467470236	(37,16)
-2.087309989619633868855291147	(37,17)
-2.081136092917305537305638565	(37,18)
-2.07463506729616628936004489	(37,19)
-2.067928895923378610851196148	(37,20)
-2.061154823940579218429817064	(37,21)
-2.054461012123711318321140006	(37,22)
-2.048001643398732051111783672	(37,23)
-2.041931686101686144219477488	(37,24)
-2.036401530381756493389396575	(37,25)
-2.031551716393257383261885638	(37,26)
-2.027507965649195905007614006	(37,27)
-2.02437671129363075268930228	(37,28)
-2.022241300457700430494171	(37,29)
-2.0211590136593698135352058	(37,30)
-2.009730534390667051402393952	(38,1)
-2.009726603049775051593599424	(38,2)
-2.009700092716413413221247438	(38,3)
-2.009614730407029562697337382	(38,4)
-2.009418618286231834874475795	(38,5)
-2.00904712513327999759643915	(38,6)
-2.008426541009574346395359008	(38,7)
-2.007478330595180551404538859	(38,8)
-2.006123789466815914355631845	(38,9)
-2.004288883801749782986202107	(38,10)
-2.001909039493232576827432681	(38,11)
-1.998933643132893924483094438	(38,12)
-1.995330025953202962243412458	(38,13)
-1.991086723068235756391832291	(38,14)
-1.986215833667598188168165395	(38,15)
-1.980754351601363586133783177	(38,16)
-1.974764387436008587006718513	(38,17)
-1.968332259180294374989733247	(38,18)
-1.961566485670221346672131953	(38,19)
-1.954594770250728369687221112	(38,20)
-1.947560109492871390266160271	(38,21)
-1.940616199591295406416458369	(38,22)
-1.933922340145845392713161034	(38,23)
-1.927638050671561151560025609	(38,24)
-1.921917619829700654761371039	(38,25)
-1.91690480222328678393536226	(38,26)
-1.912727864294813928728159935	(38,27)
-1.90949516115772322881737063	(38,28)
-1.9072914016983824626854782	(38,29)
-1.906174731324744522323733	(38,30)
-1.909673753022018444178932408	(39,1)
-1.909669643354583707454988871	(39,2)
-1.90964193057933904681793395	(39,3)
-1.909552697315036485352300629	(39,4)
-1.909347697022246213331112062	(39,5)
-1.908959386161016038696219658	(39,6)
-1.908310763431722863016779235	(39,7)
-1.907319845989663149237191138	(39,8)
-1.905904577123832607329902935	(39,9)
-1.903987931332741983738159235	(39,10)
-1.901502963813251320556800282	(39,11)
-1.898397544887135289591571746	(39,12)
-1.894638528064498025415746433	(39,13)
-1.890215124404953192173329157	(39,14)
-1.885141295123238697138504061	(39,15)
-1.879457026739946334758278529	(39,16)
-1.873228414602442428793315095	(39,17)
-1.866546546258064157022419541	(39,18)
-1.859525240513878636418440189	(39,19)
-1.85229775602387888349188041	(39,20)
-1.845012630931359028169948594	(39,21)
-1.837828849972895020937499511	(39,22)
-1.830910556640475807411206839	(39,23)
-1.824421536077373176336299383	(39,24)
-1.818519691032588689020474842	(39,25)
-1.813351720737917652329316444	(39,26)
-1.809048193483177307458620624	(39,27)
-1.80571918020004233283227012	(39,28)
-1.8034505902958842917604113	(39,29)
-1.8023013235206891288114215	(39,30)
-1.81941765123703548377565737	(40,1)
-1.8194133681754609184833452	(40,2)
-1.81938448622282475449463146	(40,3)
-1.81929148915740985508278814	(40,4)
-1.81907784711898630941414842	(40,5)
-1.81867318630563549048392782	(40,6)
-1.81799730913242445131764376	(40,7)
-1.81696488944230477562182815	(40,8)
-1.8154906276286520641265195	(40,9)
-1.8134946170170759055718842	(40,10)
-1.81090764933353053001464801	(40,11)
-1.80767617752126180844900594	(40,12)
-1.80376666191086908673736529	(40,13)
-1.79916905263305054778656237	(40,14)
-1.79389920677556495358671314	(40,15)
-1.78800010012857596192644065	(40,16)
-1.781541765117399152969112786	(40,17)
-1.774619961869747087327045636	(40,18)
-1.767353661163061215905368155	(40,19)
-1.759881479985822072323142888	(40,20)
-1.752357258170413949165635535	(40,21)
-1.744944995820884407242721733	(40,22)
-1.737813386096242191661151919	(40,23)
-1.731130178144169197195385878	(40,24)
-1.725056593584029658028515219	(40,25)
-1.71974200033189964063350878	(40,26)
-1.7153190229983915897438868	(40,27)
-1.7118992422291572717273362	(40,28)
-1.70956960804808310212943937	(40,29)
-1.7083896655483742901258689	(40,30)
-1.73794460084772272159232498	(41,1)
-1.73794015013896351577020479	(41,2)
-1.73791013776564984535040162	(41,3)
-1.7378135017309018459307946	(41,4)
-1.73759150494751768686312617	(41,5)
-1.73717103864786308866513292	(41,6)
-1.73646881889919883014439883	(41,7)
-1.73539629580974244735695204	(41,8)
-1.73386505084938505053119541	(41,9)
-1.73179241909082870420991865	(41,10)
-1.72910704489920315526784043	(41,11)
-1.72575406687393359350842314	(41,12)
-1.72169963519802965313034617	(41,13)
-1.71693449455714071715546193	(41,14)
-1.71147641805301795520986049	(41,15)
-1.70537134822716073672071571	(41,16)
-1.69869318356695004655275755	(41,17)
-1.69154223397469045870519549	(41,18)
-1.68404244773492392284747381	(41,19)
-1.67633757806231868117943365	(41,20)
-1.66858650451677833616555714	(41,21)
-1.66095795167476339126416757	(41,22)
-1.65362485551563938313311296	(41,23)
-1.64675862017547562524096836	(41,24)
-1.64052348832103697677789176	(41,25)
-1.63507122188344332750309539	(41,26)
-1.6305362602115672989295506	(41,27)
-1.62703149283115395571836336	(41,28)
-1.6246447557734542819349489	(41,29)
-1.6234361346846644947054109	(41,30)
-1.66436759626174694443073874	(42,1)
-1.66436298431227768192128801	(42,2)
-1.66433188472173380064172328	(42,3)
-1.66423174886036339883397275	(42,4)
-1.66400171716804937602604026	(42,5)
-1.66356605188449866498135183	(42,6)
-1.66283850458576358735567814	(42,7)
-1.66172743341303005888554244	(42,8)
-1.66014143621650574799920451	(42,9)
-1.65799522199535960097202911	(42,10)
-1.65521540986132957846229725	(42,11)
-1.65174592880974414196051046	(42,12)
-1.64755269859546893320671721	(42,13)
-1.64262730532584953486993271	(42,14)
-1.63698944457971450527498565	(42,15)
-1.63068798519616640412653133	(42,16)
-1.62380059982480985611696288	(42,17)
-1.61643200318291220224865283	(42,18)
-1.60871092501965243453081369	(42,19)
-1.60078601343607864471637177	(42,20)
-1.59282091034623647939749609	(42,21)
-1.5849887633019896148252762	(42,22)
-1.57746643886939800552586276	(42,23)
-1.57042868679067711003319076	(42,24)
-1.56404247688602686569010541	(42,25)
-1.55846169752898402200307332	(42,26)
-1.55382237012242346927519579	(42,27)
-1.55023850150533361810492256	(42,28)
-1.5477986674010483082274567	(42,29)
-1.5465633954193926095100763	(42,30)
-1.59791282327723596811220752	(43,1)
-1.59790805702574968084570693	(43,2)
-1.5978759170096786881233257	(43,3)
-1.59777243201052916321835693	(43,4)
-1.59753471172573111123433512	(43,5)
-1.5970845039475241734506967	(43,6)
-1.59633272711807848647823008	(43,7)
-1.59518478875798244633747204	(43,8)
-1.59354644705881371348393813	(43,9)
-1.59132992378474977987022898	(43,10)
-1.58845993851783229933131248	(43,11)
-1.58487931508588810487892014	(43,12)
-1.5805538177495663547964083	(43,13)
-1.57547591151466926481819149	(43,14)
-1.56966720730528726250272396	(43,15)
-1.56317944293477149218989605	(43,16)
-1.55609395455541475929635061	(43,17)
-1.54851969777155434770996381	(43,18)
-1.54058997033982641257132723	(43,19)
-1.53245805965226786499781313	(43,20)
-1.52429208274175292993527593	(43,21)
-1.51626930387980941744479572	(43,22)
-1.50857020844466569955060485	(43,23)
-1.50137258761741211117612056	(43,24)
-1.49484585350297462929394469	(43,25)
-1.48914576489474626251672699	(43,26)
-1.48440970518062702019398257	(43,27)
-1.48075261915575883304152486	(43,28)
-1.47826368638500942158614231	(43,29)
-1.4770037854762987324360938	(43,30)
-1.53790465896685648419952407	(44,1)
-1.53789974578011905469404881	(44,2)
-1.53786661501615346575995633	(44,3)
-1.53775994085228451213370935	(44,4)
-1.537514899572720803673869	(44,5)
-1.53705084591740236253226571	(44,6)
-1.53627600407342297838286931	(44,7)
-1.53509297972816497069891814	(44,8)
-1.53340484184311887959921722	(44,9)
-1.53112146831696725936232819	(44,10)
-1.52816580659691398010532763	(44,11)
-1.52447967784585414054456069	(44,12)
-1.52002875980191185035199933	(44,13)
-1.5148064238767416065726418	(44,14)
-1.50883617576471136943031623	(44,15)
-1.50217254904883632953498151	(44,16)
-1.49490041584567362112286162	(44,17)
-1.48713279251110412465300723	(44,18)
-1.4790073174874030473369509	(44,19)
-1.4706816517817304222162821	(44,20)
-1.46232809502762138427488343	(44,21)
-1.4541277219347748899473861	(44,22)
-1.44626433001763483199936061	(44,23)
-1.43891845727386981153546197	(44,24)
-1.43226168610648405888316311	(44,25)
-1.42645140453752666206139051	(44,26)
-1.42162615314910762583594609	(44,27)
-1.41790164959489479357679206	(44,28)
-1.41536755336834771139788903	(44,29)
-1.414085011678367961112076	(44,30)
-1.48375280297708641221128506	(45,1)
-1.48374775056499294307215706	(45,2)
-1.48371368104386118003906144	(45,3)
-1.4836039851276857198583666	(45,4)
-1.48335200749186975304346655	(45,5)
-1.48287483666475262770098659	(45,6)
-1.48207814736489433100698305	(45,7)
-1.48086189793274544416558727	(45,8)
-1.4791266232134348796321506	(45,9)
-1.47678000341294254548638769	(45,10)
-1.47374334133957800157911267	(45,11)
-1.46995755475971387018209644	(45,12)
-1.46538829698894527502235489	(45,13)
-1.46002986298698386104004722	(45,14)
-1.45390761943064908521698392	(45,15)
-1.44707880752723826097243664	(45,16)
-1.4396316926264461460205095	(45,17)
-1.43168315789620289875237261	(45,18)
-1.42337494430099948903992329	(45,19)
-1.41486881418820922322917242	(45,20)
-1.40634095572635573366998133	(45,21)
-1.39797595152490212234511537	(45,22)
-1.3899606132525394080536827	(45,23)
-1.38247794389975511946201918	(45,24)
-1.3757014398607309847465474	(45,25)
-1.3697898943133532410812352	(45,26)
-1.36488281729657682765559481	(45,27)
-1.36109654978732074915449856	(45,28)
-1.35852112012489233136861658	(45,29)
-1.3572178708391725931426477	(45,30)
-1.43494126044578219681713017	(46,1)
-1.43493607679225828838825371	(46,2)
-1.43490112235180691323869694	(46,3)
-1.43478857803439747457990679	(46,4)
-1.43453006227242437446140155	(46,5)
-1.43404052852709661180450418	(46,6)
-1.43322325143196381129491071	(46,7)
-1.43197570075315576745113646	(46,8)
-1.43019603557785627462390527	(46,9)
-1.42778988600743987996725942	(46,10)
-1.42467703656107057057899211	(46,11)
-1.42079759663314424092964286	(46,12)
-1.41611724967669767647003601	(46,13)
-1.41063122075362252435620285	(46,14)
-1.40436669083682958825526981	(46,15)
-1.39738350658564426846733698	(46,16)
-1.38977317018824634248751925	(46,17)
-1.38165622598209013201124651	(46,18)
-1.37317827101660044148620335	(46,19)
-1.36450489298346619891186421	(46,20)
-1.35581587597403649217916543	(46,21)
-1.34729901463478476570868125	(46,22)
-1.3391438481960073580448731	(46,23)
-1.33153557794859373564546029	(46,24)
-1.32464937555051663073511618	(46,25)
-1.31864523383295725556589051	(46,26)
-1.31366346264437497971915454	(46,27)
-1.30982089299861585238900533	(46,28)
-1.30720782424548644055448805	(46,29)
-1.3058857302991182754627345	(46,30)
-1.39101892370265869709593621	(47,1)
-1.39101361700959014277228109	(47,2)
-1.39097783295666979664128804	(47,3)
-1.39086261831008660026281708	(47,4)
-1.3905979734452357924357979	(47,5)
-1.39009685127918666240466422	(47,6)
-1.38926027928073681772967353	(47,7)
-1.38798340056204421104430982	(47,8)
-1.38616215890156237998198765	(47,9)
-1.38370028219975803397548788	(47,10)
-1.38051616092133533990023493	(47,11)
-1.37654918611529308408409615	(47,12)
-1.37176511794134735711007144	(47,13)
-1.36616010746845866695866795	(47,14)
-1.35976309078056535363327507	(47,15)
-1.35263640469185259152168577	(47,16)
-1.34487461957101658451876424	(47,17)
-1.33660172542022486782805184	(47,18)
-1.32796692283359714619051247	(47,19)
-1.31913934748069510660757714	(47,20)
-1.31030209057756524445788847	(47,21)
-1.30164587182827032621260522	(47,22)
-1.29336268474325942331963224	(47,23)
-1.2856396789023510373455945	(47,24)
-1.2786534812239097669942578	(47,25)
-1.27256509801760819402158833	(47,26)
-1.26751548781329386952477031	(47,27)
-1.26362185480951106295292533	(47,28)
-1.26097468481246810327002962	(47,29)
-1.2596355284949824342810952	(47,30)
-1.35159152923737308115997944	(48,1)
-1.3515861078792210677819251	(48,2)
-1.35154955068363743798640627	(48,3)
-1.35143184751541122535965778	(48,4)
-1.35116149109972667406936608	(48,5)
-1.35064957096385555546685248	(48,6)
-1.34979502301540576396438095	(48,7)
-1.34849082786966626119768153	(48,8)
-1.3466308756229410074925754	(48,9)
-1.34411713933952874254102541	(48,10)
-1.34086673682121592334821722	(48,11)
-1.33681842527159890373952108	(48,12)
-1.33193807988122894611710133	(48,13)
-1.32622276307072472808831273	(48,14)
-1.31970309483502256739370021	(48,15)
-1.31244377461997074380027362	(48,16)
-1.30454226134501365024593971	(48,17)
-1.29612576692353875710169446	(48,18)
-1.28734683867279815350719895	(48,19)
-1.27837788338977546142789948	(48,20)
-1.26940501623180456964060872	(48,21)
-1.26062160544422574002475176	(48,22)
-1.25222184010672616313454504	(48,23)
-1.24439458564475547976602087	(48,24)
-1.23731772347200706203931709	(48,25)
-1.23115310671574010093723193	(48,26)
-1.22604220991464853977614066	(48,27)
-1.22210250981728488162110749	(48,28)
-1.21942460714360278543329024	(48,29)
-1.2180700837757884739133292	(48,30)
-1.3163147953511276325111652	(49,1)
-1.31630926783829197059893557	(49,2)
-1.31627199488575696569449129	(49,3)
-1.31615198794346087836997084	(49,4)
-1.31587634423068139781476436	(49,5)
-1.31535442906970209927352838	(49,6)
-1.31448324441099973331282389	(49,7)
-1.31315377404503204115770722	(49,8)
-1.31125801647850234535130785	(49,9)
-1.30869633611974556115635162	(49,10)
-1.30538469613679870710648413	(49,11)
-1.30126129853195551608950956	(49,12)
-1.29629216352830010379444354	(49,13)
-1.29047523990944366770193034	(49,14)
-1.28384274892988874009923266	(49,15)
-1.27646161381824024176348182	(49,16)
-1.26843199264020498993886477	(49,17)
-1.25988408863037193852213055	(49,18)
-1.25097353623765431110773072	(49,19)
-1.24187573852865611266008968	(49,20)
-1.2327795583438419251372706	(49,21)
-1.22388074745311764458569426	(49,22)
-1.21537544705898953803043476	(49,23)
-1.20745402388792919420310646	(49,24)
-1.20029543231551514180672919	(49,25)
-1.19406222486120468845701295	(49,26)
-1.18889627739783293140011483	(49,27)
-1.18491525427412382678578785	(49,28)
-1.18220981208712325286632249	(49,29)
-1.1808415270647860035889671	(49,30)
-1.28488857296994581863812118	(50,1)
-1.28488294791928022363008533	(50,2)
-1.28484501731260121885207646	(50,3)
-1.2847228936438589217513554	(50,4)
-1.28444239212009176131979002	(50,5)
-1.28391129459305054189999186	(50,6)
-1.28302482811856310420963518	(50,7)
-1.28167214628473224116192085	(50,8)
-1.2797435180258294647618059	(50,9)
-1.27713784362291822921281382	(50,10)
-1.27377004593945553625355222	(50,11)
-1.26957784441169745142705513	(50,12)
-1.26452742605626851119574028	(50,13)
-1.25861759105085542425147179	(50,14)
-1.25188206844419427364858356	(50,15)
-1.24438985597605911931018824	(50,16)
-1.23624361279170781948925502	(50,17)
-1.22757629725134929095889421	(50,18)
-1.21854636980797018661106697	(50,19)
-1.20933195804584904970035976	(50,20)
-1.20012440403679573802969561	(50,21)
-1.19112159012545034768597669	(50,22)
-1.18252138166871348370588168	(50,23)
-1.17451544991393396698918768	(50,24)
-1.16728365946330951138544924	(50,25)
-1.16098913338738304407088619	(50,26)
-1.15577405144863681190138149	(50,27)
-1.15175619555463168376238176	(50,28)
-1.1490262309650747706017491	(50,29)
-1.1476456995692225191249604	(50,30)
-1.2570518666003680221512454	(51,1)
-1.25704615271153569732802084	(51,2)
-1.25700762311119722532443292	(51,3)
-1.25688357155064389858605529	(51,4)
-1.25659864575733889876351335	(51,5)
-1.25605918601425891375715288	(51,6)
-1.25515880457749384753559646	(51,7)
-1.25378499197215621734017069	(51,8)
-1.25182644910389327039869351	(51,9)
-1.2491807546896654421460767	(51,10)
-1.24576190173807151655834861	(51,11)
-1.24150719374887627751069598	(51,12)
-1.2363829982769452497274706	(51,13)
-1.23038892241166570067680629	(51,14)
-1.22356009942112317151864525	(51,15)
-1.21596744276681480945079804	(51,16)
-1.2077159069793327472865973	(51,17)
-1.19894096480956932735171572	(51,18)
-1.18980364103494013528078674	(51,19)
-1.18048451990164280129566151	(51,20)
-1.17117716257255204491328674	(51,21)
-1.16208134124725314992174972	(51,22)
-1.15339643275385391172194368	(51,23)
-1.14531523332563873174057101	(51,24)
-1.138018373075147473295278	(51,25)
-1.13166943442100994280121818	(51,26)
-1.12641081979446375585870828	(51,27)
-1.12236037256956096088727638	(51,28)
-1.11960873046182353604399654	(51,29)
-1.1182173799264562366702116	(51,30)
-1.23257860413602153882339623	(52,1)
-1.2325728101726137404839371	(52,2)
-1.23253374066948670136707558	(52,3)
-1.23240795142928767452111008	(52,4)
-1.23211903802474938612796552	(52,5)
-1.23157204193750397118620837	(52,6)
-1.23065912142096760532817308	(52,7)
-1.22926627126901310683953969	(52,8)
-1.2272807851521361415354752	(52,9)
-1.22459906063798968277357084	(52,10)
-1.22113426740895738903680161	(52,11)
-1.21682335379311424124875155	(52,12)
-1.21163287396352405447708626	(52,13)
-1.20556318849399334348391279	(52,14)
-1.19865072195096003193846063	(52,15)
-1.19096813611472717054136704	(52,16)
-1.18262246854140122963003312	(52,17)
-1.1737514620136905748710485	(52,18)
-1.16451844416066297280337969	(52,19)
-1.15510619243446651551497135	(52,20)
-1.14571023543690221269034887	(52,21)
-1.13653200654920209975466207	(52,22)
-1.12777219613846102501527712	(52,23)
-1.11962456229855502451290394	(52,24)
-1.11227037289905278848516811	(52,25)
-1.10587357496619344782148191	(52,26)
-1.10057672741596739009722995	(52,27)
-1.09649769185259617190061725	(52,28)
-1.09372705234133162476162463	(52,29)
-1.0923262257500135746764307	(52,30)
-1.21127405323442467698724053	(53,1)
-1.21126818800895690099431904	(53,2)
-1.21122863802316467048998278	(53,3)
-1.21110130236786248901235575	(53,4)
-1.21080884038309950518129241	(53,5)
-1.21025513814669496104631241	(53,6)
-1.2093310611572006477387658	(53,7)
-1.20792127576767027735252931	(53,8)
-1.20591182828175189919124431	(53,9)
-1.2031980733138053559560715	(53,10)
-1.1996924599058408078654205	(53,11)
-1.19533163637662979392817788	(53,12)
-1.19008234239689826920692841	(53,13)
-1.18394563031124452738827307	(53,14)
-1.17695909453189772759064736	(53,15)
-1.16919697004271379639251933	(53,16)
-1.16076815929299545535507987	(53,17)
-1.15181242789166470911638561	(53,18)
-1.14249514560972880514484109	(53,19)
-1.13300102429874555184034406	(53,20)
-1.12352731672619956974870712	(53,21)
-1.11427690034868094394310234	(53,22)
-1.10545159507161077173131304	(53,23)
-1.09724597304060394858765346	(53,24)
-1.08984182781711386783053492	(53,25)
-1.08340339140632516995683043	(53,26)
-1.07807332674315992538801157	(53,27)
-1.07396948209537385368087913	(53,28)
-1.07118237090444351288328273	(53,29)
-1.0697733325562950581833494	(53,30)
-1.19297179848169486935989425	(54,1)
-1.19296587084375150046177693	(54,2)
-1.19292590004477550911292328	(54,3)
-1.19279721003462594071765109	(54,4)
-1.19250164028711547245847802	(54,5)
-1.19194206532226617906906928	(54,6)
-1.19100821939576762200939602	(54,7)
-1.18958360751068910173688688	(54,8)
-1.18755318745820345251662305	(54,9)
-1.18481140690236975525999833	(54,10)
-1.18127009327008125641234704	(54,11)
-1.17686564479932414214225542	(54,12)
-1.17156497890072026639024974	(54,13)
-1.16536977042691200705265907	(54,14)
-1.15831865450961990566007815	(54,15)
-1.15048725740371087124616461	(54,16)
-1.14198612337498021987605483	(54,17)
-1.13295679145713386463420767	(54,18)
-1.12356641399098222774127524	(54,19)
-1.1140013830963296020753684	(54,20)
-1.10446044045545191023116976	(54,21)
-1.09514770133065729401183107	(54,22)
-1.08626594404102079254124803	(54,23)
-1.07801042099098307081814359	(54,24)
-1.07056335361172963746443413	(54,25)
-1.06408919288908086290926668	(54,26)
-1.05873066561710596729821615	(54,27)
-1.0546055855820082967454492	(54,28)
-1.05180438675495529952495696	(54,29)
-1.0503883287007014578809702	(54,30)
-1.17753120782094592661881755	(55,1)
-1.17752522664787053682177615	(55,2)
-1.17748489489182975640140141	(55,3)
-1.17735504318152877229037703	(55,4)
-1.17705680781676464202436129	(55,5)
-1.17649219591652759599826537	(55,6)
-1.17554997213641799333641639	(55,7)
-1.17411264692499788432246723	(55,8)
-1.17206424738487285949483149	(55,9)
-1.16929844814736031250793038	(55,10)
-1.16572655066062255316476359	(55,11)
-1.16128474823722941724637213	(55,12)
-1.15594012228203682162063754	(55,13)
-1.14969489414891616762998966	(55,14)
-1.14258860378272976095452511	(55,15)
-1.13469808084605087977272227	(55,16)
-1.12613528416730866801570606	(55,17)
-1.11704327514425400348733537	(55,18)
-1.10759073046604846057884112	(55,19)
-1.09796547289557952998150952	(55,20)
-1.08836750523274365171691673	(55,21)
-1.07900198417139341720049761	(55,22)
-1.07007248694627350358734042	(55,23)
-1.06177482497794323615804064	(55,24)
-1.05429156241241165072857576	(55,25)
-1.04778731527155344444250327	(55,26)
-1.04240484487943294086311637	(55,27)
-1.03826191853137714300164865	(55,28)
-1.03544888898358629061577719	(55,29)
-1.0340269384838118536651818	(55,30)
-1.16483532903259203944017819	(56,1)
-1.16482930322222204272533035	(56,2)
-1.16478867050294529292291787	(56,3)
-1.16465785018485171763222348	(56,4)
-1.16435739232059671285667698	(56,5)
-1.16378858099337530903570508	(56,6)
-1.16283937294205308495685696	(56,7)
-1.16139145051641134710248753	(56,8)
-1.15932806696754755759207874	(56,9)
-1.15654225590275985024229271	(56,10)
-1.15294488538696275172493158	(56,11)
-1.14847198472925699883162472	(56,12)
-1.14309078031829232551463642	(56,13)
-1.13680395812089708189032723	(56,14)
-1.12965182113142861999043665	(56,15)
-1.12171220950236435953524734	(56,16)
-1.1130982659048678968630308	(56,17)
-1.10395432181505780958998938	(56,18)
-1.09445032147130916226331741	(56,19)
-1.08477527282264424986880968	(56,20)
-1.07513021869480085692281349	(56,21)
-1.0657211696181838284587919	(56,22)
-1.05675235246556808004028402	(56,23)
-1.04842002738562546520579489	(56,24)
-1.04090702707750981191516439	(56,25)
-1.03437808906444497801576252	(56,26)
-1.02897598918622801772612052	(56,27)
-1.02481844406807167672701615	(56,28)
-1.02199572957664947925910935	(56,29)
-1.0205689572782754707797621	(56,30)
-1.15478916771233116401731505	(57,1)
-1.15478310617735643283020901	(57,2)
-1.15474223258841184190568162	(57,3)
-1.15461063707112539366780598	(57,4)
-1.15430840052331402885955155	(57,5)
-1.15373622849213971607512239	(57,6)
-1.15278143146826247736200756	(57,7)
-1.15132502981601279777996083	(57,8)
-1.1492496588782501786539188	(57,9)
-1.14644784157210128114641336	(57,10)
-1.14283010254572042400409053	(57,11)
-1.13833234439954431916398009	(57,12)
-1.1329219150159944108141528	(57,13)
-1.126601878115625030932921	(57,14)
-1.11941315306708642357788264	(57,15)
-1.11143439340558543835590216	(57,16)
-1.10277969211970426597418611	(57,17)
-1.09359439759835246557489393	(57,18)
-1.08404946620228798892790464	(57,19)
-1.074334849297551540004226	(57,20)
-1.0646524144512946159913402	(57,21)
-1.05520884595524156218607411	(57,22)
-1.04620887973120839011603568	(57,23)
-1.03784912362686279282153932	(57,24)
-1.03031261397959144021775927	(57,25)
-1.0237641749994355450468856	(57,26)
-1.01834658480320011329723297	(57,27)
-1.01417751168360225181919859	(57,28)
-1.01134716398334150988896012	(57,29)
-1.0099165926472740718453023	(57,30)
-1.1473183074691967472495361	(58,1)
-1.14731221913278551065859599	(58,2)
-1.14727116483806102123876653	(58,3)
-1.14713898775259755983111296	(58,4)
-1.14683541682500443747099098	(58,5)
-1.14626072364898533978101004	(58,6)
-1.1453017340927599745439852	(58,7)
-1.14383897233676032544484083	(58,8)
-1.14175461099795507833656767	(58,9)
-1.1389407912428632078515005	(58,10)
-1.13530778210462103750024434	(58,11)
-1.13079139380360704011347427	(58,12)
-1.12535906858250013883637244	(58,13)
-1.11901415703470152974625978	(58,14)
-1.11179804427981700643657662	(58,15)
-1.10378999679326795143087578	(58,16)
-1.09510482216702273995959233	(58,17)
-1.08588863192650629401339071	(58,18)
-1.07631314034860259363249386	(58,19)
-1.06656900353705474288178366	(58,20)
-1.05685870330358591739429442	(58,21)
-1.04738942377197124110316185	(58,22)
-1.03836627638310322920274953	(58,23)
-1.0299861231416995645118513	(58,24)
-1.02243214655664612025422358	(58,25)
-1.01586922971073963322351105	(58,26)
-1.01044014698319489231405911	(58,27)
-1.00626252587575401202103965	(58,28)
-1.00342652058949783015698016	(58,29)
-1.0019931342330103497608023	(58,30)
-1.1423678412134016686953816	(59,1)
-1.14236173500578630400192708	(59,2)
-1.14232056021654742962868639	(59,3)
-1.14218799534342236040854976	(59,4)
-1.14188353466566235479786571	(59,5)
-1.14130716045411147470568108	(59,6)
-1.14034537553063742021471966	(59,7)
-1.13887837343782992051177362	(59,8)
-1.13678801865203520274152888	(59,9)
-1.13396619845161162955607724	(59,10)
-1.13032301239721584817957811	(59,11)
-1.12579421039573985208746404	(59,12)
-1.12034729914935611314209888	(59,13)
-1.11398582220138896166464991	(59,14)
-1.10675147682745463787002208	(59,15)
-1.09872393950922324290101937	(59,16)
-1.0900184951195644608726695	(59,17)
-1.0807817641409879281235025	(59,18)
-1.07118596554742088243678711	(59,19)
-1.06142222389939465286119448	(59,20)
-1.05169342842878467007191391	(59,21)
-1.04220709384603790379466452	(59,22)
-1.0331685789364896045664603	(59,23)
-1.02477491197970471938037522	(59,24)
-1.0172093698025912065217128	(59,25)
-1.01063687180872618025160241	(59,26)
-1.00520018729312259756175536	(59,27)
-1.001016914403463971408219	(59,28)
-0.99817716958372917147376862	(59,29)
-0.9967419229259200264304434	(59,30)
-1.13990158965033038101650205	(60,1)
-1.13989547450608274491325314	(60,2)
-1.13985423946268345471218279	(60,3)
-1.1397214806740174303267334	(60,4)
-1.13941657507428494049544907	(60,5)
-1.13883936026751215621807965	(60,6)
-1.13787617756394986181367391	(60,7)
-1.13640705523390238418002638	(60,8)
-1.13431370378787752213614254	(60,9)
-1.13148788374559917110619707	(60,10)
-1.12783961021476284415661866	(60,11)
-1.12330460332960291656756156	(60,12)
-1.11785040248979461513580865	(60,13)
-1.11148064822547866843256218	(60,14)
-1.10423719438745079931177657	(60,15)
-1.09619992287371595770017426	(60,16)
-1.08748435745924946205305634	(60,17)
-1.07823737316175382827172695	(60,18)
-1.06863144112545431668171019	(60,19)
-1.05885791972416513218045103	(60,20)
-1.04911990127236510767858124	(60,21)
-1.03962506497928416538607284	(60,22)
-1.03057889239865007018303397	(60,23)
-1.02217849399612708806999977	(60,24)
-1.01460719281736826875561105	(60,25)
-1.00802992554752785146289861	(60,26)
-1.00258945816194181374815288	(60,27)
-0.99840337348380910384048189	(60,28)
-0.99556176858045463750243253	(60,29)
-0.994125596698479532560713	(60,30)