mdd13_(sigma,mu)
0.67942513795838	(1,1)
0.67940171726115	(1,2)
0.6792437792105	(1,3)
0.67873517077381	(1,4)
0.67756637910081	(1,5)
0.67535116418204	(1,6)
0.67164715822999	(1,7)
0.66597932365418	(1,8)
0.65786513690077	(1,9)
0.64684043861628	(1,10)
0.63248502869431	(1,11)
0.6144472451584	(1,12)
0.59246690495525	(1,13)
0.56639606720397	(1,14)
0.53621708584683	(1,15)
0.50205735036167	(1,16)
0.46419999332635	(1,17)
0.42308971361385	(1,18)
0.379332776425776	(1,19)
0.333690260091613	(1,20)
0.28706376885477	(1,21)
0.240473145571515	(1,22)
0.195026196681059	(1,23)
0.151881052875839	(1,24)
0.112202474153403	(1,25)
0.077114088381109	(1,26)
0.0476491393552758	(1,27)
0.0247027279500432	(1,28)
0.0089886890469194	(1,29)
0.00100411588855113	(1,30)
0.739126202582967174	(2,1)
0.73910059396494508	(2,2)
0.738927901893206243	(2,3)
0.738371784308949232	(2,4)
0.737093834665988862	(2,5)
0.734671804596814844	(2,6)
0.730622199284308223	(2,7)
0.724426041710567307	(2,8)
0.7155565652176556	(2,9)
0.703507660728235183	(2,10)
0.687822042272189429	(2,11)
0.668118258757917739	(2,12)
0.644115826666327918	(2,13)
0.615657851170554621	(2,14)
0.58273052186020422	(2,15)
0.54547881464035594	(2,16)
0.504217626400998907	(2,17)
0.459437455277182157	(2,18)
0.411803669641790435	(2,19)
0.362148437586623773	(2,20)
0.311454560012849487	(2,21)
0.2608307892312282089	(2,22)
0.2114787188091821194	(2,23)
0.1646519669742569894	(2,24)
0.1216090849756292701	(2,25)
0.0835623222918317775	(2,26)
0.0516249813767957203	(2,27)
0.02676050801309090909	(2,28)
0.00973661840971258481	(2,29)
0.001087618525423430812	(2,30)
0.85237520286659686609	(3,1)
0.85234544686226548809	(3,2)
0.85214478730730334194	(3,3)
0.85149861208245755823	(3,4)
0.85001374379101758476	(3,5)
0.84719967563704563599	(3,6)
0.84249494882129113387	(3,7)
0.83529728605164324384	(3,8)
0.82499603623633273398	(3,9)
0.81100554072801734428	(3,10)
0.79279816756246854012	(3,11)
0.76993593205628537283	(3,12)
0.74209978342209960861	(3,13)
0.70911574944990750804	(3,14)
0.67097717299147453951	(3,15)
0.62786224486329346255	(3,16)
0.58014596047777536814	(3,17)
0.52840554390188906432	(3,18)
0.47341834672567532032	(3,19)
0.41615129504852730749	(3,20)
0.35774117093840974424	(3,21)
0.29946539926722168325	(3,22)
0.24270356325005519393	(3,23)
0.188890557616771823006	(3,24)
0.139463043486474706387	(3,25)
0.095801608401328387417	(3,26)
0.05917166307959210123	(3,27)
0.030666531408772004577	(3,28)
0.0111563380079489039898	(3,29)
0.0012461243688710064307	(3,30)
1.007809515363107965961	(4,1)
1.00777407440035987563	(4,2)
1.00753507888420056743	(4,3)
1.006765458475056073413	(4,4)
1.004996958480169890789	(4,5)
1.001645504101981912334	(4,6)
0.996042758144779497622	(4,7)
0.987472237469782421297	(4,8)
0.97520826324762070704	(4,9)
0.958556060143610125953	(4,10)
0.936891454706906371841	(4,11)
0.90969880620425700445	(4,12)
0.87660598466566138605	(4,13)
0.837415349963682586535	(4,14)
0.792129758337318946778	(4,15)
0.740972627492713548617	(4,16)
0.684401050622360969744	(4,17)
0.623110905901011608769	(4,18)
0.558032916050746192931	(4,19)
0.490318728653817989182	(4,20)
0.421316357692741644284	(4,21)
0.3525347744259382039225	(4,22)
0.285598055814181837995	(4,23)
0.222190253231147239705	(4,24)
0.1639929645897960779758	(4,25)
0.1126183879940565951507	(4,26)
0.069541302643217209658	(4,27)
0.0360338651767033324971	(4,28)
0.0131072484139168875241	(4,29)
0.00146393826686160598689	(4,30)
1.1905656826877144626605	(5,1)
1.1905235710486327503336	(5,2)
1.1902395924513513332855	(5,3)
1.1893251222182224045181	(5,4)
1.1872238086342612053148	(5,5)
1.1832417777847009413336	(5,6)
1.1765852626675948614175	(5,7)
1.1664037285651159817034	(5,8)
1.1518364413626341394115	(5,9)
1.1320604490514355567032	(5,10)
1.1063380820520875493961	(5,11)
1.0740622750306445328757	(5,12)
1.0347982186675959306361	(5,13)
0.9883200198877721763414	(5,14)
0.9346411567025654274997	(5,15)
0.8740375562066270685396	(5,16)
0.8070621236977560265849	(5,17)
0.7345495510116620065686	(5,18)
0.657610289687240794683	(5,19)
0.5776127477157618061444	(5,20)
0.4961531043438999694784	(5,21)
0.4150126597189839389357	(5,22)
0.3361033377242323205392	(5,23)
0.26140279892955504321917	(5,24)
0.19288152150698863411516	(5,25)
0.13242507235491610377667	(5,26)
0.08175550849893202154156	(5,27)
0.04235631478234085659979	(5,28)
0.015405413656628363209161	(5,29)
0.001720527363638642664839	(5,30)
1.38443801414820133979093	(6,1)
1.38438884757578099758305	(6,2)
1.38405729465240572842966	(6,3)
1.38298963001978517156743	(6,4)
1.38053632696890749738838	(6,5)
1.3758873759700167234348	(6,6)
1.36811632359043002077229	(6,7)
1.35623079235473519002746	(6,8)
1.33922708130537260831095	(6,9)
1.31614645516837178418344	(6,10)
1.28613086789245601212134	(6,11)
1.24847607999249766496942	(6,12)
1.20268036139553363468874	(6,13)
1.1484871738314543491881	(6,14)
1.08592036958576119177243	(6,15)
1.01531052238719506453314	(6,16)
0.93731104395941750018264	(6,17)
0.85290278182360285963503	(6,18)
0.76338589976366611637042	(6,19)
0.67035807301395143979184	(6,20)
0.57567843464602336833936	(6,21)
0.48141731208350659984678	(6,22)
0.38979258367603319409198	(6,23)
0.30309441785105428798133	(6,24)
0.22360114972082381889512	(6,25)
0.153489994423006080705694	(6,26)
0.09474707339188573310447	(6,27)
0.049081725105015899088505	(6,28)
0.017850194649802187878445	(6,29)
0.0019934940899392822036287	(6,30)
1.57410521699850644839819	(7,1)
1.57404917915170415652352	(7,2)
1.57367129032734472952026	(7,3)
1.57245441841048996663284	(7,4)
1.56965828263990216123026	(7,5)
1.56435974446872876676979	(7,6)
1.55550307313437991431502	(7,7)
1.54195764141280089562292	(7,8)
1.52258031392128792232908	(7,9)
1.49627978649617139717926	(7,10)
1.46208027857392580726064	(7,11)
1.41918221287707952616142	(7,12)
1.36701777592784295505281	(7,13)
1.30529948598420774311583	(7,14)
1.23406006915139684283308	(7,15)
1.15368205423546736581613	(7,16)
1.06491556591847628229598	(7,17)
0.96888287226574563245289	(7,18)
0.86706838968497121896015	(7,19)
0.76129313115140466420207	(7,20)
0.653673053522324508317613	(7,21)
0.546561442050149307978912	(7,22)
0.442476353175944764862877	(7,23)
0.344015168223487659089281	(7,24)
0.253759400991033531300511	(7,25)
0.17417393388145237031794	(7,26)
0.107505700072373238393527	(7,27)
0.055687359506685427927398	(7,28)
0.0202516358041220924633209	(7,29)
0.0022616331224155163625408	(7,30)
1.747053584430963809249923	(8,1)
1.746991321153225275926211	(8,2)
1.746571451539112004619255	(8,3)
1.745219395342317143481479	(8,4)
1.742112641717655564451492	(8,5)
1.736225534137520501245909	(8,6)
1.7263851557794502342479	(8,7)
1.71133549213667858781078	(8,8)
1.689806828225933057070953	(8,9)
1.660587327079787839596013	(8,10)
1.622593888803598559217302	(8,11)
1.574939642131029446640031	(8,12)
1.516995705569147466880849	(8,13)
1.448445115114358017943218	(8,14)
1.369327014272688190171277	(8,15)
1.28006933350174014351881	(8,16)
1.181508275408346443498671	(8,17)
1.074893021033246085608995	(8,18)
0.961874249518456374688563	(8,19)
0.844475388220664971074435	(8,20)
0.725046038266243974458791	(8,21)
0.606197777789605500837467	(8,22)
0.490723518040212689156373	(8,23)
0.381502718608801015628804	(8,24)
0.28139595899580536048525	(8,25)
0.1931334865068707264828404	(8,26)
0.1192032737594498526794186	(8,27)
0.0617446888696878437708993	(8,28)
0.0224540015451971493584853	(8,29)
0.0025075584426301249590283	(8,30)
1.894904290803141109993211	(9,1)
1.894836754105922560415697	(9,2)
1.894381323426906176462341	(9,3)
1.89291475418788671881116	(9,4)
1.889544872745394032308017	(9,5)
1.883159154698350004504094	(9,6)
1.872485344170870515881952	(9,7)
1.856161051888269533063492	(9,8)
1.832809031958075764987165	(9,9)
1.801114825732456714960756	(9,10)
1.759903626653783476523692	(9,11)
1.708213493906388334505992	(9,12)
1.645362351637726981190139	(9,13)
1.571006491764680670555791	(9,14)
1.485188513104808071551405	(9,15)
1.388372771223014522165969	(9,16)
1.281466509631929639025926	(9,17)
1.165824950547830795882677	(9,18)
1.043238816520092164251557	(9,19)
0.915903108712600309301188	(9,20)
0.786366543183773522024468	(9,21)
0.657461870937090718657561	(9,22)
0.5322183651980999969294728	(9,23)
0.4137589870336861019373803	(9,24)
0.3051860309556520467638623	(9,25)
0.2094602664754686095861798	(9,26)
0.1292795769744130669905738	(9,27)
0.06696370934582882488053	(9,28)
0.02435187289828839877949791	(9,29)
0.00271949980088229657511456	(9,30)
2.013980508214107944424647	(10,1)
2.013908778163905076424296	(10,2)
2.013425069683177307343924	(10,3)
2.011867439447963430822948	(10,4)
2.008288310301164396536442	(10,5)
2.001506050827672501990874	(10,6)
1.990169328963082802175648	(10,7)
1.972830984278716003746195	(10,8)
1.948027915190020359975135	(10,9)
1.914363470771948488803144	(10,10)
1.87058901852981114951111	(10,11)
1.815681654922993204165816	(10,12)
1.748915355263810954494441	(10,13)
1.669923156154171367486952	(10,14)
1.578748185310541905940741	(10,15)
1.475881494133244158404446	(10,16)
1.3622847386256236374382056	(10,17)
1.2393958566983319077406959	(10,18)
1.1091160857507773058019316	(10,19)
0.973777036263971667695118	(10,20)
0.836087149664378007693601	(10,21)
0.699057751474372959929046	(10,22)
0.565910046075404297240325	(10,23)
0.4399657180232369449267786	(10,24)
0.3245251905182556469223669	(10,25)
0.2227388942634491975215331	(10,26)
0.1374779555564113867818696	(10,27)
0.07121136684958449512907776	(10,28)
0.02589683542549132392958479	(10,29)
0.0028920488995045215923902	(10,30)
2.1051004630276897661533407	(11,1)
2.1050255764993165486110019	(11,2)
2.104520582246530155096563	(11,3)
2.1028944055633267761960354	(11,4)
2.0991577565339381451983951	(11,5)
2.0920769534347642280332532	(11,6)
2.0802410570281718821990732	(11,7)
2.0621389118205036192867982	(11,8)
2.0362424384045658648405039	(11,9)
2.0010925239539427742613866	(11,10)
1.9553840577112357878300533	(11,11)
1.898046974608606754335739	(11,12)
1.8283205175621674858636301	(11,13)
1.7458182350390761687003951	(11,14)
1.650581451243642637774191	(11,15)
1.5431190760993946853973795	(11,16)
1.4244316959454066256463689	(11,17)
1.2960179723623785318974098	(11,18)
1.1598615646641673539168676	(11,19)
1.0183971710606963629447183	(11,20)
0.8744549240670261352314991	(11,21)
0.7311833085860640231641336	(11,22)
0.591951976148760130444362	(11,23)
0.4602372305347203450879131	(11,24)
0.3394944329633685671593027	(11,25)
0.23302295849384497981773133	(11,26)
0.1438304547827700040886235	(11,27)
0.07450384706990180394358077	(11,28)
0.02709467276429076909892393	(11,29)
0.00302584583093850051707024	(11,30)
2.1727241939331284262231089	(12,1)
2.1726470047097515374180006	(12,2)
2.1721264820928141944218711	(12,3)
2.1704502983787027153952024	(12,4)
2.1665987265563730659106024	(12,5)
2.1593000881424961907088174	(12,6)
2.1470998914296029336204999	(12,7)
2.1284401453464939097373722	(12,8)
2.1017450832105457474523179	(12,9)
2.065509545348973647252713	(12,10)
2.0183864874900217791591148	(12,11)
1.9592704170780570666736244	(12,12)
1.8873739211708890637067162	(12,13)
1.8022947604759361516949364	(12,14)
1.7040712184292828045104013	(12,15)
1.5932235075549603265478027	(12,16)
1.4707790867696924030705167	(12,17)
1.3382798083394367321459351	(12,18)
1.1977689883964591126399145	(12,19)
1.0517568769775279307525017	(12,20)
0.9031636667698717215423526	(12,21)
0.7552401563317557691450425	(12,22)
0.6114674503902849519493968	(12,23)
0.4754385547916822669080472	(12,24)
0.35072627233706224322888861	(12,25)
0.24074325755861326784303359	(12,26)
0.14860126018176265280273105	(12,27)
0.0769773090978408764257743	(12,28)
0.02799473112157053450056311	(12,29)
0.00312639177720657272031545	(12,30)
2.2236856853774905900597868	(13,1)
2.2236067716567403205476496	(13,2)
2.2230746197499999465297657	(13,3)
2.2213609850219910006994478	(13,4)
2.2174233432987381023693899	(13,5)
2.2099615504851145861205965	(13,6)
2.1974884722494007969857159	(13,7)
2.1784109851590692810555175	(13,8)
2.1511175020886841266911157	(13,9)
2.1140682003011592076332031	(13,10)
2.0658843641857368371258354	(13,11)
2.0054336054578321993900367	(13,12)
1.9319080956998380063010147	(13,13)
1.8448932588557306536248174	(13,14)
1.7444245772640018588621845	(13,15)
1.6310302609796709459180319	(13,16)
1.5057575598832151227698669	(13,17)
1.3701805432648431981222221	(13,18)
1.2263873357566710033691128	(13,19)
1.0769451843110607367030916	(13,20)
0.92484241607985011921408305	(13,21)
0.77340736350102160482754637	(13,22)
0.62620565361589239341303078	(13,23)
0.48691879460852165797868183	(13,24)
0.35920860091138027720856755	(13,25)
0.24657350022588885489271349	(13,26)
0.15220397172100890883918279	(13,27)
0.0788451013365919412990078	(13,28)
0.02867437685165130775837174	(13,29)
0.00320231423237524447126499	(13,30)
2.2657887512996560013390618	(14,1)
2.2657083763555988397879199	(14,2)
2.2651663706360210785102472	(14,3)
2.2634210034365277031728585	(14,4)
2.2594104387259851007766832	(14,5)
2.2518104302923245682043331	(14,6)
2.2391062325509622396789988	(14,7)
2.2196750595034307384767562	(14,8)
2.1918751756661979895718083	(14,9)
2.1541377347648146021617696	(14,10)
2.1050577257787435615187475	(14,11)
2.0434807471738083147501169	(14,12)
1.9685827092220647255457832	(14,13)
1.8799398778639934346563991	(14,14)
1.7775868733190337562224242	(14,15)
1.6620603210594315576213448	(14,16)
1.53442586900333228435159133	(14,17)
1.39628631999650426921780165	(14,18)
1.24976879181268469435845993	(14,19)
1.09748921468160290420279211	(14,20)
0.94249318776126553937246686	(14,21)
0.78817327095175884331896783	(14,22)
0.63816415487113368874612751	(14,23)
0.49621873361341115286607499	(14,24)
0.36606975189250986285511288	(14,25)
0.25128322577404320591558643	(14,26)
0.15511105162517581036390567	(14,27)
0.080350948257607391040873463	(14,28)
0.029221994920071256530682783	(14,29)
0.003263469624109929754162573	(14,30)
2.30652942829604465447044654	(15,1)
2.3064475501282895709543811	(15,2)
2.30589540754728994365170698	(15,3)
2.30411739852882842438676607	(15,4)
2.30003183359020063906385023	(15,5)
2.29228972012482018644215225	(15,6)
2.27934803846839171896810836	(15,7)
2.25955377658853691899879934	(15,8)
2.23123473516521531264520058	(15,9)
2.19279314490486300028791409	(15,10)
2.14279838330710775260707332	(15,11)
2.08007544271891437603084238	(15,12)
2.00378618386047806468076771	(15,13)
1.91350072443781591009700502	(15,14)
1.8092565125111759107660285	(15,15)
1.69160271879341088922499729	(15,16)
1.56162760091717513430326783	(15,17)
1.42096653644292840704418976	(15,18)
1.27178860179552702817644297	(15,19)
1.11675999915585841859315203	(15,20)
0.95898338002176386682212364	(15,21)
0.80191320825284090896852793	(15,22)
0.64924870837424554908930902	(15,23)
0.50480755373089619570977304	(15,24)
0.37238510798872625965752738	(15,25)
0.25560555535512309506590035	(15,26)
0.157772448334021865809850159	(15,27)
0.081726899057210265838726494	(15,28)
0.029721721263459874463711179	(15,29)
0.00331923969227844689080675	(15,30)
2.35213942872099284578943616	(16,1)
2.3520557469778767465364556	(16,2)
2.35149144238287857447520298	(16,3)
2.3496742732092460073022279	(16,4)
2.34549874768350822323837862	(16,5)
2.33758624696032805960881016	(16,6)
2.3243600021663522124129389	(16,7)
2.30413112052136303681438988	(16,8)
2.27519158396380274544017937	(16,9)
2.23591015989911390923344441	(16,10)
2.18482739886224342389658198	(16,11)
2.1207462528037090478733477	(16,12)
2.04281522941252244565565523	(16,13)
1.95060131820201948201352901	(16,14)
1.84415013521745847491344329	(16,15)
1.7240308359819149041442701	(16,16)
1.59136339165460305047954109	(16,17)
1.44782590239224929111753741	(16,18)
1.29563984558600453384184839	(16,19)
1.13753162981310094233502689	(16,20)
0.97666962011030799824977802	(16,21)
0.8165769349105278716181119	(16,22)
0.66102174338192759695151411	(16,23)
0.51388840458182267969062529	(16,24)
0.37903442798055850385053054	(16,25)
0.260139713128277899158846525	(16,26)
0.160555659925770237787871081	(16,27)
0.083162373179499459845111142	(16,28)
0.030242208559142577028187501	(16,29)
0.003377278183066154054532437	(16,30)
2.40704590163964349493691351	(17,1)
2.40695992618483819520449615	(17,2)
2.4063801546875202227732471	(17,3)
2.40451318685353039053497002	(17,4)
2.40022327775313559053139547	(17,5)
2.39209419436523417575034661	(17,6)
2.378506417387041397652839	(17,7)
2.357725798429764631918632	(17,8)
2.32799948152197206486456193	(17,9)
2.28765488481463903831106374	(17,10)
2.23519774858122913102241784	(17,11)
2.16940559780056684175124641	(17,12)
2.08941334440204489723291684	(17,13)
1.99478808417554220618752768	(17,14)
1.88559038022995626201733477	(17,15)
1.76241946985281737784790098	(17,16)
1.62643993440553248525258682	(17,17)
1.47938752033673329519154342	(17,18)
1.32355209899204362580666135	(17,19)
1.16173630055557743414796883	(17,20)
0.9971892155343407992172563	(17,21)
0.83351573374060876628795251	(17,22)
0.67456353053634054904094751	(17,23)
0.5242912985681517589595809	(17,24)
0.38662340193843323208761013	(17,25)
0.265297520325239968306075354	(17,26)
0.16371288148555098093480197	(17,27)
0.084787212112127608822627805	(17,28)
0.030830479893676641092489302	(17,29)
0.003442825418797434427698631	(17,30)
2.4737401114002562539604917	(18,1)
2.47365123685584211769708898	(18,2)
2.4730519164999030552542416	(18,3)
2.47112200989307405132782605	(18,4)
2.46668755004037345028288471	(18,5)
2.4582848189698829126129	(18,6)
2.44424041662942654340840334	(18,7)
2.42276333168244843754600673	(18,8)
2.39204467623880648575980329	(18,9)
2.35036068608010729333034562	(18,10)
2.29617475570454510642704529	(18,11)
2.22823459011015252015498471	(18,12)
2.14566092244144128469901085	(18,13)
2.04802459234628004229563156	(18,14)
1.93540906062811750601380371	(18,15)
1.80845565204690023692715269	(18,16)
1.66838901541372120831518606	(18,17)
1.51702054837768699504559376	(18,18)
1.35672794771312137591343812	(18,19)
1.19040969758474915005489693	(18,20)
1.02141424576817407022358612	(18,21)
0.85344483564089921657936885	(18,22)
0.690442395072130282297468699	(18,23)
0.536450414250718951628544893	(18,24)
0.395467219434228185977900693	(18,25)
0.27129230340785118379896622	(18,26)
0.167374254768898251969143385	(18,27)
0.086668221185380832218111433	(18,28)
0.03151068065702730118085619	(18,29)
0.003518569452760536787411945	(18,30)
2.55296793885573353145311433	(19,1)
2.55287551255051964174546223	(19,2)
2.55225224250777485643475406	(19,3)
2.55024523076029859344761476	(19,4)
2.54563369814202405347752322	(19,5)
2.53689580467179980569861165	(19,6)
2.52229228270998154844534327	(19,7)
2.4999627723904571378179301	(19,8)
2.46803033921571311159734317	(19,9)
2.42470952511611741068397149	(19,10)
2.36841338977256588685423302	(19,11)
2.29785526741874157985591501	(19,12)
2.21214131685287201757107433	(19,13)
2.11085031134620939167070718	(19,14)
1.99409746085861070563543948	(19,15)
1.86257938010957809170159005	(19,16)
1.71759765018221959761210084	(19,17)
1.56105883481054051053511613	(19,18)
1.39544938144348959284085881	(19,19)
1.22378462416032933170358228	(19,20)
1.04953213787186454281391714	(19,21)
0.876510948837053286702290941	(19,22)
0.708769510692747366683245686	(19,23)
0.550446789718011323249343442	(19,24)
0.405622124716195891790412567	(19,25)
0.278160590907410997293026637	(19,26)
0.171561279971893323828403648	(19,27)
0.088816124774535173864122152	(19,28)
0.032286609903697738954156272	(19,29)
0.003604928875557389474698497	(19,30)
2.64411474202816664485217339	(20,1)
2.64401811757153636047159246	(20,2)
2.64336653940592551597976999	(20,3)
2.6412683931259081746929587	(20,4)
2.63644758316177920284388646	(20,5)
2.62731362435357134317682355	(20,6)
2.61204954100757351131572456	(20,7)
2.58871332757925342954427369	(20,8)
2.55534823319003545776510679	(20,9)
2.51009691277516711172200143	(20,10)
2.45131450895773723610850982	(20,11)
2.3776759368602530914825155	(20,12)
2.28827297637100703973531187	(20,13)
2.18269717714646163915662807	(20,14)
2.06110501621301656354170058	(20,15)
1.92426221161183143487275023	(20,16)
1.77356461333243556534514636	(20,17)
1.61103371090130587718330777	(20,18)
1.439285565706164428544264552	(20,19)
1.261472930022406939128569261	(20,20)
1.081201455199015801382048516	(20,21)
0.902422177004839067873786521	(20,22)
0.729303813004346546915295339	(20,23)
0.566089700556946053532137296	(20,24)
0.416945318403988415591715227	(20,25)
0.28580315338611902688264438	(20,26)
0.176212108621653022532000787	(20,27)
0.091198652623325805850204918	(20,28)
0.033146475646478267656868772	(20,29)
0.003700583657414066480526944	(20,30)
2.74565761151147719400541018	(21,1)
2.74555618512561864506467431	(21,2)
2.74487222779167510829302905	(21,3)
2.74266984342807858948209092	(21,4)
2.73760968119297530433456921	(21,5)
2.72802279828746299089673373	(21,6)
2.71200349675848711489214527	(21,7)
2.68751673949669528680986136	(21,8)
2.65251515589475838813201647	(21,9)
2.6050603128854515544860439	(21,10)
2.54344284033184883522778554	(21,11)
2.46629613001219969901284628	(21,12)
2.37269863368842314715290997	(21,13)
2.262260228038682821742531176	(21,14)
2.135188664221666304424652121	(21,15)
1.992332767210716904471309173	(21,16)
1.83519980239060630698154804	(21,17)
1.665945302351173791219923202	(21,18)
1.48733466097109926114972514	(21,19)
1.302676953245576028268885744	(21,20)
1.115732697673665558904733816	(21,21)
0.930598580276515916426376466	(21,22)
0.751573414542353913946807642	(21,23)
0.583010714524065578330794745	(21,24)
0.429164107614192464129440519	(21,25)
0.294032329806823396897772893	(21,26)
0.181210685067141861317926707	(21,27)
0.093755607077857009731373012	(21,28)
0.0340683674090332860242657598	(21,29)
0.0038030859143192141379225651	(21,30)
2.855587752834518198404309676	(22,1)
2.855480983429678286435037265	(22,2)
2.854760998645503561482180312	(22,3)
2.852442634371028112957319203	(22,4)
2.847116175919541710797297987	(22,5)
2.837025450838459310596343696	(22,6)
2.820166226536566502873717616	(22,7)
2.794400358840123732382967146	(22,8)
2.757580418524177200372509832	(22,9)
2.707679046587542593505754397	(22,10)
2.642917068582328705870047412	(22,11)
2.561884431856415108932515042	(22,12)
2.463648303681863455960450386	(22,13)
2.347843163076654145942852835	(22,14)
2.214738413872300336233754459	(22,15)
2.065279922900463445908478265	(22,16)
1.901102928821742935152048801	(22,17)
1.724514955296613563400374208	(22,18)
1.538448668043110069473697235	(22,19)
1.346385992553311878578519488	(22,20)
1.152256190431240176415102109	(22,21)
0.96031189154454532964993462	(22,22)
0.774988201622638277923898619	(22,23)
0.600750861546232374492141349	(22,24)
0.441939958034070231990883776	(22,25)
0.302615842716104243008947392	(22,26)
0.186413714480152396717328728	(22,27)
0.0964128019177328669601412077	(22,28)
0.0350253177785510757084540682	(22,29)
0.0039094247388151472732061528	(22,30)
2.971747086058529572344096775	(23,1)
2.971634502308675163193133401	(23,2)
2.970875312269015189136246946	(23,3)
2.96843074160911003203397396	(23,4)
2.962814526892660881430866981	(23,5)
2.952175650641240097501038756	(23,6)
2.934402867372733464853971104	(23,7)
2.907246301194795040988371059	(23,8)
2.868450529538093733628117104	(23,9)
2.815892921923952633996312029	(23,10)
2.747720621012554476417405588	(23,11)
2.662479469854649308143332694	(23,12)
2.559228425113665603725172481	(23,13)
2.437633555971647134718208376	(23,14)
2.29803660041206642863686619	(23,15)
2.141494205075276895813855123	(23,16)
1.969785364483776891641676929	(23,17)
1.785386134201504324141617704	(23,18)
1.591412336121421084770587888	(23,19)
1.391532602337723203938965121	(23,20)
1.189855607079747533399213397	(23,21)
0.990796605149513368219274827	(23,22)
0.798929336493028155716824362	(23,23)
0.61882990592490850462329577	(23,24)
0.454919381741887394183286368	(23,25)
0.311311600093023456651135965	(23,26)
0.1916720787633741457317944471	(23,27)
0.0990931296579741091690135931	(23,28)
0.0359893207619441279539520547	(23,29)
0.0040164745909936412500151258	(23,30)
3.092060962726789948166082703	(24,1)
3.091942161186901383612078411	(24,2)
3.091141045867406893252166704	(24,3)
3.088561516820098859039834064	(24,4)
3.082635475765840173292096588	(24,5)
3.071410570504151509119892458	(24,6)
3.052661363170209862744683305	(24,7)
3.024019034493484239343466731	(24,8)
2.983113699563331872322878017	(24,9)
2.927722565856804855592728516	(24,10)
2.855916592101238168308307039	(24,11)
2.766198084973692251254040973	(24,12)
2.657621862197033043898714714	(24,13)
2.529893250123540970658970232	(24,14)
2.383437269161503088238003408	(24,15)
2.219434846803808199082394521	(24,16)
2.039823698333674255754536269	(24,17)
1.847263504745528388056517433	(24,18)
1.645067044153364813002344573	(24,19)
1.437100833195374758860526501	(24,20)
1.227660451710828523009987328	(24,21)
1.0213269269944860490916785	(24,22)
0.822811257654054511281960411	(24,23)
0.636794333244462442529615854	(24,24)
0.467769187731829979168096812	(24,25)
0.3198918016694557560645834854	(24,26)
0.1968456698013367044315460116	(24,27)
0.1017242265670304586872969427	(24,28)
0.0369341146838652429057233582	(24,29)
0.0041213058211611794760064694	(24,30)
3.214674913565754713208952041	(25,1)
3.214549551606780534552016967	(25,2)
3.213704201122132858754632352	(25,3)
3.210982282753655957807636906	(25,4)
3.204729382835501940007776381	(25,5)
3.192886334284308865775369072	(25,6)
3.173107493652862008967457851	(25,7)
3.142899158378503239949089428	(25,8)
3.099771835980149862576058452	(25,9)
3.041399001610710217133728163	(25,10)
2.965774186375038999698197999	(25,11)
2.871357856445528963820513897	(25,12)
2.757205684608806536755628263	(25,13)
2.623070551780462726888677658	(25,14)
2.469471954729076199048145149	(25,15)
2.297728373250454467580831409	(25,16)
2.109950428177874346239471318	(25,17)
1.908995143950995449689334823	(25,18)
1.698384083186347332838989979	(25,19)
1.482190308596340772135355986	(25,20)
1.264900841842507562943799608	(25,21)
1.051262381059658844253154811	(25,22)
0.846118440806268761125780286	(25,23)
0.6542458104207819750003393551	(25,24)
0.4801973916288559907379807005	(25,25)
0.3281572391190405024104826578	(25,26)
0.201812188727265611184928689	(25,27)
0.1042430194799322110282600663	(25,28)
0.0378368329018614643654402378	(25,29)
0.0042213688555609456388680003	(25,30)
3.338016290813971947893295849	(26,1)
3.337884077348656635735998286	(26,2)
3.336992529413578031741593137	(26,3)
3.334121910482981425338205707	(26,4)
3.327527694067065190500432827	(26,5)
3.315039275051083938253275494	(26,6)
3.294185783434078452427139945	(26,7)
3.262343779419464581757884996	(26,8)
3.216900154540097432205481979	(26,9)
3.155422224002540680599017099	(26,10)
3.075825946341013526708174268	(26,11)
2.976532639604344682070763548	(26,12)
2.856604649872618957963156412	(26,13)
2.715851279727427328525844815	(26,14)
2.554897921261302628049243478	(26,15)
2.375213669970894557445880708	(26,16)
2.179095523522092545598578007	(26,17)
1.969610308584594320377484664	(26,18)
1.750498401343636735220600236	(26,19)
1.526045792245587014221608039	(26,20)
1.300932831699355908182942375	(26,21)
1.080068919798023547789793151	(26,22)
0.868422431126539436888174779	(26,23)
0.6708543793522398764935174652	(26,24)
0.4919629111610296453137887033	(26,25)
0.3359439264158399091449389143	(26,26)
0.2064712248176658378843769369	(26,27)
0.1065978328559308342563412204	(26,28)
0.0386787685742906252946101347	(26,29)
0.0043145795159841492466390867	(26,30)
3.460804548884317574944860358	(27,1)
3.460665234921254387622120366	(27,2)
3.459725811152660127734355699	(27,3)
3.456701094998742009336571385	(27,4)
3.449753208066089619014485124	(27,5)
3.436596185586194641552268259	(27,6)
3.414629724600795553585642801	(27,7)
3.381096690071182295497681972	(27,8)
3.333257293954013384640057512	(27,9)
3.268571222963576214461253288	(27,10)
3.184877651222611317969847136	(27,11)
3.080562297938700130200012908	(27,12)
2.954700717595395336956769834	(27,13)
2.807168000673902578253780602	(27,14)
2.638707048160953859904633065	(27,15)
2.450950439677258574491630333	(27,16)
2.246394368525534053736880051	(27,17)
2.028326778466962910141124571	(27,18)
1.800715266795780076617211976	(27,19)
1.568063102209672485818341357	(27,20)
1.335243528225071874405773446	(27,21)
1.107323217963254823474940122	(27,22)
0.8893853199167069515698720461	(27,23)
0.6863611516302212805721552832	(27,24)
0.5028775427623721825415668986	(27,25)
0.3431244467829139947957690535	(27,26)
0.2107450804963190758748143484	(27,27)
0.1087488131231903601560065516	(27,28)
0.0394455281539196538167047797	(27,29)
0.0043993361117946845992152359	(27,30)
3.582030952077453144316678505	(28,1)
3.581884322311454370386295268	(28,2)
3.580895571518096297021505308	(28,3)
3.577712093437049601857295334	(28,4)
3.570399865925997791716166641	(28,5)
3.556554205820831079490243803	(28,6)
3.533441826610542986024334211	(28,7)
3.498168665435113317905585214	(28,8)
3.44786596244875493059521213	(28,9)
3.379885098590786281603831436	(28,10)
3.291990030505535114097216524	(28,11)
3.182535150488058214590274049	(28,12)
3.050616364451697506748992958	(28,13)
2.896184336590091549142226762	(28,14)
2.72011123863098003682172963	(28,15)
2.524205799250351507216110131	(28,16)
2.311175609408523341526177673	(28,17)
2.084539989468835613290364911	(28,18)
1.848500695683101455307813084	(28,19)
1.607780819859326176433573708	(28,20)
1.367444047305425547397270261	(28,21)
1.132706825666669360633148786	(28,22)
0.9087550292606755699780500991	(28,23)
0.7005746450082197844193832258	(28,24)
0.5128032541893411826114080905	(28,25)
0.3496060877539331915968116572	(28,26)
0.2145776151979259738110706948	(28,27)
0.110667327264946999484952137	(28,28)
0.0401268119485685876415766591	(28,29)
0.0044744948893705176046025329	(28,30)
3.700923272856386519646359809	(29,1)
3.700769138877258806891781707	(29,2)
3.699729791261914132640340433	(29,3)
3.69638347101236954191648301	(29,4)
3.688697577801723083385759938	(29,5)
3.674145801932475586193533621	(29,6)
3.649858849498997229401150826	(29,7)
3.612803083090204261011955775	(29,8)
3.559979106475854135485993447	(29,9)
3.488629967011291930851969333	(29,10)
3.396446615086962220925593125	(29,11)
3.281756987971803195708144045	(29,12)
3.143684986774893550500531968	(29,13)
2.982266966621235058559858291	(29,14)
2.798516215129429553635487871	(29,15)
2.594430035685654872135036072	(29,16)
2.372939004154996012124646833	(29,17)
2.137803072741728393936004519	(29,18)
1.893463737825522928119943197	(29,19)
1.644864840686697628638194205	(29,20)
1.397256311300795159523135235	(29,21)
1.155995158230676209611441748	(29,22)
0.9263564037285114250385531645	(29,23)
0.71336384900026414943019414	(29,24)
0.5216470562616054077367618507	(29,25)
0.3553273093250658484521753505	(29,26)
0.2179320574965112970443359463	(29,27)
0.1123348257809556048751912098	(29,28)
0.0407159995904483827791958848	(29,29)
0.004539323677076057217762171	(29,30)
3.816905782663298897805153398	(30,1)
3.816743977947633139622129023	(30,2)
3.81565291133174708075008303	(30,3)
3.812140144339806924063273123	(30,4)
3.804072355073125341840624649	(30,5)
3.788799066537711791435750011	(30,6)
3.763312384007412470107210245	(30,7)
3.724436929114299334601699899	(30,8)
3.669041521336227688073500815	(30,9)
3.594261382995458538089199654	(30,10)
3.497717201213064146933257321	(30,11)
3.37771582037927954238834927	(30,12)
3.233417176648287262246577722	(30,13)
3.064953668038376903089388513	(30,14)
2.873491542599586384747394695	(30,15)
2.661228801232639606934367892	(30,16)
2.431329944893549204923819674	(30,17)
2.187803821470855811337210997	(30,18)
1.935335965145161240584351297	(30,19)
1.679090421659189434040185329	(30,20)
1.424497652641269763592661549	(30,21)
1.1770446126863814558988983266	(30,22)
0.942080753672877799926901751	(30,23)
0.7246500626256895532763254684	(30,24)
0.5293549524046902954664519656	(30,25)
0.3602535690802168476726049466	(30,26)
0.220788415127873634826576337	(30,27)
0.1137414952652444116092000263	(30,28)
0.0412096584762105931551868698	(30,29)
0.0045934468984631383578535816	(30,30)
3.929560573448391935034783471	(31,1)
3.92939095005206162630623788	(31,2)
3.928247167567755690515924797	(31,3)
3.924564753043817479734051308	(31,4)
3.916107766681796971390953808	(31,5)
3.900099335249085826724702802	(31,6)
3.873390734977327330808149556	(31,7)
3.832663087244310660710706164	(31,8)
3.774652715962371930020237014	(31,9)
3.696387977092783395654956435	(31,10)
3.595422477005117296989658953	(31,11)
3.470047721610423535010461628	(31,12)
3.319468015188303943394790254	(31,13)
3.143922280359998450275801971	(31,14)
2.944741468000688698523514654	(31,15)
2.724336007783634484243626397	(31,16)
2.486114556348433516319273575	(31,17)
2.234342109612111918600373188	(31,18)
1.973951292993089157810807233	(31,19)
1.710324453306069155388830558	(31,20)
1.449065549984869129143841227	(31,21)
1.1957797442155377953548055903	(31,22)
0.9558754069008727937002185178	(31,23)
0.734398709293819566151087559	(31,24)
0.5359058517033124373211428556	(31,25)
0.3643731105811057696600345469	(31,26)
0.2231408564004157407403841755	(31,27)
0.1148848938133161759885911255	(31,28)
0.0416070453864699346370037664	(31,29)
0.0046367897914161799132941606	(31,30)
4.038593230127514442314916634	(32,1)
4.038415656871146082028566679	(32,2)
4.037218274719714330182350038	(32,3)
4.033363376175811952655225649	(32,4)
4.024510729909694112952819076	(32,5)
4.007755118025059032163277047	(32,6)
3.979805086685904515882417327	(32,7)
3.937196859717201940458654506	(32,8)
3.876533937471420073407618472	(32,9)
3.794739154969549479946328419	(32,10)
3.689302584493258116511779723	(32,11)
3.558506451231246554087265502	(32,12)
3.401607951548841258094144624	(32,13)
3.218963031145566607143474925	(32,14)
3.012078867109824004728333201	(32,15)
2.783589548206481958497017264	(32,16)
2.537157321452854139161383951	(32,17)
2.277309526712303391971113302	(32,18)
2.009227704374359188769239801	(32,19)
1.738509328788710013845909621	(32,20)
1.470923671374161060749992044	(32,21)
1.2121814827023859167390370924	(32,22)
0.9677340618460630327984272713	(32,23)
0.7426117459226260640105593894	(32,24)
0.5413059014272981660031598317	(32,25)
0.3676930286933318292951839308	(32,26)
0.2249952570766982871176816253	(32,27)
0.1157686700176666961957946281	(32,28)
0.0419096379896314045749342926	(32,29)
0.0046695259360481838339046602	(32,30)
4.143803956163465124613762741	(33,1)
4.143618318055377162184263101	(33,2)
4.142366561609308687591048666	(33,3)
4.138336694228898135969285969	(33,4)
4.129082734007604320288508811	(33,5)
4.111569439218808744889564191	(33,6)
4.082361036525905004981838275	(33,7)
4.037847794780523069648400938	(33,8)
3.974500414269804301474749534	(33,9)
3.889137895960096536032671279	(33,10)
3.779190626258077203750105815	(33,11)
3.642937828060388189956405646	(33,12)
3.479698201476055562504992299	(33,13)
3.289955110184839517374911574	(33,14)
3.075403132571707745956976882	(33,15)
2.838910621013581204977750878	(33,16)
2.584401949031525665517401453	(33,17)
2.316671879289188181875680543	(33,18)
2.041151461060082644563041829	(33,19)
1.76364892617481703917415771	(33,20)
1.490089672256794255777931815	(33,21)
1.226276769027562203540011904	(33,22)
0.9776882546198565018053965	(33,23)
0.7493209135410247137186272584	(33,24)
0.5455834247817192447704277461	(33,25)
0.3702357415957216081990781319	(33,26)
0.2263669940647862816111278081	(33,27)
0.1164014082183609590278640206	(33,28)
0.042120711884190708171480533	(33,29)
0.0046920298475278678970215265	(33,30)
4.245064158809667533689020323	(34,1)
4.244870357447738668210708735	(34,2)
4.243563563952858790501914606	(34,3)
4.239356603199435410009112086	(34,4)
4.229696502974256919044441368	(34,5)
4.211416592351189279669834592	(34,6)
4.180935502614385319272677812	(34,7)
4.134496825828276989084104588	(34,8)
4.068438821863677415961164548	(34,9)
3.979478654078959168376258312	(34,10)
3.864991119054418673109112533	(34,11)
3.723258857341541931712534634	(34,12)
3.55367066709426711266256965	(34,13)
3.356847494569227917225940751	(34,14)
3.134682007686023270123221833	(34,15)
2.890286666276945564640786499	(34,16)
2.627855496324799300224513576	(34,17)
2.352454577603812530220558204	(34,18)
2.069763827126414492387507001	(34,19)
1.785796735993034187581042177	(34,20)
1.506624785843678877584298144	(34,21)
1.238129651898789137256835436	(34,22)
0.985799981282350819585629136	(34,23)
0.754581868202725080777504314	(34,24)
0.5487844973768486680730523072	(34,25)
0.3720358955686523523794991474	(34,26)
0.2272790037005408033959083008	(34,27)
0.1167956099139274297072325497	(34,28)
0.0422449669580520675532856276	(34,29)
0.0047048350659279708002986953	(34,30)
4.342297955032257963663539782	(35,1)
4.342095909745799022900351292	(35,2)
4.340733536012408170747954618	(35,3)
4.33634774228961597961815993	(35,4)
4.326277560061439260928202872	(35,5)
4.307223774048750468330274594	(35,6)
4.275458472907634212939323584	(35,7)
4.227078194580680682803325416	(35,8)
4.158289450809706157918171981	(35,9)
4.065709850617645192719563106	(35,10)
3.946662896415528171199387056	(35,11)
3.799441130062695018993109082	(35,12)
3.623511917190779698572646849	(35,13)
3.419643589112167963052412246	(35,14)
3.189936960250375648127578953	(35,15)
2.937757541487059282178787797	(35,16)
2.667575413466254259266878048	(35,17)
2.384730616466788441121392745	(35,18)
2.095150056874823859742906609	(35,19)
1.805045929465294465718048536	(35,20)
1.520625042977695631165360012	(35,21)
1.247833720785171465277729399	(35,22)
0.992155384514974813258984554	(35,23)
0.7584691293354014952501327	(35,24)
0.5509691215054589328243275889	(35,25)
0.3731376779010928341580556887	(35,26)
0.2277600912112032020605247486	(35,27)
0.1169668051276943486934162506	(35,28)
0.0422882009946087553827100552	(35,29)
0.00470859752251528482042071	(35,30)
4.435467849275710058769313233	(36,1)
4.435257498797190818245132249	(36,2)
4.433839132463163215957347971	(36,3)
4.429273187264345163265350594	(36,4)
4.418789947456939715093790695	(36,5)
4.398956853331291310223803604	(36,6)
4.365898856593867179696726475	(36,7)
4.315565426140726425983363796	(36,8)
4.244032354834702230332126485	(36,9)
4.147820250362319741347256683	(36,10)
4.024205770762760549519591405	(36,11)
3.871497828538263578460057294	(36,12)
3.689250591324626171679502039	(36,13)
3.478389080604672846681650053	(36,14)
3.241231536115776395534907414	(36,15)
2.981404423874328498563011989	(36,16)
2.703659048211888965815948823	(36,17)
2.413610743815021369891077053	(36,18)
2.117430298271363515306744018	(36,19)
1.821521075919540149223029514	(36,20)
1.532213885251743532901091529	(36,21)
1.255505689861743054107815513	(36,22)
0.996859365143477866159638421	(36,23)
0.761071744874485311138508698	(36,24)
0.552207929421013882322604693	(36,25)
0.3735924940309635197975867047	(36,26)
0.2278434660151013544700064305	(36,27)
0.116932781304994955976204152	(36,28)
0.0422570261824669763502218168	(36,29)
0.0047040637073951405522082767	(36,30)
4.52456381085961354523664085	(37,1)
4.52434511534654403997218293	(37,2)
4.522870488500702606184472	(37,3)
4.51812353814745285975009674	(37,4)
4.50722533135252708639568895	(37,5)
4.48660950934789508729963452	(37,6)
4.45225367571724783609247415	(37,7)
4.39996060135540689049110879	(37,8)
4.32567673534470272703269038	(37,9)
4.22582849248052374176437774	(37,10)
4.09765024563279828038313595	(37,11)
3.93947365380644394403760735	(37,12)
3.750947574141120560276793017	(37,13)
3.533162389304375108949327371	(37,14)
3.288662119037582665949376234	(37,15)
3.021340914696157507176563813	(37,16)
2.73623514016645151848859132	(37,17)
2.439235403470939558486323341	(37,18)
2.136752057102449658401455984	(37,19)
1.835371212937275383810150482	(37,20)
1.541535930795060563883282781	(37,21)
1.261279943916077107622068976	(37,22)
1.000030975252361976352826794	(37,23)
0.762489569101704267988363184	(37,24)
0.552579343797861428752719559	(37,25)
0.373456962610887015575683091	(37,26)
0.2275654758055928041470648535	(37,27)
0.1167129163383656035283956727	(37,28)
0.0421586238048241952836602144	(37,29)
0.004692043119408907796142312	(37,30)
4.6095950470059123665875101	(38,1)
4.60936799026161475312675372	(38,2)
4.60783699440748938654603387	(38,3)
4.60290869809472978104062076	(38,4)
4.59159479065648283893425457	(38,5)
4.57019503852345398489095909	(38,6)
4.53453990253502447005408757	(38,7)
4.48028623897936937346493146	(38,8)
4.40325288493528533265805779	(38,9)
4.29977511260233169828469579	(38,10)
4.16704963292918732295069664	(38,11)
4.00343705320277992171538231	(38,12)
3.80868834725053314399031241	(38,13)
3.58406715980021541056600133	(38,14)
3.33235057944857706662394128	(38,15)
3.05770587379600610828154093	(38,16)
2.765456882713764270816754191	(38,17)
2.461768082990332483775052151	(38,18)
2.153283906487820580397886114	(38,19)
1.846764006725411040809518226	(38,20)
1.548751680328781986829193122	(38,21)
1.265303879629614073338707764	(38,22)
1.001799466701684011370306805	(38,23)
0.762830061385710775581998293	(38,24)
0.552167131828753087459738631	(38,25)
0.372791187338593952607479487	(38,26)
0.2269645152437382978969107492	(38,27)
0.1163276036786456320931211231	(38,28)
0.0420005328458101458562770541	(38,29)
0.0046733845287460451030782986	(38,30)
4.69058387149832341483544042	(39,1)
4.69034846326530746253638163	(39,2)
4.68876116477384700912904242	(39,3)
4.6836517441818059306028825	(39,4)
4.67192269133823114188454083	(39,5)
4.64974023547914187004496835	(39,6)
4.61278835096589114330437118	(39,7)
4.5565792021628163632862229	(39,8)
4.4768061133502753046982966	(39,9)
4.36971649184409917145048245	(39,10)
4.23247402722601293775111451	(39,11)
4.06347422093699155206843024	(39,12)
3.86257701722152881069600846	(39,13)
3.63122632062694434781508238	(39,14)
3.37243837729988361954369016	(39,15)
3.09065758974205626905178841	(39,16)
2.79149620151991180294643882	(39,17)
2.481389761051021923579743429	(39,18)
2.167210182174842363174717814	(39,19)
1.855880787800984449272850086	(39,20)
1.554032990393100028913576495	(39,21)
1.267733906893659039992291333	(39,22)
1.002300892647890576262000941	(39,23)
0.762205531249659303871587403	(39,24)
0.551058301167082753642734493	(39,25)
0.371657271828893035393688708	(39,26)
0.2260800893287624559061294473	(39,27)
0.1157977595426529756100049534	(39,28)
0.0417904689602017997937541376	(39,29)
0.0046489556597628638712246196	(39,30)
4.76756117858529353352574705	(40,1)
4.76731745680622089670948144	(40,2)
4.76567411214950789289500397	(40,3)
4.76038440034537991134582329	(40,4)
4.74824215770821679606586992	(40,5)
4.72528086105548081628956422	(40,6)
4.68703913886684925613042297	(40,7)
4.62888615126735295670255252	(40,8)
4.54639218553114603909017037	(40,9)
4.43572027296329006422563376	(40,10)
4.29400569129068549827428983	(40,11)
4.11968444371315047593200103	(40,12)
3.91273161382294379710589604	(40,13)
3.6747773331752754936251396	(40,14)
3.40908177002795300998007165	(40,15)
3.12036897061911724030912283	(40,16)
2.81453897122175189083605045	(40,17)
2.49829421376797293740702957	(40,18)
2.178726460556181539153477897	(40,19)
1.862912294851636227218720864	(40,20)
1.557559179700553561084482608	(40,21)
1.268732005548970381510625012	(40,22)
1.001675182825077938364461341	(40,23)
0.760730771790048867126173758	(40,24)
0.549341297139123685250402659	(40,25)
0.370118050844258685215071389	(40,26)
0.224952015504499805198084912	(40,27)
0.1151444041465531142947204129	(40,28)
0.0415361709130669563596902896	(40,29)
0.0046196259730707040237400055	(40,30)
4.84056313238035149641379494	(41,1)
4.84031116533946936452008024	(41,2)
4.8386122355181935539995796	(41,3)
4.83314372325930753028432671	(41,4)
4.82059175231051298248259244	(41,5)
4.79685831082088000053927575	(41,6)
4.75733833739354809654586015	(41,7)
4.69726016370678435865686734	(41,8)
4.61207389890457443673763278	(41,9)
4.49786187970701317375360935	(41,10)
4.35173550071093821568529754	(41,11)
4.17217645438537815466949774	(41,12)
3.95928034013704382210134176	(41,13)
3.71486833369193667443299758	(41,14)
3.44244785486912108868752216	(41,15)
3.14702351275318204537531753	(41,16)
2.83478095732276311242816987	(41,17)
2.51268399721342090085253997	(41,18)
2.18803566622307703766970056	(41,19)
1.868055001276903483012658691	(41,20)
1.55951366813451410873613674	(41,21)
1.268462758936123285553494672	(41,22)
1.000063632597794664279807213	(41,23)
0.758521037021305041770915237	(41,24)
0.547104469632787773461004623	(41,25)
0.368236016727921314827407715	(41,26)
0.22361975163304609580851239	(41,27)
0.1143883103473973528903476596	(41,28)
0.0412452720896679322107806479	(41,29)
0.0045862522791191406979494874	(41,30)
4.90962876800685274747234622	(42,1)
4.90936865627984134778516422	(42,2)
4.90761481995889689740707616	(42,3)
4.90196969783673018707014631	(42,4)
4.88901306187367163037133143	(42,5)
4.86451718294724566977261056	(42,6)
4.82373550874494465385979215	(42,7)
4.7617582258564380645836847	(42,8)
4.67391851038731507300205418	(42,9)
4.55622185734285594185577127	(42,10)
4.4057601755588622477399614	(42,11)
4.22106553425097281020514737	(42,12)
4.00235853068995082041126616	(42,13)
3.75165494286724256429098826	(42,14)
3.4727112408352363353548559	(42,15)
3.17081186532115067054788128	(42,16)
2.85242432481900654993090409	(42,17)
2.52476697113732317211908944	(42,18)
2.19534469642007067900382967	(42,19)
1.87150793223215272141729252	(42,20)
1.56008107425719590749765553	(42,21)
1.267090805604586706207183867	(42,22)
0.997606760213745054758655224	(42,23)
0.755690328586180102185220844	(42,24)
0.544434784410844801923340357	(42,25)
0.366072423660303794360424564	(42,26)
0.222121838998546449359045962	(42,27)
0.1135497140070707550682401302	(42,28)
0.0409251949848741639437577323	(42,29)
0.0045496669483058053226911757	(42,30)
4.97479827109112851241114549	(43,1)
4.97453014924411357563527499	(43,2)
4.97272231419706720940339738	(43,3)
4.96690350933986145565607765	(43,4)
4.95354895694261907075061126	(43,5)
4.92830351429582287377593187	(43,6)
4.88628190319022416098018221	(43,7)
4.8224393711048851753765194	(43,8)
4.73199579178720709845565313	(43,9)
4.61088381939552708257816182	(43,10)
4.45618009248158025998647527	(43,11)
4.26647116796114235211008193	(43,12)
4.04210613445539615923610717	(43,13)
3.78529757488195535828154444	(43,14)
3.50005119898220109254308164	(43,15)
3.19192885734192780260712027	(43,16)
2.86767459820238278680598033	(43,17)
2.53475326610419609787297545	(43,18)
2.20086148084090257442608294	(43,19)
1.87346990497642073034728307	(43,20)
1.559444716436200113763584883	(43,21)
1.26477866466692873270440361	(43,22)
0.994442496534054676897094822	(43,23)
0.752349963733726341724104265	(43,24)
0.541416757552638484467341774	(43,25)
0.363686554589335698317649174	(43,26)
0.2204954506333463469657193	(43,27)
0.1126480808803303325594630792	(43,28)
0.0405830667347619226128287057	(43,29)
0.0045106684984435715704091879	(43,30)
5.0361117581681967278993008	(44,1)
5.03583579615774322286115254	(44,2)
5.03397510869555298177236258	(44,3)
5.02798631498779164548190012	(44,4)
5.01424234863558097519154736	(44,5)
4.98826350921000045884803653	(44,6)
4.94502914164441440472124669	(44,7)
4.87936329304263348236398749	(44,8)
4.78637654653480673449417288	(44,9)
4.66193283892098880204231319	(44,10)
4.50309752260998159992306169	(44,11)
4.30851510528138867206785502	(44,12)
4.07866558756081109125577201	(44,13)
3.81595912287812889359041334	(44,14)
3.52464918117746966632339558	(44,15)
3.21057089098054849763436549	(44,16)
2.88073799025871669556864717	(44,17)
2.54285262401533270630296682	(44,18)
2.20479241782940803024666013	(44,19)
1.87413714298462525121267252	(44,20)
1.55778447582147951825048202	(44,21)
1.261684899509170517821714792	(44,22)
0.990704677605222903557114777	(44,23)
0.748607400198834559685227832	(44,24)
0.538131593826691014376116976	(44,25)
0.361135136745872038106520958	(44,26)
0.21877603572637575675534734	(44,27)
0.1117019249989817625108500137	(44,28)
0.0402256537978499702858176011	(44,29)
0.0044700143444663933169526178	(44,30)
5.09360842422319908860461331	(45,1)
5.09332482845885095322399297	(45,2)
5.0914126805839604381242743	(45,3)
5.08525838157276268980218818	(45,4)
5.07113530952361617762892412	(45,5)
5.04444262893739670744116162	(45,6)
5.00002825326495201696457052	(45,7)
4.93258930563832473863156195	(45,8)
4.83713146300748225922947806	(45,9)
4.70945416420894568159985673	(45,10)
4.54661518115553227217112191	(45,11)
4.34731972293812368007278247	(45,12)
4.1121799775824712000334907	(45,13)
3.84380293239548665403842097	(45,14)
3.54668662911245614452353564	(45,15)
3.22693363308182248908897858	(45,16)
2.89181904110098779734201947	(45,17)
2.54927206182147985815760862	(45,18)
2.20734014370664083300880274	(45,19)
1.87370122601737749463538523	(45,20)
1.55527498768274126860434443	(45,21)
1.257962590009978595889153515	(45,22)
0.986521813720187946270650947	(45,23)
0.74456529539308212887298162	(45,24)
0.534656510621071450693334388	(45,25)
0.358471891953398500669941163	(45,26)
0.21699705093184936662999589	(45,27)
0.1107286735082968575983886442	(45,28)
0.0398593138770206448078219243	(45,29)
0.0044284154928534979111587599	(45,30)
5.14732595719401801478372383	(46,1)
5.14703497123370959676206741	(46,2)
5.14507300531972029174753304	(46,3)
5.13875848916842742671904688	(46,4)
5.12426845915323904035784062	(46,5)
5.0968849430291482278511798	(46,6)
5.05132897079798280385056678	(46,7)
4.98217555523568601461988552	(46,8)
4.88433021226812541561467443	(46,9)
4.75353217073714952892245925	(46,10)
4.58683500559577900745242146	(46,11)
4.38300660956670129107216583	(46,12)
4.14279142942211634441220696	(46,13)
3.86899100027857334682601729	(46,14)
3.56634301865363411238062602	(46,15)
3.24120995716470740462943159	(46,16)
2.90111852586757498410276262	(46,17)
2.55421382178786715632162622	(46,18)
2.20870160217881475689988806	(46,19)
1.87234734557118225842345448	(46,20)
1.55208413232671394679697327	(46,21)
1.25375808618355091663879314	(46,22)
0.982016110009248929801659062	(46,23)
0.740320777852960949045210126	(46,24)
0.531064229137351406273352062	(46,25)
0.355747207835521972607573945	(46,26)
0.215189769263483260385673435	(46,27)
0.10974457282077949083932285	(46,28)
0.0394899631355218544672934265	(46,29)
0.0043865329588212240732126128	(46,30)
5.1973001448699489057368607	(47,1)
5.19700204972663034834912358	(47,2)
5.19499216057780277321986059	(47,3)
5.18852352660094848000410701	(47,4)
5.17368054028184855856668481	(47,5)
5.14563266953896437714530712	(47,6)
5.09897921174625722163028244	(47,7)
5.02817841433027838429671165	(47,8)
4.92804072282349786872303139	(47,9)
4.79424948546244499681855012	(47,10)
4.62385710284645553031052444	(47,11)
4.41569531919734716952632096	(47,12)
4.17063966373037254484546872	(47,13)
3.89168235567835391189094235	(47,14)
3.58379410149677898656026558	(47,15)
3.25358810241136341446000801	(47,16)
2.90883160106462147358338032	(47,17)
2.55787358046377343921567818	(47,18)
2.2090663870010460411154164	(47,19)
1.87025283914167522621813219	(47,20)
1.54837179908470111717892847	(47,21)
1.249210017200524913347558	(47,22)
0.977302713877958769173967654	(47,23)
0.73596490877986962807781124	(47,24)
0.527422614311492539711728408	(47,25)
0.353007915796000514871989439	(47,26)
0.213383157101768079664305214	(47,27)
0.108764630869270031868560308	(47,28)
0.0391230567308076373649049732	(47,29)
0.0043449756810882748150826817	(47,30)
5.24356461899711443144781702	(48,1)
5.24325973304237571113907689	(48,2)
5.24120406723737760941999892	(48,3)
5.23458822371253860517416135	(48,4)
5.21940813122480187924561181	(48,5)
5.19072585011502777302915896	(48,6)
5.14302469259603004566535754	(48,7)
5.07065200607377915173911557	(48,8)
4.96832858371071344001670469	(48,9)
4.83168623779458828465689719	(48,10)
4.65777882342079904598417238	(48,11)
4.44550225538273115841984667	(48,12)
4.19586069424814326410528815	(48,13)
3.91203159357178381654122728	(48,14)
3.59921031796726188533596456	(48,15)
3.26425002591279650005034036	(48,16)
2.91514616701847030587942502	(48,17)
2.5604388938333734042514063	(48,18)
2.20861533447983467769944606	(48,19)
1.86758597859800158784281522	(48,20)
1.54428889762132113030995829	(48,21)
1.24444852982415680521022497	(48,22)
0.972489164369676706216118599	(48,23)
0.731582311191494983115148871	(48,24)
0.523794444668794263736293646	(48,25)
0.3502971614901749037140968	(48,26)
0.21160380977119101888844382	(48,27)
0.107802590219978432942252297	(48,28)
0.038763580686853606104185564	(48,29)
0.0043042997089660447213454647	(48,30)
5.2861506959781924410065545	(49,1)
5.28583937443565152096255199	(49,2)
5.28374032690701568964848836	(49,3)
5.27698498001017534173479307	(49,4)
5.26148545425208993169051831	(49,5)
5.23220212056901658144098733	(49,6)
5.1835086377445697417016902	(49,7)
5.10964782270876686164527481	(49,8)
5.0052565412314260151050732	(49,9)
4.86591940522612865977192893	(49,10)
4.68869393362791938577007846	(49,11)
4.47253966030207958008562812	(49,12)
4.21858564156757909649831227	(49,13)
3.93018754096809821569997447	(49,14)
3.61275536292811023366703699	(49,15)
3.27336993077930248187024097	(49,16)
2.92024142846848102650178863	(49,17)
2.56208785905058833277681523	(49,18)
2.20751934396407619666782671	(49,19)
1.86450498854033244163223516	(49,20)
1.53997659078218285230686245	(49,21)
1.23959472999811916097819362	(49,22)
0.96767501820693052311012309	(49,23)
0.727250943990855504441907301	(49,24)
0.520237293249029162297841385	(49,25)
0.347654353542318723575774054	(49,26)
0.209875936223725092079748266	(49,27)
0.106870926874621004252041349	(49,28)
0.0384160531581150146539478889	(49,29)
0.0042650084406148122705266504	(49,30)
5.32508728446958454115889705	(50,1)
5.32476991849739163967469148	(50,2)
5.32263012634252294951215504	(50,3)
5.31574376019602034160467704	(50,4)
5.29994425085577703880914198	(50,5)
5.27009654834841077181041797	(50,6)
5.22047155553621617174320692	(50,7)
5.14521441177288971815282598	(50,8)
5.03888406507393256427508768	(50,9)
4.89702223167255566371255902	(50,10)
4.71669186643337644806902073	(50,11)
4.49691469202668156498965851	(50,12)
4.23893964870705494972722472	(50,13)
3.94629204268006658479971722	(50,14)
3.6245848921118790540676331	(50,15)
3.28111295665031094628421249	(50,16)
2.92428663788536437912024681	(50,17)
2.56298797453225513386334629	(50,18)
2.20593840495385380333975829	(50,19)
1.86115727043889561524393394	(50,20)
1.5355657228935901613463992	(50,21)
1.23476030103541265156743499	(50,22)
0.96295162714008998406340577	(50,23)
0.723041998330783464430444837	(50,24)
0.516803500959646829485685268	(50,25)
0.345115176545912694398038652	(50,26)
0.208221383618288736065279085	(50,27)
0.105980869757467785480766386	(50,28)
0.0380845332083092894983659534	(50,29)
0.0042275536996798977168476505	(50,30)
5.36040083831875764154922931	(51,1)
5.3600778536867938518067796	(51,2)
5.35790018724830412055222984	(51,3)
5.35089203520493410980036492	(51,4)
5.3348137028194140474447024	(51,5)
5.30444151641057360859601255	(51,6)
5.25395106181838144276866904	(51,7)
5.17739711179618312161259499	(51,8)
5.06926696725346128243860023	(51,9)
4.9250637039616743792861037	(51,10)
4.74185703853655550448293247	(51,11)
4.51872857943028763085222075	(51,12)
4.25704088936908476432182315	(51,13)
3.96047885801861717318742441	(51,14)
3.63484535956967254427259957	(51,15)
3.28763402140218938742333852	(51,16)
2.92744000735694522716688283	(51,17)
2.56329518064722667779156998	(51,18)
2.20402080940975278436986119	(51,19)
1.85767880809351540566736497	(51,20)
1.53117641720622503112648012	(51,21)
1.23004727183622652715812839	(51,22)
0.95840204146366251585084991	(51,23)
0.719019894095149701527792371	(51,24)
0.5135402242663318073950423	(51,25)
0.342711654920850983792989208	(51,26)
0.206659693008474393731583243	(51,27)
0.10514243614141826225839798	(51,28)
0.0377726353314016430358458289	(51,29)
0.004192337449754717771538372	(51,30)
5.39211533932857300430641759	(52,1)
5.3917871947017970356549879	(52,2)
5.38957474599451358352722596	(52,3)
5.38245475340811602339583079	(52,4)
5.36612038403606258383545693	(52,5)
5.33526663897626056329402919	(52,6)
5.28398173734250848212350158	(52,7)
5.20623782501761772756754826	(52,8)
5.09645706292328869370297723	(52,9)
4.95010807725664020745277263	(52,10)
4.76426822616190528412483158	(52,11)
4.53807584862041710873919739	(52,12)
4.27299966344504274784929994	(52,13)
3.97287266264926787172776495	(52,14)
3.64367297894354248599978663	(52,15)
3.29307680403833387673480471	(52,16)
2.929847775381862991869063	(52,17)
2.56315306327172231936929713	(52,18)
2.20190252767236272435288529	(52,19)
1.85419372981802477501831188	(52,20)
1.52691781625653407531363862	(52,21)
1.22554790894138720918227681	(52,22)
0.95410101521574764266417628	(52,23)
0.715242355149862236822132716	(52,24)
0.510489539998085766236745849	(52,25)
0.340472254968401930982294654	(52,26)
0.20520817791920711342256881	(52,27)
0.104364478601763116511805511	(52,28)
0.0374835480741138684020222243	(52,29)
0.0041597139614447788574596531	(52,30)
5.42025229880241847443804387	(53,1)
5.41991948364733272922240462	(53,2)
5.4176755522464733638927662	(53,3)
5.41045433109826402381260865	(53,4)
5.39388823245950696917069661	(53,5)
5.36259869904186027959034077	(53,6)
5.31059500967219582248888446	(53,7)
5.23177481887713548632585955	(53,8)
5.12050186617100540666250048	(53,9)
4.97221444400678237605119046	(53,10)
4.78399799551497588340941135	(53,11)
4.55504361775026223560468347	(53,12)
4.28691757673892838623706994	(53,13)
3.98358815161350331997685354	(53,14)
3.65119280238576334310927352	(53,15)
3.29757285929422405296123081	(53,16)
2.93164341504982167319979655	(53,17)
2.56269220242238631848270504	(53,18)
2.1997067263698291699338375	(53,19)
1.85081400293442015856100263	(53,20)
1.5228879394190524020714478	(53,21)
1.22134470705647231051189083	(53,22)
0.95011508965425829123124458	(53,23)
0.711760543204928079016350566	(53,24)
0.507688591183479845355735191	(53,25)
0.338422013417565673850712536	(53,26)
0.203882018273471936113675451	(53,27)
0.103654739477023967440603545	(53,28)
0.0372200552710429985256220092	(53,29)
0.0041299922643082325385571287	(53,30)
5.44483077010664043294724997	(54,1)
5.44449380224298837441267124	(54,2)
5.44222187878259845894720413	(54,3)
5.43491065464317240766216614	(54,4)
5.41813853482557950070994972	(54,5)
5.38646160074476433887939697	(54,6)
5.33381905341099234000474514	(54,7)
5.25404255108518495841141703	(54,8)
5.14144431680098332833372016	(54,9)
4.99143634367821276755079671	(54,10)
4.80111218620183563613781903	(54,11)
4.56971095902623212961805434	(54,12)
4.29888680338106215487975221	(54,13)
3.99272924053618201267869455	(54,14)
3.65751791152223315234528313	(54,15)
3.30124085472503268474206443	(54,16)
2.93294697014691680128420139	(54,17)
2.56202964825596355648343885	(54,18)
2.19754340696541268541343788	(54,19)
1.84763923675628509646120849	(54,20)
1.51917363287862133858398099	(54,21)
1.2175104539493283907357271	(54,22)
0.94650273306090925238041089	(54,23)
0.708619231613777300360445377	(54,24)
0.505169759184360492926973186	(54,25)
0.33658268184309301203029374	(54,26)
0.202694362885685152670394966	(54,27)
0.10301990924205931418323945	(54,28)
0.0369845585669350895809698309	(54,29)
0.0041034387346917679379908433	(54,30)
5.46586736688161476522698258	(55,1)
5.46552678970616015862370685	(55,2)
5.46323053716879688248300924	(55,3)
5.45584108907765453056712477	(55,4)
5.4388899191432487710702487	(55,5)
5.40687633200019760852087938	(55,6)
5.35367870482034971954732646	(55,7)
5.27307151522669293402598093	(55,8)
5.15932253610847283865610191	(55,9)
5.00782141231395257619978867	(55,10)
4.81566944744265695322043256	(55,11)
4.58214832794233947482403178	(55,12)
4.30898943027649664309834236	(55,13)
4.00038836258694718501876006	(55,14)
3.66274871514573405065744253	(55,15)
3.30418592119495763154104649	(55,16)
2.93386450589674513061152951	(55,17)
2.56126850707936879873409037	(55,18)
2.19550914426351237169256329	(55,19)
1.84475657128264946215215243	(55,20)
1.51585058864985996705861793	(55,21)
1.21410834728294423132236909	(55,22)
0.94331451669350405303807661	(55,23)
0.70585700214513450567995461	(55,24)
0.502960848886834088018270515	(55,25)
0.334972877503283359030394573	(55,26)
0.201656434532908446156912874	(55,27)
0.102465685639740648651915135	(55,28)
0.0367791000683528057377511144	(55,29)
0.0040802796896176882542733479	(55,30)
5.48337628326319463733667213	(56,1)
5.48303266267674091195708953	(56,2)
5.48071589568437344647325415	(56,3)
5.47326048962138454933684613	(56,4)
5.45615835165135431423553405	(56,5)
5.42386093448347851884726496	(56,6)
5.37019538848636360946862195	(56,7)
5.28888810534251908102885112	(56,8)
5.17416961099432054822166517	(56,9)
5.02141107213193957473258676	(56,10)
4.8277208278471425916203895	(56,11)
4.59241706046742743181056991	(56,12)
4.31729688339458830365451347	(56,13)
4.00664585904127471293813344	(56,14)
3.66697234851136302732996085	(56,15)
3.30649910791124716902247502	(56,16)
2.93448766145111639712856826	(56,17)
2.56049762072142929392449666	(56,18)
2.19368690528127210005747891	(56,19)
1.84224063029988162746476376	(56,20)
1.51298341106674334841591543	(56,21)
1.21119214292926387923801828	(56,22)
0.94059330871278171018312811	(56,23)
0.70350644962254416274249741	(56,24)
0.501085275284115211630976469	(56,25)
0.333608232347363782114844015	(56,26)
0.200777632417777147234292267	(56,27)
0.101996830857180919108929732	(56,28)
0.03660538413267845088972501	(56,29)
0.0040607038757072163568973839	(56,30)
5.49736931371051511831287842	(57,1)
5.4970232347831700489422228	(57,2)
5.494689897125143375835442	(57,3)
5.4871812138309604270523311	(57,4)
5.46995713613483444989510116	(57,5)
5.4374304791871682701086176	(57,6)
5.38338705478028467252011784	(57,7)
5.30151449891664173873064684	(57,8)
5.18601340661971515070256764	(57,9)
5.03224026205591155482736423	(57,10)
4.8373094200266930890880709	(57,11)
4.60056893924699282631192924	(57,12)
4.32386943591107561604922364	(57,13)
4.01156946143845249955571996	(57,14)
3.67026216931507843429427678	(57,15)
3.30825693353900726788316773	(57,16)
2.93489329194193938604561223	(57,17)
2.55979132370449845897985472	(57,18)
2.19214593039432848286029797	(57,19)
1.84015351946023171599235569	(57,20)
1.51062571129566813556021936	(57,21)
1.20880631654439365301468465	(57,22)
0.93837447007808133751736381	(57,23)
0.70159438127081018639773361	(57,24)
0.499562241388153918758513485	(57,25)
0.332501533138926025021879825	(57,26)
0.20006562762309074467799619	(57,27)
0.10161722445782673418441589	(57,28)
0.0364647974613975147713433132	(57,29)
0.0040448647601205167852214251	(57,30)
5.50785587090119951633663485	(58,1)
5.50750793431424786693903974	(58,2)
5.50516207497074062145363856	(58,3)
5.49761313294520584231809184	(58,4)
5.48029691432103796787647109	(58,5)
5.44759704656503088947850832	(58,6)
5.39326812756953953679155999	(58,7)
5.31096855830883449894452834	(58,8)
5.19487640828462416807870688	(58,9)
5.04033721041489693251654179	(58,10)
4.84447006151964910206262613	(58,11)
4.60664582997724798219822781	(58,12)
4.32875579827279568142116656	(58,13)
4.01521386345638991716197698	(58,14)
3.67267734574423774226123105	(58,15)
3.3095210255471560731053086	(58,16)
2.93514318892079849994939355	(58,17)
2.55920926411295723171086822	(58,18)
2.19094166054492422391291974	(58,19)
1.83854485211614098991183227	(58,20)
1.50882021282395038226041024	(58,21)
1.20698622260196669359365196	(58,22)
0.93668603867154052224912962	(58,23)
0.70014199958264092454560993	(58,24)
0.49840689899529827875143109	(58,25)
0.331662846804952907569355597	(58,26)
0.199526447910127637563154049	(58,27)
0.101329910182934825540762252	(58,28)
0.0363584268137973082566945629	(58,29)
0.0040328825473127401219113975	(58,30)
5.51484300074709467352181596	(59,1)
5.51449381905268291849330195	(59,2)
5.51213956699119905470504856	(59,3)
5.50456364155971295357495858	(59,4)
5.48718566662859961301063257	(59,5)
5.45436971078069300231979008	(59,6)
5.39984946206988454305728958	(59,7)
5.31726375100719061261934697	(59,8)
5.20077559342807387085088695	(59,9)
5.0457232511368984958617872	(59,10)
4.84922909349337771856719125	(59,11)
4.61067938905074681070422962	(59,12)
4.33199279024336568172584233	(59,13)
4.01762038077728068670023308	(59,14)
3.67426253243705217236100579	(59,15)
3.31033784078870569889342706	(59,16)
2.93528386933739666673890153	(59,17)
2.55879627585566784073876816	(59,18)
2.1901156965093862735033021	(59,19)
1.83745178817888422123814395	(59,20)
1.50759885347825035103553433	(59,21)
1.20575823761875057294452751	(59,22)
0.93554889022185904778086519	(59,23)
0.69916505948259430218591663	(59,24)
0.497630485377276760296721775	(59,25)
0.331099626231380148922578033	(59,26)
0.199164548920789298347179509	(59,27)
0.10113713511030193695858181	(59,28)
0.0362870737950052698102240745	(59,29)
0.0040248458608788692236196005	(59,30)
5.51833539397619410595113759	(60,1)
5.51798558771833368269474967	(60,2)
5.51562712575624969608978234	(60,3)
5.50803766514340709875263536	(60,4)
5.49062871289206514793201722	(60,5)
5.45775452788225935808841699	(60,6)
5.40313831295945325505757486	(60,7)
5.32040908920669566536469423	(60,8)
5.20372233466669612474575872	(60,9)
5.0484126846729228662339002	(60,10)
4.85160417852776561273256616	(60,11)
4.61269084342020581437054653	(60,12)
4.33360509495395881098356772	(60,13)
4.01881669743607410515957466	(60,14)
3.67504763078887675182349708	(60,15)
3.31073846140151183444155742	(60,16)
2.9353464248136697106289269	(60,17)
2.558582292115325177179115	(60,18)
2.18969577870381346038035591	(60,19)
1.83689907397895623022734643	(60,20)
1.50698287227764520404010023	(60,21)
1.20513987691699774370594447	(60,22)
0.93497686691906602761218201	(60,23)
0.69867399249372015266583259	(60,24)
0.49724043045716557136675797	(60,25)
0.330816792777924013245783803	(60,26)
0.198982869504245892881246151	(60,27)
0.101040380003519833943722376	(60,28)
0.0362512662984667287009252132	(60,29)
0.0040208130438747602956434375	(60,30)