muu13_(sigma,mu)
-13.742128382329	(1,1)
-13.742125367408	(1,2)
-13.742105036729	(1,3)
-13.7420395718733	(1,4)
-13.7418891676629	(1,5)
-13.7416042406747	(1,6)
-13.7411282143273	(1,7)
-13.740400752483	(1,8)
-13.7393612920663	(1,9)
-13.7379527102604	(1,10)
-13.7361249541533	(1,11)
-13.7338384607068	(1,12)
-13.7310672027228	(1,13)
-13.727801211838	(1,14)
-13.724048451857	(1,15)
-13.7198359439798	(1,16)
-13.715210078403	(1,17)
-13.7102360828522	(1,18)
-13.7049966561404	(1,19)
-13.6995898120728	(1,20)
-13.6941260141874	(1,21)
-13.6887247133159	(1,22)
-13.6835104263486	(1,23)
-13.6786085147654	(1,24)
-13.6741408346335	(1,25)
-13.6702214354208	(1,26)
-13.6669524830256	(1,27)
-13.6644205731033	(1,28)
-13.6626935846077	(1,29)
-13.6618182012461	(1,30)
-13.51887411659669626	(2,1)
-13.51887095193662408	(2,2)
-13.51884961151019183	(2,3)
-13.51878089521737061	(2,4)
-13.51862302062400739	(2,5)
-13.51832394064613769	(2,6)
-13.51782426593767245	(2,7)
-13.51706065745051771	(2,8)
-13.51596953227172399	(2,9)
-13.51449091034837528	(2,10)
-13.51257222183272547	(2,11)
-13.51017189494042088	(2,12)
-13.50726255248357868	(2,13)
-13.50383366131967102	(2,14)
-13.49989350218208454	(2,15)
-13.49547035672028173	(2,16)
-13.49061284276630497	(2,17)
-13.48538936630898321	(2,18)
-13.47988669768301498	(2,19)
-13.47420771827665286	(2,20)
-13.46846842085544341	(2,21)
-13.46279427972485529	(2,22)
-13.45731613493733648	(2,23)
-13.45216575637597354	(2,24)
-13.44747126791713256	(2,25)
-13.44335261843324218	(2,26)
-13.4399172849466213	(2,27)
-13.43725638393890492	(2,28)
-13.43544135013877256	(2,29)
-13.43452131882624628	(2,30)
-13.0970080486010444419	(3,1)
-13.0970045862168289494	(3,2)
-13.0969812381236579106	(3,3)
-13.0969060570482083333	(3,4)
-13.0967333292309643909	(3,5)
-13.0964061092194137905	(3,6)
-13.0958594153404100511	(3,7)
-13.0950239384622885308	(3,8)
-13.093830092441929454	(3,9)
-13.0922122180378220198	(3,10)
-13.0901127438035650217	(3,11)
-13.0874861079376400003	(3,12)
-13.0843022542522095081	(3,13)
-13.0805495329501348004	(3,14)
-13.0762368620122609868	(3,15)
-13.0713950366086130722	(3,16)
-13.0660771106826380589	(3,17)
-13.0603578151151305411	(3,18)
-13.0543320188952984723	(3,19)
-13.048112281672271511	(3,20)
-13.0418255860940924272	(3,21)
-13.0356093747075959183	(3,22)
-13.0296070472952694295	(3,23)
-13.0239630989969631842	(3,24)
-13.0188180963269682095	(3,25)
-13.0143036965085714005	(3,26)
-13.0105379150353986579	(3,27)
-13.0076208370429854428	(3,28)
-13.0056309503300368505	(3,29)
-13.0046222524674954657	(3,30)
-12.52097432615859049489	(4,1)
-12.5209704204777074291	(4,2)
-12.52094408306798593104	(4,3)
-12.52085927626127372265	(4,4)
-12.52066443281311026156	(4,5)
-12.52029531407722682916	(4,6)
-12.51967861231873440529	(4,7)
-12.51873613065635972208	(4,8)
-12.51738934712123057533	(4,9)
-12.51556415099554024325	(4,10)
-12.51319553070547145499	(4,11)
-12.51023199341662057863	(4,12)
-12.50663950701605223451	(4,13)
-12.50240477485393509532	(4,14)
-12.49753768157775006346	(4,15)
-12.49207278341617532514	(4,16)
-12.48606975688012437066	(4,17)
-12.47961276435586176146	(4,18)
-12.47280874163098223744	(4,19)
-12.46578465909379180592	(4,20)
-12.45868385323529350294	(4,21)
-12.45166156626266982124	(4,22)
-12.4448798673229864128	(4,23)
-12.43850215744359455181	(4,24)
-12.43268748048938066377	(4,25)
-12.42758487321302560748	(4,26)
-12.42332798821796020406	(4,27)
-12.42003021418571643779	(4,28)
-12.41778049832509201565	(4,29)
-12.41664004743456876725	(4,30)
-11.846822647837173426556	(5,1)
-11.846818154653616771313	(5,2)
-11.846787855493568280378	(5,3)
-11.846690291695867313258	(5,4)
-11.846466138495983017827	(5,5)
-11.846041491999630532355	(5,6)
-11.845332011120263537439	(5,7)
-11.844247722678699527514	(5,8)
-11.842698267106485499602	(5,9)
-11.840598341524712060024	(5,10)
-11.837873087173122036952	(5,11)
-11.834463169517178906436	(5,12)
-11.830329311650701490911	(5,13)
-11.825456064180437469987	(5,14)
-11.819854626580683083131	(5,15)
-11.813564574671964038122	(5,16)
-11.806654394780393194122	(5,17)
-11.799220775447086553838	(5,18)
-11.791386660308209924133	(5,19)
-11.783298118888691807643	(5,20)
-11.775120143433545188233	(5,21)
-11.767031527436190614857	(5,22)
-11.759219023182072874765	(5,23)
-11.751871009525537453663	(5,24)
-11.745170925610841616789	(5,25)
-11.739290740015569498988	(5,26)
-11.734384726939710416872	(5,27)
-11.730583811193785987037	(5,28)
-11.727990722027938338095	(5,29)
-11.72667616305991315078	(5,30)
-11.1329478092553909521092	(6,1)
-11.1329425831372200638499	(6,2)
-11.1329073415276322214796	(6,3)
-11.1327938628819405014894	(6,4)
-11.1325331448037277004425	(6,5)
-11.132039226326391973487	(6,6)
-11.1312140037727067023205	(6,7)
-11.1299528169165561516056	(6,8)
-11.1281505466334453452614	(6,9)
-11.1257079414995294555972	(6,10)
-11.1225378797327236200513	(6,11)
-11.1185712747085663433648	(6,12)
-11.1137623467062829415974	(6,13)
-11.1080930097254490417061	(6,14)
-11.101576158920477457844	(6,15)
-11.0942576898529192633871	(6,16)
-11.0862171335243411295068	(6,17)
-11.0775668489917947763602	(6,18)
-11.0684497761013033124333	(6,19)
-11.0590358122106487327417	(6,20)
-11.0495169363479127043843	(6,21)
-11.0401012596779258658979	(6,22)
-11.0310062300727205229362	(6,23)
-11.0224512587720249601636	(6,24)
-11.01465006656890967601	(6,25)
-11.0078030640038607583411	(6,26)
-11.0020900835114603346026	(6,27)
-10.9976637707424210324388	(6,28)
-10.9946439174684317054621	(6,29)
-10.993112980392323033058	(6,30)
-10.4319169974560178744618	(7,1)
-10.4319108885448385503226	(7,2)
-10.4318696939392673977783	(7,3)
-10.4317370465030066027722	(7,4)
-10.4314322877958597397118	(7,5)
-10.4308549356644806701912	(7,6)
-10.4298903129053277262456	(7,7)
-10.4284160759341914040427	(7,8)
-10.4263093409520688560064	(7,9)
-10.4234540774901650764634	(7,10)
-10.4197484264143728243974	(7,11)
-10.4151116017256988672906	(7,12)
-10.409490052400891653661	(7,13)
-10.4028625910938025840637	(7,14)
-10.395244239303884930248	(7,15)
-10.386688591779886511512	(7,16)
-10.377288564344019477943	(7,17)
-10.3671754566575587083107	(7,18)
-10.3565163321991753573259	(7,19)
-10.3455097892594293746001	(7,20)
-10.3343802663421520088409	(7,21)
-10.3233710902321122558294	(7,22)
-10.3127365323859023783654	(7,23)
-10.3027331865960012442784	(7,24)
-10.2936110156791735687373	(7,25)
-10.2856044352574529707622	(7,26)
-10.2789238070923851216889	(7,27)
-10.2737477021578904855012	(7,28)
-10.2702162647629674260929	(7,29)
-10.26842596450852854346	(7,30)
-9.78470475976641245799824	(8,1)
-9.78469761151604285834721	(8,2)
-9.78464940827241434082372	(8,3)
-9.78449419292436507378654	(8,4)
-9.78413758446282058283224	(8,5)
-9.78346200610646629772391	(8,6)
-9.78233327247126302381065	(8,7)
-9.78060823039920759645927	(8,8)
-9.77814309944839299044323	(8,9)
-9.77480212558557038452218	(8,10)
-9.77046614647695713520282	(8,11)
-9.76504066927713475553692	(8,12)
-9.75846308152895511813258	(8,13)
-9.7507086515861460725433	(8,14)
-9.74179502516096522966727	(8,15)
-9.73178498703193560123949	(8,16)
-9.72078732911823416195422	(8,17)
-9.7089557452643278962944	(8,18)
-9.69648575620070354427279	(8,19)
-9.68360975211733507092431	(8,20)
-9.67059032186257429295098	(8,21)
-9.65771211367468480264993	(8,22)
-9.64527253932466317223474	(8,23)
-9.63357168852141994562071	(8,24)
-9.622901860644926634827	(8,25)
-9.61353714405985159820905	(8,26)
-9.60572347781709521455761	(8,27)
-9.59966961569310446972696	(8,28)
-9.5955393784098627587446	(8,29)
-9.5934455276895299403184	(8,30)
-9.2176580989145274730398	(9,1)
-9.21764974867537999459259	(9,2)
-9.21759343999741344439586	(9,3)
-9.21741212513774795820555	(9,4)
-9.2169955536494761570794	(9,5)
-9.21620638115978498449002	(9,6)
-9.21488786721992997194585	(9,7)
-9.21287280582613654000404	(9,8)
-9.2099932750091372445991	(9,9)
-9.20609075341922145440058	(9,10)
-9.20102613356375492977531	(9,11)
-9.19468916380829348983489	(9,12)
-9.18700687404385142473169	(9,13)
-9.17795058183620458882884	(9,14)
-9.1675411349737203096602	(9,15)
-9.1558521200848667668001	(9,16)
-9.14301085239115151209766	(9,17)
-9.12919705530746640388806	(9,18)
-9.11463923683141808741907	(9,19)
-9.09960886861523621577031	(9,20)
-9.08441256932497001175526	(9,21)
-9.0693825824011905659705	(9,22)
-9.05486591581360647343245	(9,23)
-9.04121257430514529736654	(9,24)
-9.02876335986812419155366	(9,25)
-9.01783774135364711478787	(9,26)
-9.00872229757780189022653	(9,27)
-9.00166021941794694682259	(9,28)
-8.99684231561944188021656	(9,29)
-8.9943999058855128960642	(9,30)
-8.74180928508713233328051	(10,1)
-8.74179956947795144920684	(10,2)
-8.74173405363948652742136	(10,3)
-8.74152309184167104818851	(10,4)
-8.74103840796751217011925	(10,5)
-8.74012020612241213952877	(10,6)
-8.73858613305330892547345	(10,7)
-8.73624167834517801207814	(10,8)
-8.73289153100567572265902	(10,9)
-8.72835136521767105078588	(10,10)
-8.72245950566279037120155	(10,11)
-8.71508792476467797040841	(10,12)
-8.70615205026794172670597	(10,13)
-8.69561891053189476544163	(10,14)
-8.68351321461027877485264	(10,15)
-8.66992105161517147249894	(10,16)
-8.65499099533740509618294	(10,17)
-8.63893251137969199356433	(10,18)
-8.6220116805169166651274	(10,19)
-8.60454436875636523653035	(10,20)
-8.58688708668495355654219	(10,21)
-8.5694258833293793019119	(10,22)
-8.55256370839531844532017	(10,23)
-8.53670674738177001675951	(10,24)
-8.52225028338730406870698	(10,25)
-8.50956466503190640096727	(10,26)
-8.4989819604480314431709	(10,27)
-8.49078385251946467633621	(10,28)
-8.4851912814054803728503	(10,29)
-8.482356268950665225874	(10,30)
-8.353918218054424905745976	(11,1)
-8.353906984601434349451059	(11,2)
-8.353831233433978454700986	(11,3)
-8.353587314182755908688394	(11,4)
-8.353026913182384566017944	(11,5)
-8.351965279712174734456811	(11,6)
-8.350191598006518516621192	(11,7)
-8.347481027350217034889496	(11,8)
-8.343607853404994974169147	(11,9)
-8.338359139203393453079038	(11,10)
-8.331548236576205424180738	(11,11)
-8.323027519571013474479257	(11,12)
-8.312699730843211070725308	(11,13)
-8.300527388943139535460136	(11,14)
-8.286539786511491380633953	(11,15)
-8.270837213088763820248784	(11,16)
-8.253592156981515970135053	(11,17)
-8.235047373027277892100681	(11,18)
-8.21551084120592279695107	(11,19)
-8.19534777860801571441461	(11,20)
-8.174969998045781361146077	(11,21)
-8.154823024649051472272296	(11,22)
-8.135371481806956583968026	(11,23)
-8.117083335355234672126531	(11,24)
-8.100413636625396609184315	(11,25)
-8.085788428771276355063742	(11,26)
-8.073589475897716853781582	(11,27)
-8.064140441472817944283179	(11,28)
-8.05769508306961945176669	(11,29)
-8.05442794748960967530042	(11,30)
-8.038750549440288111037307	(12,1)
-8.038737674777618422239537	(12,2)
-8.038650856402477075264101	(12,3)
-8.038371301294211627758604	(12,4)
-8.037729031025348437475934	(12,5)
-8.036512316750401371538639	(12,6)
-8.034479580203369228685821	(12,7)
-8.031373214718836719324588	(12,8)
-8.02693468768470418144536	(12,9)
-8.020920220637039904905163	(12,10)
-8.013116308888108550399461	(12,11)
-8.003354341375312789145158	(12,12)
-7.991523614114670612212034	(12,13)
-7.977582096401927429386352	(12,14)
-7.961564405199885308725565	(12,15)
-7.943586565801776515904354	(12,16)
-7.923847280197184760033745	(12,17)
-7.902625581711745848011926	(12,18)
-7.880274917747270271177005	(12,19)
-7.857213863760075214925446	(12,20)
-7.833913823069232989667816	(12,21)
-7.810884201404937171330584	(12,22)
-7.788655656087696038894818	(12,23)
-7.767762102592608521537506	(12,24)
-7.748722212867524220518699	(12,25)
-7.732021158735616530279199	(12,26)
-7.718093340285395106376156	(12,27)
-7.707306795080955933908374	(12,28)
-7.699949912268224960913739	(12,29)
-7.69622098005746733859547	(12,30)
-7.772321830522457010432879	(13,1)
-7.772307243489087077942277	(13,2)
-7.772208878067630323878954	(13,3)
-7.771892142319811942852924	(13,4)
-7.771164455406570769197031	(13,5)
-7.769785946762438901738122	(13,6)
-7.767482958362391727332465	(13,7)
-7.763963733483430407708282	(13,8)
-7.758935567907969353694897	(13,9)
-7.752122622273414143453837	(13,10)
-7.743283551864694514880627	(13,11)
-7.732228105936761941261212	(13,12)
-7.718831884327103074265663	(13,13)
-7.703048514325473988879849	(13,14)
-7.684918622900762181213831	(13,15)
-7.66457512353289928644421	(13,16)
-7.642244506024374700894127	(13,17)
-7.618244003003402819899321	(13,18)
-7.59297469846782112849291	(13,19)
-7.566910831322822988312999	(13,20)
-7.54058572046221699196224	(13,21)
-7.514574888663096040863241	(13,22)
-7.489477083273413300443971	(13,23)
-7.465893977411605750464122	(13,24)
-7.444409383587811468740188	(13,25)
-7.425568822056293308933886	(13,26)
-7.409860260648378013998937	(13,27)
-7.397696784776851911630055	(13,28)
-7.389401870306892024143806	(13,29)
-7.3851978231712821500537	(13,30)
-7.52592049206113133901714	(14,1)
-7.525904197728073881015214	(14,2)
-7.525794319483958337624232	(14,3)
-7.525440513628493831191326	(14,4)
-7.524627665932603862237494	(14,5)
-7.523087854948172336756426	(14,6)
-7.520515458105294400784942	(14,7)
-7.516584714384842416069572	(14,8)
-7.510968934081305162401827	(14,9)
-7.503360455568903239925686	(14,10)
-7.493490397105532700184414	(14,11)
-7.481147243374098119912494	(14,12)
-7.466193344577600478805419	(14,13)
-7.448578490850935794845584	(14,14)
-7.42834985393678358077408	(14,15)
-7.405657755774373652757522	(14,16)
-7.380756921204368616857269	(14,17)
-7.35400308833635501059029	(14,18)
-7.325845072647799776147267	(14,19)
-7.296812596498941878440963	(14,20)
-7.267500392043319284998002	(14,21)
-7.238549251823110602683592	(14,22)
-7.210624829606419667489727	(14,23)
-7.184395079340773788531605	(14,24)
-7.160507260853850938659636	(14,25)
-7.139565438588171508626646	(14,26)
-7.122109358182362101903084	(14,27)
-7.108595510811001351805936	(14,28)
-7.099381093433738466073191	(14,29)
-7.09471145108857024840964	(14,30)
-7.2705747943445898161064465	(15,1)
-7.2705568933341636829173584	(15,2)
-7.2704361808274707401087496	(15,3)
-7.2700474901636798783424105	(15,4)
-7.2691545042950094696433956	(15,5)
-7.2674629132083931003162689	(15,6)
-7.2646370381863166388228413	(15,7)
-7.2603191721366069049841275	(15,8)
-7.254150745829294634674274	(15,9)
-7.2457943250623207306198413	(15,10)
-7.2349553812767630153063596	(15,11)
-7.2214027645586307271958306	(15,12)
-7.2049868477548167689231627	(15,13)
-7.1856544049517455593296825	(15,14)
-7.1634594343562062782029941	(15,15)
-7.1385693280875878967293034	(15,16)
-7.1112660190113997162486639	(15,17)
-7.0819419837784611405182889	(15,18)
-7.0510912359290197300381778	(15,19)
-7.0192956870128701001043891	(15,20)
-6.98720747199982919552441	(15,21)
-6.9555280152176741432573409	(15,22)
-6.9249847457675612468454511	(15,23)
-6.8963064522709657913223586	(15,24)
-6.8701982957236057967753888	(15,25)
-6.847317479888065727414881	(15,26)
-6.82825051772172600617884	(15,27)
-6.813492938236376473968869	(15,28)
-6.803432159827970072704812	(15,29)
-6.79833412174734550337245	(15,30)
-6.9813580408204487993047054	(16,1)
-6.9813387383393120020145474	(16,2)
-6.9812085753763398948542907	(16,3)
-6.9807894560634726176443299	(16,4)
-6.9798265716835411579373715	(16,5)
-6.9780026051787867441700311	(16,6)
-6.9749556905222910021625882	(16,7)
-6.9703003210333633959008101	(16,8)
-6.9636502457503436703990732	(16,9)
-6.9546422737408750525329059	(16,10)
-6.9429598323635844223833656	(16,11)
-6.9283551056609480348608563	(16,12)
-6.9106686195591493893942606	(16,13)
-6.889845243949214644341663	(16,14)
-6.8659457458183299175657539	(16,15)
-6.8391532449002461365312927	(16,16)
-6.8097741812446885215441299	(16,17)
-6.7782336859577575650577699	(16,18)
-6.745065532891954642751538	(16,19)
-6.7108971205110213234440682	(16,20)
-6.6764301714076247939090341	(16,21)
-6.6424180274721063280783362	(16,22)
-6.6096405519523838925419742	(16,23)
-6.5788777217542007237554729	(16,24)
-6.5508830060446846230698693	(16,25)
-6.5263575870340888897892496	(16,26)
-6.5059263955755845383132184	(16,27)
-6.490116819459761337170175	(16,28)
-6.479340807453394300042344	(16,29)
-6.47388094717427928835354	(16,30)
-6.6407590057593465909642929	(17,1)
-6.6407386070264937172811074	(17,2)
-6.6406010518259504706589476	(17,3)
-6.640158131560638351541143	(17,4)
-6.6391405769737698427359223	(17,5)
-6.637213088651289960091372	(17,6)
-6.6339933544667728361053697	(17,7)
-6.6290742063799085838339354	(17,8)
-6.6220478999240520437555318	(17,9)
-6.6125313666462529400752425	(17,10)
-6.6001912043452288005484446	(17,11)
-6.5847671431147908334119597	(17,12)
-6.5660927653074508370689493	(17,13)
-6.544112368570263445453656	(17,14)
-6.5188930412380143488412767	(17,15)
-6.490631260215685279965717	(17,16)
-6.4596536083196024756443053	(17,17)
-6.4264115210111416891144739	(17,18)
-6.3914702886077111963129516	(17,19)
-6.3554928359960937346737217	(17,20)
-6.3192190565035632288002924	(17,21)
-6.2834416735299169433044345	(17,22)
-6.2489797328725433486384554	(17,23)
-6.2166508876197341790893158	(17,24)
-6.1872436301295077460855437	(17,25)
-6.1614905616372202129691072	(17,26)
-6.1400436828090990708302938	(17,27)
-6.123452552886857989565793	(17,28)
-6.112146015018630948945902	(17,29)
-6.106418032471733685866213	(17,30)
-6.2404643508926761129505898	(18,1)
-6.2404432434011337792235853	(18,2)
-6.240300908975796351390224	(18,3)
-6.23984260178890009576846	(18,4)
-6.2387897087624501298948499	(18,5)
-6.2367953235474938204558502	(18,6)
-6.2334639667152340676121107	(18,7)
-6.2283745796217807459189281	(18,8)
-6.2211057385878892620035529	(18,9)
-6.211261890524521083567933	(18,10)
-6.1984993146226731702051837	(18,11)
-6.1825504804864308179237143	(18,12)
-6.1632455116808178560978904	(18,13)
-6.1405295806191640850340377	(18,14)
-6.1144752546662833781308416	(18,15)
-6.0852890750591814012845338	(18,16)
-6.0533119628715848215989141	(18,17)
-6.0190133867249179857580754	(18,18)
-5.9829795686270260022235978	(18,19)
-5.9458963202099247942115343	(18,20)
-5.9085273678003044865907344	(18,21)
-5.8716892232404763604745275	(18,22)
-5.8362237781981995424761927	(18,23)
-5.8029698415596174458550916	(18,24)
-5.7727348091714257336433081	(18,25)
-5.7462675658197787090281161	(18,26)
-5.7242335878996706572153551	(18,27)
-5.7071930598098006833510783	(18,28)
-5.6955826542254994414440021	(18,29)
-5.689701468945914835773219	(18,30)
-5.7813079563450399923360881	(19,1)
-5.7812865830378782720393558	(19,2)
-5.7811424563090420898926282	(19,3)
-5.7806783800910125011406694	(19,4)
-5.7796122455010886059363436	(19,5)
-5.7775928237565410242909293	(19,6)
-5.7742197797818162397544901	(19,7)
-5.7690670277914124875383849	(19,8)
-5.7617083607047346623017226	(19,9)
-5.7517441294823722421462396	(19,10)
-5.7388276419960174970073299	(19,11)
-5.7226899094366840283625403	(19,12)
-5.7031614042876889227408975	(19,13)
-5.6801896146575375021551031	(19,14)
-5.6538513844649615743839375	(19,15)
-5.6243593076150521530959625	(19,16)
-5.5920617779825420672545855	(19,17)
-5.5574366596346900040134809	(19,18)
-5.5210789031174948278253682	(19,19)
-5.483682763475231273735932	(19,20)
-5.4460195475351206435658219	(19,21)
-5.4089120127270589468755987	(19,22)
-5.3732066476840022604629128	(19,23)
-5.339745086582444763035282	(19,24)
-5.3093358543291773735233238	(19,25)
-5.282727524917124777138744	(19,26)
-5.2605842210685141375776899	(19,27)
-5.243464210727814554119658	(19,28)
-5.2318021836815838276732703	(19,29)
-5.225895633451576460901595	(19,30)
-5.2716525195336556477440687	(20,1)
-5.2716313489430995982309688	(20,2)
-5.2714885893768560936723767	(20,3)
-5.27102891747181361645781	(20,4)
-5.2699729135223391918775137	(20,5)
-5.2679727284854712120746367	(20,6)
-5.2646319549501856712702108	(20,7)
-5.2595288366988626247379707	(20,8)
-5.2522417572004294135612746	(20,9)
-5.2423757842276419046628924	(20,10)
-5.2295889331361118691118136	(20,11)
-5.2136167628783520400097948	(20,12)
-5.1942939513830993151780335	(20,13)
-5.1715716191615911689803089	(20,14)
-5.1455293816669708053455133	(20,15)
-5.1163814014238857218129252	(20,16)
-5.0844760595219708774684089	(20,17)
-5.0502892439148301513581142	(20,18)
-5.0144116258186850547141343	(20,19)
-4.9775306322002264409782534	(20,20)
-4.9404080934657623995865423	(20,21)
-4.90385473119103600560859	(20,22)
-4.8687027421862396629603237	(20,23)
-4.8357777349339942015282156	(20,24)
-4.8058711951261195491122928	(20,25)
-4.7797145186218712394763607	(20,26)
-4.7579554763045363166971257	(20,27)
-4.7411377895902574627874549	(20,28)
-4.7296843179245989845322533	(20,29)
-4.723884204890240733526345	(20,30)
-4.7248417416778817174193798	(21,1)
-4.7248212407901823983580999	(21,2)
-4.7246829974148914927037901	(21,3)
-4.7242378694073570836142393	(21,4)
-4.723215289872808951267135	(21,5)
-4.7212784628900731898163237	(21,6)
-4.7180436539389609159012129	(21,7)
-4.7131027421082353437672245	(21,8)
-4.7060480062023242787658972	(21,9)
-4.6964979498146131900487514	(21,10)
-4.6841228500194144147492244	(21,11)
-4.6686686600313374354828058	(21,12)
-4.649977924615153353087561	(21,13)
-4.6280064882268516273944029	(21,14)
-4.6028349901525696604026336	(21,15)
-4.5746744372169378539470392	(21,16)
-4.5438655007393814499407349	(21,17)
-4.5108715692988094259562867	(21,18)
-4.4762659667935572036343382	(21,19)
-4.4407140809577559034056853	(21,20)
-4.404951411221346351638598	(21,21)
-4.3697587166653027202565367	(21,22)
-4.3359355171102209607995601	(21,23)
-4.3042731778417831525739736	(21,24)
-4.2755287065836590058744309	(21,25)
-4.250400232939660122719862	(21,26)
-4.2295049517991969899697728	(21,27)
-4.2133601184678643616770039	(21,28)
-4.2023675055941189685914392	(21,29)
-4.196801584683640899216162	(21,30)
-4.1564597013152166802741145	(22,1)
-4.1564403149557866467878132	(22,2)
-4.1563095873480973790160658	(22,3)
-4.1558886614297595381685782	(22,4)
-4.1549216931819634572338839	(22,5)
-4.1530902451904462898142994	(22,6)
-4.1500315756541418228822786	(22,7)
-4.1453600401643281075543798	(22,8)
-4.1386906324678910745429277	(22,9)
-4.1296635234883657471658428	(22,10)
-4.1179683347330979479773795	(22,11)
-4.1033668236205593638536737	(22,12)
-4.0857126822026561688609062	(22,13)
-4.064967268348047444420307	(22,14)
-4.0412103005277321140945463	(22,15)
-4.0146448425803568533733414	(22,16)
-3.9855962600201712450953455	(22,17)
-3.9545052120620876814106261	(22,18)
-3.9219151162582578645960313	(22,19)
-3.8884548489646107030759373	(22,20)
-3.8548176946573871145227037	(22,21)
-3.8217377110400490575828836	(22,22)
-3.789964728701930688546125	(22,23)
-3.7602391607346643650784603	(22,24)
-3.7332676770547570913658441	(22,25)
-3.7097006252859125403518452	(22,26)
-3.6901118827077818580645298	(22,27)
-3.6749816281646890576528915	(22,28)
-3.6646823500504753003805486	(22,29)
-3.659468270307751040526585	(22,30)
-3.58198159434056864246208219	(23,1)
-3.58196373238016757926801681	(23,2)
-3.58184328439100329505378316	(23,3)
-3.58145545954865425042626283	(23,4)
-3.58056454423456732699422854	(23,5)
-3.57887718631149361688128487	(23,6)
-3.57605929047974792554851975	(23,7)
-3.57175580821438853886606219	(23,8)
-3.56561252331728386362631054	(23,9)
-3.5572987718233589196634855	(23,10)
-3.54652991278508607557886309	(23,11)
-3.53308830568090054782841459	(23,12)
-3.51684156958355363326023769	(23,13)
-3.497757010575359615960626	(23,14)
-3.47591130844534481471272336	(23,15)
-3.45149484013781856268335595	(23,16)
-3.42481036217724352704734584	(23,17)
-3.39626614430275908980455373	(23,18)
-3.36636400403868176178862192	(23,19)
-3.33568300034563851693418045	(23,20)
-3.30485977427109960662621327	(23,21)
-3.27456665750352982888893139	(23,22)
-3.2454887014334648998464155	(23,23)
-3.21830071857772347572992078	(23,24)
-3.19364529464176756778006419	(23,25)
-3.17211254937157002450252559	(23,26)
-3.1542222259811001726201126	(23,27)
-3.1404084983035569481861572	(23,28)
-3.131007722197071706970799	(23,29)
-3.12624923574916910036709	(23,30)
-3.01512552535379999605499791	(24,1)
-3.01510955701712742499073641	(24,2)
-3.01500187839148312581448258	(24,3)
-3.01465517081045640220359935	(24,4)
-3.01385872082121326534649647	(24,5)
-3.01235031584561988504451503	(24,6)
-3.00983138729028193331380051	(24,7)
-3.00598476458735778261278783	(24,8)
-3.000494234899208462637056	(24,9)
-2.99306495066027988535634611	(24,10)
-2.98344361017782662395276277	(24,11)
-2.9714372762523132656466867	(24,12)
-2.95692971288103182338240591	(24,13)
-2.9398942224865428543737082	(24,14)
-2.92040215725299761646003705	(24,15)
-2.89862654710408576651003893	(24,16)
-2.87484061053417965683413442	(24,17)
-2.8494112605252690102927952	(24,18)
-2.82278804935650993019616227	(24,19)
-2.79548827801632900974795984	(24,20)
-2.76807920025200208942962183	(24,21)
-2.74115836173543725937902748	(24,22)
-2.71533312865390472910649538	(24,23)
-2.69120038747768386344669787	(24,24)
-2.66932725907046559205715611	(24,25)
-2.65023349194419452872999649	(24,26)
-2.63437600881414125103799361	(24,27)
-2.62213590226658251507560783	(24,28)
-2.6138080279373913653663143	(24,29)
-2.609593238112484808783755	(24,30)
-2.46695328058207713282569909	(25,1)
-2.46693953404274445588371826	(25,2)
-2.46684683768722536768337929	(25,3)
-2.46654837193849588323641294	(25,4)
-2.46586275007903981564116323	(25,5)
-2.46456427390209559404742804	(25,6)
-2.46239599968835974695329479	(25,7)
-2.45908506961018634126566087	(25,8)
-2.4543596140427535526409038	(25,9)
-2.44796639315349150794614774	(25,10)
-2.43968823952975414527713643	(25,11)
-2.42936030719941645223396827	(25,12)
-2.41688414378363638346642552	(25,13)
-2.40223869301235118578943089	(25,14)
-2.38548750597939065070499216	(25,15)
-2.36678168116941838893495262	(25,16)
-2.34635834393767157688137834	(25,17)
-2.32453478562558545784096718	(25,18)
-2.30169867680487280523271077	(25,19)
-2.27829501600936794793223149	(25,20)
-2.25481064969292680076066773	(25,21)
-2.23175728711800058603835165	(25,22)
-2.20965393425795003566646129	(25,23)
-2.18900959432018297588909747	(25,24)
-2.17030694891443403806389927	(25,25)
-2.15398756785091659072482164	(25,26)
-2.14043902225506809965139633	(25,27)
-2.12998411712523350030824551	(25,28)
-2.1228723318197353140019304	(25,29)
-2.1192734693167698936689227	(25,30)
-1.94559607972144186804504241	(26,1)
-1.9455848449285750237428015	(26,2)
-1.94550908597090554524531239	(26,3)
-1.94526515636772259555096156	(26,4)
-1.94470481673561288506683719	(26,5)
-1.94364362473214438798542319	(26,6)
-1.94187162978697538466180576	(26,7)
-1.9391659289141779776316744	(26,8)
-1.93530451522865519826755544	(26,9)
-1.9300807355702623432947035	(26,10)
-1.92331758327216585628817508	(26,11)
-1.91488100357532582644954032	(26,12)
-1.90469139770358333732231139	(26,13)
-1.89273258700690772874974897	(26,14)
-1.87905764224026148887554726	(26,15)
-1.86379118623181608397030156	(26,16)
-1.84712802234643552217916012	(26,17)
-1.82932820032892476683272464	(26,18)
-1.81070887616260627779672824	(26,19)
-1.79163352612549367578291099	(26,20)
-1.77249921634410773794786752	(26,21)
-1.75372269666206310435218689	(26,22)
-1.73572608139275644207066225	(26,23)
-1.71892280944819930595379797	(26,24)
-1.70370445981095496408991566	(26,25)
-1.69042885654400863932870632	(26,26)
-1.67940975179859485438705722	(26,27)
-1.6709082438274439084576186	(26,28)
-1.6651259829635405492369329	(26,29)
-1.6622001489473596206688108	(26,30)
-1.45641104352740138915493148	(27,1)
-1.45640257651316195103572025	(27,2)
-1.4563454813481475701064932	(27,3)
-1.45616164546021822898612329	(27,4)
-1.4557393482123791321665054	(27,5)
-1.45493958183180008691085079	(27,6)
-1.45360410728441555465867864	(27,7)
-1.45156491025286801486721743	(27,8)
-1.44865462899018717149829072	(27,9)
-1.44471743974981277378773938	(27,10)
-1.43961981818388696094520505	(27,11)
-1.43326055916459396452169188	(27,12)
-1.42557944420125958126758459	(27,13)
-1.41656400227158774489639014	(27,14)
-1.40625391744430392699553931	(27,15)
-1.39474278859654554331197691	(27,16)
-1.38217712898035796532481381	(27,17)
-1.36875268705367297606747687	(27,18)
-1.35470835317726935608375144	(27,19)
-1.34031806914646903157464177	(27,20)
-1.3258812635381681791448229	(27,21)
-1.31171238721779840708196759	(27,22)
-1.29813011993222961246301662	(27,23)
-1.28544676804792300146094907	(27,24)
-1.27395828800863960692137495	(27,25)
-1.26393526562506086340206862	(27,26)
-1.25561507356883629974253675	(27,27)
-1.24919533188687473837595227	(27,28)
-1.2448287186737672939098492	(27,29)
-1.242619125485668785092115	(27,30)
-1.00237831394542976884346592	(28,1)
-1.00237284138033018655495775	(28,2)
-1.00233593838702602247193057	(28,3)
-1.00221711593886752103704966	(28,4)
-1.00194415444502143141977899	(28,5)
-1.0014271712915679216823274	(28,6)
-1.00056379231186979961294384	(28,7)
-0.99924520716813003243768855	(28,8)
-0.99736283345612854908636873	(28,9)
-0.99481526559326441260819663	(28,10)
-0.9915151480976471290577562	(28,11)
-0.98739559498614847424689291	(28,12)
-0.98241578319039775965015938	(28,13)
-0.97656538154665379740185757	(28,14)
-0.96986753840601628801459018	(28,15)
-0.9623802369173548471530202	(28,16)
-0.95419593064540955739329266	(28,17)
-0.94543948367383068773577934	(28,18)
-0.9362645475371364583367729	(28,19)
-0.92684860132227303078851291	(28,20)
-0.91738695213969050564182858	(28,21)
-0.90808603524702975524108327	(28,22)
-0.8991563647905470132641354	(28,23)
-0.89080546977410799017441785	(28,24)
-0.88323111112321046865466786	(28,25)
-0.8766150223373106148480682	(28,26)
-0.8711173566918194668581688	(28,27)
-0.86687196613661095235407509	(28,28)
-0.8639825871775933786550492	(28,29)
-0.8625199710743246942384812	(28,30)
-0.58459073473424561412976436	(29,1)
-0.58458845800447877291488456	(29,2)
-0.58457310504049879212759346	(29,3)
-0.58452366643651984865955951	(29,4)
-0.58441007062538493230464137	(29,5)
-0.58419482953397353217887011	(29,6)
-0.58383509826431936755704014	(29,7)
-0.58328504803391469317235894	(29,8)
-0.58249844225319783986635461	(29,9)
-0.58143130334748683834923305	(29,10)
-0.58004456117045299902409995	(29,11)
-0.57830658022959266084152685	(29,12)
-0.5761954699113987462436515	(29,13)
-0.5737010875672426771139692	(29,14)
-0.57082664820006436929032571	(29,15)
-0.56758985782352226924388559	(29,16)
-0.56402349310988733907468343	(29,17)
-0.5601753611336467510599705	(29,18)
-0.55610759274080826997391567	(29,19)
-0.55189525248598027272879718	(29,20)
-0.54762428589824769165370451	(29,21)
-0.5433888673844155906543769	(29,22)
-0.53928825407674525989752183	(29,23)
-0.53542328678316198775701965	(29,24)
-0.53189270431310923107505499	(29,25)
-0.52878944922819733078853986	(29,26)
-0.52619714124935420925716562	(29,27)
-0.52418688096590538464304923	(29,28)
-0.5228145243012840008432681	(29,29)
-0.5221185409636675611637239	(29,30)
-0.2027390509486472518548586	(30,1)
-0.20274014942240775752290722	(30,2)
-0.20274755584978304997329723	(30,3)
-0.20277139309643534184054379	(30,4)
-0.20282609239135188254221741	(30,5)
-0.20292946207095233538278118	(30,6)
-0.20310142321826393495960089	(30,7)
-0.20336243373594798756736661	(30,8)
-0.20373166717091217390240126	(30,9)
-0.20422506701838490585291303	(30,10)
-0.2048534500678914961234153	(30,11)
-0.20562086989303682733908667	(30,12)
-0.20652346069952608361591795	(30,13)
-0.20754895352538482321177489	(30,14)
-0.20867698973283532774683324	(30,15)
-0.20988025835845923165750211	(30,16)
-0.21112636997667610626156051	(30,17)
-0.2123802711151545926146878	(30,18)
-0.21360692093223987210132843	(30,19)
-0.2147739118258427650519189	(30,20)
-0.215853725071851975160474	(30,21)
-0.21682536848263728767169334	(30,22)
-0.21767523360027799314205076	(30,23)
-0.21839711788490984185570913	(30,24)
-0.21899146444926846049267694	(30,25)
-0.21946396264086949505320384	(30,26)
-0.21982371695289204162841132	(30,27)
-0.22008122510686907947587335	(30,28)
-0.2202464096595184483713764	(30,29)
-0.2203269256392778945702309	(30,30)
0.14446024425165770236426363	(31,1)
0.14445561084407419947334617	(31,2)
0.14442436810860791836223386	(31,3)
0.14432378971567655443947676	(31,4)
0.1440928476163796308519308	(31,5)
0.14365586344697497560975448	(31,6)
0.14292729612452807910483291	(31,7)
0.14181751997272197518843114	(31,8)
0.14023933973596672920649024	(31,9)
0.13811486649124575583385476	(31,10)
0.1353822650706390033331787	(31,11)
0.13200180731580044956322437	(31,12)
0.12796065297428370379374498	(31,13)
0.12327584914209441296038769	(31,14)
0.11799519241780351439573105	(31,15)
0.11219581943902777885274905	(31,16)
0.10598064839625167087190179	(31,17)
0.09947304326896329063273701	(31,18)
0.09281027025844231796398235	(31,19)
0.08613642849204267766748396	(31,20)
0.07959554847560072732137894	(31,21)
0.07332546631607807759606763	(31,22)
0.06745292153811933434473757	(31,23)
0.0620901245087003785951775	(31,24)
0.0573328318009459287770669	(31,25)
0.05325978509164467562082518	(31,26)
0.04993323246890944107739464	(31,27)
0.04740017012456045381157221	(31,28)
0.0456939171473316674987325	(31,29)
0.0448356593788247183155773	(31,30)
0.45891562721774436203487784	(32,1)
0.45890731722075700987654313	(32,2)
0.45885128316363172009311485	(32,3)
0.4586708910817581478167415	(32,4)
0.4582566621169709246253057	(32,5)
0.45747277652815594994719953	(32,6)
0.45616557182104297655785435	(32,7)
0.45417376451610528393908263	(32,8)
0.45133994407733049129313782	(32,9)
0.44752268493637382060748029	(32,10)
0.44260843659220759896747872	(32,11)
0.43652222853328463696349837	(32,12)
0.42923620977257613618287754	(32,13)
0.42077516094547241579190198	(32,14)
0.41121837373973512466944264	(32,15)
0.40069766094136128353434278	(32,16)
0.38939168594563690545179252	(32,17)
0.37751721194315224153001473	(32,18)
0.36531819683584662655694304	(32,19)
0.3530538460057004795386363	(32,20)
0.34098675648416357541760155	(32,21)
0.32937215138888533331545467	(32,22)
0.31844894970594852281919338	(32,23)
0.30843309760318142300401049	(32,24)
0.2995132606512059045694934	(32,25)
0.29184869000309465904551403	(32,26)
0.28556886200946879882145391	(32,27)
0.28077436412978555659986823	(32,28)
0.2775384589979325811527764	(32,29)
0.2759087912409686528864452	(32,30)
0.74289151789458166837476532	(33,1)
0.74287940684654482567914142	(33,2)
0.74279774241630876927627119	(33,3)
0.74253483770615099114242184	(33,4)
0.74193113734331220636053366	(33,5)
0.7407886962025223219823854	(33,6)
0.73888356385267581101873442	(33,7)
0.73598067974390413565614665	(33,8)
0.73185061961171106032853208	(33,9)
0.72628723745403020637086913	(33,10)
0.7191249759722872022092409	(33,11)
0.7102544394971780027111422	(33,12)
0.69963480129670628085066563	(33,13)
0.68730179390929791969393326	(33,14)
0.67337041102613030673178186	(33,15)
0.65803199126158664920813344	(33,16)
0.64154597586643766506497431	(33,17)
0.6242272282809541750891003	(33,18)
0.60643026901021588305821203	(33,19)
0.58853203711042987267446463	(33,20)
0.57091480670126625996356714	(33,21)
0.55395067990225674717468546	(33,22)
0.53798870383559490593688864	(33,23)
0.52334519923010865938377072	(33,24)
0.51029742441329154217515981	(33,25)
0.49908029895288314305129098	(33,26)
0.48988561909880882385960794	(33,27)
0.48286302927596496481192058	(33,28)
0.4781219651631917876668376	(33,29)
0.4757338353553182044340352	(33,30)
0.99881100800224069046683725	(34,1)
0.99879498828568102386849517	(34,2)
0.99868696803214894230310302	(34,3)
0.9983392177288115532754631	(34,4)
0.99754070328086757546403663	(34,5)
0.9960296511568320916138747	(34,6)
0.99350998314345557599912366	(34,7)
0.98967110246125317036765558	(34,8)
0.98421015372774606501812639	(34,9)
0.97685547540685973991119699	(34,10)
0.96738959260867365589888224	(34,11)
0.9556698545157223879610045	(34,12)
0.94164479314596666396192193	(34,13)
0.92536452643051210619823565	(34,14)
0.90698405319013187636634104	(34,15)
0.88675903128708610694300231	(34,16)
0.86503447719076971613305362	(34,17)
0.84222762795035748625956103	(34,18)
0.81880682193640183715076242	(34,19)
0.79526857949554578055759633	(34,20)
0.77211505947985043805294985	(34,21)
0.74983376184991760374944957	(34,22)
0.72888082442899794082407117	(34,23)
0.70966863614898828209446118	(34,24)
0.69255787200933502541491278	(34,25)
0.67785353516187982416320391	(34,26)
0.66580422215437961341106921	(34,27)
0.65660362528018965215688224	(34,28)
0.6503932394762174406499899	(34,29)
0.6472653214943748360352425	(34,30)
1.22911781318429323516589008	(35,1)
1.22909779406443541661593123	(35,2)
1.22896280639558019103757146	(35,3)
1.22852824430147207495274796	(35,4)
1.22753041654985728057766788	(35,5)
1.22564229902752410147980485	(35,6)
1.22249417121109807606478213	(35,7)
1.21769849718580095282696796	(35,8)
1.21087794603575958779237028	(35,9)
1.20169491988443844002741386	(35,10)
1.18988047328214725839983077	(35,11)
1.17526019001268365938261158	(35,12)
1.15777455066609081289101402	(35,13)
1.13749165251502348494988016	(35,14)
1.11461083631325338360570847	(35,15)
1.08945675084036065873830012	(35,16)
1.06246448851526555427474769	(35,17)
1.03415745715371545339895933	(35,18)
1.00512042606815529444425296	(35,19)
0.97597056833568486720834898	(35,20)
0.9473292718295709311359113	(35,21)
0.91979705768457754120209275	(35,22)
0.89393324452754289741771222	(35,23)
0.87024118144204671025620154	(35,24)
0.84915908773831758679325818	(35,25)
0.83105589340299706697143522	(35,26)
0.81623103185044739060128175	(35,27)
0.8049169100265713007921336	(35,28)
0.7972827481913086482642692	(35,29)
0.7934386014741704250045779	(35,30)
1.4361844716971192233832387	(36,1)
1.4361603796255841787408925	(36,2)
1.4359979288519787976642599	(36,3)
1.4354749620784700972576832	(36,4)
1.4342741800627635256734186	(36,5)
1.4320021708449714658240552	(36,6)
1.4282143855691372303948122	(36,7)
1.4224453030589081779903238	(36,8)
1.4142424409377355899412888	(36,9)
1.4032022062694115923536581	(36,10)
1.3890049652939393614708613	(36,11)
1.3714463107796119062665552	(36,12)
1.3504614685769867197747013	(36,13)
1.32614020893211355044612581	(36,14)
1.29873051535306658955588281	(36,15)
1.26863050490146348652663828	(36,16)
1.23636948281390347150989207	(36,17)
1.202580296300951920268054	(36,18)
1.16796608867860807817931376	(36,19)
1.13326498572994578492584111	(36,20)
1.09921612755766456381010647	(36,21)
1.06652986512623496010996152	(36,22)
1.03586403151834328068969207	(36,23)
1.0078071700939450790869002	(36,24)
0.98286863728273170713145079	(36,25)
0.96147472835917352598466518	(36,26)
0.94396946698636050649525812	(36,27)
0.93061846035283006350978906	(36,28)
0.9216142156641682652756723	(36,29)
0.9170814838784066673457549	(36,30)
1.6222551480434097649946665	(37,1)
1.6222269271262453991219246	(37,2)
1.62203663661309736239095	(37,3)
1.621424055682011886958723	(37,4)
1.6200175596300923548192233	(37,5)
1.6173565029156565751024158	(37,6)
1.6129206567117862646208964	(37,7)
1.6061658281938247287353508	(37,8)
1.596564073317474061223132	(37,9)
1.5836460957891253845834673	(37,10)
1.5670426674042523863267716	(37,11)
1.5465214111628509632071613	(37,12)
1.5220152491261836236472793	(37,13)
1.4936393519858157434506169	(37,14)
1.4616945360672510828521716	(37,15)
1.426656593082727081336812	(37,16)
1.3891527446527554308470292	(37,17)
1.349927965475230658372778	(37,18)
1.30980502098828212293848375	(37,19)
1.2696425278000418972444512	(37,20)
1.23029512841092034901880224	(37,21)
1.19257908362841888918214864	(37,22)
1.15724543745229467648788565	(37,23)
1.12496164793279240145530245	(37,24)
1.09630142483835917767620211	(37,25)
1.07174162310522604563037649	(37,26)
1.05166447877743576099673561	(37,27)
1.0363632369481823210538217	(37,28)
1.0260492555916520382678801	(37,29)
1.020858900373205669170671	(37,30)
1.7894134110063487835593043	(38,1)
1.7893810235563781744370613	(38,2)
1.7891626394436474845876105	(38,3)
1.7884596302120888986718758	(38,4)
1.7868455686253789087279845	(38,5)
1.7837920292296348401655533	(38,6)
1.7787025930845754981772128	(38,7)
1.7709540729637629722207142	(38,8)
1.7599431162087168475695765	(38,9)
1.7451353530010542744212412	(38,10)
1.726113340818006185464958	(38,11)
1.7026189603751699348446185	(38,12)
1.6745858789199122629817163	(38,13)
1.6421583592994309942144216	(38,14)
1.6056940521804916322551362	(38,15)
1.5657502812885271465490555	(38,16)
1.5230553865510090974935031	(38,17)
1.4784685294959901386122311	(38,18)
1.432932632080927131053899	(38,19)
1.3874255951551454215029151	(38,20)
1.3429145963014376697033042	(38,21)
1.3003172494750312637991499	(38,22)
1.26047199100910700415465604	(38,23)
1.22411854345192315843979924	(38,24)
1.19188796269866503286268243	(38,25)
1.16430076576757935204047961	(38,26)
1.14177103298989062948403598	(38,27)
1.1246141587232712896185066	(38,28)
1.1130560137253734022325528	(38,29)
1.107241584775039105588622	(38,30)
1.9395674328235324273724131	(39,1)
1.9395308599347430697599409	(39,2)
1.9392842550054701717037475	(39,3)
1.9384904110629145708040224	(39,4)
1.9366678688580328532573806	(39,5)
1.9332201842262772391910992	(39,6)
1.9274745867010586880624339	(39,7)
1.918728939242162904647214	(39,8)
1.9063048937360097435340485	(39,9)
1.8896039611355099204995752	(39,10)
1.8681621235243545338672019	(39,11)
1.8416979097518148099782771	(39,12)
1.8101488202046365127587398	(39,13)
1.7736917939778599942118322	(39,14)
1.73274505042694777490365	(39,15)
1.6879508769622063210674734	(39,16)
1.6401413677365644876055544	(39,17)
1.5902912600651016845100735	(39,18)
1.5394634428011723106984613	(39,19)
1.4887531760070596662260163	(39,20)
1.4392365512119728229217806	(39,21)
1.3919274395252563888489739	(39,22)
1.3477454597000875726106026	(39,23)
1.3074957181068814260370372	(39,24)
1.271859531876490117293934	(39,25)
1.2413942317389756719532801	(39,26)
1.2165395119374219241223096	(39,27)
1.1976276093379025573451174	(39,28)
1.1848947516768845073971991	(39,29)
1.178491697894873107845126	(39,30)
2.0744469108934176856857419	(40,1)
2.0744061529894578229506666	(40,2)
2.0741313303631605995658525	(40,3)
2.0732466648614225629236359	(40,4)
2.0712156901867523123955948	(40,5)
2.0673740198139143751236327	(40,6)
2.0609727255904164762364691	(40,7)
2.0512311353071490068965255	(40,8)
2.0373966741383685697104401	(40,9)
2.0188079971171491643712611	(40,10)
1.9949563790719658077106067	(40,11)
1.9655395048470269462195014	(40,12)
1.930501774101784912183815	(40,13)
1.8900562061794018405366028	(40,14)
1.8446849789221451201362007	(40,15)
1.7951182764579361089506157	(40,16)
1.7422939591188704699722408	(40,17)
1.6873030256186530948638745	(40,18)
1.6313274177023688595691297	(40,19)
1.5755771471236677326243312	(40,20)
1.5212330157911624003422744	(40,21)
1.4693996182826394441343978	(40,22)
1.4210712778393767834096951	(40,23)
1.3771115082686856915249472	(40,24)
1.3382448612704304930217683	(40,25)
1.3050588100782559627110977	(40,26)
1.2780126831822269896799035	(40,27)
1.2574505284128956928695703	(40,28)
1.2436150278744503027151091	(40,29)
1.236660055902890890867211	(40,30)
2.195607542619719624430092	(41,1)
2.195562619939824565760453	(41,2)
2.1952597163437472145358667	(41,3)
2.1942846724650751148927431	(41,4)
2.192046300373831484771126	(41,5)
2.1878126692141859792076232	(41,6)
2.180759247446026500737245	(41,7)
2.1700276135551546616490722	(41,8)
2.1547920840360084393738551	(41,9)
2.1343300129537511541953058	(41,10)
2.1080900337745808290722318	(41,11)
2.075751565682747169368694	(41,12)
2.0372688906034854191328573	(41,13)
1.9928942606393960208897924	(41,14)
1.9431767832866299702493441	(41,15)
1.8889369067035738038337558	(41,16)
1.8312195957684058337180697	(41,17)
1.771232070009255597344397	(41,18)
1.7102736959227910091716687	(41,19)
1.6496659923367610785619347	(41,20)
1.5906897635096023804495076	(41,21)
1.5345344600273160709220696	(41,22)
1.4822624842357001129500514	(41,23)
1.4347888122421824091980128	(41,24)
1.3928743856363271158750969	(41,25)
1.3571304389534277206334166	(41,26)
1.3280303026163760124740769	(41,27)
1.3059251566486291976070254	(41,28)
1.2910605456316599770049151	(41,29)
1.283591032450054378066276	(41,30)
2.3044400823355568880720319	(42,1)
2.3043910353299356974254078	(42,2)
2.3040603237596624176512171	(42,3)
2.3029957832174765445749909	(42,4)
2.3005520548145147074029939	(42,5)
2.2959303880937301705978572	(42,6)
2.2882315663307730187634398	(42,7)
2.2765205750292297915239453	(42,8)
2.2599000810578195796537193	(42,9)
2.2375879648950486403380965	(42,10)
2.2089924494078361882371712	(42,11)
2.1737772894080114345268726	(42,12)
2.1319094884238561905050911	(42,13)
2.083683363707475372564215	(42,14)
2.0297174360291341868174072	(42,15)
1.9709241597637938399603786	(42,16)
1.9084562292745446219273966	(42,17)
1.8436363061811697232530112	(42,18)
1.7778788602675024589755461	(42,19)
1.712613089638215526407084	(42,20)
1.6492146712445283215908752	(42,21)
1.5889518144254221931229378	(42,22)
1.5329483431606706291210002	(42,23)
1.482163898779484518030139	(42,24)
1.4373892597533870424212943	(42,25)
1.3992534270678530675396807	(42,26)
1.3682385275806247934604576	(42,27)
1.3446986089578100167801551	(42,28)
1.3288788411053280021479082	(42,29)
1.320932306566415216854755	(42,30)
2.402181915217293221262012	(43,1)
2.4021288048307261646055784	(43,2)
2.4017706964569975038758034	(43,3)
2.4006179855698439083198166	(43,4)
2.3979719615856640446836362	(43,5)
2.3929681090668268512905917	(43,6)
2.3846338095976568970832135	(43,7)
2.3719589795786746102404288	(43,8)
2.3539764260443467525660896	(43,9)
2.329846634871765337242855	(43,10)
2.2989397802427864417713134	(43,11)
2.2609065296944311684616229	(43,12)
2.2157292456915938049121522	(43,13)
2.1637467586562271685803422	(43,14)
2.1056489366269724325344664	(43,15)
2.042441306975424413508463	(43,16)
1.9753841759514599492680647	(43,17)
1.9059141295864433750978321	(43,18)
1.835557756903078477171421	(43,19)
1.7658475852829454499500584	(43,20)
1.6982486987043835103504107	(43,21)
1.6341018398494906396276785	(43,22)
1.5745856725695036544078098	(43,23)
1.5206979590396288965909664	(43,24)
1.473253147429980944473994	(43,25)
1.4328924757120695134775106	(43,26)
1.4001021505717433569313345	(43,27)
1.3752352825444922764731684	(43,28)
1.3585338153894984317023416	(43,29)
1.350147459156717073339473	(43,30)
2.4899297495864669549491009	(44,1)
2.4898726574140958441809976	(44,2)
2.4894877026279513811134024	(44,3)
2.4882485956209386631660592	(44,4)
2.4854043636279749473089534	(44,5)
2.4800261118804183141345106	(44,6)
2.4710694681720392721150179	(44,7)
2.4574511660814585544432259	(44,8)
2.4381362611100415771845684	(44,9)
2.412230153030201017082927	(44,10)
2.3790674265343320582353542	(44,11)
2.3382881691096979944336462	(44,12)
2.2898924826489244533181696	(44,13)
2.234265716026579554276472	(44,14)
2.1721704151014733133910489	(44,15)
2.1047055315470314256816886	(44,16)
2.0332381054687496979359243	(44,17)
1.9593164006759550551844438	(44,18)
1.8845755183411872679596534	(44,19)
1.8106465091270005424031014	(44,20)
1.7390781484918096935354611	(44,21)
1.6712774558246592893945833	(44,22)
1.6084715268998983344777976	(44,23)
1.5516900439572687821106222	(44,24)
1.5017654212269973022859295	(44,25)
1.4593461311120981266378166	(44,26)
1.4249182774604987954553183	(44,27)
1.3988307190689044646423346	(44,28)
1.3813197264687449898564282	(44,29)
1.372530032039400263912567	(44,30)
2.5686525084764908148632416	(45,1)
2.568591536779935520432939	(45,2)
2.5681804252963017204151482	(45,3)
2.5668571445744628190407416	(45,4)
2.5638198192680874161747467	(45,5)
2.5580768908812439594152451	(45,6)
2.5485142424539632936434269	(45,7)
2.5339776659970355034552982	(45,8)
2.5133668782765311106182204	(45,9)
2.4857347080270179746847563	(45,10)
2.4503826736387071604889393	(45,11)
2.4069426767100124036194718	(45,12)
2.3554346321503391678120967	(45,13)
2.2962919186750143590115405	(45,14)
2.2303504426705285268627503	(45,15)
2.1588021867944891782237701	(45,16)
2.0831192799044875677826239	(45,17)
2.0049587080853070172171794	(45,18)
1.9260599013802291698646036	(45,19)
1.8481472411192089333405264	(45,20)
1.7728473131377984705250129	(45,21)
1.7016272156860437438946681	(45,22)
1.6357563289849130063461502	(45,23)
1.5762904741990883932662077	(45,24)
1.5240748524750331928785079	(45,25)
1.4797607393660673717764002	(45,26)
1.4438305160554376108639906	(45,27)
1.4166259815253258830638931	(45,28)
1.3983756980143411105877157	(45,29)
1.389218104639951431013904	(45,30)
2.6392038395241056295641753	(46,1)
2.6391391110994261921366758	(46,2)
2.6387026710621009930964403	(46,3)
2.6372978842736272084158601	(46,4)
2.6340736004090773088629582	(46,5)
2.6279776394128801743354565	(46,6)
2.6178285040203262899664327	(46,7)
2.602403631237796901397857	(46,8)
2.5805401008081017488374028	(46,9)
2.5512408687341622699772538	(46,10)
2.5137769423137750276597277	(46,11)
2.4677742786520882035358712	(46,12)
2.4132743282380531516176775	(46,13)
2.3507594743044034344952686	(46,14)
2.2811389845035462688298171	(46,15)
2.2056967166599139056872895	(46,16)
2.1260074804816170417148476	(46,17)
2.0438333490291739192900246	(46,18)
1.961013374160964575556341	(46,19)
1.879359759044089680143579	(46,20)
1.800570933544616933418392	(46,21)
1.7261680169045895180981039	(46,22)
1.6574568606628156113946986	(46,23)
1.5955141240328779729392952	(46,24)
1.5411931847969651018902172	(46,25)
1.4951442897010819150098622	(46,26)
1.457843054309669807053516	(46,27)
1.4296219200558226425905646	(46,28)
1.4107001157519845978996738	(46,29)
1.401208757288549098074893	(46,30)
2.7023338962500830073541202	(47,1)
2.702265554141963045560317	(47,2)
2.7018047501922041223732305	(47,3)
2.7003215639614365243001327	(47,4)
2.6969174616797960702004704	(47,5)
2.6904820047005353694915568	(47,6)
2.679769027126949829752133	(47,7)
2.6634905310233113015254658	(47,8)
2.6404239328357391233437745	(47,9)
2.6095251741341041918979551	(47,10)
2.5700373084238081872675361	(47,11)
2.5215824016571501670128445	(47,12)
2.4642247742587231962537773	(47,13)
2.3984962183719715663185231	(47,14)
2.3253786584048628759584498	(47,15)
2.2462459024423113462198742	(47,16)
2.1627722848617995366667734	(47,17)
2.0768206873088404428883643	(47,18)
1.9903246087232597865023528	(47,19)
1.905178318369125859931491	(47,20)
1.8231461128457673202631791	(47,21)
1.7457972852890372218250271	(47,22)
1.6744687399884221431064528	(47,23)
1.6102531986960965335826062	(47,24)
1.5540082028525571350902894	(47,25)
1.5063797507358774111627732	(47,26)
1.4678342269624580030765215	(47,27)
1.4386929209391703069071033	(47,28)
1.4191645025530108564399876	(47,29)
1.409372010716885463060755	(47,30)
2.7587002024475737999865804	(48,1)
2.7586284095065965384251702	(48,2)
2.7581443397943395748728102	(48,3)
2.7565862900584485854155119	(48,4)
2.753010492458329583945766	(48,5)
2.7462509253703244997315541	(48,6)
2.7349998025364318875213516	(48,7)
2.7179069308039460987673055	(48,8)
2.6936932911166882009155142	(48,9)
2.6612708062023287512435201	(48,10)
2.6198571079327980041089213	(48,11)
2.569072206326614265991476	(48,12)
2.5090042084913736487989312	(48,13)
2.4402341259312618337332847	(48,14)
2.3638151179012669123006095	(48,15)
2.2812082531700560111369806	(48,16)
2.1941835101597731472221276	(48,17)
2.1046997004440491727623571	(48,18)
2.0147791855137238880407295	(48,19)
1.9263923643108797085927491	(48,20)
1.8413634784735857870972743	(48,21)
1.7613044179377896371143312	(48,22)
1.687578161857362545249223	(48,23)
1.6212892743044506975241061	(48,24)
1.5632960582414362760146499	(48,25)
1.5142376555310107621586506	(48,26)
1.4745693213756946811009756	(48,27)
1.4445998857227578973431731	(48,28)
1.4245266166889511020368491	(48,29)
1.41446398493288451979198	(48,30)
2.8088775164206584993220071	(49,1)
2.8088024547027992920103984	(49,2)
2.8082963468347088586588865	(49,3)
2.8066673857667008184137034	(49,4)
2.8029289686892504817222057	(49,5)
2.7958624687293965942574586	(49,6)
2.784101851133065777012619	(49,7)
2.7662382712015295550723632	(49,8)
2.7409397375180928497732458	(49,9)
2.7070772651310386198480921	(49,10)
2.663845547353908790302713	(49,11)
2.6108641312062513026460021	(49,12)
2.5482453886360271728795772	(49,13)
2.4766187536920042146048565	(49,14)
2.3971064801674719919268097	(49,15)
2.3112534581646703140515254	(49,16)
2.2209207371251823137385403	(49,17)
2.1281576269844863353447807	(49,18)
2.0350694152910106703443232	(49,19)
1.9436965749599141064797439	(49,20)
1.8559174840077819153311829	(49,21)
1.7733813689950894987012643	(49,22)
1.6974727787421811349190108	(49,23)
1.6293044701742233944908811	(49,24)
1.56973271642183269610582	(49,25)
1.5193877942500984249475182	(49,26)
1.47871247741250764990907	(49,27)
1.4480022924265509797011619	(49,28)
1.4274426232771144553757558	(49,29)
1.417139126566399702293375	(49,30)
2.8533666792166280773996209	(50,1)
2.8532885492261747465346625	(50,2)
2.8527617551587895855904425	(50,3)
2.8510662347045465608458426	(50,4)
2.8471751888017733981934385	(50,5)
2.8398206523034632237312506	(50,6)
2.8275820221247761878934544	(50,7)
2.8089956321990729933762845	(50,8)
2.7826801980080748215884584	(50,9)
2.7474690333014179012643688	(50,10)
2.702536306663521650584987	(50,11)
2.6475024350346496171630769	(50,12)
2.5825040826498664802998142	(50,13)
2.508217699222196431211752	(50,14)
2.4258317842983382235994461	(50,15)
2.3369708848381816285535828	(50,16)
2.2435818949064811573929049	(50,17)
2.1477986886411457686017748	(50,18)
2.0518032473021152708382837	(50,19)
1.957699997858875858018182	(50,20)
1.867415806374969674065941	(50,21)
1.7826323270077935524878726	(50,22)
1.7047516639786419296704095	(50,23)
1.6348916903412268309663848	(50,24)
1.5739044566555634099038747	(50,25)
1.5224099426249171673545232	(50,26)
1.4808376066681816646114951	(50,27)
1.4494692621022544545149012	(50,28)
1.4284782609266303909528203	(50,29)
1.417961426084588697196881	(50,30)
2.8926024723682376460807968	(51,1)
2.8925214921473204271918233	(51,2)
2.8919754820468220594097496	(51,3)
2.8902181341463591952947569	(51,4)
2.8861853193989662458405275	(51,5)
2.8785632754787922658926753	(51,6)
2.8658808019592536262565345	(51,7)
2.8466235090978444001220489	(51,8)
2.8193646951550660133109571	(51,9)
2.7829032555191940681209415	(51,10)
2.7363951626295196200197127	(51,11)
2.6794627653183413497618607	(51,12)
2.6122665938174181691180226	(51,13)
2.5355281042489800719758086	(51,14)
2.450498505073445208379043	(51,15)
2.3588771440336068516462965	(51,16)
2.2626909248054947318647764	(51,17)
2.1641519007699721795795697	(51,18)
2.0655122716300363447487401	(51,19)
1.9689342818675492055798921	(51,20)
1.8763878341053065825105182	(51,21)
1.7895824737659062928831206	(51,22)
1.7099343422707551207751612	(51,23)
1.6385639145420019884183615	(51,24)
1.5763174017424909430284029	(51,25)
1.5238036003682273701684677	(51,26)
1.4814383033634257490705859	(51,27)
1.449489601868161420640219	(51,28)
1.4281189740133948511532517	(51,29)
1.41741459499226642997322	(51,30)
2.9269605342885292080357161	(52,1)
2.9268769383583215211978685	(52,2)
2.9263132934611055013161517	(52,3)
2.9244992070646898407293065	(52,4)
2.9203363000069742036765293	(52,5)
2.9124688107046983353165092	(52,6)
2.8993791836720463664787272	(52,7)
2.8795066503181537958418785	(52,8)
2.8513831446395570856863541	(52,9)
2.8137764864443746148491717	(52,10)
2.7658266837893514915932663	(52,11)
2.7071588044816399208857094	(52,12)
2.6379563708190823443453015	(52,13)
2.5589832516344598601113529	(52,14)
2.4715491697261900939476801	(52,15)
2.377422767390073058953012	(52,16)
2.2787045635306620846403192	(52,17)
2.1776780069517788736594524	(52,18)
2.0766588461693683433385208	(52,19)
1.9778610293032661544237039	(52,20)
1.8832922663479298328482968	(52,21)
1.7946858395465593822546669	(52,22)
1.7134688982937192905964793	(52,23)
1.6407625463612067104384292	(52,24)
1.5774060829460907853550172	(52,25)
1.5239967434161633331476127	(52,26)
1.4809367498879646408002229	(52,27)
1.4484808269550430719568976	(52,28)
1.4267790129322803444756024	(52,29)
1.415911205308776581982571	(52,30)
2.9567633961837380032817515	(53,1)
2.9566774343441872797403542	(53,2)
2.9560978388645156676610071	(53,3)
2.9542324338929500643080347	(53,4)
2.9499518678894201607311847	(53,5)
2.9418624154201295651663766	(53,6)
2.9284046580760255232608479	(53,7)
2.9079760187842752413420835	(53,8)
2.8790712779011018471321777	(53,9)
2.8404305676942908246685615	(53,10)
2.7911800597598489716384674	(53,11)
2.730948056150607184460839	(53,12)
2.6599397647128249485833802	(53,13)
2.5789583165875218067055649	(53,14)
2.4893671360807926481242159	(53,15)
2.3929980520129148756265785	(53,16)
2.292018297339357327105278	(53,17)
2.1887755845627255404459229	(53,18)
2.0856423903195656018723058	(53,19)
1.9848783056802968423619414	(53,20)
1.8885238555785332985947225	(53,21)
1.7983322839535861848289734	(53,22)
1.7157391896653400720688871	(53,23)
1.6418648427658145462596887	(53,24)
1.5775410630931430904397587	(53,25)
1.5233536124121426845476189	(53,26)
1.4796916393046907447169676	(53,27)
1.4467971842299963056504938	(53,28)
1.4248095250182332804476815	(53,29)
1.41380081416330146726971	(53,30)
2.9822857022433761054180726	(54,1)
2.9821976382400383540943144	(54,2)
2.9816038703825863644305734	(54,3)
2.9796928688177864751669473	(54,4)
2.9753077678189300394123172	(54,5)
2.967021129746222693757798	(54,6)
2.9532363920647467226235428	(54,7)
2.9323139424718468678022486	(54,8)
2.9027157568418948670078012	(54,9)
2.8631577008396106186523461	(54,10)
2.8127541312224915182829732	(54,11)
2.7511368376953579562158461	(54,12)
2.6785309982051903928135728	(54,13)
2.5957753360474586383529061	(54,14)
2.504281593760982306644519	(54,15)
2.4059381311308442497225929	(54,16)
2.3029715420622293984347446	(54,17)
2.1977863722061745679619007	(54,18)
2.0928048920238842714338206	(54,19)
1.9903263496495555699833706	(54,20)
1.892419333093094688169092	(54,21)
1.8008536386794389138356064	(54,22)
1.7170711986944989940606491	(54,23)
1.6421904583571537816487124	(54,24)
1.5770356508308649437525907	(54,25)
1.5221815706140497708381039	(54,26)
1.4780051485200511163093469	(54,27)
1.444736711531129754242942	(54,28)
1.4225056710063229658662293	(54,29)
1.411377108684454228664088	(54,30)
3.003758677737074909258887	(55,1)
3.003668787805247251500652	(55,2)
3.003062709951257550144058	(55,3)
3.001112104278025956657885	(55,4)
2.996636210560697283204276	(55,5)
2.988178323840530458817815	(55,6)
2.974109658140441035110813	(55,7)
2.952758518509753924517612	(55,8)
2.922558545286042238481177	(55,9)
2.8822047812422272327136093	(55,10)
2.8308016855972446455455894	(55,11)
2.7679845437600881787468857	(55,12)
2.693996411139082140323048	(55,13)
2.6097074587071694041463839	(55,14)
2.5165718487536758720148144	(55,15)
2.4165273281521521349984432	(55,16)
2.3118521030172474511125859	(55,17)
2.20499986933022911554759	(55,18)
2.0984356748283379066272461	(55,19)
1.9944925265121256542002034	(55,20)
1.8952625579731174789607725	(55,21)
1.8025290509689794896386176	(55,22)
1.7177385606181635053875635	(55,23)
1.642007141766039549338197	(55,24)
1.5761517438157823605459362	(55,25)
1.5207370697780330125656839	(55,26)
1.4761290016538535985014615	(55,27)
1.4425473733059104646037934	(55,28)
1.4201128082760807871699352	(55,29)
1.408884112840679147639537	(55,30)
3.021373904401336326380687	(56,1)
3.021282475699192577503846	(56,2)
3.020666023845111719310286	(56,3)
3.018682043097410859756107	(56,4)
3.014129639567893419408945	(56,5)
3.005527454543267262506351	(56,6)
2.991219574995124887690687	(56,7)
2.969507330921173664696713	(56,8)
2.938800597552397086384048	(56,9)
2.897777053301296375998176	(56,10)
2.845533078991576367038269	(56,11)
2.7817072410476548785443246	(56,12)
2.7065580416521125223059054	(56,13)
2.6209825337076684004118228	(56,14)
2.5264709472891883439443166	(56,15)
2.4250028474281510358082527	(56,16)
2.3188999650587200696186717	(56,17)
2.2106572550631743244305662	(56,18)
2.1027754689303437202943802	(56,19)
1.9976155666508556022624489	(56,20)
1.8972889289002760636422137	(56,21)
1.8035895659787072103873637	(56,22)
1.7179673061301592164839662	(56,23)
1.641535622307946933381733	(56,24)
1.5751048398018487723727004	(56,25)
1.5192307641613140472750461	(56,26)
1.4742696650248088112039673	(56,27)
1.4404323151323254163450131	(56,28)
1.4178317843374186519922801	(56,29)
1.406521500159462656678945	(56,30)
3.035286456408434113158406	(57,1)
3.035193785352250686242314	(57,2)
3.034568957889016729457562	(57,3)
3.032558031583662564565607	(57,4)
3.027943859287743482527434	(57,5)
3.019225184833267548493712	(57,6)
3.004724212842029695130576	(57,7)
2.982720535930800454830838	(57,8)
2.951604918308083674396464	(57,9)
2.910041141447108407405627	(57,10)
2.8571192387542508819180823	(57,11)
2.7924806483568745727302937	(57,12)
2.7163965962163574822008121	(57,13)
2.6297860898780460434840376	(57,14)
2.5341686890095845190060356	(57,15)
2.4315578493099052007269648	(57,16)
2.3243104576598979260675756	(57,17)
2.2149546684289996948295655	(57,18)
2.106019825872594869987278	(57,19)
1.999889126511063593247576	(57,20)
1.8986890950902766564754565	(57,21)
1.8042219836862252513847796	(57,22)
1.7179398539671030114870926	(57,23)
1.6409537233893252894928022	(57,24)
1.5740682532853395193639721	(57,25)
1.5178318117011584890867646	(57,26)
1.4725927142301562564481469	(57,27)
1.4385542788519271594875854	(57,28)
1.4158233832118313625021225	(57,29)
1.404449055469124010463993	(57,30)
3.045617443103938606909935	(58,1)
3.045523833619731261794696	(58,2)
3.044892679549173617330521	(58,3)
3.042861399816286557070542	(58,4)
3.038200571359724705349776	(58,5)
3.029393912480779457094722	(58,6)
3.014747110043346759956427	(58,7)
2.992523361585985572224559	(58,8)
2.961099040657583718016378	(58,9)
2.919127503978722017216796	(58,10)
2.865694093700713387414734	(58,11)
2.8004425486171966920019877	(58,12)
2.7236538545738234913411269	(58,13)
2.6362637503233829426306745	(58,14)
2.5398140725347092851054057	(58,15)
2.4363439505250632866811042	(58,16)
2.3282368337610798076254587	(58,17)
2.218045886403398916013546	(58,18)
2.1083219113436585172900148	(58,19)
2.0014647050808994065095453	(58,20)
1.899611998416635746360844	(58,21)
1.8045720222226070267735994	(58,22)
1.7177982858658844069162706	(58,23)
1.6403997359422274016992026	(58,24)
1.5731765722978000092368695	(58,25)
1.5166713984340043201866447	(58,26)
1.4712264108241585963100079	(58,27)
1.4370392170593215930808859	(58,28)
1.4142119643575067983540993	(58,29)
1.402790325787395423885714	(58,30)
3.052455997101236113253183	(59,1)
3.052361758808192262882912	(59,2)
3.051726365500159519167737	(59,3)
3.04968144774249317027445	(59,4)
3.044989357376149155030681	(59,5)
3.036123746658254257337438	(59,6)
3.021379239931645939977118	(59,7)
2.999008060760940741654866	(59,8)
2.967376961710400671188177	(59,9)
2.925132349101302690477461	(59,10)
2.871356471327427839044022	(59,11)
2.805694671942944450427355	(59,12)
2.7284345479426199454620174	(59,13)
2.6405231196807948638491755	(59,14)
2.5435172092948375232783528	(59,15)
2.4394731839873008936870306	(59,16)
2.3307922945980966201573059	(59,17)
2.2200444301954925663262206	(59,18)
2.1097947049229427620381531	(59,19)
2.002453943620785667701291	(59,20)
1.9001672739542447596924402	(59,21)
1.8047468149332964695613684	(59,22)
1.717646931816478012877143	(59,23)
1.6399750808556272165860669	(59,24)
1.572528385631159722195111	(59,25)
1.5158455178555630470788875	(59,26)
1.470264521649741092578079	(59,27)
1.4359791411495872539938527	(59,28)
1.4130883291685170312138011	(59,29)
1.401635495820605073946817	(59,30)
3.055860738542364939470409	(60,1)
3.055766184884332699685777	(60,2)
3.055128665484056398297547	(60,3)
3.05307690791608358695081	(60,4)
3.048369139081848519664069	(60,5)
3.039473963460534373230531	(60,6)
3.02468045888796504459766	(60,7)
3.002235348747012466803558	(60,8)
2.970500566970381852349082	(60,9)
2.928119044593672909637044	(60,10)
2.874171493405481022595425	(60,11)
2.8083040808438881206533447	(60,12)
2.7308077410879029207106658	(60,13)
2.6426351737652942056190648	(60,14)
2.5453507341661159838025979	(60,15)
2.4410194451590891938873915	(60,16)
2.3320514861282844464395617	(60,17)
2.2210251239562224345958328	(60,18)
2.1105126298170422015545234	(60,19)
2.002930330936963336771642	(60,20)
1.9004270309677700895268541	(60,21)
1.804816763415078088813987	(60,22)
1.7175542885181552010984253	(60,23)
1.6397462843061764607310612	(60,24)
1.5721883055936010263584157	(60,25)
1.5154170315755611606019939	(60,26)
1.4697684083569553774019104	(60,27)
1.4354342314470570560005177	(60,28)
1.4125118442816671559504007	(60,29)
1.401043517677244036382981	(60,30)