muu11_(sigma,mu)
120.485291826586	(1,1)
120.4852797751072	(1,2)
120.4851985077218	(1,3)
120.4849368264631	(1,4)
120.4843356189503	(1,5)
120.4831966864329	(1,6)
120.4812938765598	(1,7)
120.4783860089866	(1,8)
120.4742309962342	(1,9)
120.4686005024953	(1,10)
120.4612944523411	(1,11)
120.4521547012879	(1,12)
120.4410772113747	(1,13)
120.4280221362736	(1,14)
120.4130213095256	(1,15)
120.3961827423881	(1,16)
120.3776918693913	(1,17)
120.357809423916	(1,18)
120.3368659761458	(1,19)
120.3152533145545	(1,20)
120.2934129926673	(1,21)
120.2718224887265	(1,22)
120.2509795314248	(1,23)
120.2313852255168	(1,24)
120.2135266636471	(1,25)
120.1978597333104	(1,26)
120.1847928200652	(1,27)
120.1746720708709	(1,28)
120.167768816818	(1,29)
120.1642696656908	(1,30)
118.94197856843685022	(2,1)
118.94196598301298955	(2,2)
118.94188111503161957	(2,3)
118.94160783965542447	(2,4)
118.94097999381031709	(2,5)
118.93979059330030571	(2,6)
118.93780345474440704	(2,7)
118.93476668732402264	(2,8)
118.93042743038910991	(2,9)
118.92454715135485681	(2,10)
118.91691678699050927	(2,11)
118.90737101184000833	(2,12)
118.89580095039870253	(2,13)
118.88216471361503064	(2,14)
118.8664952326480192	(2,15)
118.84890497957965496	(2,16)
118.82958730074455202	(2,17)
118.80881423733004055	(2,18)
118.78693086309924255	(2,19)
118.7643463233776359	(2,20)
118.74152190576697114	(2,21)
118.71895660478570933	(2,22)
118.69717075391925052	(2,23)
118.67668838457051216	(2,24)
118.65801902855120659	(2,25)
118.64163970683910743	(2,26)
118.62797784156059492	(2,27)
118.61739579114886177	(2,28)
118.61017764228741426	(2,29)
118.60651879964956088	(2,30)
116.00607650406616759	(3,1)
116.0060628546295109664	(3,2)
116.005970811603964152	(3,3)
116.0056744322123700706	(3,4)
116.0049935033337591693	(3,5)
116.0037035341835132334	(3,6)
116.0015483535275108277	(3,7)
115.9982547303905542139	(3,8)
115.9935483417573553227	(3,9)
115.9871703452680898455	(3,10)
115.9788937823219225183	(3,11)
115.968539038820940899	(3,12)
115.9559876270037147615	(3,13)
115.9411936209105483281	(3,14)
115.9241921770224755435	(3,15)
115.9051046962353469987	(3,16)
115.8841403281490634098	(3,17)
115.8615936773551880203	(3,18)
115.837838737060721131	(3,19)
115.81331924074486051	(3,20)
115.7885357803667730394	(3,21)
115.7640301830061665415	(3,22)
115.7403677604318447594	(3,23)
115.7181181425664885198	(3,24)
115.6978354718981074386	(3,25)
115.680038768655026304	(3,26)
115.665193274540122466	(3,27)
115.6536935460558590147	(3,28)
115.6458489985014513786	(3,29)
115.6418725015862076995	(3,30)
111.94833555998691605136	(4,1)
111.94832032096558449357	(4,2)
111.94821755876881330471	(4,3)
111.94788666314313654913	(4,4)
111.9471264312053247984	(4,5)
111.94568621938532509363	(4,6)
111.94327999885533167082	(4,7)
111.93960266477288670257	(4,8)
111.93434784429699883052	(4,9)
111.92722637682606776941	(4,10)
111.91798460520953292887	(4,11)
111.90642162008313561491	(4,12)
111.8924046405805016705	(4,13)
111.87588179149746138957	(4,14)
111.85689164609096051537	(4,15)
111.83556904037093042039	(4,16)
111.81214682322259205706	(4,17)
111.78695338038370626644	(4,18)
111.76040595201744075366	(4,19)
111.7329999458528788824	(4,20)
111.70529462301871348798	(4,21)
111.67789569436357120195	(4,22)
111.65143550428950227565	(4,23)
111.62655159071265284963	(4,24)
111.60386448851369878027	(4,25)
111.58395568584005808752	(4,26)
111.56734664547964651572	(4,27)
111.55447976654978073158	(4,28)
111.54570208605283000654	(4,29)
111.54125240838997516634	(4,30)
107.107744590094840212122	(5,1)
107.107727236642606320455	(5,2)
107.107610216046095945711	(5,3)
107.107233407802567236088	(5,4)
107.106367689516486177024	(5,5)
107.104727631952369297612	(5,6)
107.101987496293908733155	(5,7)
107.097799792879392268888	(5,8)
107.091815541843815028159	(5,9)
107.083705296197874274629	(5,10)
107.07317994996424122596	(5,11)
107.06001035915750388579	(5,12)
107.044044850831368571555	(5,13)
107.025223782594921944774	(5,14)
107.003590437885058019321	(5,15)
106.979297695584698833752	(5,16)
106.952610089998331544971	(5,17)
106.923901071663575840385	(5,18)
106.89364548335052547073	(5,19)
106.862407470870914915085	(5,20)
106.830824246805477833673	(5,21)
106.799586308821019182233	(5,22)
106.76941487504119355518	(5,23)
106.741037429694085921765	(5,24)
106.71516236664180113967	(5,25)
106.692453771336967249904	(5,26)
106.673507389816565606175	(5,27)
106.658828795050760859918	(5,28)
106.648814677008923250197	(5,29)
106.643738056174045012435	(5,30)
101.83352861527271731099	(6,1)
101.833508617139442513641	(6,2)
101.833373762480564780105	(6,3)
101.832939527992843600148	(6,4)
101.831941871142799803604	(6,5)
101.830051856968593698264	(6,6)
101.826894087425341183477	(6,7)
101.822068079011992445835	(6,8)
101.815171598280127376321	(6,9)
101.805824873831661109278	(6,10)
101.793694560857035423791	(6,11)
101.778516341133105792353	(6,12)
101.760115096507120769269	(6,13)
101.738421694131991160586	(6,14)
101.713485562357716613663	(6,15)
101.685482411184185604269	(6,16)
101.654716653480633001219	(6,17)
101.621618304938224445347	(6,18)
101.586734373523447555129	(6,19)
101.550714984200003936289	(6,20)
101.514294712782037959778	(6,21)
101.478269814792282466891	(6,22)
101.443472222115397191153	(6,23)
101.410741333542803600821	(6,24)
101.380894737377773094249	(6,25)
101.354699068836551515337	(6,26)
101.332842217595833445627	(6,27)
101.315908059312714512667	(6,28)
101.304354789694176641261	(6,29)
101.298497793920952346786	(6,30)
96.4350191406994776039878	(7,1)
96.4349959585155573952128	(7,2)
96.4348396326434094169803	(7,3)
96.4343362603815763151893	(7,4)
96.4331797585860909873569	(7,5)
96.4309888185232436797394	(7,6)
96.4273282679252101778386	(7,7)
96.4217338498066159776422	(7,8)
96.4137392700062181953252	(7,9)
96.4029042602288017335142	(7,10)
96.3888423543347874308318	(7,11)
96.3712470838268337238062	(7,12)
96.3499153624702590946405	(7,13)
96.3247669461017991703534	(7,14)
96.2958590164252898756343	(7,15)
96.2633951399831373828023	(7,16)
96.2277280874069594486528	(7,17)
96.1893562544985923174156	(7,18)
96.1489136960230004441193	(7,19)
96.1071540551637019299717	(7,20)
96.0649289359237679335354	(7,21)
96.0231615117443533345841	(7,22)
95.9828163807968585300616	(7,23)
95.9448668568460703651272	(7,24)
95.9102610153416292288271	(7,25)
95.8798878900841373511294	(7,26)
95.8545452311587404450585	(7,27)
95.8349101872036970774891	(7,28)
95.8215141649025458650722	(7,29)
95.8147229495447998269551	(7,30)
91.14824089867535056676277	(8,1)
91.14821398873717724917169	(8,2)
91.14803252528394302225105	(8,3)
91.14744820974369832573821	(8,4)
91.14610574131924944346533	(8,5)
91.14356250052003323855884	(8,6)
91.13931335083395952300723	(8,7)
91.13281940933444517448056	(8,8)
91.12353945346713867602769	(8,9)
91.11096250833612115157514	(8,10)
91.09464010103708902152951	(8,11)
91.07421667740068691694258	(8,12)
91.04945675042539940404012	(8,13)
91.02026748459602285405068	(8,14)
90.98671560987915435839499	(8,15)
90.94903779533089403107969	(8,16)
90.90764388538943822504029	(8,17)
90.86311270140655283544266	(8,18)
90.81618042532207718893494	(8,19)
90.76772189953714791726776	(8,20)
90.71872548456813980728523	(8,21)
90.67026240145724365783579	(8,22)
90.62345173695102290348428	(8,23)
90.57942249465398867225364	(8,24)
90.53927422454302920037383	(8,25)
90.50403784813649549359537	(8,26)
90.4746383115383475664603	(8,27)
90.451860640903708412156	(8,28)
90.4363208454703646995735	(8,29)
90.4284429167274394081972	(8,30)
86.12161448519162655599754	(9,1)
86.12158331833671600780568	(9,2)
86.12137314900072439397045	(9,3)
86.12069640057184156606403	(9,4)
86.11914157029331203815832	(9,5)
86.11619603278553921855816	(9,6)
86.11127477744751422961009	(9,7)
86.10375375009306135097465	(9,8)
86.09300625491004878904883	(9,9)
86.07844072821934255950984	(9,10)
86.05953812625299367117549	(9,11)
86.03588717747179796260618	(9,12)
86.00721583459950559309671	(9,13)
85.97341741820961347342213	(9,14)
85.93457016521659563293425	(9,15)
85.89094917248653081024512	(9,16)
85.84303004655356097640246	(9,17)
85.79148392216253951244642	(9,18)
85.73716388099976767696783	(9,19)
85.68108317274635953216762	(9,20)
85.62438599839726214887956	(9,21)
85.56831194566835911262059	(9,22)
85.51415545394733961870495	(9,23)
85.46322191855191770814827	(9,24)
85.41678220984238776407567	(9,25)
85.3760274733255869684414	(9,26)
85.34202608674240880443862	(9,27)
85.31568457731183757056511	(9,28)
85.29771414876646982110454	(9,29)
85.2886042394724793069312	(9,30)
81.41829830332151249689755	(10,1)
81.41826240110569533509486	(10,2)
81.41802029960814348174497	(10,3)
81.41724073012925725993905	(10,4)
81.41544967410341300153049	(10,5)
81.41205664225144682094077	(10,6)
81.40638779990335742547515	(10,7)
81.39772440920308303496101	(10,8)
81.38534480912021306846183	(10,9)
81.36856798365747034379565	(10,10)
81.34679668472765576476826	(10,11)
81.31955808237729006576915	(10,12)
81.2865400108964659069862	(10,13)
81.24762106055538983667009	(10,14)
81.20289302332669928585067	(10,15)
81.15267452585721886894566	(10,16)
81.09751506029093130164491	(10,17)
81.03818903730558955850013	(10,18)
80.97567991835543072964535	(10,19)
80.91115491717805696555151	(10,20)
80.84593117551336000638269	(10,21)
80.78143469664747385828417	(10,22)
80.71915364611248927270605	(10,23)
80.66058788700737831829065	(10,24)
80.60719679612455498109154	(10,25)
80.56034749795892027854807	(10,26)
80.5212656522205591780075	(10,27)
80.49099083630625353093343	(10,28)
80.47033838115107324034825	(10,29)
80.45986925484374087770489	(10,30)
77.030429653036051581309587	(11,1)
77.030388640175677179841566	(11,2)
77.030112075897126805884444	(11,3)
77.029221537368366852520473	(11,4)
77.027175539214601898095158	(11,5)
77.023299569875817333175792	(11,6)
77.016823964716953140745415	(11,7)
77.006927872458053982879572	(11,8)
76.992787281703799273014795	(11,9)
76.973624873615648227140055	(11,10)
76.948759364715265580349141	(11,11)
76.917652005873272293636265	(11,12)
76.879948010587684064164852	(11,13)
76.835510893802866348516091	(11,14)
76.784448003171531989707934	(11,15)
76.727125904824191530253907	(11,16)
76.664174728524019827975163	(11,17)
76.596481062590976759385365	(11,18)
76.525169495066142612012188	(11,19)
76.451573401080304731225824	(11,20)
76.377196054217405884794722	(11,21)
76.303663570032628484783106	(11,22)
76.232671553403117305293293	(11,23)
76.165927602036882595462311	(11,24)
76.105092004361789054524934	(11,25)
76.051719053918212104863604	(11,26)
76.007201381876819008274939	(11,27)
75.972719586718967082917926	(11,28)
75.94919922213442442843567	(11,29)
75.93727690128103220124116	(11,30)
72.900338364832593778911211	(12,1)
72.900292031104432790471002	(12,2)
72.899979586496179752384188	(12,3)
72.898973515126597689495392	(12,4)
72.896662093791700242240533	(12,5)
72.892283347487219781209856	(12,6)
72.884967880257631627276112	(12,7)
72.873788616579090783289898	(12,8)
72.857815155028541987477011	(12,9)
72.836170201119810224554322	(12,10)
72.808085422436501454973805	(12,11)
72.772954064682576194921211	(12,12)
72.730377784888459113202139	(12,13)
72.680205394792206586927601	(12,14)
72.622561554274434514063092	(12,15)
72.557863896581346112958472	(12,16)
72.486827583434478993213424	(12,17)
72.410456854137983533708767	(12,18)
72.330023720639435611612061	(12,19)
72.247034541103279933769951	(12,20)
72.163185749404949160932308	(12,21)
72.080310500885677481813763	(12,22)
72.000318393491349735162289	(12,23)
71.925130720983170409084364	(12,24)
71.856613900115174494337966	(12,25)
71.796513781574536503371825	(12,26)
71.746393506070189788930635	(12,27)
71.707577408499023522320247	(12,28)
71.681103215179233762050536	(12,29)
71.66768443546262679174861	(12,30)
68.944502865229752745338731	(13,1)
68.944451224068455856265794	(13,2)
68.944102989792152418373824	(13,3)
68.942981678306005358306722	(13,4)
68.940405510904532632265725	(13,5)
68.935525287886018888990427	(13,6)
68.927372182069007676849249	(13,7)
68.914913268508167984675154	(13,8)
68.897112227281605391091942	(13,9)
68.87299238408597468987059	(13,10)
68.841699104629860807137	(13,11)
68.802558545053255448422215	(13,12)
68.755129887487280130012802	(13,13)
68.699248455940335873727365	(13,14)
68.635057503608628296032978	(13,15)
68.563026971113117455819292	(13,16)
68.483958111339870538489908	(13,17)
68.398973529794606446982313	(13,18)
68.309492865013709642448026	(13,19)
68.217194995493239689691222	(13,20)
68.123968272934496877475686	(13,21)
68.031850815300697667300413	(13,22)
67.942963322145678232687823	(13,23)
67.859437181301242009883646	(13,24)
67.783340810868229024585338	(13,25)
67.716607222176346677434457	(13,26)
67.660965703759459310553376	(13,27)
67.617880324953584256656943	(13,28)
67.588497655929294208310866	(13,29)
67.57360571643274126637612	(13,30)
65.076673382762541420852537	(14,1)
65.076616710218121452788251	(14,2)
65.076234547844124911768452	(14,3)
65.075003991302579729039762	(14,4)
65.072176855983101035803517	(14,5)
65.066821275315574213084261	(14,6)
65.057874219387424307155253	(14,7)
65.044202544859153747298923	(14,8)
65.024669761315799846786169	(14,9)
64.998205387931694372224998	(14,10)
64.963873597926787491330546	(14,11)
64.920937822584375720636452	(14,12)
64.868918120797572771161706	(14,13)
64.807638414850923009816004	(14,14)
64.737261139106742840511637	(14,15)
64.658307425724124658970657	(14,16)
64.571661631011375299741858	(14,17)
64.478559750082309615689442	(14,18)
64.380562033620286827221707	(14,19)
64.279510864614532514786584	(14,20)
64.177475632944031561891238	(14,21)
64.076686925353287018182991	(14,22)
63.979462799915404953550444	(14,23)
63.888130220035074759259411	(14,24)
63.804944876781135054269875	(14,25)
63.732012633398876299565366	(14,26)
63.671215694221915249936214	(14,27)
63.624146349870096278204583	(14,28)
63.592050802836161383365813	(14,29)
63.575785154248183219247267	(14,30)
61.227001392492505237825872	(15,1)
61.226940231832180455274492	(15,2)
61.226527804864805355238404	(15,3)
61.225199800489192653108742	(15,4)
61.222148805324396716633147	(15,5)
61.21636923677134086531511	(15,6)
61.206714100708709624192199	(15,7)
61.191961004284727713354059	(15,8)
61.170884383628290942646415	(15,9)
61.142330555661697840880502	(15,10)
61.105291997465148717897502	(15,11)
61.058977216548850639303948	(15,12)
61.002872714395878494975084	(15,13)
60.93679386705862009912901	(15,14)
60.860922041448766974879432	(15,15)
60.775825912110900979521626	(15,16)
60.682465706082986030055635	(15,17)
60.582179938131735887595458	(15,18)
60.476655054005545338801679	(15,19)
60.367879222475630643080399	(15,20)
60.258082258271814827327861	(15,21)
60.149664275952485391204053	(15,22)
60.045116139188801240420687	(15,23)
59.946935064354018096769618	(15,24)
59.857538858984842844381539	(15,25)
59.779182234344771607237715	(15,26)
59.713878446354736224266539	(15,27)
59.663329216009108173059113	(15,28)
59.628865486734498314842385	(15,29)
59.611401118398296684556872	(15,30)
57.3545817275608747535612217	(16,1)
57.3545168526968729262277898	(16,2)
57.3540793799493021046558999	(16,3)
57.3526707329184622539530117	(16,4)
57.3494344908412788799484104	(16,5)
57.3433040959242108979312904	(16,6)
57.3330631479157785572347542	(16,7)
57.3174155700677558004219405	(16,8)
57.2950624189201203588734678	(16,9)
57.2647817217666546950472924	(16,10)
57.2255074900883712718218912	(16,11)
57.1764040008069891673572419	(16,12)
57.1169315781887721417175235	(16,13)
57.0469004541049068304253586	(16,14)
56.9665098248081788638995234	(16,15)
56.876369933907692087017733	(16,16)
56.7775058538170581303663434	(16,17)
56.6713425590327484684817672	(16,18)
56.5596718238102585967260398	(16,19)
56.4446023720932233693085882	(16,20)
56.3284955016088626713673561	(16,21)
56.2138890501369246885984165	(16,22)
56.1034130382496245768825857	(16,23)
55.9997005945838938072858681	(16,24)
55.9052978492171097030574675	(16,25)
55.8225763849451775676097935	(16,26)
55.7536515929137628652130493	(16,27)
55.7003099216740735113953894	(16,28)
55.663947571699525212232073	(16,29)
55.645522701562918937115234	(16,30)
53.4519839814021213150166731	(17,1)
53.4519163242217446573878127	(17,2)
53.4514600897733864678158574	(17,3)
53.4499910352425463722092711	(17,4)
53.4466160384221716243209538	(17,5)
53.4402229010780162381954025	(17,6)
53.4295433282258053104319531	(17,7)
53.4132262616386468429609071	(17,8)
53.3899181984891460387723872	(17,9)
53.3583467024709226365789426	(17,10)
53.3174030500000286152417033	(17,11)
53.2662198799940836240463828	(17,12)
53.2042398557516723017920126	(17,13)
53.1312717116501534122602461	(17,14)
53.0475306383648027696142719	(17,15)
52.9536607313355868672068632	(17,16)
52.8507381428649964592883439	(17,17)
52.7402545779943278455812841	(17,18)
52.6240817885059112510888836	(17,19)
52.5044186767864007951543872	(17,20)
52.3837234569981790990267902	(17,21)
52.2646339836404910877841772	(17,22)
52.1498798142658352746672621	(17,23)
52.0421898118245036529133513	(17,24)
51.9441991210055481525764391	(17,25)
51.8583591970446388748422899	(17,26)
51.7868542613609994460080428	(17,27)
51.7315271479534258251016361	(17,28)
51.6938170287342082724208374	(17,29)
51.674710999846173355328865	(17,30)
49.5421070891334017847557885	(18,1)
49.5420376466488217683301679	(18,2)
49.5415693737229106129111769	(18,3)
49.5400615607001202188134881	(18,4)
49.5365975484958617592652592	(18,5)
49.5300358999292112634893258	(18,6)
49.5190751471761952838160035	(18,7)
49.50232923061660540192388	(18,8)
49.4784101676421948370171938	(18,9)
49.4460140354914846889215276	(18,10)
49.4040060598843745405829023	(18,11)
49.3515005087841248623810638	(18,12)
49.2879312269238640099967326	(18,13)
49.2131090256581102570833469	(18,14)
49.1272627580277106926227024	(18,15)
49.0310617318383987743197431	(18,16)
48.9256180933425902329807629	(18,17)
48.8124688823964959016890515	(18,18)
48.6935385378960024635890222	(18,19)
48.5710836397069702984639075	(18,20)
48.4476225382480496672074401	(18,21)
48.3258531899575100143694934	(18,22)
48.2085629529815485079829919	(18,23)
48.0985342940684624789799321	(18,24)
47.9984503296248655266507808	(18,25)
47.9108039047446661566785821	(18,26)
47.8378135493963446175797535	(18,27)
47.7813491909313605812887452	(18,28)
47.7428699938750940982789938	(18,29)
47.723376180020577762742624	(18,30)
45.6694565822051623934614971	(19,1)
45.669386324312054825685658	(19,2)
45.6689125532614190696699782	(19,3)
45.6673870417423822611703051	(19,4)
45.6638823992922885233022432	(19,5)
45.657243901526712257220261	(19,6)
45.6461551105923400788616664	(19,7)
45.6292143802962693103244893	(19,8)
45.60501874008841720092242	(19,9)
45.572251171203971379011771	(19,10)
45.5297669706940932045758778	(19,11)
45.4766747881839204532353122	(19,12)
45.4124080503896691328031325	(19,13)
45.3367828775104140923507084	(19,14)
45.2500392387215633272673605	(19,15)
45.1528629604321990064269381	(19,16)
45.0463872349229658289508468	(19,17)
44.9321734024659464016256939	(19,18)
44.8121719093810421110333135	(19,19)
44.6886653891239167209101981	(19,20)
44.5641966950647953129829237	(19,21)
44.4414853735142738395719721	(19,22)
44.323336471304209449149174	(19,23)
44.2125457196372556793813611	(19,24)
44.1118050469120495167316064	(19,25)
44.0236120901150160721564874	(19,26)
43.9501869516810641352444079	(19,27)
43.8933989442671955434019206	(19,28)
43.8547055324032896859982196	(19,29)
43.835105158677656326783964	(19,30)
41.8889750336807881277910421	(20,1)
41.8889048295257437218330045	(20,2)
41.8884314213055112617259673	(20,3)
41.8869070834931266071005289	(20,4)
41.8834051687737013877381915	(20,5)
41.8767719574672441361000469	(20,6)
41.8656923460319482985070738	(20,7)
41.8487664829159561935113705	(20,8)
41.8245938445667500112576532	(20,9)
41.7918607417631473301950083	(20,10)
41.749426906114764872493822	(20,11)
41.6964066775827723166104142	(20,12)
41.6322404360342110096048162	(20,13)
41.5567523149452664135219038	(20,14)
41.470190900008437069764858	(20,15)
41.3732505171598957668036083	(20,16)
41.26707179276743474158167	(20,17)
41.1532213401551620345307265	(20,18)
41.0336515952880132881075389	(20,19)
40.9106428939436971761765205	(20,20)
40.7867307690727339989080754	(20,21)
40.6646220893750122153273826	(20,22)
40.5471040273812768407107232	(20,23)
40.4369499382664648639797476	(20,24)
40.336826078674781268276315	(20,25)
40.2492027490176427368450685	(20,26)
40.1762729660335322595735295	(20,27)
40.1198812296796275503858104	(20,28)
40.0814643970674297868129408	(20,29)
40.0620061592666683279002872	(20,30)
38.2554786273693721698319323	(21,1)
38.2554092001699373091821254	(21,2)
38.2549410316764683480479434	(21,3)
38.2534335710111724567635599	(21,4)
38.249970461310357736323065	(21,5)
38.243410877539123016165584	(21,6)
38.2324546109344702184125217	(21,7)
38.2157180533783408007943773	(21,8)
38.1918176089809469192397399	(21,9)
38.1594565399631826284155235	(21,10)
38.1175108934132826759267375	(21,11)
38.0651100090484890642494717	(21,12)
38.0017072208525305688959052	(21,13)
37.9271367631248019582094441	(21,14)
37.8416535721626481526570225	(21,15)
37.7459536045157851148100199	(21,16)
37.6411734062262011437232484	(21,17)
37.5288688745515764339710441	(21,18)
37.4109743505507081820777543	(21,19)
37.2897442641514830835973823	(21,20)
37.1676804341371872872068946	(21,21)
37.0474487415121759692476517	(21,22)
36.9317892171635193217850021	(21,23)
36.8234236198690216115047375	(21,24)
36.7249643656481043154723987	(21,25)
36.6388282637163711209297214	(21,26)
36.5671579887818558169790126	(21,27)
36.5117536450440264610963456	(21,28)
36.4740162151231520172248258	(21,29)
36.4549041814060496003467955	(21,30)
34.81577670909877159753130871	(22,1)
34.8157086200639519717755511	(22,2)
34.81524947570763029841246083	(22,3)
34.81377107776128371385565175	(22,4)
34.81037476778674608934812882	(22,5)
34.8039418395943586889945794	(22,6)
34.79319749586149806706299815	(22,7)
34.77678557048047632980324672	(22,8)
34.75335060622876566410540736	(22,9)
34.72162334327966803988450217	(22,10)
34.68050529575061855168602871	(22,11)
34.62914793044252492984247109	(22,12)
34.56702206438316125772838103	(22,13)
34.49397349533876035847696505	(22,14)
34.41026157169356756561455918	(22,15)
34.31657835954814461069847494	(22,16)
34.21404720587133057647237701	(22,17)
34.10420073037038277402329071	(22,18)
33.98893949431386889471784528	(22,19)
33.87047368203089958889964352	(22,20)
33.75125099744717242519360544	(22,21)
33.63387456082883718826686601	(22,22)
33.52101486407036976782930848	(22,23)
33.4153198185786609940849595	(22,24)
33.31932665296678109271840317	(22,25)
33.23537895601331568645544163	(22,26)
33.16555159170454273668872978	(22,27)
33.11158561375065750382790164	(22,28)
33.0748347405313459900641042	(22,29)
33.0562244623153517783691944	(22,30)
31.60425172521083080091678014	(23,1)
31.60418538056694528125274763	(23,2)
31.60373799965129232171379493	(23,3)
31.60229748470342351557579587	(23,4)
31.59898823721212908383231644	(23,5)
31.59272034418431441458039828	(23,6)
31.58225202536718714245024453	(23,7)
31.56626264768689879887601498	(23,8)
31.54343297899771626654763903	(23,9)
31.51252880835618100524844721	(23,10)
31.47248366608744135520028848	(23,11)
31.4224761982743723377155893	(23,12)
31.36199784208857546922383511	(23,13)
31.29090684388642349164805391	(23,14)
31.20946536225055943210121217	(23,15)
31.11835736627095247977419957	(23,16)
31.01868620142134652867765815	(23,17)
30.911951948504147599388492	(23,18)
30.80000992742605139222983451	(23,19)
30.68501278149756392569078746	(23,20)
30.56933942355418591364405384	(23,21)
30.45551466967177652989079425	(23,22)
30.3461236073646817966310334	(23,23)
30.24372466138913846020201215	(23,24)
30.15076498421572842453022644	(23,25)
30.0695012851687424984193306	(23,26)
30.00192860651762983008294619	(23,27)
29.94971893669393323128751117	(23,28)
29.914170985757072201902045	(23,29)
29.8961719799704933571567452	(23,30)
28.64160055239074317182083287	(24,1)
28.64153622477199112336702069	(24,2)
28.64110244573798990552601255	(24,3)
28.6397057332449182764004654	(24,4)
28.63649714616281949406161386	(24,5)
28.63042004103047564348301543	(24,6)
28.62027075078625205739779316	(24,7)
28.60476958720884925386974311	(24,8)
28.58263893526730626062450225	(24,9)
28.5526846544920624617332034	(24,10)
28.51387659493167459002678162	(24,11)
28.46542384218120734184134443	(24,12)
28.40684038709549382320782966	(24,13)
28.3379973079352961928677107	(24,14)
28.25915825822688685101390072	(24,15)
28.17099603424970618654734863	(24,16)
28.07458917384100628151263214	(24,17)
27.97139880436459299227300829	(24,18)
27.86322718809057695803036078	(24,19)
27.75216048730818981872621254	(24,20)
27.6404990908329901655864055	(24,21)
27.53067934625178623073763527	(24,22)
27.4251907101574786853089809	(24,23)
27.32649218671901399539075461	(24,24)
27.2369315332942738836379319	(24,25)
27.15867015277085739149985135	(24,26)
27.09361595571094387279841339	(24,27)
27.04336584457202530351790342	(24,28)
27.00915891347259804076143771	(24,29)
26.9918410125822763624353063	(24,30)
25.9358507282498496801334822	(25,1)
25.9357885842047812746768238	(25,2)
25.93536953011609752612764119	(25,3)
25.93402023596641431815952985	(25,4)
25.93092061452743203992445037	(25,5)
25.9250500223918422845702302	(25,6)
25.91524600802288465571381192	(25,7)
25.90027311014915291685256861	(25,8)
25.87889857921016951417922902	(25,9)
25.84997133555265448346626015	(25,10)
25.81250005890936137955527381	(25,11)
25.76572609748908991292614217	(25,12)
25.70918695580607300402958549	(25,13)
25.6427665082500844434733547	(25,14)
25.56672879396418344402433413	(25,15)
25.4817332381863134634043398	(25,16)
25.38883033401034167526611784	(25,17)
25.28943809229997252829175627	(25,18)
25.1853007964088375452570045	(25,19)
25.07843265751275705357370555	(25,20)
24.97104975561771335079304063	(25,21)
24.86549411025963445692520601	(25,22)
24.76415383994822166090107158	(25,23)
24.66938317200776038687123697	(25,24)
24.58342562186527974967987046	(25,25)
24.50834306173455361415409005	(25,26)
24.44595273735245158940620287	(25,27)
24.39777365348780471761596719	(25,28)
24.36498320043224543424944863	(25,29)
24.34838447510283637367893356	(25,30)
23.48464440746812362492272687	(26,1)
23.48458453503858572392372002	(26,2)
23.48418079955509427877715947	(26,3)
23.48288083489248267731812332	(26,4)
23.47989456734950216305618646	(26,5)
23.47423879156408058922964311	(26,6)
23.46479389684958198184147119	(26,7)
23.45037035153152695446378212	(26,8)
23.42978192708560769836052704	(26,9)
23.40192208113423850601784097	(26,10)
23.36583948963143276762401368	(26,11)
23.3208085007595026201377874	(26,12)
23.26639034411606743700285416	(26,13)
23.20248131172231272478075893	(26,14)
23.12934483693443502294348031	(26,15)
23.04762539250170489836803235	(26,16)
22.95834332439496920951295646	(26,17)
22.86287101440906276059998908	(26,18)
22.76289198704767032468034424	(26,19)
22.66034561631862787910375381	(26,20)
22.55736084466079601060400555	(26,21)
22.45618274092032193533261062	(26,22)
22.35909578821510736878316224	(26,23)
22.26834754352939793334067918	(26,24)
22.18607582282390205079566909	(26,25)
22.11424193258215081737632409	(26,26)
22.05457178890157244853050443	(26,27)
22.0085061252465492959761076	(26,28)
21.97716045500487415948046008	(26,29)
21.96129506317798744143066296	(26,30)
21.27795551003500098198590024	(27,1)
21.27789794290304821163737533	(27,2)
21.2775097531108207096546019	(27,3)
21.2762598486332567912320453	(27,4)
21.27338861074482371915701132	(27,5)
21.26795081439861839839969484	(27,6)
21.25887029037002769781766831	(27,7)
21.24500404119154620610193868	(27,8)
21.22521290377777244874751684	(27,9)
21.19843528741583492006260542	(27,10)
21.16376007978099011116082662	(27,11)
21.1204945859943977422038111	(27,12)
21.06822341781328300807477276	(27,13)
21.00685462745974049818744908	(27,14)
20.93665008897631127682421645	(27,15)
20.85823812714904414023955214	(27,16)
20.77260759139003301485854078	(27,17)
20.6810838459564882115353178	(27,18)
20.58528835938631269375404937	(27,19)
20.4870845937511481716371102	(27,20)
20.38851361679012064189859842	(27,21)
20.29172323125839420269313377	(27,22)
20.19889443178066549468619032	(27,23)
20.11216870400240045239080047	(27,24)
20.03357915365540082117758131	(27,25)
19.96498779317942999438924269	(27,26)
19.90803062121811489815800089	(27,27)
19.86407149278346027380160504	(27,28)
19.83416525887910069620435714	(27,29)
19.8190302893959919253885686	(27,30)
19.30068626700820611232576328	(28,1)
19.30063100377799514956630446	(28,2)
19.30025835021285335181704088	(28,3)
19.29905847483610140205994354	(28,4)
19.29630219166369447145255739	(28,5)
19.29108221933705865332167028	(28,6)
19.28236576706187130960433271	(28,7)
19.26905626235808805791929981	(28,8)
19.25006142502152617143092239	(28,9)
19.22436432848956837560566061	(28,10)
19.19109364909228499399694972	(28,11)
19.14958906823750219567134893	(28,12)
19.09945783654798859877115594	(28,13)
19.04061888010245965010168651	(28,14)
18.97333153361175312996587245	(28,15)
18.89820698039111325116311316	(28,16)
18.81620167318970493328343771	(28,17)
18.72859327625242693679599979	(28,18)
18.63694086503358640896983696	(28,19)
18.54303211256700949242420618	(28,20)
18.44882087944103050785953809	(28,21)
18.35635895436119839931219657	(28,22)
18.26772566481313851097593773	(28,23)
18.18495874159387633066447246	(28,24)
18.10998926174227439540419507	(28,25)
18.04458281416697027845027427	(28,26)
17.99028833315104829396456954	(28,27)
17.94839541372212486756697988	(28,28)
17.91990042144644516346850689	(28,29)
17.905481370302472711003625	(28,30)
17.53485376901232220304674487	(29,1)
17.53480078754465356671469937	(29,2)
17.53444352085419035112221277	(29,3)
17.53329319295360526651371214	(29,4)
17.53065075387447803092648336	(29,5)
17.52564648594083613092771622	(29,6)
17.51729051849881437822527567	(29,7)
17.50453216655059687479229441	(29,8)
17.4863254087394591075408441	(29,9)
17.46169726080263920281576997	(29,10)
17.42981535820299426889180418	(29,11)
17.39005082077802160113295681	(29,12)
17.3420325090436159448370999	(29,13)
17.28568914561040255174492412	(29,14)
17.22127647300273960413438405	(29,15)
17.14938760715394561496416162	(29,16)
17.07094593099998414302636425	(29,17)
16.98718112547397374840135912	(29,18)
16.89959011135087474710485248	(29,19)
16.80988564070870525256491529	(29,20)
16.71993593092686346713491657	(29,21)
16.63169902653419141768551548	(29,22)
16.54715550925358452976613353	(29,23)
16.46824280794224507027182924	(29,24)
16.39679377647304062310058129	(29,25)
16.33448151398761282501912047	(29,26)
16.2827717012850244892262671	(29,27)
16.24288310533688333022201593	(29,28)
16.21575642078849718198453826	(29,29)
16.2020313029397321524542629	(29,30)
15.96127066918848087949752549	(30,1)
15.96121993660975291771948444	(30,2)
15.96087783504666064559544764	(30,3)
15.95977633977897012496012859	(30,4)
15.95724609773851455130579636	(30,5)
15.95245439599998920193221114	(30,6)
15.94445361791405958167990501	(30,7)
15.9322381995916661918574724	(30,8)
15.91480751244703173249717013	(30,9)
15.89123154537465002160190305	(30,10)
15.86071581950844924197192579	(30,11)
15.82266172486485761948747731	(30,12)
15.77671849872729755919379996	(30,13)
15.72282342068727503890588375	(30,14)
15.6612274862909587001828342	(30,15)
15.59250479623071786848563142	(30,16)
15.51754506725459029722707884	(30,17)
15.4375299040535254667405498	(30,18)
15.35389462319711492265731336	(30,19)
15.26827835677281261948145988	(30,20)
15.18246578568748689137295805	(30,21)
15.09832411240646744178730683	(30,22)
15.01773878776006636335787464	(30,23)
14.94255111322749549571516191	(30,24)
14.87450024009108040925039381	(30,25)
14.81517138653758973027719182	(30,26)
14.76595139615110328790950317	(30,27)
14.72799215105487472604445807	(30,28)
14.70218188792960328760571329	(30,29)
14.689124173047817902828357	(30,30)
14.56074058033512562814823768	(31,1)
14.56069205959492355283297902	(31,2)
14.56036487323684923734304337	(31,3)
14.5593114049248434247507596	(31,4)
14.55689150354311040027035689	(31,5)
14.55230883083052410091661332	(31,6)
14.54465727302182308872412034	(31,7)
14.53297552292005803546165682	(31,8)
14.5163073676055598367178526	(31,9)
14.49376467589277006072936007	(31,10)
14.46458964478145739888049732	(31,11)
14.42821262070593737388684683	(31,12)
14.38430183656255868248087442	(31,13)
14.33280174980465060274420847	(31,14)
14.27395733821687176823044121	(31,15)
14.20832266485343509523530276	(31,16)
14.1367531690092276857474973	(31,17)
14.06038234640720436095430685	(31,18)
13.98058460488904995457804766	(31,19)
13.89892698907679958205726116	(31,20)
13.81711306120431691464965081	(31,21)
13.73692245916392677743545548	(31,22)
13.66014953615349236972982055	(31,23)
13.5885440776908820810284057	(31,24)
13.52375648362069308826750664	(31,25)
13.46728910196644143484960806	(31,26)
13.42045471059523273217006198	(31,27)
13.38434254518773814957211957	(31,28)
13.35979182393008870240878125	(31,29)
13.3473724466151571741482763	(31,30)
13.31484426773846519762364044	(32,1)
13.31479792158261161022951982	(32,2)
13.31448539912386445378991876	(32,3)
13.31347914752605776700985447	(32,4)
13.31116771930230709372302075	(32,5)
13.306790514963166976730559	(32,6)
13.29948216210541064327214005	(32,7)
13.2883247273552908653557024	(32,8)
13.27240540535200301736035418	(32,9)
13.25087680329541457601938608	(32,10)
13.22301651498869175156993845	(32,11)
13.18828243833984652013574762	(32,12)
13.14636031082389636146046783	(32,13)
13.09720026834579849575071954	(32,14)
13.04103988256430363211990786	(32,15)
12.97841205809040708385383549	(32,16)
12.91013728347114583310642944	(32,17)
12.83730090186585468460840316	(32,18)
12.76121715754824223814525715	(32,19)
12.68338265243631129726826054	(32,20)
12.60542241676413054009499524	(32,21)
12.52903201407493518734151147	(32,22)
12.45591897247306551686596707	(32,23)
12.387746419880372415469383	(32,24)
12.32608119294443954217344441	(32,25)
12.2723479935761025905399941	(32,26)
12.22779048560305776071434114	(32,27)
12.19343963925305909747365839	(32,28)
12.17008919796148928334847587	(32,29)
12.1582778851287009801269184	(32,30)
12.20640886252038926861817	(33,1)
12.20636465561967113892428545	(33,2)
12.20606655872631464619440626	(33,3)
12.20510675526434005356657747	(33,4)
12.20290202780651633630904525	(33,5)
12.19872690903572681969773151	(33,6)
12.19175603618206644354357419	(33,7)
12.18111399154309950266664802	(33,8)
12.16593038210856822826260675	(33,9)
12.1453974060366469313623329	(33,10)
12.11882674443458204564985632	(33,11)
12.0857023839434404548264707	(33,12)
12.04572599208206055546773157	(33,13)
11.99885178153349842134859388	(33,14)
11.94530842032284318000042469	(33,15)
11.8856064329511676994044551	(33,16)
11.82053060704854468558008478	(33,17)
11.75111804979414402730231692	(33,18)
11.67862359191295199401550205	(33,19)
11.60447508745705566691498062	(33,20)
11.53022171002387003528870438	(33,21)
11.45747855412276612940956136	(33,22)
11.38787072164571170825231089	(33,23)
11.32297966387034836268572351	(33,24)
11.26429394919168872798994912	(33,25)
11.21316594083386703352951553	(33,26)
11.17077519812415367203789398	(33,27)
11.13809884163345436550279307	(33,28)
11.11588870112144590792845401	(33,29)
11.1046548202410432990545764	(33,30)
11.21974699162892967293894633	(34,1)
11.21970489144333127160833697	(34,2)
11.21942100058165324786187943	(34,3)
11.21850693711555485747276178	(34,4)
11.21640727632018820633148124	(34,5)
11.21243112012952957928914815	(34,6)
11.20579243015711679250477541	(34,7)
11.1956574892824096713061406	(34,8)
11.18119735394530011984962421	(34,9)
11.16164267990510866233482839	(34,10)
11.13633791574403047429759118	(34,11)
11.10479163621356174575549165	(34,12)
11.06671980020991152282915384	(34,13)
11.02207901156162094881096564	(34,14)
10.97108744437072031609964727	(34,15)
10.9142319335036552407311789	(34,16)
10.852260746235975135573437	(34,17)
10.78616263015880634738210318	(34,18)
10.71713374615883333641440555	(34,19)
10.64653492078814997191053407	(34,20)
10.57584219535411104005359951	(34,21)
10.50659386041818557244281556	(34,22)
10.44033704713619451341602898	(34,23)
10.37857655238610560942331346	(34,24)
10.3227279894548658380130047	(34,25)
10.27407668330462624014205112	(34,26)
10.23374306967947024172831869	(34,27)
10.20265479312967649109578775	(34,28)
10.18152528568720593496377303	(34,29)
10.1708383705063685025646266	(34,30)
10.34073819310589083181576104	(35,1)
10.34069816991347558401656188	(35,2)
10.34042828454569471712450267	(35,3)
10.33955931401530385531532716	(35,4)
10.33756322560588551405478147	(35,5)
10.33378317198664750901132651	(35,6)
10.32747180160909350232687774	(35,7)
10.31783632800812254579050926	(35,8)
10.30408832999666379773860637	(35,9)
10.28549580725262620809352274	(35,10)
10.2614346541002451324447774	(35,11)
10.23143650680224793959855692	(35,12)
10.19522992861524267587794588	(35,13)
10.15277216448477342356464368	(35,14)
10.10426923405260011764323457	(35,15)
10.05018290898240537716660492	(35,16)
9.99122407000456640655049013	(35,17)
9.92833295926938692528973975	(35,18)
9.86264781506816223550520116	(35,19)
9.79546418086404877280892331	(35,20)
9.72818772391325641666500674	(35,21)
9.66228362613383981143701105	(35,22)
9.59922551683414061529341672	(35,23)
9.54044654767966145026956721	(35,24)
9.48729464644639711907745009	(35,25)
9.44099332868550160668822839	(35,26)
9.40260879627043406351601964	(35,27)
9.37302349316606978615620466	(35,28)
9.35291587890923730750212865	(35,29)
9.3427459459083694779571649	(35,30)
9.55680839259009175004769695	(36,1)
9.55677041898579429546221831	(36,2)
9.55651435419148127099780516	(36,3)
9.55568987975209992672103744	(36,4)
9.55379598440366239403051587	(36,5)
9.55020938952805253985116325	(36,6)
9.5442208320620673726506275	(36,7)
9.53507772338334201303869224	(36,8)
9.52203126714754613461735332	(36,9)
9.50438570991267125648628698	(36,10)
9.48154706980705582357236005	(36,11)
9.45306849973255417614412561	(36,12)
9.4186894464471983619773262	(36,13)
9.37836600294421083739648409	(36,14)
9.33229033086706022222473486	(36,15)
9.28089773213813691537798484	(36,16)
9.22486081980411622235402483	(36,17)
9.16507119121615629986743794	(36,18)
9.10260993455721305124098298	(36,19)
9.03870908987405296302020208	(36,20)
8.97470674087492886193879261	(36,21)
8.91199867108876373634963478	(36,22)
8.8519894622639615178557363	(36,23)
8.79604557863752270660694995	(36,24)
8.74545244335208119956368876	(36,25)
8.70137687187953382565211613	(36,26)
8.6648355840742415421086327	(36,27)
8.6366699588309983531216138	(36,28)
8.61752678389946089564721037	(36,29)
8.6078445174895158985111893	(36,30)
8.85684807728326230371538972	(37,1)
8.85681212735869382315020134	(37,2)
8.856569708305438533048336	(37,3)
8.85578916554147522785695324	(37,4)
8.85399615812144247721463961	(37,5)
8.85060051752801012021268605	(37,6)
8.8449304957275241609072273	(37,7)
8.83627299224695147441822679	(37,8)
8.8239179557310804785530635	(37,9)
8.80720479147630750873976327	(37,10)
8.78556831760425290645029066	(37,11)
8.75858164654509997206580151	(37,12)
8.72599336854987638318966531	(37,13)
8.68775661187257397706895135	(37,14)
8.64404796433692380233839142	(37,15)
8.59527485423298427547246846	(37,16)
8.54207076779915073482421584	(37,17)
8.48527855885933122096907793	(37,18)
8.42592299038810614847474177	(37,19)
8.36517443074159456181683529	(37,20)
8.30430620717427656079256333	(37,21)
8.24464842145885678892045288	(37,22)
8.18754102722299203954171465	(37,23)
8.13428867829862563196651089	(37,24)
8.0861193502809549515028405	(37,25)
8.0441481112389955739888431	(37,26)
8.00934677720898944843878605	(37,27)
7.98251962600737322864303176	(37,28)
7.9642849244883371241242904	(37,29)
7.9550617824554726400920314	(37,30)
8.23109744086623318685476452	(38,1)
8.23106348921371489639361079	(38,2)
8.23083454444277172956976162	(38,3)
8.23009737976879132916987693	(38,4)
8.22840397983686859579585449	(38,5)
8.22519683512678495169879058	(38,6)
8.21984114667037450604617643	(38,7)
8.2116625984672120911589093	(38,8)
8.1999890073286256119466147	(38,9)
8.1841938481864435356406264	(38,10)
8.16373941063272613470463233	(38,11)
8.13821720323357876454506943	(38,12)
8.10738321626738746692302671	(38,13)
8.07118580593728039176479701	(38,14)
8.02978429123507162837970913	(38,15)
7.9835568636370576844192475	(38,16)
7.93309708454864513672392556	(38,17)
7.87919904188866081845899313	(38,18)
7.82283207898172063087211344	(38,19)
7.76510679392857822257529249	(38,20)
7.70723462668375237276230666	(38,21)
7.65048371367517580287207823	(38,22)
7.59613374801351707633222682	(38,23)
7.54543234481605056509756298	(38,24)
7.49955493659759985118452602	(38,25)
7.45956961024598537783393428	(38,26)
7.42640765455671587454753237	(38,27)
7.40084001467518998255856876	(38,28)
7.38345941883754334718921559	(38,29)
7.3746676906861562487219783	(38,30)
7.67101734871683367626321466	(39,1)
7.67098536935377688661185528	(39,2)
7.67076972352882468638418384	(39,3)
7.67007537086473240021360409	(39,4)
7.66848026922439876950574267	(39,5)
7.66545910734136598810623799	(39,6)
7.66041345811216296382457639	(39,7)
7.65270707402205044402422507	(39,8)
7.64170475068869993114349336	(39,9)
7.62681293232790801828881325	(39,10)
7.6075200441254103271386316	(39,11)
7.5834344279073014396463541	(39,12)
7.55431774409701427582954145	(39,13)
7.52011180176626937783739953	(39,14)
7.48095701134229284587669302	(39,15)
7.43720104386010344714680277	(39,16)
7.3893968379438866900083379	(39,17)
7.33828980422821911979446689	(39,18)
7.28479487902872377901885615	(39,19)
7.22996487689535789233018689	(39,20)
7.17495226542869969431287815	(39,21)
7.12096692457134527495625642	(39,22)
7.06923258647023760160132731	(39,23)
7.02094447181743134884355795	(39,24)
6.97723019721812697619018877	(39,25)
6.9391154237575264988382567	(39,26)
6.90749506604104384861234983	(39,27)
6.88311029132187700923009279	(39,28)
6.86653108933628518827286455	(39,29)
6.8581439273476926309714466	(39,30)
7.1691581299391324965243785	(40,1)
7.1691280952171683247355205	(40,2)
7.168925561770446065249316	(40,3)
7.1682734188887516970058103	(40,4)
7.1667752233999307741046113	(40,5)
7.1639373745656084263647965	(40,6)
7.1591972098433754647818634	(40,7)
7.1519558035931322680152836	(40,8)
7.1416140130428460953608329	(40,9)
7.1276101304221109934533989	(40,10)
7.1094573716282877925749682	(40,11)
7.08677935746970068511852975	(40,12)
7.05934172061819567302804513	(40,13)
7.02707800802310596475060403	(40,14)
6.99010817200982818194002491	(40,15)
6.94874819737841812231318484	(40,16)
6.90350983931459513900969799	(40,17)
6.85509006254956503215344585	(40,18)
6.80435053888940145284254828	(40,19)
6.75228838305888774932514653	(40,20)
6.70000005152061827735483321	(40,21)
6.64864085966919393039575345	(40,22)
6.5993827936133181154926959	(40,23)
6.55337317592182384547741143	(40,24)
6.51169633566090232657825971	(40,25)
6.47533983270398986124451101	(40,26)
6.44516612020074553708470542	(40,27)
6.42188991573172421035129496	(40,28)
6.40606107942011267261341203	(40,29)
6.3980525138526688141127383	(40,30)
6.7190334207630306795809542	(41,1)
6.7190053003054293336336421	(41,2)
6.7188156742748123783180305	(41,3)
6.7182050797647785471821589	(41,4)
6.7168022625856004728953658	(41,5)
6.7141448009869217691630432	(41,6)
6.7097051413652153417921739	(41,7)
6.7029208852259587026454537	(41,8)
6.6932279920991895255625861	(41,9)
6.6800954516010379855729991	(41,10)
6.6630599161900901082028332	(41,11)
6.6417587494533367742271634	(41,12)
6.6159599099407293117382293	(41,13)
6.5855870559696316896798655	(41,14)
6.55073825690221915367420091	(41,15)
6.51169679994768319950948983	(41,16)
6.46893286771695089205773425	(41,17)
6.4230953808553455779080734	(41,18)
6.37499403709362711197102817	(41,19)
6.32557243919598243774109259	(41,20)
6.27587403661382530499460591	(41,21)
6.22700324341892233806025196	(41,22)
6.18008441277547514852288038	(41,23)
6.13622129809082210233243096	(41,24)
6.09645925181959093914047749	(41,25)
6.06175181050597152548710176	(41,26)
6.03293262606668615338066604	(41,27)
6.01069305968523432273971504	(41,28)
5.99556525439228387811707122	(41,29)
5.9879101989837398667544101	(41,30)
6.315003052266466770446549	(42,1)
6.314976811963899173144403	(42,2)
6.3147998632235238446194484	(42,3)
6.3142300747240194226165519	(42,4)
6.3129209224758897337388661	(42,5)
6.310440572522202395969004	(42,6)
6.3062958592214256772073742	(42,7)
6.2999600522283766731120994	(42,8)
6.2909031991584956887425733	(42,9)
6.2786238001481884631704326	(42,10)
6.2626805820512354653791563	(42,11)
6.2427231438553052276346961	(42,12)
6.2185201954356315364336456	(42,13)
6.1899839967339275884173588	(42,14)
6.1571894671751024369219417	(42,15)
6.1203863734619307127216322	(42,16)
6.08000313836846611570691467	(42,17)
6.03664123356500428530284602	(42,18)
5.99105983396635992908342552	(42,19)
5.94415132466084201150326064	(42,20)
5.89690918797999864736520814	(42,21)
5.85039055719006142277390795	(42,22)
5.80567614620300305598423312	(42,23)
5.76383028295860425890308751	(42,24)
5.72586342104069075999966973	(42,25)
5.69269889279469403579722222	(42,26)
5.66514494870279192576268452	(42,27)
5.64387244763191593900838429	(42,28)
5.62939803005255213577226453	(42,29)
5.6220722808380526401617027	(42,30)
5.952166862419831113316128	(43,1)
5.9521424635058872746585304	(43,2)
5.9519779305346719832829003	(43,3)
5.9514481046998620069074732	(43,4)
5.950230672618297158098048	(43,5)
5.9479237227662989349563404	(43,6)
5.9440676756377036956983613	(43,7)
5.9381705313090867066304656	(43,8)
5.9297353453040608273211258	(43,9)
5.9182888999784129491958186	(43,10)
5.9034106291116376040697233	(43,11)
5.8847609002906994855233489	(43,12)
5.8621076925254485314221139	(43,13)
5.8353505019019458770860351	(43,14)
5.8045400199834458917641716	(43,15)
5.7698918891256821798008297	(43,16)
5.7317928127277382438616603	(43,17)
5.69079761954642667338828403	(43,18)
5.64761658139758730795472228	(43,19)
5.60309326407334794477487364	(43,20)
5.55817424796839161950804859	(43,21)
5.51387294772298201783122242	(43,22)
5.47123029489825088212575169	(43,23)
5.43127513429298020900705465	(43,24)
5.39498685251594859144340549	(43,25)
5.3632621298775471063262697	(43,26)
5.33688695092450743693943301	(43,27)
5.31651428661104344218139554	(43,28)
5.30264729289417093710408439	(43,29)
5.2956275215898345815155473	(43,30)
5.6262699812014737931938374	(44,1)
5.6262473794237937282366434	(44,2)
5.6260949637187142353416432	(44,3)
5.6256041382599150500400625	(44,4)
5.6244762091155900954547579	(44,5)
5.6223384347315769451227943	(44,6)
5.6187639253593402868330153	(44,7)
5.6132943824782026430306449	(44,8)
5.6054647142092750325692151	(44,9)
5.5948287118817324105453226	(44,10)
5.5809851474193248068280273	(44,11)
5.5636037431548870125249651	(44,12)
5.5424503776393559670208791	(44,13)
5.5174105879088253816352356	(44,14)
5.4885099771864409280893639	(44,15)
5.4559297053599937111488103	(44,16)
5.4200150455800318648309123	(44,17)
5.3812752130587837299849997	(44,18)
5.34037336729444302982583711	(44,19)
5.29810675085004905665786745	(44,20)
5.25537811957063441081226038	(44,21)
5.21316065680800121328252404	(44,22)
5.17245921534032049822062741	(44,23)
5.13427088397685399656433982	(44,24)
5.09954755903424297644306772	(44,25)
5.06916254954847467444330237	(44,26)
5.04388244524075546904715067	(44,27)
5.02434470679831723492755622	(44,28)
5.01104083146477062606246091	(44,29)
5.0043045737740293273212787	(44,30)
5.3336193379625065530614541	(45,1)
5.3335984828616981617524338	(45,2)
5.3334578440778441913171975	(45,3)
5.3330049221448537466195985	(45,4)
5.3319639705350937427606545	(45,5)
5.3299905669136680082789111	(45,6)
5.3266895086328811857480405	(45,7)
5.3216350677461898044346906	(45,8)
5.3143927672826841881996169	(45,9)
5.3045420874395613421549806	(45,10)
5.291699773200567969300031	(45,11)
5.2755435532875947859524715	(45,12)
5.2558359681270417811769051	(45,13)
5.232447594669977756332016	(45,14)
5.2053783297560672405101884	(45,15)
5.1747747605750451799307432	(45,16)
5.1409412836358400331191646	(45,17)
5.1043427604573182479129107	(45,18)
5.06559719809857748269471	(45,19)
5.02545809987014734379396994	(45,20)
4.9847874718021325624614953	(45,21)
4.94452166190369041966315128	(45,22)
4.90563297938553226074710763	(45,23)
4.86909025795981329908662899	(45,24)
4.83582121919568284102943846	(45,25)
4.80667880944897829450585736	(45,26)
4.78241283373511307159548657	(45,27)
4.76364738928501222585895586	(45,28)
4.75086395475876870559373129	(45,29)
4.744389593588499798520964	(45,30)
5.0710106932766111848387067	(46,1)
5.0709915275825288259469333	(46,2)
5.0708622794644282884349309	(46,3)
5.0704460165731170143385595	(46,4)
5.0694891790539570142086272	(46,5)
5.0676747054649664562178252	(46,6)
5.0646379616975883636125162	(46,7)
5.0599845493460660449441522	(46,8)
5.0533092809497796294596476	(46,9)
5.0442159581437684538671473	(46,10)
5.0323379432997595130943521	(46,11)
5.0173597009192512468720847	(46,12)
4.999039345396383059407441	(46,13)
4.977231707813518673797854	(46,14)
4.9519106240474076626582715	(46,15)
4.9231883035974307485098229	(46,16)
4.8913290950594854262938285	(46,17)
4.8567549988777157743985068	(46,18)
4.8200409927107800272837873	(46,19)
4.78189950017308360587985067	(46,20)
4.74315483382807363403256773	(46,21)
4.70470979511728182253296994	(46,22)
4.66750750366879039819844855	(46,23)
4.63249180471682713831939915	(46,24)
4.60056929706944050498176732	(46,25)
4.57257530356002326224732476	(46,26)
4.54924520016890070227072859	(46,27)
4.53119164515237636330356735	(46,28)
4.51888756155454165059461724	(46,29)
4.5126543050513807539378563	(46,30)
4.8356652783850192833044147	(47,1)
4.8356477375379431982675222	(47,2)
4.8355294446929258009957178	(47,3)
4.8351484383616968293210716	(47,4)
4.8342724897890509123513203	(47,5)
4.8326108252317686270573809	(47,6)
4.8298281372197427692523359	(47,7)
4.8255599994170329719271541	(47,8)
4.8194290973008525325299565	(47,9)
4.8110621399876986579298227	(47,10)
4.8001077670602994756949136	(47,11)
4.7862559974089553557569058	(47,12)
4.7692595970014679194124819	(47,13)
4.7489570982568320209649983	(47,14)
4.7252962015872343297118431	(47,15)
4.6983552313491776680760455	(47,16)
4.6683595976347005233254386	(47,17)
4.6356901630179720763795114	(47,18)
4.6008811527485724313043234	(47,19)
4.5646066318599064006758014	(47,20)
4.52765624167351291222943615	(47,21)
4.4909024044053544439687989	(47,22)
4.45526221263201433665824125	(47,23)
4.4216575507459898380676733	(47,24)
4.39097668427128069294392269	(47,25)
4.36403978820965637474235629	(47,26)
4.34156992002224911175111606	(47,27)
4.32417001179605718046213544	(47,28)
4.31230572680063823445157038	(47,29)
4.3062935811886204197813222	(47,30)
4.6251750489541480994930846	(48,1)
4.6251590607566182988037026	(48,2)
4.6250512363089441760720435	(48,3)
4.6247039185278968319696987	(48,4)
4.6239052548873740967312203	(48,5)
4.622389566062653318422107	(48,6)
4.6198495007973106307765484	(48,7)
4.6159491268519755082646692	(48,8)
4.6103374932071842291633925	(48,9)
4.6026627578343908343901377	(48,10)
4.5925875189509417332418102	(48,11)
4.5798062678895698269292176	(48,12)
4.5640656784641159980478328	(48,13)
4.5451876785119082326427337	(48,14)
4.5230940504070193036362129	(48,15)
4.4978300306093017967255685	(48,16)
4.4695834814860437976642151	(48,17)
4.4386960754021188075753523	(48,18)
4.4056637044116762466473391	(48,19)
4.3711248427791567363743563	(48,20)
4.33583743375454025606686867	(48,21)
4.30064655413317013561924946	(48,22)
4.26644623334099019210234465	(48,23)
4.23413918229313803936669988	(48,24)
4.20459786458434907740181065	(48,25)
4.17862952850443608031062932	(48,26)
4.15694678998831702667139082	(48,27)
4.14014436844608604163188765	(48,28)
4.128681807266419491495001	(48,29)
4.122871544595797612038095	(48,30)
4.4374555693581090420688232	(49,1)
4.4374410537614383435080937	(49,2)
4.4373431579142624278499972	(49,3)
4.4370277905334094751201715	(49,4)
4.4363024184524614403586356	(49,5)
4.434925140301977826609194	(49,6)
4.4326150591818669009727654	(49,7)
4.4290631365552971523004115	(49,8)
4.423943182596429467643719	(49,9)
4.4169233035325986613470104	(49,10)
4.4076787650327519984734221	(49,11)
4.3959075569189248303632936	(49,12)
4.3813497058743596829146174	(49,13)
4.3638104857451252589330244	(49,14)
4.3431862770706019722631411	(49,15)
4.3194903323914720342493017	(49,16)
4.2928746346291026657817311	(49,17)
4.2636438285532354479772393	(49,18)
4.2322580209583866552045001	(49,19)
4.1993228949464509880429191	(49,20)
4.1655676063984494626486379	(49,21)
4.13181277752600226135573683	(49,22)
4.09893213600614290870750857	(49,23)
4.06781176850562058528797512	(49,24)
4.0393106174373686831471805	(49,25)
4.01422498239414429383600449	(49,26)
3.99325869480156745936152882	(49,27)
3.97699958922789535820161755	(49,28)
3.96590208508873354950818779	(49,29)
3.9602752061407588734699496	(49,30)
4.2707056018584406701740713	(50,1)
4.2706924708861583215253855	(50,2)
4.2706039104064500314966964	(50,3)
4.2703185834909339804504092	(50,4)
4.2696621165392315205888126	(50,5)
4.2684149455363407968145015	(50,6)
4.2663209940156933236041366	(50,7)
4.2630963945087373382215807	(50,8)
4.2584380247387450275682108	(50,9)
4.2520323999409814819030522	(50,10)
4.2435661946142061761572906	(50,11)
4.2327400376009572391154005	(50,12)
4.2192869488579495832592856	(50,13)
4.2029957604131532678989011	(50,14)
4.1837382676727501817814609	(50,15)
4.1614971469926223523567497	(50,16)
4.1363904395806678448924622	(50,17)
4.1086881279075844700620395	(50,18)
4.078817195620218051098177	(50,19)
4.0473533518334607981496056	(50,20)
4.0149998019900963516773507	(50,21)
3.98255545520959611150889956	(50,22)
3.9508762958968147507512718	(50,23)
3.92083410303147977470618281	(50,24)
3.8932763383572526409849178	(50,25)
3.86899010134053123470815772	(50,26)
3.84867189098864157799211477	(50,27)
3.83290381376613545618101861	(50,28)
3.82213602946343162195083017	(50,29)
3.8166747221699164933875066	(50,30)
4.1233725580461988186297272	(51,1)
4.1233607158548147606276308	(51,2)
4.1232808444838098482332609	(51,3)
4.123023477643784711676164	(51,4)
4.1224311394358104849194728	(51,5)
4.1213050396408238522938188	(51,6)
4.1194121578509254109413822	(51,7)
4.1164919550009629926611014	(51,8)
4.1122625943467570849231659	(51,9)
4.1064274259786254163654938	(51,10)
4.0986833114308845657897967	(51,11)
4.0887327776992748310052804	(51,12)
4.0763016766782216296964965	(51,13)
4.0611628726541939559895942	(51,14)
4.0431646896758570995886455	(51,15)
4.0222609316335301670266307	(51,16)
3.9985378934195355328120503	(51,17)
3.9722334487430239354504022	(51,18)
3.9437442194644569604598914	(51,19)
3.9136187625212382870694853	(51,20)
3.882537087341651780841609	(51,21)
3.8512789790216071216493806	(51,22)
3.8206850372828914922798004	(51,23)
3.79161482593704428754865298	(51,24)
3.76490613925607555216205523	(51,25)
3.74133841118325611550390694	(51,26)
3.72160207164142726548409268	(51,27)
3.70627449975318134518667797	(51,28)
3.69580234108708674960795472	(51,29)
3.6904894349050725187020831	(51,30)
3.9941230628949989697812638	(52,1)
3.9941124059705239341030164	(52,2)
3.9940405257491146361547327	(52,3)
3.9938088724096872190701889	(52,4)
3.9932755064272022705900234	(52,5)
3.9922607281404123034575649	(52,6)
3.9905526821750347578117702	(52,7)
3.9879121993211320176080384	(52,8)
3.9840768622262577390062564	(52,9)
3.9787652507530118130758428	(52,10)
3.9716832316381941538222253	(52,11)
3.9625346092675497679985845	(52,12)
3.9510381033314202475325896	(52,13)
3.9369513418385497497968277	(52,14)
3.9201005798476159699056777	(52,15)
3.9004127362015559027540636	(52,16)
3.877944797471338727175821	(52,17)
3.852905254345171268622041	(52,18)
3.8256632127827957437205721	(52,19)
3.7967428928347873891501166	(52,20)
3.7668037739890641264198518	(52,21)
3.736608954303500585002407	(52,22)
3.70698581393932035024405662	(52,23)
3.67878358156386111578909826	(52,24)
3.65283198499855215690729624	(52,25)
3.62990413022970042366434861	(52,26)
3.61068546961416383174809989	(52,27)
3.59574951510428667164094804	(52,28)
3.58554003708512897091463495	(52,29)
3.580358953813700807503657	(52,30)
3.881817975852249304762652	(53,1)
3.8818083933388773220176287	(53,2)
3.8817437568236809754426511	(53,3)
3.8815354113564634040440203	(53,4)
3.8810554973087140231661434	(53,5)
3.8801416079690024637639538	(53,6)
3.8786010412253730166482804	(53,7)
3.8762139292654409913229613	(53,8)
3.8727353292563029517161214	(53,9)
3.8678974188600294026907614	(53,10)
3.8614139299675193583419791	(53,11)
3.8529894424266373518001307	(53,12)
3.842335771674272528957761	(53,13)
3.8291962889671091292850517	(53,14)
3.8133768579748703119813864	(53,15)
3.79477976715304889204757	(53,16)
3.7734353574592331511275808	(53,17)
3.7495256173887219649576361	(53,18)
3.7233950533708040591145859	(53,19)
3.6955463483335859871183024	(53,20)
3.6666210267879275879677312	(53,21)
3.6373677884148055260165741	(53,22)
3.60860277511314336529910746	(53,23)
3.58116656212950790445056367	(53,24)
3.55588221670475283620837709	(53,25)
3.53351767544781810399253746	(53,26)
3.51475435027035204644870491	(53,27)
3.5001626209484125597245028	(53,28)
3.49018392772559930343649028	(53,29)
3.4851186292668659192771979	(53,30)
3.7854913035459428471092583	(54,1)
3.7854826777012360661910308	(54,2)
3.7854244910331614052862991	(54,3)
3.7852368986263427391602106	(54,4)
3.7848045750643512530151488	(54,5)
3.7839805018528499473654855	(54,6)
3.7825890055163522879707212	(54,7)
3.7804273489436998862672269	(54,8)
3.7772660466165113278395703	(54,9)
3.7728492190996064913121673	(54,10)
3.7668973655696698711561502	(54,11)
3.7591154541361972447026177	(54,12)
3.74920880690716264907191	(54,13)
3.7369077519768483637531662	(54,14)
3.7219996964950332040484198	(54,15)
3.7043648001890745185859272	(54,16)
3.6840096255842095878284517	(54,17)
3.6610926771578846026024732	(54,18)
3.6359368356817503540444804	(54,19)
3.6090260245687649040245853	(54,20)
3.5809862975863563532024983	(54,21)
3.5525541034508839342598299	(54,22)
3.52453615590928856663825583	(54,23)
3.49776587675123899163342491	(54,24)
3.47306090194983249383252243	(54,25)
3.45118499720544631389191922	(54,26)
3.43281633435620619428910024	(54,27)
3.41852278607199087657700579	(54,28)
3.40874392553252856131951044	(54,29)
3.4037788590877076873126406	(54,30)
3.7043325223592838304661116	(55,1)
3.7043247291281401456049923	(55,2)
3.7042721559013996839961142	(55,3)
3.7041026250007751076481499	(55,4)
3.7037117178010117409437106	(55,5)
3.7029658012221084684745452	(55,6)
3.7017040026823837568489095	(55,7)
3.6997384520584749185402449	(55,8)
3.6968530388766120496888885	(55,9)
3.6928021525687799451509333	(55,10)
3.6873120028215200488646421	(55,11)
3.6800876666094488820223403	(55,12)
3.6708285536001060430715237	(55,13)
3.6592533779479105301923931	(55,14)
3.6451332601915140672993147	(55,15)
3.6283289563763320780590229	(55,16)
3.6088263000786686690690251	(55,17)
3.5867634492879214209644495	(55,18)
3.562444678825508832593607	(55,19)
3.536337903887723900214058	(55,20)
3.5090561044691529018961396	(55,21)
3.481325494687509120926069	(55,22)
3.45394501441434069317231328	(55,23)
3.42774226876546706510057273	(55,24)
3.40353053506873557545151819	(55,25)
3.38207026592492420766558247	(55,26)
3.36403707441077925045910368	(55,27)
3.34999685620147602920430495	(55,28)
3.34038771014094730774468943	(55,29)
3.3355077513020294740750833	(55,30)
3.6376719053296665383285349	(56,1)
3.6376648150273487294225708	(56,2)
3.6376169808933838279954725	(56,3)
3.6374626980035690760105905	(56,4)
3.6371067542381802019843817	(56,5)
3.6364268117686447068671019	(56,6)
3.6352744794640247764837249	(56,7)
3.6334744080693338140906606	(56,8)
3.6308217228268370339888404	(56,9)
3.6270793923909505350940047	(56,10)
3.6219783187130143288621693	(56,11)
3.615223506415482654863388	(56,12)
3.606509186905279086363703	(56,13)
3.5955440827227034288432406	(56,14)
3.5820854066622835838004748	(56,15)
3.5659774329694987268976214	(56,16)
3.5471884743465301368729872	(56,17)
3.5258395812214854508739003	(56,18)
3.5022194777936856633123075	(56,19)
3.4767827943395703126025225	(56,20)
3.4501317531783135367950554	(56,21)
3.4229842322155566196357455	(56,22)
3.3961329136526065456060551	(56,23)
3.37040077984378579965644169	(56,24)
3.34659768627892611612411569	(56,25)
3.32548150943174261320173222	(56,26)
3.30772588346383151880345074	(56,27)
3.29389517680533783419171344	(56,28)
3.28442634750272047737042838	(56,29)
3.2796167416569572102370653	(56,30)
3.5849685165118729400466678	(57,1)
3.584961994604485770593614	(57,2)
3.5849179925325276309047866	(57,3)
3.584776039126751362868119	(57,4)
3.584448365744845074446694	(57,5)
3.5838217644706082717307607	(57,6)
3.5827579273840957360107342	(57,7)
3.5810916093996354804919166	(57,8)
3.5786269837082175222794152	(57,9)
3.5751338961664418784696139	(57,10)
3.5703469573130062538658462	(57,11)
3.5639710042550215611589642	(57,12)
3.5556959576000815811945834	(57,13)
3.5452223374955921218114321	(57,14)
3.5322960073449787077847117	(57,15)
3.5167478492595323805803737	(57,16)
3.4985319968262220671781324	(57,17)
3.4777557155102963093833212	(57,18)
3.454695261106328642309348	(57,19)
3.429794674900227229904783	(57,20)
3.4036476658192114466835086	(57,21)
3.3769655715742346723744037	(57,22)
3.3505362146690424855924405	(57,23)
3.32517902748432582762017016	(57,24)
3.30170126631665075999806349	(57,25)
3.2808588676889906036306592	(57,26)
3.26332398263901293733993817	(57,27)
3.24965983593407960713970104	(57,28)
3.24030252987470132749862686	(57,29)
3.2355488322892260437443498	(57,30)
3.5458005976122611738942778	(58,1)
3.545794505581330937104852	(58,2)
3.5457534016856575805563498	(58,3)
3.545620772935157878174139	(58,4)
3.5453144795948853154877995	(58,5)
3.5447282165985339846312739	(58,6)
3.5437312963788714068102761	(58,7)
3.5421661035968609460361493	(58,8)
3.53984363230249406890818	(58,9)
3.5365388940879235654060109	(58,10)
3.5319892537356212628317763	(58,11)
3.5258993573839414283429351	(58,12)
3.5179557926495602095044923	(58,13)
3.5078528040136030744482195	(58,14)
3.4953276109709691589080566	(58,15)
3.4802009298311280726034056	(58,16)
3.4624161647007037869042912	(58,17)
3.4420701849721567270575778	(58,18)
3.4194298798179335844347841	(58,19)
3.3949313728253341364737264	(58,20)
3.3691620433963124751094309	(58,21)
3.3428284004823608121618864	(58,22)
3.3167147082022121735588808	(58,23)
3.29163782352949133752666161	(58,24)
3.26840313428503916876412945	(58,25)
3.24776519256679669091138912	(58,26)
3.23039509521107469095116641	(58,27)
3.21685525453496942069252905	(58,28)
3.20758116393357720686759761	(58,29)
3.2028691788360131989883175	(58,30)
3.5198581271637659407531128	(59,1)
3.5198523234400527447350011	(59,2)
3.5198131632737383362504099	(59,3)
3.5196867882749117636790702	(59,4)
3.5193948335915321776840633	(59,5)
3.518835622716073455258252	(59,6)
3.5178835761783462345353841	(59,7)
3.5163861899304803906007468	(59,8)
3.5141590219720274330375131	(59,9)
3.5109805313635063322485808	(59,10)
3.5065899058015716740072993	(59,11)
3.5006916325008778474069501	(59,12)
3.4929700288728059118674004	(59,13)
3.483115095950975466150941	(59,14)
3.4708582272332376794298509	(59,15)
3.4560133034733436819236778	(59,16)
3.4385165303473178872352354	(59,17)
3.4184578193564925862261415	(59,18)
3.3960978083170957611738116	(59,19)
3.3718673542827025598355112	(59,20)
3.3463496439206790156328919	(59,21)
3.3202480038394208267981305	(59,22)
3.2943443673824967218729531	(59,23)
3.26945391626119382163269332	(59,24)
3.2463808312667200029365523	(59,25)
3.22587877512615921077690621	(59,26)
3.20861816948713970915817813	(59,27)
3.1951609064995124218166483	(59,28)
3.18594208918651363069173778	(59,29)
3.1812578081087149704865079	(59,30)
3.5069373827401966272624604	(60,1)
3.5069317236905955669883153	(60,2)
3.5068935388969688743519424	(60,3)
3.5067703020469410895486721	(60,4)
3.5064855424597687993241293	(60,5)
3.5059399059594007379041095	(60,6)
3.5050103755368881173812174	(60,7)
3.503547010270621869929472	(60,8)
3.5013676551663306950191684	(60,9)
3.498252494094446767390484	(60,10)
3.4939416221738261413447972	(60,11)
3.488139437572641212806012	(60,12)
3.480529108006231135116075	(60,13)
3.4707984947458396314408316	(60,14)
3.4586760591533075208124366	(60,15)
3.4439722466181434669211339	(60,16)
3.4266196499414628060385297	(60,17)
3.4067046935543675966172194	(60,18)
3.3844848875845987048558616	(60,19)
3.3603884594961919373714381	(60,20)
3.3349965077770237305765215	(60,21)
3.3090107790043198463007669	(60,22)
3.2832120536472820678906428	(60,23)
3.25841468833078002118246422	(60,24)
3.2354222719344424565423167	(60,25)
3.21498803257096351221172992	(60,26)
3.1977820625618647531492048	(60,27)
3.18436600039204937773854666	(60,28)
3.1751747585472984852649465	(60,29)
3.1705042981567576689136379	(60,30)