muu22_(sigma,mu)
-514.0181208536664	(1,1)
-514.0181459542511	(1,2)
-514.0183152166337	(1,3)
-514.0188602451555	(1,4)
-514.0201124551525	(1,5)
-514.0224847200289	(1,6)
-514.026448251307	(1,7)
-514.0325057851533	(1,8)
-514.0411623181762	(1,9)
-514.0528947473982	(1,10)
-514.0681218205203	(1,11)
-514.0871757921804	(1,12)
-514.1102771118401	(1,13)
-514.1375133434837	(1,14)
-514.1688233425785	(1,15)
-514.2039874992319	(1,16)
-514.2426246067011	(1,17)
-514.284195640642	(1,18)
-514.3280144465847	(1,19)
-514.3732650414414	(1,20)
-514.419024950163	(1,21)
-514.4642937320077	(1,22)
-514.5080256134332	(1,23)
-514.5491649472218	(1,24)
-514.5866830702122	(1,25)
-514.6196150436236	(1,26)
-514.6470947370246	(1,27)
-514.6683867632982	(1,28)
-514.6829138879073	(1,29)
-514.690278717984	(1,30)
-507.3665980324821396	(2,1)
-507.3666208634950374	(2,2)
-507.3667748212845533	(2,3)
-507.3672705681679956	(2,4)
-507.3684095499739425	(2,5)
-507.3705672968390785	(2,6)
-507.374172382405992	(2,7)
-507.3796820166149348	(2,8)
-507.3875554028249397	(2,9)
-507.3982260940418498	(2,10)
-507.4120746317776698	(2,11)
-507.4294027433489706	(2,12)
-507.4504103105502948	(2,13)
-507.4751762081291875	(2,14)
-507.5036439497350618	(2,15)
-507.5356128789303604	(2,16)
-507.5707354115484775	(2,17)
-507.6085205821756561	(2,18)
-507.6483438815113194	(2,19)
-507.6894631029784381	(2,20)
-507.7310396566389239	(2,21)
-507.7721645666922328	(2,22)
-507.8118881558374736	(2,23)
-507.8492522452059292	(2,24)
-507.883323571035534	(2,25)
-507.913227045843729	(2,26)
-507.9381774775906527	(2,27)
-507.9575084077026202	(2,28)
-507.9706968374103312	(2,29)
-507.9773827780543382	(2,30)
-494.526531267760848522	(3,1)
-494.526549659127949867	(3,2)
-494.526673678689764246	(3,3)
-494.527073022893619665	(3,4)
-494.527990512871896295	(3,5)
-494.529728630998245141	(3,6)
-494.532632548834677274	(3,7)
-494.537070429537486412	(3,8)
-494.543411916207239048	(3,9)
-494.552005805639507049	(3,10)
-494.563157950551220476	(3,11)
-494.577110430668311624	(3,12)
-494.594022984141231665	(3,13)
-494.613957597704600028	(3,14)
-494.636867020837788458	(3,15)
-494.662587801680894025	(3,16)
-494.690838247873408046	(3,17)
-494.721221502246701556	(3,18)
-494.753233700666841996	(3,19)
-494.786276956960108519	(3,20)
-494.81967670743274298	(3,21)
-494.852702754280793023	(3,22)
-494.884593181627699455	(3,23)
-494.914580187304216611	(3,24)
-494.941916783583964572	(3,25)
-494.965903274949688078	(3,26)
-494.985912422704345126	(3,27)
-495.001412254942952111	(3,28)
-495.011985574105668657	(3,29)
-495.017345349104766977	(3,30)
-476.3545334130444209455	(4,1)
-476.3545453749775235251	(4,2)
-476.3546260384239024329	(4,3)
-476.3548857738076747828	(4,4)
-476.3554825038374718731	(4,5)
-476.3566129279131716321	(4,6)
-476.358501446076142215	(4,7)
-476.3613872877439727226	(4,8)
-476.3655104391010360508	(4,9)
-476.3710970270413125432	(4,10)
-476.3783448530466002688	(4,11)
-476.3874097744020441573	(4,12)
-476.398393601153608699	(4,13)
-476.4113341153609220089	(4,14)
-476.4261977265843364565	(4,15)
-476.4428751582397288791	(4,16)
-476.4611804193709625391	(4,17)
-476.4808531629371008583	(4,18)
-476.5015643732763603425	(4,19)
-476.5229251707154140452	(4,20)
-476.5444983787128192347	(4,21)
-476.5658123758246636912	(4,22)
-476.5863766569799140111	(4,23)
-476.6056984599696548275	(4,24)
-476.6232997755599780514	(4,25)
-476.6387340531379285126	(4,26)
-476.6516019365045683467	(4,27)
-476.6615654132640303008	(4,28)
-476.6683598323335056979	(4,29)
-476.6718033331718759618	(4,30)
-453.97821884672974867475	(5,1)
-453.97822261945287255355	(5,2)
-453.97824805996964215272	(5,3)
-453.97832997508894117389	(5,4)
-453.97851815361727417405	(5,5)
-453.97887456480280809694	(5,6)
-453.97946979818080051601	(5,7)
-453.98037889686284605162	(5,8)
-453.98167677342981394837	(5,9)
-453.98343342999795320567	(5,10)
-453.98570922799071045698	(5,11)
-453.98855046476366704119	(5,12)
-453.99198551013790488101	(5,13)
-453.99602173399013258388	(5,14)
-454.00064341604366559722	(5,15)
-454.00581077276953421832	(5,16)
-454.0114601678511223777	(5,17)
-454.01750549778215513565	(5,18)
-454.02384066976035310276	(5,19)
-454.03034302223000495243	(5,20)
-454.03687748558449663106	(5,21)
-454.04330124638335380111	(5,22)
-454.04946866536786591228	(5,23)
-454.05523620732936869724	(5,24)
-454.06046716667806305863	(5,25)
-454.065036011458687182	(5,26)
-454.06883221432937964496	(5,27)
-454.07176348509445357951	(5,28)
-454.07375835986993018606	(5,29)
-454.0747681325267897041	(5,30)
-428.647165289361738859494	(6,1)
-428.64715935973201996579	(6,2)
-428.647119373658846212498	(6,3)
-428.646990612660897889897	(6,4)
-428.646694753833389798957	(6,5)
-428.646134150399240493687	(6,6)
-428.645197184551826697641	(6,7)
-428.643764427089137870433	(6,8)
-428.641715313280790019435	(6,9)
-428.638935037835586579628	(6,10)
-428.635321380551035566779	(6,11)
-428.630791193544400656427	(6,12)
-428.625286305740552018823	(6,13)
-428.618778625996537259509	(6,14)
-428.611274249901732365837	(6,15)
-428.602816396090184362135	(6,16)
-428.593487017331923420634	(6,17)
-428.583406953187203668377	(6,18)
-428.572734519231944814054	(6,19)
-428.56166246747375738917	(6,20)
-428.550413307099324405945	(6,21)
-428.539233045396883667185	(6,22)
-428.528383493841938567295	(6,23)
-428.518133378909962726045	(6,24)
-428.508748593228268372629	(6,25)
-428.500482010173228959698	(6,26)
-428.493563353178420650533	(6,27)
-428.488189649860238740776	(6,28)
-428.484516802940226666821	(6,29)
-428.48265277080834772913	(6,30)
-401.587098776776309558662	(7,1)
-401.587081870182902665564	(7,2)
-401.586967862381271200402	(7,3)
-401.586600749048718462331	(7,4)
-401.585757268217226206121	(7,5)
-401.584159198366580594006	(7,6)
-401.58148880516513737973	(7,7)
-401.577406700055811721283	(7,8)
-401.571571277114782009006	(7,9)
-401.563658842108377998489	(7,10)
-401.553383537227787552298	(7,11)
-401.540516191468055209208	(7,12)
-401.524901283294775356828	(7,13)
-401.506471282163487603233	(7,14)
-401.485257732743647388554	(7,15)
-401.461398556416616648988	(7,16)
-401.435141167096228090201	(7,17)
-401.406841132958268450675	(7,18)
-401.37695626366612134569	(7,19)
-401.346036165408622908015	(7,20)
-401.314707483268484734872	(7,21)
-401.283655239121499590475	(7,22)
-401.253600866908806993585	(7,23)
-401.225277735535419899019	(7,24)
-401.199405119551515378926	(7,25)
-401.176661714088885816259	(7,26)
-401.157659878179661867792	(7,27)
-401.142921816577830205414	(7,28)
-401.132858865611514108089	(7,29)
-401.12775493017947405023	(7,30)
-373.8820126029134239386164	(8,1)
-373.8819836655984186568078	(8,2)
-373.8817885302300200122204	(8,3)
-373.8811601840242357847558	(8,4)
-373.8797165152516173702683	(8,5)
-373.876981403929678296247	(8,6)
-373.8724112421212319244895	(8,7)
-373.8654256316571782089884	(8,8)
-373.8554408302726146315218	(8,9)
-373.8419044123547054582221	(8,10)
-373.8243295770165295750278	(8,11)
-373.8023275689026501867325	(8,12)
-373.7756367679665557934978	(8,13)
-373.7441471441878519033811	(8,14)
-373.7079189529051075587159	(8,15)
-373.6671947586818093429914	(8,16)
-373.6224041149190870300829	(8,17)
-373.5741604890639261354439	(8,18)
-373.5232503064358143571027	(8,19)
-373.4706142862336624433288	(8,20)
-373.4173215562000034495818	(8,21)
-373.3645373496614918847204	(8,22)
-373.3134853983867883212906	(8,23)
-373.2654064212704818537159	(8,24)
-373.2215143537009504085364	(8,25)
-373.1829521457606109490944	(8,26)
-373.1507490602617517164262	(8,27)
-373.125781408627188250312	(8,28)
-373.108738564207684011079	(8,29)
-373.100095886915215954848	(8,30)
-346.3991451097031967341324	(9,1)
-346.3991032972986760832781	(9,2)
-346.3988213405211040363239	(9,3)
-346.3979134275954269384065	(9,4)
-346.3958274512281009965906	(9,5)
-346.3918755142388654685334	(9,6)
-346.385272310966847520722	(9,7)
-346.3751795818501709906047	(9,8)
-346.3607545746476056634096	(9,9)
-346.3412002831260035776316	(9,10)
-346.3158151739164583301873	(9,11)
-346.284040149970674214895	(9,12)
-346.2455006256599254870139	(9,13)
-346.2000417926721407339623	(9,14)
-346.1477554254631382323904	(9,15)
-346.0889968988064413291459	(9,16)
-346.0243914580686472008244	(9,17)
-345.9548291866623946872622	(9,18)
-345.8814485467345315897542	(9,19)
-345.805608819931222227743	(9,20)
-345.728852234417886020561	(9,21)
-345.6528570183985842564571	(9,22)
-345.5793830515518136027329	(9,23)
-345.510212172855645279818	(9,24)
-345.4470855225234878598102	(9,25)
-345.3916405230314590374233	(9,26)
-345.3453502174112444945749	(9,27)
-345.3094676649685959124267	(9,28)
-345.2849779358079861007629	(9,29)
-345.27255994604175130495	(9,30)
-319.76062101825407080063497	(10,1)
-319.76056570055896777912829	(10,2)
-319.76019267273309540327041	(10,3)
-319.75899150958557331574524	(10,4)
-319.75623179007504429305093	(10,5)
-319.75100348339531592237283	(10,6)
-319.74226778131293161278854	(10,7)
-319.72891599780520471255252	(10,8)
-319.70983380048136699172949	(10,9)
-319.68396781324454161541003	(10,10)
-319.65039153982112300368681	(10,11)
-319.60836759936453636535346	(10,12)
-319.55740342878453759682798	(10,13)
-319.49729787844584215905171	(10,14)
-319.4281764932811183428976	(10,15)
-319.35051371474797625371966	(10,16)
-319.26514074560013816980914	(10,17)
-319.17323837503140422036548	(10,18)
-319.0763146524178490796091	(10,19)
-318.97616790873065252277151	(10,20)
-318.87483623866904916656681	(10,21)
-318.77453515347271780236767	(10,22)
-318.67758567046201504376296	(10,23)
-318.58633559375206548138816	(10,24)
-318.50307713269578805403758	(10,25)
-318.42996427236850461036001	(10,26)
-318.36893342915099542721314	(10,27)
-318.3216308760102191855318	(10,28)
-318.2893501975099689369658	(10,29)
-318.272982636369769824449	(10,30)
-294.35601424500680650801548	(11,1)
-294.35594502683536673978138	(11,2)
-294.35547826311120864109394	(11,3)
-294.35397526923963904003424	(11,4)
-294.35052209492402732082374	(11,5)
-294.3439800837697290825455	(11,6)
-294.33304952869496789687249	(11,7)
-294.31634345183654840578055	(11,8)
-294.29246808465734831050763	(11,9)
-294.26010633330680682072802	(11,10)
-294.2181003923845635169108	(11,11)
-294.1655297145938878218544	(11,12)
-294.10178074453414602320201	(11,13)
-294.02660516701413912185084	(11,14)
-293.94016388552430356927975	(11,15)
-293.84305451514681987142828	(11,16)
-293.7363208260556856413603	(11,17)
-293.62144328863753098067689	(11,18)
-293.50031062850371647600345	(11,19)
-293.37517307738024765821775	(11,20)
-293.2485787799587651840897	(11,21)
-293.12329556022573133960293	(11,22)
-293.00222093342057958460035	(11,23)
-292.88828383908037514548129	(11,24)
-292.78434203334420435552869	(11,25)
-292.69307938331652831385182	(11,26)
-292.61690742616522700051598	(11,27)
-292.55787547215518162921185	(11,28)
-292.5175932363243069215961	(11,29)
-292.4971694833275907528748	(11,30)
-270.38378300658319361582043	(12,1)
-270.38369975376141972052506	(12,2)
-270.38313834938135155919604	(12,3)
-270.38133061176022624106649	(12,4)
-270.37717729173880134644138	(12,5)
-270.36930890737497020103113	(12,6)
-270.35616235287516769814366	(12,7)
-270.33606971311045631099185	(12,8)
-270.30735516383261953267258	(12,9)
-270.26843547957843210742727	(12,10)
-270.21791951570449483319968	(12,11)
-270.15470207707975577375689	(12,12)
-270.07804782387809497860201	(12,13)
-269.98766127805590716329877	(12,14)
-269.88373956118380777146099	(12,15)
-269.76700519118989121746241	(12,16)
-269.63871706654479061359991	(12,17)
-269.50065864475668205423236	(12,18)
-269.35510324996258095956431	(12,19)
-269.20475739253537079947844	(12,20)
-269.05268392037927033326348	(12,21)
-268.90220771272533069865437	(12,22)
-268.75680743606419880773914	(12,23)
-268.61999757021055372531968	(12,24)
-268.49520544269329059071196	(12,25)
-268.38564834720847828197296	(12,26)
-268.29421593867233977536614	(12,27)
-268.2233629750795389858474	(12,28)
-268.17501710905995449838985	(12,29)
-268.1505058283706469316745	(12,30)
-247.906932908738395574698308	(13,1)
-247.906835761580894220365472	(13,2)
-247.906180662762085179624413	(13,3)
-247.904071228523208363622146	(13,4)
-247.899224765309088975224527	(13,5)
-247.890043280187854908603788	(13,6)
-247.874702920458456165596081	(13,7)
-247.851257683171099172002701	(13,8)
-247.817752585896386474960137	(13,9)
-247.77234106396726616391312	(13,10)
-247.71340116931381753469427	(13,11)
-247.63964519279049686483614	(13,12)
-247.55021760603491997554294	(13,13)
-247.44477670246558781885975	(13,14)
-247.32355598583196719408963	(13,15)
-247.18740218025995008656249	(13,16)
-247.03778768660442216536035	(13,17)
-246.87679635270524979805973	(13,18)
-246.7070825246207926506345	(13,19)
-246.53180446489386969347216	(13,20)
-246.35453432295866712224439	(13,21)
-246.17914788023218647372782	(13,22)
-246.00969822485882607145008	(13,23)
-245.8502782947642402691291	(13,24)
-245.70487782078515932330537	(13,25)
-245.57724056716177446300394	(13,26)
-245.47072787574602217526505	(13,27)
-245.38819435543776102223181	(13,28)
-245.33188111625718982314773	(13,29)
-245.303331240532074088515	(13,30)
-226.909041815935876240983383	(14,1)
-226.908931173298296043129586	(14,2)
-226.908185069699630924521294	(14,3)
-226.905782599957786474123511	(14,4)
-226.900262894626460694830365	(14,5)
-226.889806018437105782169043	(14,6)
-226.872334880984779302363287	(14,7)
-226.845633427702646222900106	(14,8)
-226.807475633286284086239479	(14,9)
-226.755759326041902158578631	(14,10)
-226.688638646334793364771139	(14,11)
-226.604648988409057351203662	(14,12)
-226.502818583418900951288824	(14,13)
-226.382761433597647944391338	(14,14)
-226.244747076220473614027513	(14,15)
-226.089743608615041359635631	(14,16)
-225.919431504879651825587062	(14,17)
-225.736186960915477875693148	(14,18)
-225.543034773958449405510337	(14,19)
-225.343572050670149677431604	(14,20)
-225.141865296412646091952782	(14,21)
-224.942324618166818312484073	(14,22)
-224.749559824447530657357544	(14,23)
-224.568224078326719096339784	(14,24)
-224.402851408692880442226157	(14,25)
-224.257694771294513587825787	(14,26)
-224.136571446189753442029337	(14,27)
-224.04272234642647377855955	(14,28)
-223.97869129416607853199009	(14,29)
-223.9462295119394804104998	(14,30)
-207.340144161264267900479888	(15,1)
-207.340020627028524035950389	(15,2)
-207.33918759089215723221712	(15,3)
-207.336505198905317696956872	(15,4)
-207.330342382516976853816594	(15,5)
-207.318667209584658273607737	(15,6)
-207.299160721969071448575431	(15,7)
-207.26934898226760170528162	(15,8)
-207.226747212337909356265801	(15,9)
-207.169009345562511175009138	(15,10)
-207.09407605329322193413277	(15,11)
-207.00031434919273038903497	(15,12)
-206.886642215463360777246564	(15,13)
-206.752632312702769885728808	(15,14)
-206.598589701141516414804477	(15,15)
-206.425599578424989426864111	(15,16)
-206.23554228512494301977167	(15,17)
-206.031074196454153861407012	(15,18)
-205.815574556204349975306864	(15,19)
-205.593059762733160487701267	(15,20)
-205.368068030592610117180197	(15,21)
-205.145518667559926974008376	(15,22)
-204.930551368216389991856574	(15,23)
-204.728351877366066191801732	(15,24)
-204.543971070762042237304482	(15,25)
-204.382144897165472409492626	(15,26)
-204.247122697438947726652884	(15,27)
-204.142511151050826124792174	(15,28)
-204.07114050285842359785516	(15,29)
-204.0349588156475545436591	(15,30)
-189.146846939082732493799426	(16,1)
-189.146711236310888706469872	(16,2)
-189.145796143584926664856194	(16,3)
-189.142849530926199839919983	(16,4)
-189.136079683336063922877923	(16,5)
-189.123254585808387314008916	(16,6)
-189.101827041863389728194674	(16,7)
-189.069079835829329142983768	(16,8)
-189.022284217368040017847189	(16,9)
-188.958864358670067330319371	(16,10)
-188.876560134722242018278792	(16,11)
-188.773580614093877285560985	(16,12)
-188.648741015986251100180344	(16,13)
-188.50157656951058469631151	(16,14)
-188.332427672240270968337925	(16,15)
-188.142491946195318821509527	(16,16)
-187.933840181828761112718238	(16,17)
-187.709394689268086729751327	(16,18)
-187.472870181050398194049397	(16,19)
-187.22867892822337589393241	(16,20)
-186.981803496037184226235853	(16,21)
-186.737641810159978586060726	(16,22)
-186.501830565050729931437172	(16,23)
-186.280054003516899673627081	(16,24)
-186.077845819800590297747608	(16,25)
-185.900392329032915997745732	(16,26)
-185.752345079895056636601212	(16,27)
-185.637650758318226044913405	(16,28)
-185.559405549551025479493748	(16,29)
-185.51974012292595185097719	(16,30)
-172.286138483454872191290347	(17,1)
-172.285991353457649608679151	(17,2)
-172.284999203193921591489701	(17,3)
-172.281804468381906298488739	(17,4)
-172.274464584605133133571456	(17,5)
-172.260559680485359889916722	(17,6)
-172.237328326372473540892148	(17,7)
-172.201825071695819400048646	(17,8)
-172.151092481219857814741703	(17,9)
-172.082339682523020319521175	(17,10)
-171.993119093920291129752919	(17,11)
-171.88149302757585594645572	(17,12)
-171.746182254267101391020227	(17,13)
-171.586689356158010264592907	(17,14)
-171.403390749764366410476724	(17,15)
-171.197592588287402511932295	(17,16)
-170.971547295321213546461134	(17,17)
-170.728429176649887685344057	(17,18)
-170.472269332855828434756614	(17,19)
-170.207851877665011188358709	(17,20)
-169.940575178216463035946293	(17,21)
-169.676283397550001471424453	(17,22)
-169.421074964805497682818995	(17,23)
-169.181095661552577241576924	(17,24)
-168.96232474229607956404652	(17,25)
-168.770362868305674379530994	(17,26)
-168.610230609503396064745468	(17,27)
-168.486185861431182105634808	(17,28)
-168.401567754138049737741787	(17,29)
-168.35867353456314663341276	(17,30)
-156.726350144693077358887735	(18,1)
-156.7261922534640171565886293	(18,2)
-156.7251275368838996007796623	(18,3)
-156.7216991439306566449748689	(18,4)
-156.7138224678356001777985475	(18,5)
-156.6989007845824404009451203	(18,6)
-156.6739710660351324468711944	(18,7)
-156.6358732574644828977033436	(18,8)
-156.5814351931270369824129815	(18,9)
-156.5076645500320954431228996	(18,10)
-156.4119388461030373323448994	(18,11)
-156.2921844952747005031845892	(18,12)
-156.1470363417060198394306534	(18,13)
-155.9759698932000070617171085	(18,14)
-155.7793996275101731600104459	(18,15)
-155.5587382055907207294220537	(18,16)
-155.3164131297982685911719577	(18,17)
-155.0558392574941660012330403	(18,18)
-154.7813475374431727715118027	(18,19)
-154.498072288446175501627002	(18,20)
-154.211801196004558923307778	(18,21)
-153.928793875966283109059101	(18,22)
-153.655576264765237083602308	(18,23)
-153.398719177953669550751719	(18,24)
-153.164610083703021769506659	(18,25)
-152.959227437891857977417572	(18,26)
-152.787926816284737536751354	(18,27)
-152.655247572213189752218	(18,28)
-152.564747878576307104850437	(18,29)
-152.51887482866122924526195	(18,30)
-142.4407433290871138649364913	(19,1)
-142.4405752001200004762800803	(19,2)
-142.4394414475886412545875723	(19,3)
-142.4357907673747376557257845	(19,4)
-142.4274034412119606026065519	(19,5)
-142.4115145712165778517858192	(19,6)
-142.3849695414590909476627701	(19,7)
-142.3444045825433820986981138	(19,8)
-142.2864441002131767201983153	(19,9)
-142.2079055700448741078662763	(19,10)
-142.106002343875798731784872	(19,11)
-141.9785346903070431611365814	(19,12)
-141.824059812865295138839201	(19,13)
-141.6420324454256573118843421	(19,14)
-141.432908883375502751703431	(19,15)
-141.1982089172079216335546174	(19,16)
-140.9405320195503107984773053	(19,17)
-140.6635262074133466586106675	(19,18)
-140.3718101571187058024230948	(19,19)
-140.0708512820267068258728783	(19,20)
-139.7668044850566067023537401	(19,21)
-139.4663180683737852917077353	(19,22)
-139.1763147347915284792871487	(19,23)
-138.9037566827568282300323688	(19,24)
-138.6554044371532074662031939	(19,25)
-138.4375792560958933323869841	(19,26)
-138.255938719920181749130004	(19,27)
-138.115274475732642798620112	(19,28)
-138.019340129250151422359178	(19,29)
-137.97071600551750037219713	(19,30)
-129.3990908303524725577232896	(20,1)
-129.3989128133049482939772375	(20,2)
-129.3977123830244984154818917	(20,3)
-129.3938470129563159067171465	(20,4)
-129.3849665146648345625069814	(20,5)
-129.3681436563197608939723041	(20,6)
-129.3400390368076864899749198	(20,7)
-129.2970927018561778638198016	(20,8)
-129.2357336651316656760200847	(20,9)
-129.1525975384404463115373866	(20,10)
-129.0447419403386827962596341	(20,11)
-128.9098492860578915922162432	(20,12)
-128.7464069874490274653776509	(20,13)
-128.5538560080338668734091012	(20,14)
-128.3327000952223258279692719	(20,15)
-128.0845697901871035068916458	(20,16)
-127.8122374094254372106989144	(20,17)
-127.5195814915913300792656703	(20,18)
-127.2115015838115416685747037	(20,19)
-126.8937865714038018017252089	(20,20)
-126.5729419045992938979867763	(20,21)
-126.2559829295374157820971722	(20,22)
-125.9502029948506638545554272	(20,23)
-125.6629260155996026738967721	(20,24)
-125.4012537028374472162082239	(20,25)
-125.1718177132871580240291969	(20,26)
-124.9805465733315857287865977	(20,27)
-124.832456441725457568739872	(20,28)
-124.731473666996345156899862	(20,29)
-124.68029574334096361632511	(20,30)
-117.5610338629811062225055934	(21,1)
-117.5608461368607935737665114	(21,2)
-117.5595802363564109889016175	(21,3)
-117.5555040695612273598835241	(21,4)
-117.5461393718006350317148173	(21,5)
-117.5283996309886920922153979	(21,6)
-117.4987643157200258144293239	(21,7)
-117.4534815218981552608412158	(21,8)
-117.3887897080605335264964508	(21,9)
-117.3011481117685952608717798	(21,10)
-117.187464805903216176025869	(21,11)
-117.0453112277707565170535312	(21,12)
-116.8731124365741027842025909	(21,13)
-116.6703033362322928525946738	(21,14)
-116.4374426140183932541865935	(21,15)
-116.1762781248601111889249897	(21,16)
-115.8897597926366962879058906	(21,17)
-115.5819986684014052669176335	(21,18)
-115.2581734253630474585167596	(21,19)
-114.9243881185377982560031999	(21,20)
-114.5874873376784682380501783	(21,21)
-114.2548368019437632262884396	(21,22)
-113.9340788845955222306385879	(21,23)
-113.6328734589935890125141764	(21,24)
-113.3586348116913354269921222	(21,25)
-113.1182752052602493676297162	(21,26)
-112.91796505759550128393579	(21,27)
-112.7629187232129990391697023	(21,28)
-112.657213611338951189641663	(21,29)
-112.6036489465885564914681	(21,30)
-106.8729165332809723888561669	(22,1)
-106.8727191350760334401450465	(22,2)
-106.8713880142587843689442876	(22,3)
-106.8671018612113783128976684	(22,4)
-106.8572548593246118025245387	(22,5)
-106.8386019537492847455233993	(22,6)
-106.8074425249788441309976887	(22,7)
-106.7598342273240911782808888	(22,8)
-106.691827166922286629468133	(22,9)
-106.5997073736469157397673722	(22,10)
-106.4802377645864289153229422	(22,11)
-106.3308845919901270337054985	(22,12)
-106.1500177798672659072328114	(22,13)
-105.9370746070864627515449765	(22,14)
-105.6926778689047003759856201	(22,15)
-105.4187018680946008754029563	(22,16)
-105.118282224502103764562994	(22,17)
-104.7957683788709361168471325	(22,18)
-104.4566206072392168048594358	(22,19)
-104.1072561534961636471843678	(22,20)
-103.7548515420086502779883327	(22,21)
-103.4071100967612357426723094	(22,22)
-103.0720050657641600317699469	(22,23)
-102.7575094860164382863681115	(22,24)
-102.4713240407364774654366075	(22,25)
-102.2206137241677680998441103	(22,26)
-102.0117632448194664902491627	(22,27)
-101.8501598897420608003162784	(22,28)
-101.740011165050985838592009	(22,29)
-101.68420302965797644602467	(22,30)
-97.2680707926539155121963068	(23,1)
-97.2678636593718367004715375	(23,2)
-97.2664668940152886805982871	(23,3)
-97.2619693952648050851379094	(23,4)
-97.2516370038521858620329916	(23,5)
-97.2320652332805187154707437	(23,6)
-97.1993725901130548587380013	(23,7)
-97.1494259004191701747376509	(23,8)
-97.0780873128295840496434999	(23,9)
-96.981471258348858702305265	(23,10)
-96.8561987389149739128843773	(23,11)
-96.6996360112029844416695909	(23,12)
-96.5101051235300390875542855	(23,13)
-96.2870548993473031992807323	(23,14)
-96.0311828250690641737364744	(23,15)
-95.7445008058004014311362894	(23,16)
-95.4303407432937491141675923	(23,17)
-95.0932991531280367619465164	(23,18)
-94.739123325791380672562507	(23,19)
-94.3745445973260114695860213	(23,20)
-94.0070669033766771535134179	(23,21)
-93.644720772394944964841698	(23,22)
-93.2957941674564915409789918	(23,23)
-92.9685520892106433128187772	(23,24)
-92.6709566580823289296271828	(23,25)
-92.4103986163386716666595961	(23,26)
-92.1934499835539413746848698	(23,27)
-92.0256461296124672490887078	(23,28)
-91.91130395394874480760848	(23,29)
-91.853381303279341739545612	(23,30)
-88.66954646000076205010760757	(24,1)
-88.66932947322603866869735241	(24,2)
-88.66786626542717816191192538	(24,3)
-88.66315485899573359763234216	(24,4)
-88.65233123399306416834796841	(24,5)
-88.63182968785993644034192004	(24,6)
-88.59758607024792355138813869	(24,7)
-88.54527497740911715984793034	(24,8)
-88.47057005992594106751632226	(24,9)
-88.3694150061617837455195395	(24,10)
-88.2382916725100220297803084	(24,11)
-88.0744714011585495431295992	(24,12)
-87.8762359288041655543727141	(24,13)
-87.643055519663273358410873	(24,14)
-87.3757140454610017934174363	(24,15)
-87.0763735814157002464839111	(24,16)
-86.7485744957763026475416042	(24,17)
-86.397170712477821165746599	(24,18)
-86.0282035115428032310056324	(24,19)
-85.6487205886196259079999281	(24,20)
-85.2665498530379586928532948	(24,21)
-84.890039408600789852240665	(24,22)
-84.5277762370890436151889917	(24,23)
-84.1882962996476095907776762	(24,24)
-83.8797981884077793565948017	(24,25)
-83.6098712727024657837112483	(24,26)
-83.3852477022119359477027572	(24,27)
-83.2115858688165229739230689	(24,28)
-83.0932911790508050750972762	(24,29)
-83.033378389877620266581014	(24,30)
-80.99402330827261615150133189	(25,1)
-80.99379633370301066179464445	(25,2)
-80.99226577848128744882692612	(25,3)
-80.98733755821989057177851178	(25,4)
-80.97601606841068990346311751	(25,5)
-80.95457235858659666738485384	(25,6)
-80.9187575775448323094885275	(25,7)
-80.86405245368773246123057072	(25,8)
-80.78594143320106577918155113	(25,9)
-80.68019827219516321532928929	(25,10)
-80.54316856985576329345238189	(25,11)
-80.37203414838488308581188303	(25,12)
-80.16504451096666820679939716	(25,13)
-79.92170194816305111397036093	(25,14)
-79.64288921756648064580162884	(25,15)
-79.33093196905569488196298957	(25,16)
-78.98959198570869042889132687	(25,17)
-78.62399152038569445833119018	(25,18)
-78.24047314216071940685626003	(25,19)
-77.84640318291900185533136329	(25,20)
-77.44992977200914956509294153	(25,21)
-77.05970835177434399441149702	(25,22)
-76.68460839676754773680947481	(25,23)
-76.33341486591711579338455549	(25,24)
-76.0145368651753167867445705	(25,25)
-75.7357343314469761958502273	(25,26)
-75.5038715439306862800544703	(25,27)
-75.324704193848589528858622	(25,28)
-75.2027048195668190490137579	(25,29)
-75.140929792781770622013461	(25,30)
-74.15584708012393704202062453	(26,1)
-74.15560999825833282757762287	(26,2)
-74.15401129048664939852452317	(26,3)
-74.14886367229820961168449998	(26,4)
-74.13703842939528759526066786	(26,5)
-74.11464158666929138665480103	(26,6)
-74.0772378572091586090923157	(26,7)
-74.02011282825455945440599363	(26,8)
-73.93856146090564886141780049	(26,9)
-73.82818888194729712050260491	(26,10)
-73.68520788215149799648614927	(26,11)
-73.50671677569436533286280138	(26,12)
-73.2909415552766327065681061	(26,13)
-73.03742774373041458671504496	(26,14)
-72.74717000743848086263024973	(26,15)
-72.42267131248383545954941713	(26,16)
-72.06792786848299599577593371	(26,17)
-71.68834089500351822295282231	(26,18)
-71.29056088013048920590783948	(26,19)
-70.88227401531843694085290141	(26,20)
-70.47194350967611419901937819	(26,21)
-70.06852027962872461502304634	(26,22)
-69.68113801781959148201400419	(26,23)
-69.31880697668673746144102012	(26,24)
-68.99011920020485150743882248	(26,25)
-68.702975727388742945286503	(26,26)
-68.4643438234533559796609224	(26,27)
-68.2800498901948770159890862	(26,28)
-68.1546116175933990176594972	(26,29)
-68.091111321274343085127948	(26,30)
-68.07051591287225792449782937	(27,1)
-68.07026863998199743738128812	(27,2)
-68.06860121579582067499735597	(27,3)
-68.06323239287777798679489735	(27,4)
-68.05089929688325173713404326	(27,5)
-68.02754174919184875515185315	(27,6)
-67.98853698915130975688439623	(27,7)
-67.92897496100984371160000858	(27,8)
-67.84396168211474156696737858	(27,9)
-67.72893579982016410423145416	(27,10)
-67.57998158640069892231843955	(27,11)
-67.39412065439314473510241529	(27,12)
-67.1695649016975307994343277	(27,13)
-66.9059148097323926694901496	(27,14)
-66.60429024260811015216119865	(27,15)
-66.26738515164053359616504376	(27,16)
-65.89944270189302881976276661	(27,17)
-65.50615278139454314446041579	(27,18)
-65.09447903807362513703168089	(27,19)
-64.67242695507434840874887225	(27,20)
-64.2487675879753568375983799	(27,21)
-63.8327332057176991126647371	(27,22)
-63.43370117849337283738100914	(27,23)
-63.06088122250693579293933769	(27,24)
-62.72301887953951634475540962	(27,25)
-62.4281252982016551543108148	(27,26)
-62.1832404223951047367092241	(27,27)
-61.9942339551105804839027656	(27,28)
-61.8656462281659289185905373	(27,29)
-61.800569526796435590985604	(27,30)
-62.65731313827208071563702642	(28,1)
-62.6570556386276408899339196	(28,2)
-62.65531925786573955494702193	(28,3)
-62.64972846607409741841020907	(28,4)
-62.6368858143957858472866465	(28,5)
-62.61256453862349338803018918	(28,6)
-62.57195428677428609902199332	(28,7)
-62.50994986150153021206079109	(28,8)
-62.42146992043244479209625433	(28,9)
-62.3017898171013232012194078	(28,10)
-62.14687057191953844523370329	(28,11)
-61.95366475917741037045859983	(28,12)
-61.7203802634359839106968232	(28,13)
-61.446684644347264776236173	(28,14)
-61.13383628869023414207653327	(28,15)
-60.784733403629410747624568	(28,16)
-60.40387775183721671232553364	(28,17)
-59.99725620168730655835377123	(28,18)
-59.57214894515889211721046275	(28,19)
-59.13687795722355704701106704	(28,20)
-58.70051243887404679196042954	(28,21)
-58.27254935682402273410777104	(28,22)
-57.86258679604440291582479613	(28,23)
-57.48000595084093023101511345	(28,24)
-57.13367464211775125849454436	(28,25)
-56.83168178717564796013630374	(28,26)
-56.5811087745693074513502059	(28,27)
-56.3878406342380250401323507	(28,28)
-56.2564175348827893655912466	(28,29)
-56.189925631523961820436169	(28,30)
-57.84104859765508039135658312	(29,1)
-57.84078088882139581055968629	(29,2)
-57.83897567072587238022647984	(29,3)
-57.83316330343228398913225568	(29,4)
-57.8198120542035214787213652	(29,5)
-57.79452907286641863821343143	(29,6)
-57.75231731241418787592299298	(29,7)
-57.68787803134632907154094803	(29,8)
-57.59594523537983429149423614	(29,9)
-57.47163526244007044655542008	(29,10)
-57.31079214430498989741513723	(29,11)
-57.1103079084989329859647459	(29,12)
-56.86839708674420597385598303	(29,13)
-56.58480668104583520603513708	(29,14)
-56.26094675318432646202894976	(29,15)
-55.89993238052771670262373637	(29,16)
-55.50653439090899135284680171	(29,17)
-55.08704326423631686150238254	(29,18)
-54.64905700270223868132898954	(29,19)
-54.20120884284281359354444058	(29,20)
-53.75285385665024094659285926	(29,21)
-53.31373452897658407413401106	(29,22)
-52.89364440509397480348340992	(29,23)
-52.50210626223327516523360811	(29,24)
-52.14807754487915681577935702	(29,25)
-51.83969165404154385552530088	(29,26)
-51.584039689103155124963275	(29,27)
-51.386993874575198054420473	(29,28)
-51.2530714619269805165332795	(29,29)
-51.185336501847655311077293	(29,30)
-53.55302150307487328871883611	(30,1)
-53.55274365624275880873187359	(30,2)
-53.5508700816854744984464333	(30,3)
-53.54483769684602037361157482	(30,4)
-53.53098148458567611921136113	(30,5)
-53.50474389327708439996116191	(30,6)
-53.46094309121018810120912872	(30,7)
-53.39408947930147679358739412	(30,8)
-53.29873622360672926473018612	(30,9)
-53.1698459790220483823715003	(30,10)
-53.00315298461755613233658532	(30,11)
-52.79549794526449432716978489	(30,12)
-52.54511314892415037948870432	(30,13)
-52.25183748381121041955861059	(30,14)
-51.91724547398474343055769308	(30,15)
-51.5446808184672188153734385	(30,16)
-51.13919250293114917405018191	(30,17)
-50.7073794017364733715199105	(30,18)
-50.2571563696249855452539777	(30,19)
-49.79746022776509700448011987	(30,20)
-49.33791716616489344445739352	(30,21)
-48.88849370017844871172353675	(30,22)
-48.45915162584538414077028294	(30,23)
-48.05952393860576812722505834	(30,24)
-47.69862412842100319065929696	(30,25)
-47.38459640148540249568453344	(30,26)
-47.1245098785024550181251653	(30,27)
-46.9241961832214596343293007	(30,28)
-46.7881273546028959916300167	(30,29)
-46.71932978055870185513569	(30,30)
-49.73137842270088896489706034	(31,1)
-49.73109055979927598645430586	(31,2)
-49.72914945179981502085773862	(31,3)
-49.72289970911834990380188665	(31,4)
-49.70854469976086027880567001	(31,5)
-49.68136439020898327295274075	(31,6)
-49.6359950278524938603233895	(31,7)
-49.56675985988061715409773408	(31,8)
-49.46803604447189458392130476	(31,9)
-49.33463883985573269592099303	(31,10)
-49.16220070193683750296214886	(31,11)
-48.94752083022694555765393408	(31,12)
-48.68886066727216065610018917	(31,13)
-48.38616333643300568686827116	(31,14)
-48.04118006616592138224856976	(31,15)
-47.65749389618996002876907826	(31,16)
-47.24043955071032704648620722	(31,17)
-46.79692715415393458970746408	(31,18)
-46.33518523764485273150058287	(31,19)
-45.86444419557147092979575341	(31,20)
-45.39458433772721031845616909	(31,21)
-44.93577277123177347605809612	(31,22)
-44.49811084765888635780015411	(31,23)
-44.0913095040543289209937471	(31,24)
-43.72440438664632302624799642	(31,25)
-43.40551705935065273315401562	(31,26)
-43.14166361462463824080113257	(31,27)
-42.9386081444287051347704105	(31,28)
-42.8007560642143035527543221	(31,29)
-42.731081254257562092330313	(31,30)
-46.32104378537725783037955739	(32,1)
-46.3207460743399761198691268	(32,2)
-46.31873856613868981260981071	(32,3)
-46.31227512415316092802857073	(32,4)
-46.29742977797744217723693672	(32,5)
-46.26932298653194858344928558	(32,6)
-46.22241279817938166762703251	(32,7)
-46.15083991821898858084229006	(32,8)
-46.04881122537433984079902248	(32,9)
-45.91100168444429573749386593	(32,10)
-45.73295063996347201686442384	(32,11)
-45.51142603141412061602795045	(32,12)
-45.24472996785629355104132701	(32,13)
-44.93292188289178463434658733	(32,14)
-44.5779412367084746785977606	(32,15)
-44.18361995411827624654562816	(32,16)
-43.7555844744646600144443073	(32,17)
-43.30105708358411081076535294	(32,18)
-42.82857467600241690102998106	(32,19)
-42.34764907144388082207239139	(32,20)
-41.868395778032299731965224	(32,21)
-41.40115754585921545143449488	(32,22)
-40.9561456429064767319379467	(32,23)
-40.54311637217864862592596707	(32,24)
-40.17109398225046525242979741	(32,25)
-39.84814481776725825565952131	(32,26)
-39.58120212673789291298052533	(32,27)
-39.3759369161507537379224627	(32,28)
-39.2366678580993955316199925	(32,29)
-39.166302475054626852608427	(32,30)
-43.27337561910031978203102853	(33,1)
-43.27306826827869423775751824	(33,2)
-43.27099576564934197109035084	(33,3)
-43.26432316026568468007052524	(33,4)
-43.2489979521778470199116006	(33,5)
-43.21998472742326710002516434	(33,6)
-43.17156780361741044193061336	(33,7)
-43.09771073713319795590779031	(33,8)
-42.99245661146859706028302688	(33,9)
-42.85034786393217805702161356	(33,10)
-42.66683989505189417067807648	(33,11)
-42.43867988066775906597069968	(33,12)
-42.16422203968795266812177802	(33,13)
-41.84365373921700244936852526	(33,14)
-41.4791133244945489898263912	(33,15)
-41.07468985439478798431795291	(33,16)
-40.63630579690067540717978094	(33,17)
-40.17149459307952457958535693	(33,18)
-39.68909418421274535890725157	(33,19)
-39.19888378343709939863432347	(33,20)
-38.71119362581163253748114116	(33,21)
-38.23651612816910130654616189	(33,22)
-37.7851424598829989956256297	(33,23)
-37.36684203519068046730918572	(33,24)
-36.99059511999308307798540629	(33,25)
-36.66438174219864224112575978	(33,26)
-36.39502427321842273032550369	(33,27)
-36.1880769253316938992956434	(33,28)
-36.0477531602879337633505356	(33,29)
-35.976881533423239520632994	(33,30)
-40.54566491138708063038151665	(34,1)
-40.54534816377122797679590834	(34,2)
-40.54321230604336574057578248	(34,3)
-40.53633582491185745618310511	(34,4)
-40.52054295515936990274984891	(34,5)
-40.49064660733986050319558599	(34,6)
-40.44076246759489376118276087	(34,7)
-40.36468298645983839500434691	(34,8)
-40.25629454707223715681307316	(34,9)
-40.11001532952599966921737617	(34,10)
-39.92122628310417168901001502	(34,11)
-39.68666438861283461864610125	(34,12)
-39.40474716843286022045066465	(34,13)
-39.0758009221669628118126168	(34,14)
-38.70217251182518482770651986	(34,15)
-38.28821498195065435027147095	(34,16)
-37.84014944669347444342459332	(34,17)
-37.36581763741382710795242605	(34,18)
-36.87434938962580659575020121	(34,19)
-36.37577567875965901963373774	(34,20)
-35.88061984311491272969776839	(34,21)
-35.39949745578218418704316292	(34,22)
-34.94274975696347282905134459	(34,23)
-34.52012793036318056610566037	(34,24)
-34.14053722949737133166939721	(34,25)
-33.81184229426441979888920014	(34,26)
-33.5407288511593476301204263	(34,27)
-33.3326128458777661801176053	(34,28)
-33.191586014558515603568233	(34,29)
-33.120386776270999676038163	(34,30)
-38.10056346480553899624799378	(35,1)
-38.10023759246366195494551303	(35,2)
-38.09804021501493255164981204	(35,3)
-38.09096577663808386843427768	(35,4)
-38.07471889238583298602186383	(35,5)
-38.04396546337549761756000398	(35,6)
-37.99265816314367814571871138	(35,7)
-37.91442490283613779261080317	(35,8)
-37.80300292981319560778322129	(35,9)
-37.65269478740348179197262788	(35,10)
-37.45881662598980019933038232	(35,11)
-37.21810569839746531520401197	(35,12)
-36.92905359999730471738436454	(35,13)
-36.59213577478582756524659735	(35,14)
-36.2099160777356132039580895	(35,15)
-35.78701690974975339016582431	(35,16)
-35.32995894250131762383386288	(35,17)
-34.84688755769810537587018996	(35,18)
-34.34721368814116690698041911	(35,19)
-33.84120314342830182943942416	(35,20)
-33.33954999221655007952297205	(35,21)
-32.85296640091307625373683451	(35,22)
-32.39181456328982752773583342	(35,23)
-31.96579754357452806238509579	(35,24)
-31.58371662453953941430858405	(35,25)
-31.25329447649936049422961033	(35,26)
-30.9810570679435562098211847	(35,27)
-30.7722631534898228741090102	(35,28)
-30.6308684062067148988911029	(35,29)
-30.559511526182675360084721	(35,30)
-35.90549703386478205518819595	(36,1)
-35.90516233282812440198188086	(36,2)
-35.90290543258180168360916529	(36,3)
-35.89563947509925207425166992	(36,4)
-35.8789534142390302009523645	(36,5)
-35.84737118963623548782884958	(36,6)
-35.79468849767620491425616329	(36,7)
-35.71437568216949490280712461	(36,8)
-35.60002875733748520137427451	(36,9)
-35.44584345546330146127613809	(36,10)
-35.24708078343172717494006551	(36,11)
-35.00048846752006218223558133	(36,12)
-34.70464235798558800621535058	(36,13)
-34.36017631819792578424383644	(36,14)
-33.96987839880335466895760656	(36,15)
-33.53864418238981072574593302	(36,16)
-33.07329311438453374819176501	(36,17)
-32.58226791651518950344790718	(36,18)
-32.07524838541647402340954448	(36,19)
-31.56271724887565676302259136	(36,20)
-31.05551657920650810269008216	(36,21)
-30.56442897588839907794691315	(36,22)
-30.09980966353303235497822622	(36,23)
-29.6712856227457453532217742	(36,24)
-29.28752771015530993688039909	(36,25)
-28.95609290340742269801822344	(36,26)
-28.6833272495019766879815953	(36,27)
-28.4743161536616221622418714	(36,28)
-28.332867216069167148146043	(36,29)
-28.261511512823127042379615	(36,30)
-33.9320990569140954500904678	(37,1)
-33.9317558426129839399299317	(37,2)
-33.9294415472518450279205505	(37,3)
-33.9219909291936902798358478	(37,4)
-33.904881491661839584747989	(37,5)
-33.8725005650390922991158508	(37,6)
-33.818493228059834281366545	(37,7)
-33.7361795284681956800847358	(37,8)
-33.6190223682035677498926234	(37,9)
-33.4611195666169195528535594	(37,10)
-33.2576865012537100363253442	(37,11)
-33.0054911563430285997539583	(37,12)
-32.703203081703203982767076	(37,13)
-32.3516227641319779523343788	(37,14)
-31.9537682793957741728155362	(37,15)
-31.5148106275075681932573557	(37,16)
-31.04186558055655509707882248	(37,17)
-30.5436653424578119344975633	(37,18)
-30.03014512303728510372721171	(37,19)
-29.51198597310362010930943092	(37,20)
-29.00015526634843410233592173	(37,21)
-28.50548069585073861537023755	(37,22)
-28.03828421210881709616150604	(37,23)
-27.60809106776100096988689592	(37,24)
-27.2234180811250933804124122	(37,25)
-26.8916359424311078412453576	(37,26)
-26.6188937590549746696668666	(37,27)
-26.4100903232055018609259763	(37,28)
-26.2688755552046911566937633	(37,29)
-26.197666717997536754764332	(37,30)
-32.1556849306524911304270898	(38,1)
-32.1553335339314452717813501	(38,2)
-32.1529640750168098659434332	(38,3)
-32.1453359886352393979238539	(38,4)
-32.127819736650125842088033	(38,5)
-32.0946716286738425410403657	(38,6)
-32.0393927279058595200371704	(38,7)
-31.9551602622765959054355579	(38,8)
-31.8353122535270652250678284	(38,9)
-31.6738574590254607646275451	(38,10)
-31.4659748694275821416172141	(38,11)
-31.2084619578478388299560841	(38,12)
-30.9000905475804622507091056	(38,13)
-30.5418347659426778544823741	(38,14)
-30.1369470902021921591494675	(38,15)
-29.690874560955107072503356	(38,16)
-29.211025218743148703399379	(38,17)
-28.7064114833536004311468652	(38,18)
-28.1872095366525405087975741	(38,19)
-27.6642797805123856725774395	(38,20)
-27.1486925663849355525790628	(38,21)
-26.6512965362443383952335449	(38,22)
-26.182356038569914343988817	(38,23)
-25.7512715875277262455673395	(38,24)
-25.3663854418033659371331989	(38,25)
-25.0348647101719690465684429	(38,26)
-24.7626477885140980601236342	(38,27)
-24.5544365305658840081014791	(38,28)
-24.4137159786475778193961445	(38,29)
-24.342785098677987294804042	(38,30)
-30.5547763661903558746241365	(39,1)
-30.5544171298844924253437383	(39,2)
-30.5519948197607305427680558	(39,3)
-30.5441967165563402852350508	(39,4)
-30.5262908029046316603764687	(39,5)
-30.4924081337142080842022261	(39,6)
-30.4359125308317790858395307	(39,7)
-30.3498460014212539102528322	(39,8)
-30.2274299362706094075733508	(39,9)
-30.0625927286991158574702286	(39,10)
-29.8504858373500820799682542	(39,11)
-29.5879447807954673553853207	(39,12)
-29.2738512429465553854518468	(39,13)
-28.9093587252326239764917965	(39,14)
-28.4979569711667433186165469	(39,15)
-28.045368071224917424060895	(39,16)
-27.5592867369819317020973335	(39,17)
-27.0489950822570797244974412	(39,18)
-26.524895059620835634691059	(39,19)
-25.9980073645628601782417542	(39,20)
-25.4794837063994653951184075	(39,21)
-24.9801710515060098276554368	(39,22)
-24.5102540880816568056540908	(39,23)
-24.0789884481542679274400232	(39,24)
-23.6945245581875659067845182	(39,25)
-23.3638120327998965838273701	(39,26)
-23.0925680446345996843664779	(39,27)
-22.8852900887058525405469858	(39,28)
-22.7452934849461946272775066	(39,29)
-22.674756070708748616846152	(39,30)
-29.1106786784919776314858278	(40,1)
-29.1103119545224738918946018	(40,2)
-29.107839166722316080150301	(40,3)
-29.0998786942501955807256538	(40,4)
-29.0816007165299170569144918	(40,5)
-29.0470169274507214952218351	(40,6)
-28.9893607933963685433146572	(40,7)
-28.9015467518343765856862926	(40,8)
-28.7766877474307249973700431	(40,9)
-28.6086402620901021193949099	(40,10)
-28.3925365887277444872652204	(40,11)
-28.1252580692526364391402265	(40,12)
-27.8058027509700433807430859	(40,13)
-27.4355078834116704678354707	(40,14)
-27.0181017926863118140008122	(40,15)
-26.5595790348418879273771434	(40,16)
-26.0679139461451074221583611	(40,17)
-25.5526467213556802218207328	(40,18)
-25.024389352448842919164651	(40,19)
-24.4943039614900928889419803	(40,20)
-23.9736029914098945847611234	(40,21)
-23.4731109030527142111512882	(40,22)
-23.0029131615166158425816525	(40,23)
-22.5721033947578957017168701	(40,24)
-22.1886262474280509397877606	(40,25)
-21.8592033063315231551547842	(40,26)
-21.5893232066137448438918451	(40,27)
-21.3832744710675554171596496	(40,28)
-21.2442001002722801205775007	(40,29)
-21.174155535845938958206963	(40,30)
-27.8071098164693362169962276	(41,1)
-27.8067359634048849459829763	(41,2)
-27.804215116197820728188677	(41,3)
-27.7961000650031862665761914	(41,4)
-27.7774679431902153413789171	(41,5)
-27.7422170628270893074930154	(41,6)
-27.6834574813638807941736074	(41,7)
-27.5939837094530916930157364	(41,8)
-27.4668082962734643285964571	(41,9)
-27.295723940512570833853401	(41,10)
-27.0758515607919101496912438	(41,11)
-26.8041252339190225388959113	(41,12)
-26.4796647102678612638808811	(41,13)
-26.1039939465379815687188803	(41,14)
-25.6810796043521687458762531	(41,15)
-25.2171845682863090480188695	(41,16)
-24.7205544106876995835051141	(41,17)
-24.2009748753773195678363267	(41,18)
-23.6692519587027106959505475	(41,19)
-23.1366707892306212068062912	(41,20)
-22.6144851707133017195148484	(41,21)
-22.113478245388530060110266	(41,22)
-21.643619348770170339147629	(41,23)
-21.2138260865343192826697248	(41,24)
-20.8318266939624732831752356	(41,25)
-20.504107501086527212361399	(41,26)
-20.235924361818820733856045	(41,27)
-20.0313548681567712550628355	(41,28)
-19.8933692048356881235671401	(41,29)
-19.823900599850623611173853	(41,30)
-26.6298776905706840994124853	(42,1)
-26.6294970715993236062729361	(42,2)
-26.6269306143081713862701197	(42,3)
-26.6186688737857834807608005	(42,4)
-26.5997007483620335856179858	(42,5)
-26.5638171978733858679649684	(42,6)
-26.5040118352690441291140607	(42,7)
-26.4129668284964977356185704	(42,8)
-26.2836021889058750678386335	(42,9)
-26.1096545691804745444453671	(42,10)
-25.8862406584603436708150173	(42,11)
-25.6103532427322097586095849	(42,12)
-25.2812378921507452571236018	(42,13)
-24.9006067799943752687684121	(42,14)
-24.4726630988156469202273907	(42,15)
-24.0039324317854783130641984	(42,16)
-23.502921976790198793144513	(42,17)
-22.9796497531211637660765269	(42,18)
-22.4450996409947460785688288	(42,19)
-21.9106620360571323745539914	(42,20)
-21.3876141991695935497371376	(42,21)
-20.8866813283494021140568115	(42,22)
-20.4177024788920194050689334	(42,23)
-19.9894083356704770777926612	(42,24)
-19.6093033527526712056081802	(42,25)
-19.2836345447763291682169022	(42,26)
-19.0174236329241289753853798	(42,27)
-18.8145377820944147130290347	(42,28)
-18.6777757883615498277228443	(42,29)
-18.608950163125510502741406	(42,30)
-25.5666012734962378632519052	(43,1)
-25.5662142547540936302615811	(43,2)
-25.5636046564793285624936469	(43,3)
-25.55520417849746863372113	(43,4)
-25.5359183264849693778662123	(43,5)
-25.4994367590345523006294073	(43,6)
-25.438643591599228671530182	(43,7)
-25.3461161328941564430627393	(43,8)
-25.2146894725464638584177224	(43,9)
-25.0380515088951487004514866	(43,10)
-24.8113211420998751905070591	(43,11)
-24.5315548497557915796026467	(43,12)
-24.1981268742394065287211566	(43,13)
-23.8129376503600218123691194	(43,14)
-23.3804235650756013919155862	(43,15)
-22.9073658539042834568088722	(43,16)
-22.4025226386196813760209727	(43,17)
-21.8761303764792641362590866	(43,18)
-21.3393348319459021285714987	(43,19)
-20.8036148167045131299473078	(43,20)
-20.2802547923086750869348709	(43,21)
-19.7799076948437634289361451	(43,22)
-19.3122709474922229354552164	(43,23)
-18.8858804934233123691209055	(43,24)
-18.5080127684084543787667362	(43,25)
-18.1846744014949911973940746	(43,26)
-17.9206543052524424314277869	(43,27)
-17.7196119621973568991948793	(43,28)
-17.5841779342451188701672364	(43,29)
-17.516046681916605439021327	(43,30)
-24.606470598342639532885668	(44,1)
-24.6060775475506641756159248	(44,2)
-24.6034272879727604942129131	(44,3)
-24.5948960572011172052207694	(44,4)
-24.5753108236716177174270317	(44,5)
-24.5382659934780142829226315	(44,6)
-24.4765430853719528796716049	(44,7)
-24.3826218976746241310380276	(44,8)
-24.2492599337079706855191321	(44,9)
-24.0701031403645699291036111	(44,10)
-23.8402783209196460538161301	(44,11)
-23.5569095965215661985491178	(44,12)
-23.2195014465551732709272931	(44,13)
-22.8301411518903620894715799	(44,14)
-22.3934934687968534043144621	(44,15)
-21.9165869131434837507618997	(44,16)
-21.408418875554940027690589	(44,17)
-20.8794300243427983328309854	(44,18)
-20.3409123201841841156269687	(44,19)
-19.8044172073965136905150902	(44,20)
-19.281221877558490289873402	(44,21)
-18.7818950678095928139874065	(44,22)
-18.315984008033896312349709	(44,23)
-17.8918250650066482924685103	(44,24)
-17.5164653892732722257246939	(44,25)
-17.1956729253347563608696339	(44,26)
-16.9340075343229521077064029	(44,27)
-16.7349257636729764849736386	(44,28)
-16.6008946164757204275950009	(44,29)
-16.533494185378465585118223	(44,30)
-23.7400408593907791943224504	(45,1)
-23.7396421447561010571786676	(45,2)
-23.7369537067233757858836321	(45,3)
-23.7282997167238790040161218	(45,4)
-23.7084334596274499212382323	(45,5)
-23.6708601165457237363548079	(45,6)
-23.6082654411195436592396983	(45,7)
-23.5130389085874259524215495	(45,8)
-23.3778674602990675261006016	(45,9)
-23.1963613733739872941263482	(45,10)
-22.9636602668440365166027815	(45,11)
-22.6769588035649980119042094	(45,12)
-22.3358919707194091049925542	(45,13)
-21.9427310407992766105134848	(45,14)
-21.5023628847010658457619803	(45,15)
-21.02205370239177732881533	(45,16)
-20.5110276858040870721240432	(45,17)
-19.9799152652509578409282859	(45,18)
-19.4401393928867554662832857	(45,19)
-18.9033095788065558322528893	(45,20)
-18.3806831588610932054451011	(45,21)
-17.8827351434287726144739778	(45,22)
-17.4188567459982686311069986	(45,23)
-16.9971827766451166165402735	(45,24)
-16.6245326064196012074718606	(45,25)
-16.3064397267019986859685078	(45,26)
-16.0472408803151223941128812	(45,27)
-15.8501961840683157631827567	(45,28)
-15.7176150700346768670576316	(45,29)
-15.65096781249041260800994	(45,30)
-22.9590561387865372284777914	(46,1)
-22.9586521281306857320050978	(46,2)
-22.9559279917782661745964923	(46,3)
-22.9471592260404991697605395	(46,4)
-22.9270302724770826239510986	(46,5)
-22.8889630785738418850383878	(46,6)
-22.8255543773709372474484513	(46,7)
-22.7291103263403711957285531	(46,8)
-22.5922539958032010159877795	(46,9)
-22.408565731240236233478722	(46,10)
-22.1732020820173323650339425	(46,11)
-21.8834300883404575171003849	(46,12)
-21.539014231588937532917743	(46,13)
-21.1424055196572691842176435	(46,14)
-20.6987053259192878122391923	(46,15)
-20.2154068231139994190875789	(46,16)
-19.7019478647129509591758068	(46,17)
-19.1691341281714220589335119	(46,18)
-18.628504985533949792945432	(46,19)
-18.0917147798037464161893874	(46,20)
-17.5699903513924646364542058	(46,21)
-17.0737058535161759466338005	(46,22)
-16.612093307723363365189874	(46,23)
-16.1930866780600861689018839	(46,24)
-15.8232816142638382795816636	(46,25)
-15.5079836624266281240540068	(46,26)
-15.2513142945182258757430146	(46,27)
-15.0563452146668486063829879	(46,28)
-14.9252353809000201862219637	(46,29)
-14.859350519699687650109398	(46,30)
-22.2562987137482868894368309	(47,1)
-22.2558897738298942602845395	(47,2)
-22.2531324120113662839967942	(47,3)
-22.2442568292296871616512048	(47,4)
-22.2238834415516941312680588	(47,5)
-22.1853569066306029981493535	(47,6)
-22.1211915809959365988898141	(47,7)
-22.0236171130299530905655825	(47,8)
-21.8851990447762270045938416	(47,9)
-21.6994929719184433725622854	(47,10)
-21.4616756838538770494121972	(47,11)
-21.1690873762849746966925277	(47,12)
-20.8216197511008376588932172	(47,13)
-20.4218979446549589362050687	(47,14)
-19.9752289458661018338287989	(47,15)
-19.4893211874628599740071686	(47,16)
-18.9738125085700509362202035	(47,17)
-18.439669395233449499165613	(47,18)
-17.8985338267251162843264583	(47,19)
-17.3620931656093041767450041	(47,20)
-16.8415350882245439486275524	(47,21)
-16.3471281100397111868958586	(47,22)
-15.8879444109736127791457962	(47,23)
-15.4717203241237267156366467	(47,24)
-15.104834154898944531394246	(47,25)
-14.7923720305147391144944895	(47,26)
-14.538249656227133034170379	(47,27)
-14.3453596202000201451599545	(47,28)
-14.215718419837786465237011	(47,29)
-14.150593089153772085745	(47,30)
-21.6254603680561847604895319	(48,1)
-21.6250468640605446850264244	(48,2)
-21.6222587389060602996027956	(48,3)
-21.613284261899105534754395	(48,4)
-21.5926846122698249484378267	(48,5)
-21.5537330457482893983316478	(48,6)
-21.4888680767156527451053339	(48,7)
-21.3902494471485768297903112	(48,8)
-21.2503911575235957712849547	(48,9)
-21.0628286755031911588124935	(48,10)
-20.8227615396216953177518898	(48,11)
-20.5276028395437093280151458	(48,12)
-20.1773680015324192683231943	(48,13)
-19.7748493957002252473504988	(48,14)
-19.3255495554140926018052996	(48,15)
-18.8373795740726402318754039	(48,16)
-18.3201631931333354328904018	(48,17)
-17.7850134701164006766589666	(48,18)
-17.2436620379237316334961489	(48,19)
-16.7078189387910241310365053	(48,20)
-16.1886259788887827185246149	(48,21)
-15.6962435265064904108019563	(48,22)
-15.2395856498345519110732616	(48,23)
-14.8261965685677031305452839	(48,24)
-14.4622457006537340864208113	(48,25)
-14.152610045565395157869847	(48,26)
-13.9010104559009417479005233	(48,27)
-13.7101707591918545784320121	(48,28)
-13.5819737441411320020897668	(48,29)
-13.517594067868031406632914	(48,30)
-21.0610325944778582530936674	(49,1)
-21.0606148896498704296809344	(49,2)
-21.0577984500924496950413006	(49,3)
-21.0487329578555020717152223	(49,4)
-21.0279251100932079197802314	(49,5)
-20.9885825870149472548683015	(49,6)
-20.9230744797730378968441579	(49,7)
-20.823497016091431769168453	(49,8)
-20.6823182841442699526493757	(49,9)
-20.4930576899136715844719615	(49,10)
-20.250939244255367132222925	(49,11)
-19.9534476592006663051894315	(49,12)
-19.60071741634467683826535	(49,13)
-19.1957000099982608170904247	(49,14)
-18.7440823587368955332423046	(49,15)
-18.2539648441012970021781699	(49,16)
-17.7353427375535973298699836	(49,17)
-17.1994617383896787713478551	(49,18)
-16.6581311122542825703513755	(49,19)
-16.123074737897788510442764	(49,20)
-15.6053837686152230490251213	(49,21)
-15.1151100823365554158763747	(49,22)
-14.6610135804090266486160752	(49,23)
-14.2504539787519687008026151	(49,24)
-13.8894021073558537285748698	(49,25)
-13.5825376502464387687403146	(49,26)
-13.3333987007519121113961615	(49,27)
-13.1445515382196545684109394	(49,28)
-13.0177545727828014544005946	(49,29)
-12.95409674962518063114823	(49,30)
-20.5582130077809353195151907	(50,1)
-20.5577914631814807657053	(50,2)
-20.5549491433169343497266275	(50,3)
-20.5458004657737164852095101	(50,4)
-20.5248023634849581485642205	(50,5)
-20.4851027027775462654798585	(50,6)
-20.4190074525443090854465001	(50,7)
-20.3185555077225157209382499	(50,8)
-20.1761743205546586055490648	(50,9)
-19.9853707587034923408575554	(50,10)
-19.7413942669120475538563799	(50,11)
-19.4417989383080241764728227	(50,12)
-19.0868325278688535125437546	(50,13)
-18.679596410576086954769401	(50,14)
-18.2259497418918009431842329	(50,15)
-17.7341681549466165714498597	(50,16)
-17.2144038957323902298885806	(50,17)
-16.6780217683542831532658507	(50,18)
-16.1368976299854950840876657	(50,19)
-15.6027618435831506266523388	(50,20)
-15.0866519837332974658719543	(50,21)
-14.5985131346768907159843099	(50,22)
-14.1469570135271833971496236	(50,23)
-13.7391683213001692200913787	(50,24)
-13.3809312122459468383069376	(50,25)
-13.0767411599872989875389523	(50,26)
-12.8299665606949252005177246	(50,27)
-12.6430280349671978338726684	(50,28)
-12.5175693818337214747716664	(50,29)
-12.454600752656575230406215	(50,30)
-20.1128256800243384524189581	(51,1)
-20.1124006543930573027051572	(51,2)
-20.1095348725586759516678452	(51,3)
-20.1003107876424277764539481	(51,4)
-20.0791402477922593482732063	(51,5)
-20.0391170011476928285385143	(51,6)
-19.9724900777194695199389762	(51,7)
-19.8712470142678331896028536	(51,8)
-19.7277795606204946201091211	(51,9)
-19.535585046198870333240807	(51,10)
-19.2899385827453875213791716	(51,11)
-18.9884604836374767675706176	(51,12)
-18.6315049514075095634558913	(51,13)
-18.2223129512798280164948039	(51,14)
-17.7669028381816158021756344	(51,15)
-17.2737108991519668237458972	(51,16)
-16.7530317076323324202809124	(51,17)
-16.2163360920814486110893464	(51,18)
-15.6755564603687261532393102	(51,19)
-15.1424237651060441793872618	(51,20)
-14.6279208427333416120044406	(51,21)
-14.1418895769091565222912474	(51,22)
-13.6928013359579845201651708	(51,23)
-13.2876769637755537866149842	(51,24)
-12.9321272455710279134639907	(51,25)
-12.6304776325386462805447734	(51,26)
-12.3859406663220295289577567	(51,27)
-12.2008037179159339016344183	(51,28)
-12.0766060593540836544160227	(51,29)
-12.014286138167157477880755	(51,30)
-19.7212534574635997173364578	(52,1)
-19.7208253071734449393666667	(52,2)
-19.7179384656467812384045664	(52,3)
-19.708646698392383882373749	(52,4)
-19.6873214095774336190910749	(52,5)
-19.6470078595534720942686809	(52,6)
-19.5799042081509455351107154	(52,7)
-19.4779524091517680303558104	(52,8)
-19.3335131157020244843331732	(52,9)
-19.1400766221267322516928313	(52,10)
-18.89294325306861494569588	(52,11)
-18.5897955204910622790301154	(52,12)
-18.2310862814680214165894587	(52,13)
-17.8201848457170565629101651	(52,14)
-17.3632549401984072850376468	(52,15)
-16.868878441968459745580677	(52,16)
-16.3474775892877524257364596	(52,17)
-15.8106166530207569844227463	(52,18)
-15.2702755467191508896101456	(52,19)
-14.7381813178362196497501819	(52,20)
-14.2252625605894244859010615	(52,21)
-13.7412632912821175386968778	(52,22)
-13.2945240294916063535143767	(52,23)
-12.8919143847642130981361316	(52,24)
-12.538886271048963796843299	(52,25)
-12.2396101989613467964618922	(52,26)
-11.9971573141690519999340281	(52,27)
-11.8136945329331285817795685	(52,28)
-11.6906669004760548590927034	(52,29)
-11.628948355793900637864009	(52,30)
-19.3803806225799400631993535	(53,1)
-19.3799497016708272879207281	(53,2)
-19.3770441869030073548211762	(53,3)
-19.3676924102739550995772234	(53,4)
-19.3462299350597787922638367	(53,5)
-19.3056591011769205527550539	(53,6)
-19.2381331574949479902512033	(53,7)
-19.1355540613128781134008602	(53,8)
-18.9902556666927861963957449	(53,9)
-18.7957232714835305839823092	(53,10)
-18.5472813204489173352354231	(53,11)
-18.2426697080467892746872717	(53,12)
-17.8824312687664566123719837	(53,13)
-17.470051550372602123319485	(53,14)
-17.0118251311366216665055718	(53,15)
-16.5164640337720005197078281	(53,16)
-15.9945035431562895528488871	(53,17)
-15.4575893096736986771790564	(53,18)
-14.9177406749659432921866616	(53,19)
-14.3866776058143173352032833	(53,20)
-13.8752764771982583133482876	(53,21)
-13.3931903458372578532293134	(53,22)
-12.948639859088308769883313	(53,23)
-12.5483572852729874876110515	(53,24)
-12.1976511693644987315810628	(53,25)
-11.9005528898613309325815641	(53,26)
-11.6600071301160097780481233	(53,27)
-11.4780734211302676689916717	(53,28)
-11.3561130164345635382480375	(53,29)
-11.294942594553752009006686	(53,30)
-19.0875445287158197166371386	(54,1)
-19.0871111889962541404396181	(54,2)
-19.0841893723047672156635248	(54,3)
-19.074785209512462267681915	(54,4)
-19.0532029902730174326805301	(54,5)
-19.0124076420230955934341713	(54,6)
-18.9445133596173638019312619	(54,7)
-18.8413875152942522049467832	(54,8)
-18.6953411772702016190019209	(54,9)
-18.4998562588805234151127001	(54,10)
-18.2502796485821373077147569	(54,11)
-17.9444030858332670756763338	(54,12)
-17.5828499095837773690262681	(54,13)
-17.169209034935176869377609	(54,14)
-16.7098907706987107400001099	(54,15)
-16.2137215362626097355252448	(54,16)
-15.6913351332167960976632694	(54,17)
-15.1544470476124803669841041	(54,18)
-14.6151088885931462435968458	(54,19)
-14.0850315858096706446181632	(54,20)
-13.5750427025673165639063278	(54,21)
-13.0947126465825617250039752	(54,22)
-12.6521544606965572972878442	(54,23)
-12.2539780520427184207323741	(54,24)
-11.9053649346142271310086551	(54,25)
-11.6102237444411977239579521	(54,26)
-11.3713879936262795558079148	(54,27)
-11.1908230826253159547321084	(54,28)
-11.0698169804004990393038173	(54,29)
-11.009136366324475815516582	(54,30)
-18.8404950629295119049435228	(55,1)
-18.840059654136311482130709	(55,2)
-18.8371238927905621014518697	(55,3)
-18.8276749208900947173850305	(55,4)
-18.8059902886475966538444144	(55,5)
-18.7650029644411613421412741	(55,6)
-18.6967938527613416811021203	(55,7)
-18.5932009933562406924025132	(55,8)
-18.446516424930168512145801	(55,9)
-18.2502199043315961200483616	(55,10)
-17.9996785643846761264458938	(55,11)
-17.6927298093658272526002465	(55,12)
-17.3300673063535364209996359	(55,13)
-16.9153698000518269511455794	(55,14)
-16.455147698008097818536835	(55,15)
-15.9583258283940425544410312	(55,16)
-15.435622096145864440929279	(55,17)
-14.8988107788666897948563359	(55,18)
-14.3599694392725887288638856	(55,19)
-13.8307991150644419753915112	(55,20)
-13.3220831961524048644930973	(55,21)
-12.8433189792806115853420749	(55,22)
-12.4025252810412887912574836	(55,23)
-12.0062055430824868634498577	(55,24)
-11.6594312711750777247005242	(55,25)
-11.3660052053513820952926131	(55,26)
-11.1286652389678581767633823	(55,27)
-10.9492960126389624781857704	(55,28)
-10.8291227435917305082107516	(55,29)
-10.768869358910102279356747	(55,30)
-18.6373609896801734330502239	(56,1)
-18.6369238596873795706259865	(56,2)
-18.6339764983268294606473998	(56,3)
-18.6244902528943311015446707	(56,4)
-18.6027204387050228988446728	(56,5)
-18.5615734698712689719798206	(56,6)
-18.4931026413869912521671576	(56,7)
-18.3891217727137011668271457	(56,8)
-18.2419074031529216887182032	(56,9)
-18.0449380241265781249586272	(56,10)
-17.7935983563040486287236976	(56,11)
-17.4857647294225655097905292	(56,12)
-17.12219035468960264126671	(56,13)
-16.7066296989457567810825609	(56,14)
-16.2456772100496266033356046	(56,15)
-15.7483399539441923006942191	(56,16)
-15.2254056556449364256109308	(56,17)
-14.6886968030663152802718352	(56,18)
-14.1503113572505961916108334	(56,19)
-13.6219405787623366214552136	(56,20)
-13.1143293903317609860750974	(56,21)
-12.6369125661847251330345366	(56,22)
-12.1976290107207420411735301	(56,23)
-11.8028923526205550169490803	(56,24)
-11.4576816631260467759388535	(56,25)
-11.1657109848067138354436428	(56,26)
-10.9296383300861817290179763	(56,27)
-10.7512810152786190638113549	(56,28)
-10.6318120329261763032880189	(56,29)
-10.571919772943751433528578	(56,30)
-18.4766223984757674988958988	(57,1)
-18.4761838935445885919196745	(57,2)
-18.4732272658743900749053773	(57,3)
-18.4637112465872620087105124	(57,4)
-18.4418733950551713605003223	(57,5)
-18.4005989340747853735424214	(57,6)
-18.3319191590450087822233159	(57,7)
-18.2276286614041517326603551	(57,8)
-18.0799918183889989460905235	(57,9)
-17.8824864606977009408022947	(57,10)
-17.6305118530265204764637401	(57,11)
-17.321976039521075665688523	(57,12)
-16.957680482044339369430632	(57,13)
-16.5414407892019366575788565	(57,14)
-16.0799190438803927678774202	(57,15)
-15.5821882421416011301790767	(57,16)
-15.0590917761478906524419285	(57,17)
-14.5224901733422041643092888	(57,18)
-13.9844968933497077616923415	(57,19)
-13.4567943599258384508700336	(57,20)
-12.9500956331941215062976039	(57,21)
-12.47378442645154726618356	(57,22)
-12.0357348132942912782930774	(57,23)
-11.6422878718089476973759673	(57,24)
-11.2983482452669750409292323	(57,25)
-11.0075587422339712925789784	(57,26)
-10.7725133587284471910910766	(57,27)
-10.5949755517854604596335494	(57,28)
-10.4760765918449083454664025	(57,29)
-10.416476506699808790515221	(57,30)
-18.3570886270420564965235034	(58,1)
-18.3566490921042665858221129	(58,2)
-18.3536855228171705409223438	(58,3)
-18.3441471997708791000365587	(58,4)
-18.3222583842994814538331893	(58,5)
-18.2808884365012851305869708	(58,6)
-18.2120522040159999139976741	(58,7)
-18.107529944625892854507017	(58,8)
-17.9595770538378789702565335	(58,9)
-17.7616710736111617883968894	(58,10)
-17.5092224549164282948720989	(58,11)
-17.2001633642359393107953588	(58,12)
-16.8353318111757204630950363	(58,13)
-16.4185895888912473662626389	(58,14)
-15.9566497385369935523643409	(58,15)
-15.4586347801543955702865253	(58,16)
-14.9354297390683305398592589	(58,17)
-14.3989233562184218030915273	(58,18)
-13.8612402296942413454789317	(58,19)
-13.3340555583861688191057061	(58,20)
-12.8280578681326659712303161	(58,21)
-12.3525919693717994874581198	(58,22)
-11.915482791360223352633439	(58,23)
-11.5230165976496910496332759	(58,24)
-11.1800419387559696370613266	(58,25)
-10.8901480456936733506080837	(58,26)
-10.6558808456598430785607063	(58,27)
-10.4789634088773417600487588	(58,28)
-10.3604957538310621866653097	(58,29)
-10.301116680294099900707302	(58,30)
-18.2778811619282423819722971	(59,1)
-18.2774409408958904017300248	(59,2)
-18.2744727477721251560487138	(59,3)
-18.2649195683765442641257762	(59,4)
-18.2429968077890768102105417	(59,5)
-18.2015632657789134087143695	(59,6)
-18.132622849759869023929184	(59,7)
-18.0279463036685193853661897	(59,8)
-17.8797831022374355566861159	(59,9)
-17.6816106940158680929549388	(59,10)
-17.4288471206688654908439497	(59,11)
-17.1194407910798749559847642	(59,12)
-16.7542542515975224448942865	(59,13)
-16.3371802410651424375162035	(59,14)
-15.8749658822052016981455142	(59,15)
-15.3767667455261200253394796	(59,16)
-14.8534955534600977700374426	(59,17)
-14.3170597026213801888179248	(59,18)
-13.7795909830340931674831192	(59,19)
-13.2527594907982146049306506	(59,20)
-12.7472370913393000986044138	(59,21)
-12.2723423712107635668154855	(59,22)
-11.8358672501822481741158515	(59,23)
-11.4440612600502320374317719	(59,24)
-11.1017354297869223146020486	(59,25)
-10.8124432028636560235141143	(59,26)
-10.5786984367728331430631129	(59,27)
-10.4021972835380688078129965	(59,28)
-10.2840189480140216114858656	(59,29)
-10.22478810018016070872305	(59,30)
-18.2384211344109468432803145	(60,1)
-18.2379805705055480932653411	(60,2)
-18.235010066644491362408526	(60,3)
-18.2254494629495441755031036	(60,4)
-18.203509739123856003999971	(60,5)
-18.1620444192413397089179687	(60,6)
-18.0930519481299029438886126	(60,7)
-17.9882983254456699251256576	(60,8)
-17.8400300857408038747969052	(60,9)
-17.6417246607052708111807485	(60,10)
-17.3888039274395803258591704	(60,11)
-17.0792244643979679983025936	(60,12)
-16.7138611378265896319186488	(60,13)
-16.2966222061438644553645602	(60,14)
-15.834271865451786178883021	(60,15)
-15.3359822214527549252081608	(60,16)
-14.8126798271232358583384422	(60,17)
-14.2762813603605803793263852	(60,18)
-13.7389221365379682009774475	(60,19)
-13.2122696141383473998867923	(60,20)
-12.7069872369731590800068795	(60,21)
-12.232380393162893610273459	(60,22)
-11.7962244240856918087176695	(60,23)
-11.4047504395475535910022293	(60,24)
-11.0627506704510444923794247	(60,25)
-10.77376064639194209965524	(60,26)
-10.540278183482743865795595	(60,27)
-10.3639859770905957861833511	(60,28)
-10.2459528319843714163730127	(60,29)
-10.186796360206283123658748	(60,30)