muu12_(sigma,mu)
3.046803792926523e-6	(1,1)
0.0000273701253775606	(1,2)
0.0000757313709742744	(1,3)
0.0001475003727850288	(1,4)
0.0002415930291145134	(1,5)
0.0003563304123260152	(1,6)
0.000489290604942757	(1,7)
0.000637181257634596	(1,8)
0.000795761072448982	(1,9)
0.00095983517622879	(1,10)
0.001123342909739653	(1,11)
0.001279547511906223	(1,12)
0.001421326411478169	(1,13)
0.001541549441259002	(1,14)
0.001633521450076482	(1,15)
0.001691456668649419	(1,16)
0.001710945807883403	(1,17)
0.001689374002391013	(1,18)
0.001626248795837987	(1,19)
0.001523402452725035	(1,20)
0.001385041632982928	(1,21)
0.001217629173167977	(1,22)
0.001029596369616333	(1,23)
0.000830898534571193	(1,24)
0.000632440383073789	(1,25)
0.000445409725592881	(1,26)
0.000280566862745174	(1,27)
0.0001475421398525501	(1,28)
0.0000541948009685825	(1,29)
6.08245959143782e-6	(1,30)
0.00002701267170854279869	(2,1)
0.00024266091749729854701	(2,2)
0.0006714270553476079196	(2,3)
0.0013077238339203053479	(2,4)
0.0021419389922495607775	(2,5)
0.003159185774699227467	(2,6)
0.004337988983580982824	(2,7)
0.005649154864619264664	(2,8)
0.007055074989891067715	(2,9)
0.008509685579794715443	(2,10)
0.009959246572938695539	(2,11)
0.01134402447870614919	(2,12)
0.012600867492678129856	(2,13)
0.013666560208745975901	(2,14)
0.014481749074415280006	(2,15)
0.014995148850066339872	(2,16)
0.015167683816233148301	(2,17)
0.014976192164603944822	(2,18)
0.014416331780769543419	(2,19)
0.013504370939462453209	(2,20)
0.01227762522935647238	(2,21)
0.010793405981658715536	(2,22)
0.009126466585986368986	(2,23)
0.007365060493946479929	(2,24)
0.005605846789061806534	(2,25)
0.003947984605857789154	(2,26)
0.0024868364684931846905	(2,27)
0.0013077451863215695031	(2,28)
0.0004803547456709149137	(2,29)
0.00005391161950287473571	(2,30)
0.000072845498881100156605	(3,1)
0.00065438751918857007002	(3,2)
0.00181064766386888497514	(3,3)
0.00352655737592366684733	(3,4)
0.00577619120360103939599	(3,5)
0.00851939538973466050711	(3,6)
0.0116982426748353317262	(3,7)
0.0152339834695165880835	(3,8)
0.0190251686530162510903	(3,9)
0.0229475417334541164802	(3,10)
0.0268561438093610880478	(3,11)
0.0305898579026890821099	(3,12)
0.0339783610340027373471	(3,13)
0.0368511791028643582631	(3,14)
0.0390482798035951394235	(3,15)
0.0404314204776942970093	(3,16)
0.0408953155407078353647	(3,17)
0.0403776204118640426494	(3,18)
0.0388667561186764902453	(3,19)
0.0364067220497809916072	(3,20)
0.0330982552345697049266	(3,21)
0.0290959757436581657229	(3,22)
0.024601484812469556002	(3,23)
0.0198527256983955874667	(3,24)
0.0151102456523236560186	(3,25)
0.01064128025534716345913	(3,26)
0.00670279215979473826243	(3,27)
0.0035247147890168287126	(3,28)
0.001294665871727161387684	(3,29)
0.000145303253134221685021	(3,30)
0.000136702036059668297439	(4,1)
0.0012280251323751306926981	(4,2)
0.003397864867683225218388	(4,3)
0.006617939753806025742563	(4,4)
0.0108395868267618664544	(4,5)
0.015987429402056667698218	(4,6)
0.02195271884670154124105	(4,7)
0.02858760962576313304839	(4,8)
0.03570163662527496066728	(4,9)
0.04306151809613889022926	(4,10)
0.05039511736548064670044	(4,11)
0.05739998836003036615272	(4,12)
0.06375644397151319301038	(4,13)
0.06914457184564188329697	(4,14)
0.07326413330695460516755	(4,15)
0.07585587083619996966796	(4,16)
0.07672246419949063970874	(4,17)
0.07574724981257621340275	(4,18)
0.07290887159981452333541	(4,19)
0.06829026615714766930756	(4,20)
0.06208078398811175253086	(4,21)
0.05457077880156548339569	(4,22)
0.04613861169223398944693	(4,23)
0.03723066088912940417024	(4,24)
0.02833554157066841015107	(4,25)
0.019954267147519331183881	(4,26)
0.012568474183038175552622	(4,27)
0.006609050763591700339755	(4,28)
0.002427531229854648962634	(4,29)
0.0002724447336231016341005	(4,30)
0.00021358251581937153912059	(5,1)
0.0019186596885458712114966	(5,2)
0.0053088037674811598262303	(5,3)
0.0103398198295756435294849	(5,4)
0.016935653300573773887485	(5,5)
0.024978484902706441962356	(5,6)
0.034298316596219661105066	(5,7)
0.044664019466915517015127	(5,8)
0.055777830100002868809184	(5,9)
0.067275054021034225283955	(5,10)
0.078730280005215374328873	(5,11)
0.089670769045556324060006	(5,12)
0.099596919279462269721672	(5,13)
0.108008901085095727896864	(5,14)
0.114437790059430983958761	(5,15)
0.118478883320127467450898	(5,16)
0.119824439698489670856371	(5,17)
0.118292891588629051184294	(5,18)
0.113851665514570603708016	(5,19)
0.106631121665593051058784	(5,20)
0.096927752727374165063227	(5,21)
0.085195616028458839426003	(5,22)
0.07202593609383434829334	(5,23)
0.058115819418218740087148	(5,24)
0.044227977157965124952923	(5,25)
0.03114416630663933601909	(5,26)
0.019615660269270484095051	(5,27)
0.0103143896929827655441115	(5,28)
0.0037884225046054954122846	(5,29)
0.00042517379613014065192097	(5,30)
0.00029796729806249805274453	(6,1)
0.00267670698354963265548008	(6,2)
0.0074062674586491267208598	(6,3)
0.0144249782926093965881235	(6,4)
0.0236266937692021676378996	(6,5)
0.034846953719721127088113	(6,6)
0.0478484347991021606032154	(6,7)
0.062308448112739179073669	(6,8)
0.077811261499265549190667	(6,9)
0.093847706059394116653658	(6,10)
0.109823889599349625391215	(6,11)
0.125079942497624357930637	(6,12)
0.138918652133128518173121	(6,13)
0.15064271011947349214023	(6,14)
0.159598222444590259772886	(6,15)
0.165221234410801734236165	(6,16)
0.167083403265097309309525	(6,17)
0.164932688359880427769646	(6,18)
0.158725062989540811302326	(6,19)
0.148643784709488960451533	(6,20)
0.135103651994407386138454	(6,21)
0.118738847563308497220907	(6,22)
0.100374316617565979807105	(6,23)
0.080982027632569468484106	(6,24)
0.061624784899402021781872	(6,25)
0.0433913838868908879792537	(6,26)
0.027327719883059864534235	(6,27)
0.0143689027035663559335815	(6,28)
0.0052774552458581025619628	(6,29)
0.0005922779797469958404261	(6,30)
0.00038433718261729648426415	(7,1)
0.00345258676811002860255747	(7,2)
0.00955307003395347424509153	(7,3)
0.0186062175934496658116232	(7,4)
0.0304750483062306383714128	(7,5)
0.0449472857450674042403505	(7,6)
0.0617165603160430495920411	(7,7)
0.0803662617085638664566762	(7,8)
0.1003596362760013512786138	(7,9)
0.1210393117478889003920925	(7,10)
0.1416386062119775319480821	(7,11)
0.1613058142684981372734115	(7,12)
0.1791412749652773251897127	(7,13)
0.1942455567044770562855502	(7,14)
0.205775701178263109609521	(7,15)
0.213005306394586380740662	(7,16)
0.215383433063991565821178	(7,17)
0.212586988787039461651426	(7,18)
0.204561433211120841145627	(7,19)
0.191545353504278593751191	(7,20)
0.1740756279089530361438742	(7,21)
0.152971422308171992924484	(7,22)
0.1292970101596458775137598	(7,23)
0.1043052074480682833977956	(7,24)
0.0793649042479803299171878	(7,25)
0.0558775978289186820904175	(7,26)
0.0351888603826158123113072	(7,27)
0.0185012165985813269931989	(7,28)
0.00679491616557407264453879	(7,29)
0.000762564249358647628442	(7,30)
0.00046749466971846327466537	(8,1)
0.00419960870849081896019419	(8,2)
0.01162002195014393494778894	(8,3)
0.02263191549663076458018828	(8,4)
0.03706857165930954797989369	(8,5)
0.0546715731437075735755285	(8,6)
0.0750678913523735288609317	(8,7)
0.0977502142279525370851388	(8,8)
0.1220649019642184886467699	(8,9)
0.1472114559178506124521153	(8,10)
0.1722563762646779810116592	(8,11)
0.1961628580932382083323803	(8,12)
0.2178360738970279698221742	(8,13)
0.2361819893335286036862543	(8,14)
0.250175953457273322789434	(8,15)
0.2589358862658212643457297	(8,16)
0.2617939223494810265381985	(8,17)
0.2583599821128209344784565	(8,18)
0.2485709942287174999724314	(8,19)
0.2327203798085361278888561	(8,20)
0.2114638577106402201857726	(8,21)
0.1857995094704868602522487	(8,22)
0.1570221751016498499500538	(8,23)
0.1266544364274690465212802	(8,24)
0.0963584786979199338902701	(8,25)
0.0678348180209810217911702	(8,26)
0.04271509104244989748735255	(8,27)
0.02245672168783580832095599	(8,28)
0.00824725948777627003110757	(8,29)
0.0009255323384232371085788	(8,30)
0.000542703811073920024281308	(9,1)
0.00487522870564614188914399	(9,2)
0.0134894062843767776061103	(9,3)
0.026272796353188130014736	(9,4)
0.04303172643348716798446292	(9,5)
0.06346591866473102402640695	(9,6)
0.08714182888834631919898627	(9,7)
0.11346976788518040261385032	(9,8)
0.1416899207893628319557029	(9,9)
0.1708717945909173127523893	(9,10)
0.1999304435995251273030212	(9,11)
0.2276611539445156448521221	(9,12)
0.2527922749129732736490865	(9,13)
0.274053775396259687696319	(9,14)
0.2902571085989099234954787	(9,15)
0.3003803149582906844850759	(9,16)
0.3036511795364683302143109	(9,17)
0.2996208294946880318138734	(9,18)
0.2882204808661598980145187	(9,19)
0.2697951111762346242202129	(9,20)
0.245109554028558852300622	(9,21)
0.2153247220413237482428159	(9,22)
0.1819441532398384672864384	(9,23)
0.1467336050631898797116992	(9,24)
0.1116187521100376372770532	(9,25)
0.07856796664059610907362096	(9,26)
0.04946850788423749841496744	(9,27)
0.02600510874932845368189741	(9,28)
0.00954988166407149099464775	(9,29)
0.001071686520405257034233347	(9,30)
0.000605739913749840802571261	(10,1)
0.005441495401708023193201558	(10,2)
0.01505621428741963893467544	(10,3)
0.02932433817936254878257031	(10,4)
0.04802952800681060201996935	(10,5)
0.07083626057528434036346764	(10,6)
0.09725999002039329179432126	(10,7)
0.12664155821155491291022897	(10,8)
0.1581315921775488113175563	(10,9)
0.19068996961275377833544501	(10,10)
0.22310410640030124662073488	(10,11)
0.2540279400468117064132805	(10,12)
0.2820412353250271430916956	(10,13)
0.305726459922209298588354	(10,14)
0.3237582318057053075150286	(10,15)
0.3349984863869309072897278	(10,16)
0.3385892756895868500273513	(10,17)
0.3340346555653270256905641	(10,18)
0.3212635178259443327551673	(10,19)
0.3006664639223815706868684	(10,20)
0.2731017839622068661164862	(10,21)
0.23986810847916351815092227	(10,22)
0.20264409411548921149253358	(10,23)
0.16339831656492916641105106	(10,24)
0.12427510910583689166756472	(10,25)
0.087464171383121343867037	(10,26)
0.05506320487599062752382675	(10,27)
0.02894350088663665277360567	(10,28)
0.010628277599259762274352845	(10,29)
0.00119266570782324763173594	(10,30)
0.000652961105884332188178405	(11,1)
0.005865693074957992899444844	(11,2)
0.01622992430776989765064283	(11,3)
0.03161023790076087292050498	(11,4)
0.05177322207941452333076002	(11,5)
0.07635675154939033544736046	(11,6)
0.10483772469496881930246071	(11,7)
0.13650441439209125852010315	(11,8)
0.17043965161781321392100803	(11,9)
0.2055203493567960002157879	(11,10)
0.24043743151233691021954445	(11,11)
0.27373818371609667238806726	(11,12)
0.30389059236022287466509596	(11,13)
0.32936664515930276958140346	(11,14)
0.34873912206744312780004663	(11,15)
0.36078439720676450056991397	(11,16)
0.3645824492079327851843565	(11,17)
0.35960481568886479195030869	(11,18)
0.34578170800343106914840086	(11,19)
0.32354089764826778748466361	(11,20)
0.29381316408167962977091335	(11,21)
0.25800183645319785930163309	(11,22)
0.21791699197390007469236065	(11,23)
0.17567789155061381528131329	(11,24)
0.13358995193970311838711512	(11,25)
0.09400473000962284272538132	(11,26)
0.0591728516256108813637936	(11,27)
0.031100455117729837416055935	(11,28)
0.011419514676469610032567688	(11,29)
0.001281409123851459652570341	(11,30)
0.000681478857504697250265138	(12,1)
0.006121873467808867334056832	(12,2)
0.016938740280177058502196586	(12,3)
0.03299066668707354927052711	(12,4)
0.054033806663381451576033187	(12,5)
0.07968970379396733886299114	(12,6)
0.10941150601569270515523224	(12,7)
0.14245503420222365902061007	(12,8)
0.17786123449820927536706768	(12,9)
0.21445579753007382420050956	(12,10)
0.25087020762745993187127711	(12,11)
0.28558632331643994917152735	(12,12)
0.31700400055493776494392067	(12,13)
0.34352853022523964758168471	(12,14)
0.36367208328172862226308721	(12,15)
0.37616124968522311707494494	(12,16)
0.38004138691300281037880231	(12,17)
0.37476804712245394260059849	(12,18)
0.36027630960020141056335979	(12,19)
0.33702036939146748311393736	(12,20)
0.30597807306992019353202567	(12,21)
0.26861800527897295381162199	(12,22)
0.2268299129878237494758582	(12,23)
0.18282238765203618259043041	(12,24)
0.13899450883772576433476102	(12,25)
0.0977903403925847060301764	(12,26)
0.06154659159523926235945881	(12,27)
0.032344324989156215872068178	(12,28)
0.011875305023627307765288071	(12,29)
0.001332501142505400568854505	(12,30)
0.000689431509886112179217143	(13,1)
0.006193312958919877180357957	(13,2)
0.017136390491789531971795665	(13,3)
0.033375511321059511874892807	(13,4)
0.054663718649947667597354352	(13,5)
0.080617570345988104591611368	(13,6)
0.11068283426593592178069343	(13,7)
0.14410513694515053917456876	(13,8)
0.17991221500243759085634102	(13,9)
0.21691365864779697909809331	(13,10)
0.25372248319639040635547206	(13,11)
0.28880065007015453046071245	(13,12)
0.32052800307145750418059624	(13,13)
0.34729127650939009401680288	(13,14)
0.36758719395134956236256893	(13,15)
0.38013153219121309893285626	(13,16)
0.38396465093683403700163372	(13,17)
0.37854357606872894504890588	(13,18)
0.36381135077398142550973122	(13,19)
0.34023598613765828649758863	(13,20)
0.30881378327158845852800399	(13,21)
0.27103480027987957605163016	(13,22)
0.22881147965940301795222039	(13,23)
0.18437460237842802440513659	(13,24)
0.14014349052290482378504977	(13,25)
0.09857950097314570523139062	(13,26)
0.062033181859116520497597426	(13,27)
0.032595934931362595247420043	(13,28)
0.011966655979646668369386455	(13,29)
0.001342692937913781390697936	(13,30)
0.000676285597200898143030467	(14,1)
0.006075219394107960654415923	(14,2)
0.016809617033295688703683518	(14,3)
0.032738960142768764604953853	(14,4)
0.05362072020336197716110578	(14,5)
0.079078164029010053922686412	(14,6)
0.108566570833701989866944579	(14,7)
0.14134435371667201541328767	(14,8)
0.17645565395943123342331464	(14,9)
0.2127302262851436231295923	(14,10)
0.24880489259685764635297998	(14,11)
0.2831686404500446730464418	(14,12)
0.31423079953757354497954248	(14,13)
0.3404089343008708455000292	(14,14)
0.36023047202143092836686978	(14,15)
0.37243996970525736321527313	(14,16)
0.37610258863129950737316952	(14,17)
0.37069398276967960585583434	(14,18)
0.35616748823007503291029056	(14,19)
0.33299116701630798865611195	(14,20)
0.30214972927225299697298794	(14,21)
0.26510935900461990003409707	(14,22)
0.22374667063800352398433247	(14,23)
0.1802460929058165099381687	(14,24)
0.136972615322442084849895129	(14,25)
0.096328814907766078884724407	(14,26)
0.060606270832595946036511174	(14,27)
0.031841828145030134353368126	(14,28)
0.011688724995176752289624099	(14,29)
0.0013114467234776201860759922	(14,30)
0.000643040911640380569564645	(15,1)
0.005776574218780043980024972	(15,2)
0.015983272603215723117287055	(15,3)
0.0311294283727079924451295	(15,4)
0.050984149521283006978462639	(15,5)
0.075188609058742483693443414	(15,6)
0.103223788128570869142490805	(15,7)
0.134382928902896194990887225	(15,8)
0.167754989480626230478387034	(15,9)
0.20222467475277139737202298	(15,10)
0.23649313512035706720532722	(15,11)
0.26912130215454250150029221	(15,12)
0.29859527847353334914943043	(15,13)
0.32341050103615808573884275	(15,14)
0.34216887531118233106096747	(15,15)
0.35368105311257400368797825	(15,16)
0.35706477226367868837893512	(15,17)
0.35182987488401022241163087	(15,18)
0.3379413366531604403209667	(15,19)
0.31585330477350287771555327	(15,20)
0.28650956962852001919605809	(15,21)
0.25130880522500386006195201	(15,22)
0.21203597942267392462289468	(15,23)
0.170764230204303814002501783	(15,24)
0.129733947073821894913762083	(15,25)
0.091217582375604762256564398	(15,26)
0.057379733992669480611193171	(15,27)
0.030142267999473348742219024	(15,28)
0.011063742841404649854997831	(15,29)
0.001241262931608260967702687	(15,30)
0.000592223301506065968262288	(16,1)
0.005320067766735258074201621	(16,2)
0.014720141179542256962887504	(16,3)
0.028669207102824856716655375	(16,4)
0.046954339383183956429283772	(16,5)
0.069244465207383072822044025	(16,6)
0.09506052509644094768313034	(16,7)
0.123750016284580726420552014	(16,8)
0.154471760462752342514666507	(16,9)
0.186196070504027956247660505	(16,10)
0.217724108831591434874278071	(16,11)
0.24772824564072317409741565	(16,12)
0.27481283675315502464027143	(16,13)
0.29759231630576240392945375	(16,14)
0.31478114593670250938750855	(16,15)
0.32528828536931590525612444	(16,16)
0.32830770834100214905588297	(16,17)
0.32339625362594210643006745	(16,18)
0.31053082730602248524347645	(16,19)
0.29013858604509544235255166	(16,20)
0.26309604258952737985010782	(16,21)
0.230695769633103684602184616	(16,22)
0.194582221072597785595903854	(16,23)
0.156660832242270716843885485	(16,24)
0.118986744733124840769335336	(16,25)
0.083641048595772488827834423	(16,26)
0.05260325931484066386047618	(16,27)
0.027628850842655131712020282	(16,28)
0.0101401203044704884612318575	(16,29)
0.0011375790197231464341677618	(16,30)
0.000527614655831561553749739	(17,1)
0.004739673639608148890769013	(17,2)
0.013114226268843212898410401	(17,3)
0.025541389612385695173465984	(17,4)
0.041831198489945455295902081	(17,5)
0.061688122796836595497764467	(17,6)
0.084684356650840837968118488	(17,7)
0.110237056599559575811549866	(17,8)
0.137594776656908523065510334	(17,9)
0.165837749583563348004456376	(17,10)
0.193895416287284968041141235	(17,11)
0.220582809011240193204059006	(17,12)
0.244655229387520122212612513	(17,13)
0.264878375258786676146502253	(17,14)
0.28010894380439868784146627	(17,15)
0.2893790552697746692218985	(17,16)
0.29197683952475604135951926	(17,17)
0.28751536103266488027174161	(17,18)
0.275982769770158277099303832	(17,19)
0.257768079492975073808731527	(17,20)
0.233659106124560382371640735	(17,21)
0.204811586896919792799328095	(17,22)
0.172691050697182812393483685	(17,23)
0.138991340334190816711938671	(17,24)
0.105535569735393902952811956	(17,25)
0.074166584696216651242981994	(17,26)
0.046634624884615092388860317	(17,27)
0.024489878676517615068938863	(17,28)
0.0089870630841730463548016793	(17,29)
0.0010081643878126923846890427	(17,30)
0.0004537626837665400608527241	(18,1)
0.0040762449396698872703316566	(18,2)
0.011278565875430812496231493	(18,3)
0.021966138272386519955674016	(18,4)
0.035975336527832512303507078	(18,5)
0.05305145927086254580608051	(18,6)
0.072825639508880901415410759	(18,7)
0.094795192174700848462729147	(18,8)
0.11831195346087879170977132	(18,9)
0.142582647307904055250241755	(18,10)
0.166684226128644370114938973	(18,11)
0.189595561529884158935097607	(18,12)
0.210244964737732557235743753	(18,13)
0.227571013827199211448614985	(18,14)
0.240592308587795012494905905	(18,15)
0.248480316060847449587761846	(18,16)
0.250628621927609258052140845	(18,17)
0.246711799388212237302114556	(18,18)
0.236727780387617952841319056	(18,19)
0.221018987269959317518700429	(18,20)
0.200269382821898676191348357	(18,21)
0.1754767832362339559560943	(18,22)
0.147901986184399348513075907	(18,23)
0.118998246757677799470518837	(18,24)
0.09032619302716364941254419	(18,25)
0.063460292205502482892802377	(18,26)
0.039893421924801459228191819	(18,27)
0.0209460054015000461819501504	(18,28)
0.0076856217511245397639622684	(18,29)
0.0008621156318084311497544019	(18,30)
0.0003753887633698726131235835	(19,1)
0.0033721948446961945374736742	(19,2)
0.009330514044877103627892913	(19,3)
0.018172018033789166536572481	(19,4)
0.029761112039664065879749845	(19,5)
0.043886591835069930951246867	(19,6)
0.060242433584742362966951107	(19,7)
0.07841146533415767123700517	(19,8)
0.097855725846098936200566882	(19,9)
0.117916883012384747953829291	(19,10)
0.137829169516020909642669988	(19,11)
0.156745968936182747834817144	(19,12)
0.173779585075156879319207454	(19,13)
0.188052037756526901881213585	(19,14)
0.198753167423509205557782456	(19,15)
0.205201115773451560803884317	(19,16)
0.206899561527705446986740478	(19,17)
0.20358604187851123490514009	(19,18)
0.195266303508264417498131052	(19,19)
0.182230828741823496970972192	(19,20)
0.165051315226259031468428596	(19,21)
0.144556738830330471063035589	(19,22)
0.121790468338154982635990889	(19,23)
0.097951516423762085733171312	(19,24)
0.074324245556256914978966586	(19,25)
0.0522016113230978879564625	(19,26)
0.032807303759825911722919069	(19,27)
0.0172219862193869672392685187	(19,28)
0.0063183187285870131511587241	(19,29)
0.00070869256963959278393885	(19,30)
0.0002968363109517821104782378	(20,1)
0.0026665411938338063511811833	(20,2)
0.0073780297101581693196786678	(20,3)
0.014369292492870266546968041	(20,4)
0.023532897370931107681497575	(20,5)
0.034701382124176998783045041	(20,6)
0.047631964850126659673430405	(20,7)
0.061993567853284026511008311	(20,8)
0.077359199244934578339849129	(20,9)
0.093206389876554341878353685	(20,10)
0.108927646929359853538204941	(20,11)
0.123851815531213350827653328	(20,12)
0.137275944949590209761936844	(20,13)
0.148505889786853856461713979	(20,14)
0.156902619214637417962870839	(20,15)
0.161930238339843373049002094	(20,16)
0.163201194170224628270894706	(20,17)
0.160514134639769735076370661	(20,18)
0.153880426149328868796083665	(20,19)
0.143536345462115182413502108	(20,20)
0.129939308634039657867050374	(20,21)
0.11374800178218127643088137	(20,22)
0.095787743268961529249602021	(20,23)
0.077003663249404152494738956	(20,24)
0.058405211144754151314531892	(20,25)
0.041006033024774485296844473	(20,26)
0.0257634000652932348990345901	(20,27)
0.0135211679460364749193191708	(20,28)
0.0049597882193704547576185117	(20,29)
0.0005562683035531610128588412	(20,30)
0.0002216708859446764464464551	(21,1)
0.0019913141504109649267937702	(21,2)
0.0055097371300448028913461484	(21,3)
0.0107305660964671573933807038	(21,4)
0.017573377058584438517419493	(21,5)
0.02591269228589756638097598	(21,6)
0.03556647032086152818834231	(21,7)
0.046286356064600364396464259	(21,8)
0.057751996596927726745202752	(21,9)
0.069571466050188252998574129	(21,10)
0.08128928079407763331315489	(21,11)
0.092402666136695768624751809	(21,12)
0.102385741574905640071476936	(21,13)
0.110720243475758355480341425	(21,14)
0.116930443714633180108999257	(21,15)
0.120619191826297699681675638	(21,16)
0.121501623036003848894545965	(21,17)
0.119433103649477581083423644	(21,18)
0.114428434637199809064004871	(21,19)
0.10667014454026675123675883	(21,20)
0.096504760001035317944019811	(21,21)
0.084427098983783955418776676	(21,22)
0.071053735022669076026424868	(21,23)
0.057087698806042660493088453	(21,24)
0.043277126161769468695345912	(21,25)
0.030370891228530789789001115	(21,26)
0.0190742931849176438060264706	(21,27)
0.01000764672083555654259012	(21,28)
0.0036702349000474804640749905	(21,29)
0.00041159577797341351151171003	(21,30)
0.0001524803425586005531920732	(22,1)
0.0013697609293891704431014342	(22,2)
0.0037899586758648959356583917	(22,3)
0.0073811107989347862668019545	(22,4)
0.0120877082058368354673058063	(22,5)
0.017823035332175999902341212	(22,6)
0.024461164530637980953294252	(22,7)
0.031830192236974548347115738	(22,8)
0.039708333920222079768628814	(22,9)
0.04782431097195884286403109	(22,10)
0.0558630643404379995363935	(22,11)
0.063477245431774600367158931	(22,12)
0.070304224807544308607545341	(22,13)
0.075987611393139662798803175	(22,14)
0.080201593837143552058075683	(22,15)
0.082675905813834737661392833	(22,16)
0.083218963498497371673398919	(22,17)
0.081736774324802930672861836	(22,18)
0.07824557162932105697506926	(22,19)
0.072876740623781785335717442	(22,20)
0.065873377541821406856657508	(22,21)
0.057578652967689231678149946	(22,22)
0.048416918164123781240003374	(22,23)
0.03886910514625914930398501	(22,24)
0.029444367588792368633181275	(22,25)
0.0206500721349343903365717099	(22,26)
0.0129621988405052332170328366	(22,27)
0.0067979944684958418924465213	(22,28)
0.0024924062693102018978603478	(22,29)
0.00027946862251388998503946751	(22,30)
0.000090861251139985498182412	(23,1)
0.0008162238248179892995975946	(23,2)
0.0022583774803542955621150473	(23,3)
0.004398209882333795421013196	(23,4)
0.0072024489961386252196952563	(23,5)
0.010619003948184733807542336	(23,6)
0.014572103092345322822521366	(23,7)
0.018958204212680258911051134	(23,8)
0.023643672543413673238364234	(23,9)
0.028465109222664977889001429	(23,10)
0.033232963300241741563534812	(23,11)
0.0377386913606979672074572	(23,12)
0.041765278703704725704605582	(23,13)
0.045100462631761838705508863	(23,14)
0.047551571312810100170472957	(23,15)
0.048960580505536824247024516	(23,16)
0.049217851026447454031051849	(23,17)
0.048273071986205198616583573	(23,18)
0.046142194627131479473679734	(23,19)
0.042909560962016039352362664	(23,20)
0.038724945167838121137253148	(23,21)
0.033795754691054424964576605	(23,22)
0.028375105100017237280953495	(23,23)
0.022746827449897150766119767	(23,24)
0.01720865583272360486105691	(23,25)
0.0120548729195912049717978805	(23,26)
0.0075595869681044807761743704	(23,27)
0.0039616178899681685130875756	(23,28)
0.0014517326479356159486943777	(23,29)
0.00016273732718697989166660235	(23,30)
0.0000375388005871448322422781	(24,1)
0.0003372173244115899664889712	(24,2)
0.0009330178215504942370993423	(24,3)
0.0018169632715760593696928447	(24,4)
0.0029750691296328701992137781	(24,5)
0.0043853027257005809659851961	(24,6)
0.006015462577592207896063743	(24,7)
0.007821415996115896700002008	(24,8)
0.009746145609154507041730806	(24,9)
0.011720004453766559428046708	(24,10)
0.013662461439927116480290746	(24,11)
0.015485441053560485773170689	(24,12)
0.017098142214678019457571345	(24,13)
0.018412991685865253352035561	(24,14)
0.019352184926652528753487365	(24,15)
0.019854129499923467501813328	(24,16)
0.019879062501457456584998657	(24,17)
0.019413177732833928718647576	(24,18)
0.018470764101509626777057842	(24,19)
0.017094097740171546423777573	(24,20)
0.015351105453546825111126775	(24,21)
0.013331079035042977665034565	(24,22)
0.01113892547801544881004309	(24,23)
0.008888556908147692060496701	(24,24)
0.0066960446604465270772898996	(24,25)
0.0046730926166079904737519829	(24,26)
0.0029212504767718806636122862	(24,27)
0.0015271226555116133895181313	(24,28)
0.00055866925240471270916690076	(24,29)
0.00006257235066663667985553237	(24,30)
-7.4435295452933567794939e-6	(25,1)
-0.0000668680218565562531840423	(25,2)
-0.0001850403581352183159726802	(25,3)
-0.0003605299432288180584524387	(25,4)
-0.0005910094079470453575123698	(25,5)
-0.0008730662832006167037894607	(25,6)
-0.001201991953177840255851034	(25,7)
-0.001571568355456093497141017	(25,8)
-0.001973868457911636072561641	(25,9)
-0.002399084360121942194135746	(25,10)
-0.002835400987860049860726784	(25,11)
-0.003268945488358000453994988	(25,12)
-0.003683860508317540516579079	(25,13)
-0.004062567390002063037484369	(25,14)
-0.004386293977450440458903731	(25,15)
-0.004635932006459812779972958	(25,16)
-0.004793254865228623639397072	(25,17)
-0.004842467765308808978515635	(25,18)
-0.004771986448108702809005492	(25,19)
-0.004576261707392400267554797	(25,20)
-0.004257403495971043977974296	(25,21)
-0.003826328159230144559819839	(25,22)
-0.003303168364068202001176152	(25,23)
-0.002716751828888238793251553	(25,24)
-0.0021030658448796457131474423	(25,25)
-0.0015027639549269680621422789	(25,26)
-0.0009579164315631234201793943	(25,27)
-0.0005083324471220666627333406	(25,28)
-0.00018786660919851389067265059	(25,29)
-0.00002115004089409765235789895	(25,30)
-0.0000445186891287520519273314	(26,1)
-0.000399921526552239665520589	(26,2)
-0.0011065590256256949605399475	(26,3)
-0.0021552336879246056177307623	(26,4)
-0.0035301353008711880542919206	(26,5)
-0.0052067969397627516061164211	(26,6)
-0.007149944193150185714855767	(26,7)
-0.009311642073276671919728353	(26,8)
-0.011630146666553182474795773	(26,9)
-0.014029821837187980552970129	(26,10)
-0.016422389168590952042915975	(26,11)
-0.018709650511967744598225288	(26,12)
-0.020787669509632186031098869	(26,13)
-0.022552236307689247452832507	(26,14)
-0.023905284518930310223076005	(26,15)
-0.02476179716325458508620686	(26,16)
-0.025056642921876789967046204	(26,17)
-0.024750736776567317209499788	(26,18)
-0.023835927144198232515995244	(26,19)
-0.022338077293521080601770446	(26,20)
-0.02031792911123797494933284	(26,21)
-0.01786950367271268586844269	(26,22)
-0.015115992058422329541559085	(26,23)
-0.012203303956840142211479183	(26,24)
-0.0092916509522880473852269425	(26,25)
-0.0065457257928681947210670263	(26,26)
-0.0041241799518354049799564311	(26,27)
-0.0021691848493660846083885525	(26,28)
-0.00079687804447198975028406954	(26,29)
-0.00008944181811749878816745059	(26,30)
-0.0000744108367040387204566291	(27,1)
-0.0006684484865240372732273207	(27,2)
-0.0018495382424842178016862963	(27,3)
-0.003602208335242530228227389	(27,4)
-0.005899742114633909287024989	(27,5)
-0.0087006205720761004559998141	(27,6)
-0.011944790968960335820565535	(27,7)
-0.015550481073195805730769269	(27,8)
-0.019412287323753421036741776	(27,9)
-0.023401181865882255287625725	(27,10)
-0.027366911287770175935120478	(27,11)
-0.03114301336444566822785244	(27,12)
-0.034554381990178917273728129	(27,13)
-0.037426997997446814706337021	(27,14)
-0.039599152592478604884005629	(27,15)
-0.04093325807527475588238614	(27,16)
-0.041327198667436904639121468	(27,17)
-0.040724142906720894072295195	(27,18)
-0.039119824134341459336315327	(27,19)
-0.036566487923400928833957039	(27,20)
-0.033172982361526180907923025	(27,21)
-0.029100796993264147375108436	(27,22)
-0.02455620276952689567531422	(27,23)
-0.019778973315585871420765756	(27,24)
-0.0150284472435738125075611591	(27,25)
-0.0105679001537645244578687781	(27,26)
-0.0066483205485021946238640611	(27,27)
-0.0034927220033624115230714933	(27,28)
-0.00128207783553032727345430635	(27,29)
-0.00014384294410283023822726452	(27,30)
-0.0000979875052921671125842395	(28,1)
-0.0008802421569108094142884557	(28,2)
-0.0024355416373515144059614467	(28,3)
-0.0047434541234503166281405417	(28,4)
-0.0077686272444725468626505189	(28,5)
-0.011456020647426174628234723	(28,6)
-0.015725912357840421605250502	(28,7)
-0.020469652034389921891582656	(28,8)
-0.025547148463668065675785694	(28,9)
-0.030786965694349081638700794	(28,10)
-0.035989664756257003749422821	(28,11)
-0.040934684699129324995253564	(28,12)
-0.045390642777073313481403881	(28,13)
-0.049128497666640612571272438	(28,14)
-0.051936618040973857011237855	(28,15)
-0.053636487366321801224111636	(28,16)
-0.054097600131937846387616787	(28,17)
-0.053250092245893608182244026	(28,18)
-0.051093802974536387941257271	(28,19)
-0.047702767480167738984349321	(28,20)
-0.043224547663331105500810593	(28,21)
-0.037874272317427054368131488	(28,22)
-0.031923720319969613052897354	(28,23)
-0.025686193377107231046409098	(28,24)
-0.0194982506906245072011521022	(28,25)
-0.0136995952349628015654935802	(28,26)
-0.008612503724157322281197196	(28,27)
-0.0045221858867688507454144374	(28,28)
-0.00165935781034281015506959134	(28,29)
-0.00018613747938130359606135057	(28,30)
-0.0001161528883692397885377442	(29,1)
-0.0010434251167504019642330816	(29,2)
-0.002887043959185321541735216	(29,3)
-0.0056227452478677761515449765	(29,4)
-0.009208491370822028617654628	(29,5)
-0.013578756304922290396071573	(29,6)
-0.018638544739387614197777654	(29,7)
-0.024258318604956295881958614	(29,8)
-0.030271023246318491654448666	(29,9)
-0.036472269103212257887281782	(29,10)
-0.042624434826363357886347618	(29,11)
-0.048465036406011744495104369	(29,12)
-0.053719197596490749077784191	(29,13)
-0.058115521255368817234915874	(29,14)
-0.06140417118291067275019964	(29,15)
-0.063375600779882976486595622	(29,16)
-0.063878165875451200089131121	(29,17)
-0.062832867199976770691189759	(29,18)
-0.060243684582907270494801524	(29,19)
-0.056202359782204510622268629	(29,20)
-0.050887002261434253619862656	(29,21)
-0.044554462362563809505055993	(29,22)
-0.037526968193498338425399585	(29,23)
-0.030173995888361885745546852	(29,24)
-0.022890696190926632408839253	(29,25)
-0.0160744138692474621341253205	(29,26)
-0.0101009107934830610748984127	(29,27)
-0.0053018543056091935726768786	(29,28)
-0.00194498420542675786964846208	(29,29)
-0.00021815116035632991152766852	(29,30)
-0.0001297780253945077588380094	(30,1)
-0.0011658221113088163364854758	(30,2)
-0.0032256957998849323785865646	(30,3)
-0.0062822502702703940059844195	(30,4)
-0.0102884036257133767269345213	(30,5)
-0.015170700727671421461014528	(30,6)
-0.020822577911281326528612928	(30,7)
-0.027098660652372772624233602	(30,8)
-0.033811445150053270456437006	(30,9)
-0.040731560234980682584360636	(30,10)
-0.047592474670393120158672925	(30,11)
-0.054100031492377017760342269	(30,12)
-0.059946605792105372809150191	(30,13)
-0.064829067503473342912742491	(30,14)
-0.068469171291545896224971825	(30,15)
-0.070634575419839365571960004	(30,16)
-0.071158477651858980832451778	(30,17)
-0.069955885587766548752963188	(30,18)
-0.06703480985759317703163804	(30,19)
-0.062501141718042738358684526	(30,20)
-0.05655658254340142786974825	(30,21)
-0.049489646736621547976727334	(30,22)
-0.0416603779223230661399191	(30,23)
-0.033479932416288828532448935	(30,24)
-0.0253865499077029566168732547	(30,25)
-0.017819632345500352317022666	(30,26)
-0.01119369568060261605778959	(30,27)
-0.0058738699882120791273714097	(30,28)
-0.00215443470430652256726652271	(30,29)
-0.00024162097699280844319560765	(30,30)
-0.0001396602731642040658450416	(31,1)
-0.0012545959752583078624857558	(31,2)
-0.0034713162385581190101093822	(31,3)
-0.0067605702475116747984618076	(31,4)
-0.011071588718555149728529993	(31,5)
-0.016325103817845104557572466	(31,6)
-0.022406053322059658846719409	(31,7)
-0.029157413735695326981943162	(31,8)
-0.036376633300135038992786467	(31,9)
-0.043815967503466911537147725	(31,10)
-0.051187656374810111568008075	(31,11)
-0.058174351082937048761634011	(31,12)
-0.064444552801154426533982778	(31,13)
-0.06967215033209481310230904	(31,14)
-0.073558530186561286904899252	(31,15)
-0.075855277956476253584528074	(31,16)
-0.076385267727056508494079635	(31,17)
-0.075059986540427923006019737	(31,18)
-0.071891259043233661869778148	(31,19)
-0.066996075491903872798666216	(31,20)
-0.060593903172315990804085175	(31,21)
-0.05299657985096423288331672	(31,22)
-0.044591554057546010455697634	(31,23)
-0.035819776287617350200358616	(31,24)
-0.0271499126890359546544374779	(31,25)
-0.0190507354409169684497149291	(31,26)
-0.0119635561732201770108745997	(31,27)
-0.0062764430919479136032621919	(31,28)
-0.0023017395895021602056638553	(31,29)
-0.00025812130804552766868557332	(31,30)
-0.0001465039819766360929834804	(32,1)
-0.0013160740431590635064542908	(32,2)
-0.0036414125463324328093648306	(32,3)
-0.007091803369996911303749538	(32,4)
-0.011613895266896270771132043	(32,5)
-0.017124334149903313803184768	(32,6)
-0.023502065856597342241356573	(32,7)
-0.030581839207477985390831703	(32,8)
-0.038150468140366329776832383	(32,9)
-0.045947233271736857288712141	(32,10)
-0.053669415858531729261921627	(32,11)
-0.060983388644783670195507511	(32,12)
-0.067540998301182126541442221	(32,13)
-0.073000250879924497340423452	(32,14)
-0.077048659018226168015679948	(32,15)
-0.079427130141728735701380394	(32,16)
-0.079952049475759358295987149	(32,17)
-0.078533281802761286712069236	(32,18)
-0.075186174138471532789282487	(32,19)
-0.070036232549715344651874937	(32,20)
-0.063315879090602601079275957	(32,21)
-0.055353461846227973955425031	(32,22)
-0.046555390172633501715900693	(32,23)
-0.037382819638209549411351863	(32,24)
-0.028324672164430812538981826	(32,25)
-0.0198689374542723060914670557	(32,26)
-0.0124741828072048124372271158	(32,27)
-0.0065430397672659169367129485	(32,28)
-0.0023991847556738426342758583	(32,29)
-0.00026903065008278969082684132	(32,30)
-0.0001509153281675335540595213	(33,1)
-0.0013557017295664835443763202	(33,2)
-0.003751051756837945943062019	(33,3)
-0.0073052948933254234341692	(33,4)
-0.01196338647328448609408036	(33,5)
-0.017639275999438837035419499	(33,6)
-0.02420793759074776252157843	(33,7)
-0.031498651652619427764498804	(33,8)
-0.039291158052872346741851313	(33,9)
-0.047316115573249788119218407	(33,10)
-0.055260897604416503432184687	(33,11)
-0.062781158602697352681347606	(33,12)
-0.069517882688759429125405979	(33,13)
-0.075118868058889817329995602	(33,14)
-0.079262919386920882209853726	(33,15)
-0.081684524261601349917687621	(33,16)
-0.082196564397291728995042628	(33,17)
-0.08070870068497512292095062	(33,18)
-0.077239462905427098326946688	(33,19)
-0.0719207085107338702250171	(33,20)
-0.064993890786567061685506515	(33,21)
-0.05679837909156327591676512	(33,22)
-0.047752794203094333052971709	(33,23)
-0.038330878392225766764449961	(33,24)
-0.029033768881293439673559738	(33,25)
-0.0203606799680425846373456129	(33,26)
-0.0127799502099305341066628745	(33,27)
-0.0067022229941417589780466602	(33,28)
-0.0024572540373425829345747205	(33,29)
-0.00027552518982092636671347201	(33,30)
-0.0001534058179011999421232675	(34,1)
-0.0013780740048031931005556243	(34,2)
-0.003812947765589418419349477	(34,3)
-0.007425806829773208324109393	(34,4)
-0.012160618253200210543475716	(34,5)
-0.017929740084651918560476422	(34,6)
-0.024605783001718942721842533	(34,7)
-0.032014757341180132026353743	(34,8)
-0.039932165898430378213728607	(34,9)
-0.048083512753264237150496764	(34,10)
-0.056150281664082657573274904	(34,11)
-0.063781823331419010901134148	(34,12)
-0.070612844251466649334934308	(34,13)
-0.076285408042073710442823651	(34,14)
-0.080473658865295383615028787	(34,15)
-0.082908970003949517012615162	(34,16)
-0.083402997739776182006188727	(34,17)
-0.081866225075891292898125308	(34,18)
-0.078319998961377424695336441	(34,19)
-0.072900731673604006174794891	(34,20)
-0.065855745495897002609408323	(34,21)
-0.057531067155834729967747547	(34,22)
-0.048352211167161619477388444	(34,23)
-0.038799545597516164235405732	(34,24)
-0.029380167386132945866263043	(34,25)
-0.0205983263809180221846257899	(34,26)
-0.0129263602004611501001179596	(34,27)
-0.0067778878882938190283233844	(34,28)
-0.0024847162166772757795497825	(34,29)
-0.00027858860208962503290836164	(34,30)
-0.000154400528905108684300148	(35,1)
-0.001387009432614551567137106	(35,2)
-0.003837666192916421964222004	(35,3)
-0.007473916990034214498198134	(35,4)
-0.012239292961626364649887247	(35,5)
-0.018045428125078819754445785	(35,6)
-0.024763834276942928114763549	(35,7)
-0.032218981789846954068051222	(35,8)
-0.040184369523005974272992048	(35,9)
-0.048383074362798952269485244	(35,10)
-0.056493846849760625525570978	(35,11)
-0.06416319312835479574014094	(35,12)
-0.071023121699185373426731433	(35,13)
-0.076713435982481750579702811	(35,14)
-0.080906739957758960872293387	(35,15)
-0.083333811859930655922767115	(35,16)
-0.083806781637453814713547174	(35,17)
-0.082237665862828899492966156	(35,18)
-0.07865025456078572499788956	(35,19)
-0.073184036974367433208260196	(35,20)
-0.066089685694529861737670736	(35,21)
-0.057716462734150355184025219	(35,22)
-0.048492649620758677881340004	(35,23)
-0.03890065143344362878856904	(35,24)
-0.029448740964203859408066361	(35,25)
-0.0206414969117786121237515481	(35,26)
-0.0129508867440980777762536185	(35,27)
-0.0067897076824904432083236529	(35,28)
-0.0024887892526807247698090372	(35,29)
-0.00027903050529596209681586413	(35,30)
-0.000154248456855017209334631	(36,1)
-0.001385643114282772655299016	(36,2)
-0.003833881558137553176565472	(36,3)
-0.007466519899748002630852162	(36,4)
-0.012227079941540754018845871	(36,5)
-0.018027143336750279132361002	(36,6)
-0.024738104069159251646193862	(36,7)
-0.032184236250373290707418626	(36,8)
-0.040138769512339511547461641	(36,9)
-0.048324470634014131406023146	(36,10)
-0.056419802415035859597368428	(36,11)
-0.064071098279840981474169127	(36,12)
-0.070910421026343986836708354	(36,13)
-0.076577967995758481152753204	(36,14)
-0.080747164495580114261286814	(36,15)
-0.083150072752115541089181377	(36,16)
-0.083600528428789388878443303	(36,17)
-0.082012545613225014557503747	(36,18)
-0.078411988388799901839947192	(36,19)
-0.07294021853236048691370995	(36,20)
-0.065849278265065290089616816	(36,21)
-0.057489021835702201483580164	(36,22)
-0.048287349450237534766899307	(36,23)
-0.03872523571575339644917777	(36,24)
-0.029308542903768854246728104	(36,25)
-0.0205386735945434436858400148	(36,26)
-0.012883989794330805485282061	(36,27)
-0.0067536680357340325573534393	(36,28)
-0.0024753368324709494082669578	(36,29)
-0.00027750853752205655417222484	(36,30)
-0.000153233318903456643909678	(37,1)
-0.001376523739300175709481525	(37,2)
-0.003808645815145628075920547	(37,3)
-0.00741734983704676389959119	(37,4)
-0.01214647227705876661266714	(37,5)
-0.017908054248918850922382355	(37,6)
-0.024574121291691675639067119	(37,7)
-0.031969778961169386551085753	(37,8)
-0.039869314661845337061479632	(37,9)
-0.047996802906701816811189118	(37,10)
-0.056032283120994942821731836	(37,11)
-0.063623944976578952419731194	(37,12)
-0.070405983541586980421991344	(37,13)
-0.076020977395874112522631417	(37,14)
-0.080144920238225412631451928	(37,15)
-0.082512522071835854964155813	(37,16)
-0.082940184575495114426950793	(37,17)
-0.081344192178423143345424937	(37,18)
-0.077752129275945035079898569	(37,19)
-0.072306258710797369639748965	(37,20)
-0.065258457569408058373908687	(37,21)
-0.056957167442444617865202246	(37,22)
-0.047827554286525504168630404	(37,23)
-0.038346601079254250640437589	(37,24)
-0.029015136520364553014032744	(37,25)
-0.020328844995417538812000061	(37,26)
-0.0127501532728479821376752459	(37,27)
-0.0066826136726010276848637407	(37,28)
-0.0024490693599554416699527766	(37,29)
-0.0002745509254073084989124563	(37,30)
-0.000151583863259417117740702	(38,1)
-0.001361706198746205559005143	(38,2)
-0.003767644609482636020107383	(38,3)
-0.007337479950505861233620976	(38,4)
-0.012015604349478977693277995	(38,5)
-0.017714900655529341964808928	(38,6)
-0.024308587335805123995817545	(38,7)
-0.031623372526924839191178578	(38,8)
-0.039435597291525037352210122	(38,9)
-0.047471856355272616851575735	(38,10)
-0.055415158656612718768847765	(38,11)
-0.062917058214546300091974883	(38,12)
-0.069615415166325053589944241	(38,13)
-0.075156639269563114839989205	(38,14)
-0.079220546816041267881422849	(38,15)
-0.081545449092618867437941861	(38,16)
-0.081950882008704464448344031	(38,17)
-0.080355528584967537058892762	(38,18)
-0.076788362391522041302450799	(38,19)
-0.071391773348435438913938436	(38,20)
-0.064416305632949255623457002	(38,21)
-0.056207501736841295425800563	(38,22)
-0.047186081229884192476356797	(38,23)
-0.037823199780844884415990935	(38,24)
-0.028612796553681948689482891	(38,25)
-0.020043059092179415274928754	(38,26)
-0.0125688645342877716794900009	(38,27)
-0.0065867639768281559088325574	(38,28)
-0.0024137334716032175669517164	(38,29)
-0.00027057776143075642288408725	(38,30)
-0.000149483197931878705914414	(39,1)
-0.001342835387563175067679029	(39,2)
-0.003715429155125352021855295	(39,3)
-0.007235773888734562111211967	(39,4)
-0.01184899159867626836784464	(39,5)
-0.017469084790067397461254976	(39,6)
-0.023970874601849362704972358	(39,7)
-0.03118323578646187109971137	(39,8)
-0.03888529160756382560003087	(39,9)
-0.04680704229759183891479372	(39,10)
-0.054635479017225208157292144	(39,11)
-0.062026608957831569379701559	(39,12)
-0.068623052457298448995622895	(39,13)
-0.074076070665914297175557685	(39,14)
-0.078070164794683408906013072	(39,15)
-0.080347877591867768459395854	(39,16)
-0.080732220950526244224281992	(39,17)
-0.079144297949564964898255151	(39,18)
-0.075614167768538808276657678	(39,19)
-0.070283740148760659038987207	(39,20)
-0.063401358805237867006074102	(39,21)
-0.055308598789991581738585876	(39,22)
-0.046420533088751261440836963	(39,23)
-0.037201229877536144230309098	(39,24)
-0.028136487844203885474362381	(39,25)
-0.01970581834728592056738444	(39,26)
-0.0123554939207824499965108333	(39,27)
-0.0064741758361450754926683857	(39,28)
-0.0023722821239490310933263719	(39,29)
-0.00026592009768168335587122374	(39,30)
-0.000147076944576497540397072	(40,1)
-0.00132121945244909772160736	(40,2)
-0.003655618907607343060326148	(40,3)
-0.007119280548312142486011305	(40,4)
-0.011658177108519908278660873	(40,5)
-0.017187625048991886885262981	(40,6)
-0.023584336234760323947230078	(40,7)
-0.030679749708385989860884403	(40,8)
-0.03825628467297984399216261	(40,9)
-0.04604796939908385697211452	(40,10)
-0.05374648504402353069841838	(40,11)
-0.061013045244014832923137216	(40,12)
-0.067495776565293156229199273	(40,13)
-0.07285147065112786781961394	(40,14)
-0.076769867062807062163680586	(40,15)
-0.078998118077274352253164642	(40,16)
-0.079362880269353012491130519	(40,17)
-0.077787621698958550839869567	(40,18)
-0.074303214175541938596756578	(40,19)
-0.069050620289839387499803499	(40,20)
-0.062275359983589618914955883	(40,21)
-0.054314307335468782194460034	(40,22)
-0.045576094259525389224538653	(40,23)
-0.036516893760716127291871555	(40,24)
-0.027613585851182881339857813	(40,25)
-0.019336292237630218220010099	(40,26)
-0.0121220589426206563208009663	(40,27)
-0.0063511456554642661184674004	(40,28)
-0.0023270222962708148267580875	(40,29)
-0.00026083652500631569942304896	(40,30)
-0.000144480197092947623824225	(41,1)
-0.001297892302542735621648726	(41,2)
-0.003591074527728721703662478	(41,3)
-0.006993570955760797477155616	(41,4)
-0.011452283406838576904414891	(41,5)
-0.016883969897535390871279567	(41,6)
-0.023167423832268307661707467	(41,7)
-0.030136913140816342987985225	(41,8)
-0.037578494836601682451461796	(41,9)
-0.045230637659836507682307904	(41,10)
-0.052790177122847037463431035	(41,11)
-0.059924019471845365418453403	(41,12)
-0.066286266798039509523481736	(41,13)
-0.071539651558781349156805938	(41,14)
-0.075379463802835417879902202	(41,15)
-0.077557649088971380807403768	(41,16)
-0.077904547325875433348798253	(41,17)
-0.076345883782915854082249981	(41,18)
-0.072913101949448451321617936	(41,19)
-0.067745867921388653896657001	(41,20)
-0.061086452166069121001800177	(41,21)
-0.053266560461219302359790137	(41,22)
-0.044687908038114776686198933	(41,23)
-0.035798317632981137092440297	(41,24)
-0.02706533820089071558721031	(41,25)
-0.018949346838511820477874896	(41,26)
-0.0118778729225302598863039699	(41,27)
-0.0062225504908206162650139062	(41,28)
-0.0022797403005795373301058271	(41,29)
-0.00025552723720104564169562551	(41,30)
-0.000141783359490765583172166	(42,1)
-0.001273666052315623366200501	(42,2)
-0.003524042988158313576019855	(42,3)
-0.006863020891733730453273332	(42,4)
-0.01123847539164170044523538	(42,5)
-0.016568680682254452397158385	(42,6)
-0.022734625117227479461793255	(42,7)
-0.02957356405418244304661468	(42,8)
-0.036875397192632432330565058	(42,9)
-0.044383278859349350013111309	(42,10)
-0.051799469851013539863485143	(42,11)
-0.058796843690433366200778656	(42,12)
-0.065035729325218855624740714	(42,13)
-0.070185000226770922673852473	(42,14)
-0.073945622453740917457838893	(42,15)
-0.076074370812940928591842718	(42,16)
-0.07640521145041442185800492	(42,17)
-0.074865984910377349929287039	(42,18)
-0.07148849764464817388822755	(42,19)
-0.066410868170182060790926365	(42,20)
-0.059871850725304010863122202	(42,21)
-0.05219772551190495973385545	(42,22)
-0.043783063875395674345600251	(42,23)
-0.035067155224344365505041711	(42,24)
-0.026508085205451135864395251	(42,25)
-0.018556404229972801708924079	(42,26)
-0.0116300862185632455979106639	(42,27)
-0.0060921326016357964228389882	(42,28)
-0.0022318062851778700440944098	(42,29)
-0.00025014575872449480038861893	(42,30)
-0.000139056982557114961682453	(43,1)
-0.001249174470469454143810908	(43,2)
-0.003456277794110512185906128	(43,3)
-0.00673104504464906398759206	(43,4)
-0.011022343863799998370651539	(43,5)
-0.016249997336256678759368731	(43,6)
-0.022297240786420354830350618	(43,7)
-0.029004391311874839734039869	(43,8)
-0.036165287363581250029955749	(43,9)
-0.04352788124849930391597267	(43,10)
-0.050799976966969687621187393	(43,11)
-0.057660523440745287320422633	(43,12)
-0.063776157308488885555264107	(43,13)
-0.068821930433968742856648413	(43,14)
-0.072504467741788115271548037	(43,15)
-0.074585298642670144265933712	(43,16)
-0.074901889761288246670336361	(43,17)
-0.073384034980610247343702734	(43,18)
-0.070063726476744024467220283	(43,19)
-0.065077365824725564620112421	(43,20)
-0.058660051286113265194341319	(43,21)
-0.051132544541795624264019622	(43,22)
-0.04288223743157630171053881	(43,23)
-0.034339910563848575285709352	(43,24)
-0.025954266021056351907041147	(43,25)
-0.018166150616001594317009259	(43,26)
-0.0113841319837166079031905402	(43,27)
-0.0059627337343398097759705206	(43,28)
-0.0021842602569456932366426606	(43,29)
-0.00024480859724904260699139599	(43,30)
-0.000136355733854137282495698	(44,1)
-0.001224908643333034960205867	(44,2)
-0.00338913766195670011079448	(44,3)
-0.006600289206749600021682839	(44,4)
-0.010808220334702108189363208	(44,5)
-0.015934302714579908175026244	(44,6)
-0.021864022150746194086094515	(44,7)
-0.028440765127207717817455894	(44,8)
-0.03546231879144714487384031	(44,9)
-0.042681440958381743935541063	(44,10)
-0.049811476293158958548685384	(44,11)
-0.056537426884045256101922855	(44,12)
-0.062532185568496795229294565	(44,13)
-0.06747689510654347647769808	(44,14)
-0.07108371459212526898442721	(44,15)
-0.07311877227092288709346032	(44,16)
-0.073422861998525730351612279	(44,17)
-0.07192755967079566408528598	(44,18)
-0.068664895963171416704397811	(44,19)
-0.063769453752476561549596508	(44,20)
-0.057472636280258176038306366	(44,21)
-0.050089721040847975190331112	(44,22)
-0.042001030785501893787324924	(44,23)
-0.033629018215283576417891994	(44,24)
-0.025413239820163035770037845	(44,25)
-0.017785113934171053770068271	(44,26)
-0.0111440895989736251661470626	(44,27)
-0.0058364860658900543187378354	(44,28)
-0.002137882172504629468418372	(44,29)
-0.00023960310756119122318825013	(44,30)
-0.000133721633571678590033919	(45,1)
-0.001201246043269090592913785	(45,2)
-0.003323666949859533314130489	(45,3)
-0.006472786928559109388189633	(45,4)
-0.010599433618246945229779208	(45,5)
-0.01562650106171842775261344	(45,6)
-0.021441690856675239163114479	(45,7)
-0.027891413938565261108846983	(45,8)
-0.034777348183432159357042802	(45,9)
-0.041856981936605658323946608	(45,10)
-0.048849103657137744623062945	(45,11)
-0.05544464503788380164283469	(45,12)
-0.06132260186009305533903378	(45,13)
-0.06617002570364432088284635	(45,14)
-0.06970440546759945434503032	(45,15)
-0.07169625454028888303570657	(45,16)
-0.07198948963304744818279125	(45,17)
-0.070517295697355691915404917	(45,18)
-0.067311622723946028546374387	(45,19)
-0.062505188706387519595524238	(45,20)
-0.056325741935358857971418407	(45,21)
-0.049083207456485355767913596	(45,22)
-0.041151059102646431586643599	(45,23)
-0.032943718505988537115271285	(45,24)
-0.024891950660016853948334429	(45,25)
-0.017418131230868905102503159	(45,26)
-0.010912978591738942457264107	(45,27)
-0.0057149665614711664779511841	(45,28)
-0.0020932485835017524488919354	(45,29)
-0.00023459384598243596663952848	(45,30)
-0.000131186677998261962083028	(46,1)
-0.001178474095915079912065947	(46,2)
-0.003260660866986769872522671	(46,3)
-0.006350086526594031390925701	(46,4)
-0.010398517862821317747674812	(46,5)
-0.015330324853654328317448191	(46,6)
-0.02103536024809684188946614	(46,7)
-0.027362973178556902968327532	(46,8)
-0.03411862093713793186971268	(46,9)
-0.041064382812511141885775065	(46,10)
-0.0479243207571534437110774	(46,11)
-0.05439509437301996207704409	(46,12)
-0.06016157173766727811701115	(46,13)
-0.0649164606526840753285096	(46,14)
-0.06838231778802492305141302	(46,15)
-0.07033378815266648015252928	(46,16)
-0.07061768828315488881708367	(46,17)
-0.06916864308695862806753669	(46,18)
-0.066018428421782392695588391	(46,19)
-0.061297896537088856061539562	(46,20)
-0.055231242291794465246095788	(46,21)
-0.048123243460852066860216951	(46,22)
-0.040340826168628202116999677	(46,23)
-0.032290762107565461223506788	(46,24)
-0.024395462297759353912460303	(46,25)
-0.017068724351694862782494097	(46,26)
-0.010692994757573379601836527	(46,27)
-0.0055993209222830215418656936	(46,28)
-0.0020507781080180094301625347	(46,29)
-0.00022982767050460406113178522	(46,30)
-0.000128774957851831884769116	(47,1)
-0.001156809209633416309014849	(47,2)
-0.003200718126913149029260509	(47,3)
-0.006233353636148096760843873	(47,4)
-0.010207380527276762688021424	(47,5)
-0.015048582557865660812262428	(47,6)
-0.020648875594167506073401567	(47,7)
-0.02686042837275967890593628	(47,8)
-0.033492324570853043987899429	(47,9)
-0.040311044506174029845387815	(47,10)
-0.04704569656478104699560241	(47,11)
-0.0533984068960633031692375	(47,12)
-0.05905962717485792364030592	(47,13)
-0.06372741729782307026164323	(47,14)
-0.06712909921999538399049115	(47,15)
-0.06904317017881252971461424	(47,16)
-0.06931911419757172891721806	(47,17)
-0.06789283460254400913332755	(47,18)
-0.064795862911228512728810798	(47,19)
-0.060157221390251013604667938	(47,20)
-0.054197700051336023276742426	(47,21)
-0.04721718891550270802336011	(47,22)
-0.039576426097207572008075527	(47,23)
-0.031674974191015479685506576	(47,24)
-0.023927386037030661605823959	(47,25)
-0.01673940025599151939990705	(47,26)
-0.010485698785409074977502998	(47,27)
-0.005490362551069242736890994	(47,28)
-0.0020107677245567086010778705	(47,29)
-0.00022533781086692867413774922	(47,30)
-0.000126504363327281745524188	(48,1)
-0.001136412092343750315806462	(48,2)
-0.003144283328417604871500721	(48,3)
-0.006123453756152823258287884	(48,4)
-0.010027437584902347751093329	(48,5)
-0.014783358055148693867574192	(48,6)
-0.020285087937152650268731593	(48,7)
-0.02638747178404650598334108	(48,8)
-0.032903034162105935783485004	(48,9)
-0.03960242754179286975774418	(48,10)
-0.04621953617244368993037051	(48,11)
-0.05246164636252114246187305	(48,12)
-0.05802446189853739529381567	(48,13)
-0.06261105400378460652814433	(48,14)
-0.06595318032974653253494139	(48,15)
-0.0678328957056619796704594	(48,16)
-0.06810211684757468925915287	(48,17)
-0.06669787384569583424762311	(48,18)
-0.06365140434421737939245986	(48,19)
-0.059089965649321182046154443	(48,20)
-0.053231126926781894530102236	(48,21)
-0.046370189187808651260734468	(48,22)
-0.038862103172752789344809906	(48,23)
-0.031099704041879100220717296	(48,24)
-0.023490221374490998468130887	(48,25)
-0.016431889918481254675391795	(48,26)
-0.010292166202931010042389422	(48,27)
-0.0053886511804688805479623125	(48,28)
-0.0019734215969850496134538889	(48,29)
-0.00022114710043315952249133397	(48,30)
-0.000124387953034532572804868	(49,1)
-0.001117400049006977733434836	(49,2)
-0.003091680981913945494124301	(49,3)
-0.006021018522261212648371045	(49,4)
-0.009859722075020659854025864	(49,5)
-0.014536170749605100633546685	(49,6)
-0.019946073955608302044471179	(49,7)
-0.025946788746352604778483191	(49,8)
-0.032354069959920999116834496	(49,9)
-0.0389424833954723247348299	(49,10)
-0.04545038557200582211865918	(49,11)
-0.05158988308638260320698406	(49,12)
-0.05706156952988701123351432	(49,13)
-0.06157316160415463340042369	(49,14)
-0.06486050618741970847166159	(49,15)
-0.06670891376607582145135547	(49,16)
-0.06697250137203440493010539	(49,17)
-0.0655892853480220734034324	(49,18)
-0.06259017805936210872562651	(49,19)
-0.058100759943350216705491623	(49,20)
-0.052335589373842229595903188	(49,21)
-0.045585704482196060914879021	(49,22)
-0.038200696699213663574026333	(49,23)
-0.030567181896358007448314229	(49,24)
-0.023085626061185333884236055	(49,25)
-0.016147337550767484046490902	(49,26)
-0.010113106048837089801953972	(49,27)
-0.0052945550656310860587255075	(49,28)
-0.0019388738650887403095548266	(49,29)
-0.00021727053097497682485898427	(49,30)
-0.000122435050770286563524341	(50,1)
-0.001099856834176700703139277	(50,2)
-0.003043142770890601320451526	(50,3)
-0.005926498803774986666962047	(50,4)
-0.009704971072673956272111778	(50,5)
-0.01430810384563013120470693	(50,6)
-0.019633312113103149061665532	(50,7)
-0.02554028706387496158115931	(50,8)
-0.03184778387886471495071768	(50,9)
-0.03833400003623058371622163	(50,10)
-0.04474143596747724327578984	(50,11)
-0.05078665424828832900444536	(50,12)
-0.05617475444219715910803691	(50,13)
-0.06061771667361796334060644	(50,14)
-0.06385512139612617141066628	(50,15)
-0.06567523132135515245650667	(50,16)
-0.06593413715003098967815806	(50,17)
-0.06457071257591326365665821	(50,18)
-0.06161552895321673455163907	(50,19)
-0.057192595841405188161607569	(50,20)
-0.051513689474820344533706034	(50,21)
-0.044865929454400251526205406	(50,22)
-0.0375939931456131968010718	(50,23)
-0.03007880104474879503156092	(50,24)
-0.022714629353630240567622258	(50,25)
-0.01588644986702686622565758	(50,26)
-0.009948954409028921580320268	(50,27)
-0.0052082999729506899722453849	(50,28)
-0.001907206588963954165123718	(50,29)
-0.00021371726378167697639211407	(50,30)
-0.000120652122562000816552357	(51,1)
-0.001083840530685602848064874	(51,2)
-0.002998829351776179595536336	(51,3)
-0.005840207163074214269216653	(51,4)
-0.009563695234591484063988946	(51,5)
-0.014099906925147172369619945	(51,6)
-0.019347823514874599277108453	(51,7)
-0.025169280445143367802970889	(51,8)
-0.03138578857706976006356758	(51,9)
-0.0377788781927633555637419	(51,10)
-0.04409484697992948219826687	(51,11)
-0.05005433176784830444349511	(51,12)
-0.05536653987080431678292607	(51,13)
-0.05974732327204311960841608	(51,14)
-0.06293963683556517440216204	(51,15)
-0.06473439465755577640285882	(51,16)
-0.0649894422833163325063463	(51,17)
-0.0636443933498693238838856	(51,18)
-0.0607294758324721642471966	(51,19)
-0.056367248028989978406188806	(51,20)
-0.050766945426326033477853777	(51,21)
-0.044212124682109509824884708	(51,22)
-0.037043003889932762410752864	(51,23)
-0.029635340014965081954724027	(51,24)
-0.02237779975715801992679696	(51,25)
-0.015649613369835404337264012	(51,26)
-0.009799947848571556211447763	(51,27)
-0.0051300076139619217349646905	(51,28)
-0.0018784638209793294845513561	(51,29)
-0.00021049220641943841204190858	(51,30)
-0.000119043476651057695345617	(52,1)
-0.00106938983775396143342817	(52,2)
-0.002958847752764731067515454	(52,3)
-0.005762351743146886706132212	(52,4)
-0.009436234304781514052832166	(52,5)
-0.013912077815459226247087074	(52,6)
-0.019090284325406425641705378	(52,7)
-0.024834634897478120830275387	(52,8)
-0.0309691402675508959925131	(52,9)
-0.03727835179884369043866263	(52,10)
-0.04351200449783055586295056	(52,11)
-0.04939441569855695633687462	(52,12)
-0.05463849324689336358146636	(52,13)
-0.05896356485621378190677821	(52,14)
-0.06211560115847251833256787	(52,15)
-0.06388787211280474645002612	(52,16)
-0.06413976825537704819381289	(52,17)
-0.0628115367214093731281495	(52,18)
-0.05993307097652759830858001	(52,19)
-0.05562560780795281010577157	(52,20)
-0.050096091560508849281696919	(52,21)
-0.043624877571063922500961001	(52,22)
-0.03654818346955787719486644	(52,23)
-0.029237136897041235069883845	(52,24)
-0.022075376459938488358937828	(52,25)
-0.015436986144148631242545046	(52,26)
-0.009666180830766177348139689	(52,27)
-0.0050597256775140684060290637	(52,28)
-0.0018526625965469145146695394	(52,29)
-0.00020759724396243071509959552	(52,30)
-0.000117611820913514549089358	(53,1)
-0.001056529078427180209487201	(53,2)
-0.002923265229095588232156389	(53,3)
-0.00569306325335879465764308	(53,4)
-0.009322801315357547864071487	(53,5)
-0.013744927782707273815128782	(53,6)
-0.018861115287991840040438357	(53,7)
-0.02453688529878371903262394	(53,8)
-0.03059848427815300122994102	(53,9)
-0.03683316349596693230445869	(53,10)
-0.04299372591271828489213912	(53,11)
-0.04880776767065207981442838	(53,12)
-0.05399148491201333125573828	(53,13)
-0.05826728391509380336966026	(53,14)
-0.06138379568738615101093846	(53,15)
-0.06313635750024821158615925	(53,16)
-0.06338570442005433343055739	(53,17)
-0.06207262078324199800274011	(53,18)
-0.05922668372882248041414692	(53,19)
-0.05496794561303450205376708	(53,20)
-0.049501314040907074555150132	(53,21)
-0.043104306929169870057767336	(53,22)
-0.036109600402775459796784875	(53,23)
-0.028884225563569180072581569	(53,24)
-0.021807371893055533358285459	(53,25)
-0.015248569400869956798917443	(53,26)
-0.009547650426848721153366356	(53,27)
-0.0049974511979986321263047252	(53,28)
-0.0018298014821103941614139919	(53,29)
-0.00020503219635040099250630963	(53,30)
-0.000116358705461057528402318	(54,1)
-0.001045272175560715172472378	(54,2)
-0.00289212026436117271057144	(54,3)
-0.005632416396545350968193146	(54,4)
-0.009223517682507628056718187	(54,5)
-0.013598633295792619273536534	(54,6)
-0.018660552802345134899427307	(54,7)
-0.02427632795060064971654176	(54,8)
-0.03027417061062867388792586	(54,9)
-0.03644370394286633613198336	(54,10)
-0.0425404229880269347178371	(54,11)
-0.04829479606782656460932328	(54,12)
-0.05342589321468704784488835	(54,13)
-0.05765880345971306859131832	(54,14)
-0.06074446772611956193510212	(54,15)
-0.06248000982326296547019707	(54,16)
-0.0627273181527346278379805	(54,17)
-0.06142762710551286683827495	(54,18)
-0.05861022328056447022051354	(54,19)
-0.0543941168000445300037096	(54,20)
-0.048982435233406562051783259	(54,21)
-0.042650222666553476336480259	(54,22)
-0.035727070288049004659924865	(54,23)
-0.028576441629292171104156642	(54,24)
-0.021573651390646227482010448	(54,25)
-0.015084262978405558281325173	(54,26)
-0.009444290967124097945816686	(54,27)
-0.0049431486533634837929612697	(54,28)
-0.0018098671921927492192797242	(54,29)
-0.00020279555931137169857950906	(54,30)
-0.000115284872615314421275869	(55,1)
-0.001035625795718616160897891	(55,2)
-0.002865431269478285601116424	(55,3)
-0.005580446811847057409979135	(55,4)
-0.009138440957468769840147729	(55,5)
-0.013473276956572560952997246	(55,6)
-0.018488705125060889798404021	(55,7)
-0.02405309375561580650297099	(55,8)
-0.0299963452996106674974072	(55,9)
-0.03611012193262685043233731	(55,10)
-0.04215223056159000510956907	(55,11)
-0.04785560229086961044284136	(55,12)
-0.05294176639765642343498643	(55,13)
-0.05713810168404104396263019	(55,14)
-0.06019751431361140194402938	(55,15)
-0.06191864178091281313410934	(55,16)
-0.06216434335459276404447222	(55,17)
-0.06087622437776047653533188	(55,18)
-0.05808331280173932623391311	(55,19)
-0.05390372212951007256755604	(55,20)
-0.048539057166370944805306111	(55,21)
-0.042262249794469855338540998	(55,22)
-0.035400258946401566614449631	(55,23)
-0.028313504419382267513614678	(55,24)
-0.021373994721567504042007534	(55,25)
-0.014943908160866785022479427	(55,26)
-0.009356000747662523076836747	(55,27)
-0.0048967639038626018731681425	(55,28)
-0.0017928396833367238538922748	(55,29)
-0.00020088507460724508620934848	(55,30)
-0.000114390531905828408290285	(56,1)
-0.00102759181954242488393261	(56,2)
-0.002843203418041014541253686	(56,3)
-0.005537164387782435976661897	(56,4)
-0.009067586632141168863875589	(56,5)
-0.013368879660819777485220874	(56,6)
-0.018345596528115413081386297	(56,7)
-0.02386720571263373328065065	(56,8)
-0.02976502218542419404348951	(56,9)
-0.03583241088632397993518362	(56,10)
-0.04182910760610946955253208	(56,11)
-0.04749009555103708308116757	(56,12)
-0.05253894956069747774899709	(56,13)
-0.05670494880726169140627884	(56,14)
-0.05974262600013834229350763	(56,15)
-0.06145186702126002503738924	(56,16)
-0.06169632742302564595253197	(56,17)
-0.06041791128204703367703073	(56,18)
-0.0576454246051742883326417	(56,19)
-0.05349623204600159486831272	(56,20)
-0.04817067237130094990483107	(56,21)
-0.041939924021069521008215713	(56,22)
-0.035128761779855668402670623	(56,23)
-0.028095079925778438238192405	(56,24)
-0.021208143278740307460341567	(56,25)
-0.014827320475742847484237239	(56,26)
-0.009282662467438716489856022	(56,27)
-0.0048582348511486104678243964	(56,28)
-0.0017786960477117938462461467	(56,29)
-0.00019929816580898065702160733	(56,30)
-0.000113675574024006750057951	(57,1)
-0.001021169263747637396099223	(57,2)
-0.002825433964358867713447702	(57,3)
-0.00550256362005736156630853	(57,4)
-0.009010945104156337099525056	(57,5)
-0.013285425619586561866724273	(57,6)
-0.018231201653465486998062813	(57,7)
-0.02371862364430976769333447	(57,8)
-0.02958013874327516671592104	(57,9)
-0.03561047612010128593369437	(57,10)
-0.04157091579961672574728154	(57,11)
-0.04719808207178992749084349	(57,12)
-0.05221718324464606326472079	(57,13)
-0.05635901321859133019602665	(57,14)
-0.05937939821970162154718259	(57,15)
-0.06107921401713480798595561	(57,16)
-0.06132274468728331369546139	(57,17)
-0.06005212652700590196403016	(57,18)
-0.05729598400319979762000257	(57,19)
-0.05317108194658837684024472	(57,20)
-0.047876748653973576538624543	(57,21)
-0.041682764704608665723623678	(57,22)
-0.034912164213966205202326179	(57,23)
-0.027920828674509811339426734	(57,24)
-0.021075835906130967577071176	(57,25)
-0.01473431456497518405679839	(57,26)
-0.009224158711938555266187118	(57,27)
-0.004827499508423135625469855	(57,28)
-0.0017674134597378681512778967	(57,29)
-0.00019803226801428754440439847	(57,30)
-0.0001131397346123396835241	(58,1)
-0.001016355752478973656434199	(58,2)
-0.002812116314597685465129604	(58,3)
-0.005476631540806911023922394	(58,4)
-0.008968494664120345394215448	(58,5)
-0.013222881513533537456555637	(58,6)
-0.018145471811442210445683335	(58,7)
-0.02360727843429342641344743	(58,8)
-0.02944159881357341950611299	(58,9)
-0.03544418631997280676361369	(58,10)
-0.04137747963065883345530034	(58,11)
-0.04697933329229514412486637	(58,12)
-0.05197617875265904549714008	(58,13)
-0.05609994249226535082559547	(58,14)
-0.05910741618202031653829088	(58,15)
-0.06080021272464046620263322	(58,16)
-0.06104308256774846859125323	(58,17)
-0.05977833224679751942318587	(58,18)
-0.05703444784795574070907251	(58,19)
-0.05292774406217567854963834	(58,20)
-0.047656792913171117901753768	(58,21)
-0.041490329660642381644299835	(58,22)
-0.034750087020587022309578363	(58,23)
-0.02779044156001955041282886	(58,24)
-0.02097683568248088574242652	(58,25)
-0.014664722757504190275446551	(58,26)
-0.009180383505654910695374444	(58,27)
-0.0048045020179262240782075857	(58,28)
-0.0017589713723454487745653065	(58,29)
-0.00019708507355364682315101131	(58,30)
-0.000112782716242078882800761	(59,1)
-0.001013148613063107017933135	(59,2)
-0.00280324305865174609608112	(59,3)
-0.005459353623671497730481294	(59,4)
-0.008940211167440574886129813	(59,5)
-0.01318121075732180909989071	(59,6)
-0.018088354564889783064110199	(59,7)
-0.02353309752194940955767015	(59,8)
-0.02934930441793929281475027	(59,9)
-0.03533341186189214153903257	(59,10)
-0.04124863112971229484560779	(59,11)
-0.04683363660177051904728663	(59,12)
-0.05181567414040373809579174	(59,13)
-0.05592742355275078582730423	(59,14)
-0.05892631783905092728290491	(59,15)
-0.06061445876251031916206217	(59,16)
-0.06085690527295565687495653	(59,17)
-0.05959607553676837877260298	(59,18)
-0.05686036236196985647915534	(59,19)
-0.0527657802736833327397533	(59,20)
-0.047510397936767008060784155	(59,21)
-0.041362255273366695789698402	(59,22)
-0.034642219430788242343695011	(59,23)
-0.027703665986702426261810171	(59,24)
-0.020910949435952841132733432	(59,25)
-0.014618408587676736812868288	(59,26)
-0.009151250714341688698328495	(59,27)
-0.0047891970250984548187799211	(59,28)
-0.0017533531128858822886691053	(59,29)
-0.00019645471050124004922586915	(59,30)
-0.000112604274815079531355334	(60,1)
-0.001011545652175646574669305	(60,2)
-0.002798808117742998267919358	(60,3)
-0.005450717966596459440866558	(60,4)
-0.00892607488523183146086355	(60,5)
-0.013160383603492768984547993	(60,6)
-0.018059807600863008687217031	(60,7)
-0.02349602295977472424453869	(60,8)
-0.02930317829190147437031661	(60,9)
-0.03527805194650423650244333	(60,10)
-0.04118424153555082618877718	(60,11)
-0.04676083124071748788532034	(60,12)
-0.05173547381268583362045219	(60,13)
-0.05584122518884888385654919	(60,14)
-0.05883583833099242365810042	(60,15)
-0.06052165865488755162140281	(60,16)
-0.06076389863394882829485998	(60,17)
-0.05950503169338908136960392	(60,18)
-0.0567734037020262609262098	(60,19)
-0.05268487909166033557383767	(60,20)
-0.047437275108747566175400033	(60,21)
-0.041298284484519708109953935	(60,22)
-0.034588342206383153616413711	(60,23)
-0.027660324059930101443599924	(60,24)
-0.020878041309347578995893263	(60,25)
-0.014595276184341399064120781	(60,26)
-0.009136699876955263931837681	(60,27)
-0.0047815527132472382564056316	(60,28)
-0.0017505469899981568259388302	(60,29)
-0.00019613986646585262887396715	(60,30)