s2_(sigma,mu)
-4.39267973316627124938943e-6	(1,1)
-0.00003946189792567222286554572	(1,2)
-0.00010921587819236695269445585	(1,3)
-0.00021288915876342293787707097	(1,4)
-0.00034934224434415061961009508	(1,5)
-0.00051707222962850905480014764	(1,6)
-0.00071422723835857649961869991	(1,7)
-0.00093862484334029725483184113	(1,8)
-0.00118777459518243637065497754	(1,9)
-0.00145890470940208406935830809	(1,10)
-0.00174899284590200589976085458	(1,11)
-0.00205480076917717191474161098	(1,12)
-0.00237291251347754895167484708	(1,13)
-0.00269977550906130945327323238	(1,14)
-0.0030317439696464182952472221	(1,15)
-0.00336512371296427331727260335	(1,16)
-0.00369621749955392799270694528	(1,17)
-0.0040213699394083745294413254	(1,18)
-0.00433701103653472857896011707	(1,19)
-0.0046396975169911895341594762	(1,20)
-0.00492615121004477282390302615	(1,21)
-0.00519329391356208807931790189	(1,22)
-0.00543827835906127317570412625	(1,23)
-0.00565851508283302530345404951	(1,24)
-0.0058516951911252677005328596	(1,25)
-0.0060158091652472263643349492	(1,26)
-0.00614916197522721811138201364	(1,27)
-0.00625038485077771408337703447	(1,28)
-0.00631844409233557260034034389	(1,29)
-0.0063526472934860863896171588	(1,30)
-4.36210843121447741229694e-6	(2,1)
-0.00003918725875823926969894026	(2,2)
-0.00010845577766469890122349804	(2,3)
-0.00021140752385319813674398871	(2,4)
-0.00034691091222860873403654733	(2,5)
-0.00051347345327511571419972744	(2,6)
-0.0007092560807714324900124722	(2,7)
-0.00093209143405705983371942136	(2,8)
-0.00117950622370644883503496859	(2,9)
-0.00144874773166485848852763088	(2,10)
-0.00173681438160449944827541451	(2,11)
-0.00204049016996319870560722521	(2,12)
-0.00235638258434396274287010786	(2,13)
-0.00268096346818933413970288232	(2,14)
-0.00301061213491777952615929288	(2,15)
-0.00334165990676584175176050169	(2,16)
-0.00367043516702660661472009678	(2,17)
-0.00399330797899954087794544605	(2,18)
-0.00430673334549469887282394892	(2,19)
-0.00460729225822437388162212343	(2,20)
-0.00489172981038391467680053812	(2,21)
-0.00515698980696988868627350262	(2,22)
-0.00540024549136957983169856407	(2,23)
-0.00561892619731022786270410161	(2,24)
-0.00581073991634753692847491786	(2,25)
-0.00597369192840473838965623308	(2,26)
-0.00610609976513114500392996917	(2,27)
-0.00620660485549929334365200289	(2,28)
-0.00627418123669385262091653468	(2,29)
-0.006308141701619789505937378	(2,30)
-4.30021434174539498845867e-6	(3,1)
-0.00003863122941171861025895353	(3,2)
-0.00010691689237832477645398479	(3,3)
-0.00020840783416633713855379777	(3,4)
-0.00034198848598161330540979493	(3,5)
-0.00050618744908254899273893533	(3,6)
-0.00069919159785352352481927514	(3,7)
-0.00091886408387854177600908131	(3,8)
-0.00116276637193758363085806372	(3,9)
-0.00142818436170995360538248279	(3,10)
-0.00171215853440021471499169108	(3,11)
-0.00201151791896373861082154687	(3,12)
-0.00232291750958132727868236756	(3,13)
-0.00264287859899103386442745764	(3,14)
-0.00296783133721997813077978643	(3,15)
-0.00329415869788860528732135342	(3,16)
-0.00361824094816573720598106991	(3,17)
-0.00393649968339486471519595604	(3,18)
-0.00424544050808687512402059421	(3,19)
-0.00454169352041158672472586582	(3,20)
-0.0048220508810130369797491877	(3,21)
-0.00508350090770963711918806106	(3,22)
-0.00532325832088993194398633663	(3,23)
-0.00553879045403964617876753164	(3,24)
-0.00572783942386171000915435928	(3,25)
-0.0058884404106605103951088478	(3,26)
-0.00601893632083039674248874646	(3,27)
-0.00611798918197302725425592858	(3,28)
-0.00618458865403580792784829215	(3,29)
-0.0062180580276205324432743641	(3,30)
-4.20553418049011282538634e-6	(4,1)
-0.00003778066439227429374441355	(4,2)
-0.00010456284061613590522168396	(4,3)
-0.00020381917340741988618732076	(4,4)
-0.00033445859794173129085142881	(4,5)
-0.0004950419861718920347725514	(4,6)
-0.0006837959082174543323796683	(4,7)
-0.00089863021260927411061702259	(4,8)
-0.00113715955911996084716274011	(4,9)
-0.00139672896182955284277982071	(4,10)
-0.00167444328669912097536823	(4,11)
-0.0019672005046603203023762204	(4,12)
-0.00227172833949542083225250448	(4,13)
-0.00258462378399242691540928303	(4,14)
-0.00290239480394313622858997333	(4,15)
-0.00322150342317106051467612427	(4,16)
-0.00353840929745882009072461137	(4,17)
-0.00384961285069910776637114016	(4,18)
-0.00415169706746670275484758548	(4,19)
-0.00444136711148827367827387792	(4,20)
-0.00471548706263609050081722073	(4,21)
-0.00497111322487450794953504544	(4,22)
-0.00520552363954200297194795398	(4,23)
-0.00541624362638487954797553119	(4,24)
-0.00560106735300140403067574259	(4,25)
-0.00575807558772344028461021275	(4,26)
-0.0058856499103809188058373246	(4,27)
-0.00598248373256302188698884677	(4,28)
-0.00604759051069424143015561359	(4,29)
-0.0060803095222637350011328641	(4,30)
-4.07597029580245008173915e-6	(5,1)
-0.00003661671933316754599615465	(5,2)
-0.00010134146837028479265880808	(5,3)
-0.00019753988158600817179891488	(5,4)
-0.00032415443305215898460840922	(5,5)
-0.00047979016976346601533533115	(5,6)
-0.00066272800907895322222470729	(5,7)
-0.0008709417421847829983985209	(5,8)
-0.00110211888049961791234416449	(5,9)
-0.00135368540738193888481164981	(5,10)
-0.00162283438590339662338435666	(5,11)
-0.0019065582321439029155078561	(5,12)
-0.00220168430375663547689994819	(5,13)
-0.00250491328974359862505989934	(5,14)
-0.00281285973529185518236775287	(5,15)
-0.00312209391070270527956733161	(5,16)
-0.00342918414932975573995284822	(5,17)
-0.0037307387456460282051257595	(5,18)
-0.00402344652565627604704424487	(5,19)
-0.00430411527678972490250788588	(5,20)
-0.00456970734658903880557645372	(5,21)
-0.00481737187775237486143110554	(5,22)
-0.00504447332695139176595295639	(5,23)
-0.00524861610038886938575534891	(5,24)
-0.00542766531457718806569435646	(5,25)
-0.00557976384243811328250282123	(5,26)
-0.00570334592169161151828548126	(5,27)
-0.00579714767752501334016206779	(5,28)
-0.00586021494166413745260591014	(5,29)
-0.0058919087360828853092665036	(5,30)
-3.90890198571737645092194e-6	(6,1)
-0.00003511585101865335900812622	(6,2)
-0.0000971876170467436741846797	(6,3)
-0.00018944295002900103470752871	(6,4)
-0.00031086758208317389456587212	(6,5)
-0.0004601235457542975913523979	(6,6)
-0.00063556187899132719782464535	(6,7)
-0.0008352388899741621672776335	(6,8)
-0.00105693612178406135493384917	(6,9)
-0.00129818408442629084341875446	(6,10)
-0.00155628971265506490408015483	(6,11)
-0.00182836736960571908440514958	(6,12)
-0.00211137305955177920874006029	(6,13)
-0.00240214135228485101430587049	(6,14)
-0.0026974243722862428761878119	(6,15)
-0.00299393208339063846469868166	(6,16)
-0.00328837301729377419039541374	(6,17)
-0.0035774945615027898389674585	(6,18)
-0.00385812194363014423786320857	(6,19)
-0.00412719512315393648157855827	(6,20)
-0.00438180292233671075276517608	(6,21)
-0.00461921388376697100372634775	(6,22)
-0.00483690351865891841488999186	(6,23)
-0.00503257779187236633987542006	(6,24)
-0.00520419286116740441692231067	(6,25)
-0.0053499712359207158493802498	(6,26)
-0.00546841463386477936429993173	(6,27)
-0.00555831388656080058744373991	(6,28)
-0.00561875627244873988305829921	(6,29)
-0.0056491306414301950683122662	(6,30)
-3.70132500983529415020799e-6	(7,1)
-0.00003325107069784238651617338	(7,2)
-0.00009202659218393763016553481	(7,3)
-0.00017938278285488842352337686	(7,4)
-0.00029435913719753176709459645	(7,5)
-0.00043568852435703805921318969	(7,6)
-0.00060180916540137154458140526	(7,7)
-0.00079087998783825837611614352	(7,8)
-0.00100079949967793147560379444	(7,9)
-0.00122922825560323551971768153	(7,10)
-0.00147361488225086600755047745	(7,11)
-0.0017312254952168180048704515	(7,12)
-0.00199917618805961582038105376	(7,13)
-0.00227446811709713807601428387	(7,14)
-0.00255402456048786450527805476	(7,15)
-0.00283472921102321558778259989	(7,16)
-0.00311346488222349222565462162	(7,17)
-0.00338715177597881072364399337	(7,18)
-0.0036527844814124344938953039	(7,19)
-0.00390746694765599461977411682	(7,20)
-0.00414844479126168257381834064	(7,21)
-0.0043731344510158807570341804	(7,22)
-0.00457914887488941791952720429	(7,23)
-0.00476431960034613674373312079	(7,24)
-0.00492671525520732892308088602	(7,25)
-0.00506465664860921088096335755	(7,26)
-0.00517672873018994425259436363	(7,27)
-0.0052617897640723381134095385	(7,28)
-0.00531897808991087912033266106	(7,29)
-0.0053477168273809543126101943	(7,30)
-3.45001196582383768094247e-6	(8,1)
-0.00003099338483709604943085185	(8,2)
-0.00008577815093179404633335169	(8,3)
-0.00016720296964330607823330602	(8,4)
-0.00027437244684916974824656531	(8,5)
-0.0004061052597801921989416647	(8,6)
-0.00056094526473791992910467172	(8,7)
-0.00073717575964296303320280076	(8,8)
-0.00093283704441611413969214531	(8,9)
-0.00114574735602938483662079031	(8,10)
-0.00137352715422403749863325634	(8,11)
-0.00161362660509290460191082746	(8,12)
-0.0018633559634661686828937489	(8,13)
-0.00211991840468375293125600811	(8,14)
-0.00238044471671787967524355349	(8,15)
-0.00264202914933142888017019537	(8,16)
-0.00290176564059910607161426457	(8,17)
-0.00315678361160516234245076791	(8,18)
-0.00340428254155341773926506188	(8,19)
-0.00364156460659289971380400081	(8,20)
-0.00386606477989478972961555982	(8,21)
-0.00407537793712112383660884342	(8,22)
-0.0042672826767046198664595678	(8,23)
-0.00443976173339384058744752785	(8,24)
-0.00459101902186276922320264626	(8,25)
-0.00471949348232370312053023611	(8,26)
-0.00482387000249230983469320081	(8,27)
-0.00490308775398992358180414831	(8,28)
-0.00495634630411037171948011147	(8,29)
-0.0049831098471091857234023726	(8,30)
-3.15168490942657371963946e-6	(9,1)
-0.00002831334586261750849314465	(9,2)
-0.00007836079394146658288026809	(9,3)
-0.00015274465146898803992001941	(9,4)
-0.00025064684433644584926307751	(9,5)
-0.00037098797095536620251458665	(9,6)
-0.00051243739279968077230899118	(9,7)
-0.00067342621397344995180543739	(9,8)
-0.0008521632909252208026531029	(9,9)
-0.00104665435180671133676199914	(9,10)
-0.00125472421036340077074229651	(9,11)
-0.00147404193797924604491488984	(9,12)
-0.00170214871953498089730203505	(9,13)
-0.00193648797678885219843437403	(9,14)
-0.00217443721118748323825090364	(9,15)
-0.00241334091028882637587306951	(9,16)
-0.0026505437903068187053406066	(9,17)
-0.00288342362012936863266163268	(9,18)
-0.00310942289332201619714766799	(9,19)
-0.00332607868274466007886035469	(9,20)
-0.00353105012114873386034266917	(9,21)
-0.00372214309006797635569544572	(9,22)
-0.00389733185533972381565246035	(9,23)
-0.00405477754649937609956258869	(9,24)
-0.00419284352544298773103457293	(9,25)
-0.00431010781545960363219030856	(9,26)
-0.00440537285622558305564798768	(9,27)
-0.00447767290829342024186920908	(9,28)
-0.00452627945017844497254606627	(9,29)
-0.0045507048937811759255949743	(9,30)
-2.80319082921964258949464e-6	(10,1)
-0.00002518262854868430846171605	(10,2)
-0.0000696961282297756614701847	(10,3)
-0.00013585502526507986756525363	(10,4)
-0.00022293160327955176942720889	(10,5)
-0.00032996559794964693694717778	(10,6)
-0.00045577311837755065001029321	(10,7)
-0.00059895814472883598132949299	(10,8)
-0.00075792673760077710301093968	(10,9)
-0.000930904038660470409963374	(10,10)
-0.00111595405556109695003569407	(10,11)
-0.00131100211282552725549442029	(10,12)
-0.00151385972348777534514250999	(10,13)
-0.00172225150560390972700370054	(10,14)
-0.00193384364643855765852764046	(10,15)
-0.00214627331816592973284193717	(10,16)
-0.00235717838342956771354608233	(10,17)
-0.00256422670490257928509863152	(10,18)
-0.00276514439351277614426964672	(10,19)
-0.00295774239382113513027974216	(10,20)
-0.00313994090610391296723721155	(10,21)
-0.00330979127314231444153718032	(10,22)
-0.00346549510327185902963420717	(10,23)
-0.00360542054670327010584971921	(10,24)
-0.0037281157769621441960645979	(10,25)
-0.003832319842895237564722444	(10,26)
-0.00391697114124637481785202288	(10,27)
-0.00398121381072703696509810576	(10,28)
-0.00402440236443989302759540759	(10,29)
-0.0040461048600288232175010501	(10,30)
-2.40167049315428098895441e-6	(11,1)
-0.00002157554686069288026654113	(11,2)
-0.00005971306524029642054195757	(11,3)
-0.00011639552691582489234458859	(11,4)
-0.0001909993658023939757168779	(11,5)
-0.00028270167762037204422368309	(11,6)
-0.00039048781775076759954579649	(11,7)
-0.00051316121219545280231982264	(11,8)
-0.00064935550631239739815796473	(11,9)
-0.00079754912711314278812447073	(11,10)
-0.00095608225868434990611659341	(11,11)
-0.00112317613186181967331327738	(11,12)
-0.00129695441684708178019011357	(11,13)
-0.00147546639157545725119035739	(11,14)
-0.00165671145112668373354817688	(11,15)
-0.00183866443596004058080859549	(11,16)
-0.00201930119923714661486579963	(11,17)
-0.00219662381292660586320347147	(11,18)
-0.00236868483172617851298461364	(11,19)
-0.00253361009163858127905848922	(11,20)
-0.00268961961065791255874030119	(11,21)
-0.00283504627345666017076261038	(11,22)
-0.00296835210907839223666308103	(11,23)
-0.00308814209863445077434801339	(11,24)
-0.00319317556779296733181527197	(11,25)
-0.00328237531721352720531542341	(11,26)
-0.00335483471640379776989610496	(11,27)
-0.00340982302905976952687696833	(11,28)
-0.00344678924996000448450650331	(11,29)
-0.0034653647165920735716240439	(11,30)
-1.94471184182822121181864e-6	(12,1)
-0.00001747043197252368235011384	(12,2)
-0.00004835163468082755995025483	(12,3)
-0.00009424926536522967395013377	(12,4)
-0.00015465834152807583287698997	(12,5)
-0.00022891239953504064594773196	(12,6)
-0.00031618961472627876744790353	(12,7)
-0.00041552071790939963264394436	(12,8)
-0.00052579881541313678531451385	(12,9)
-0.00064579117960242642945857787	(12,10)
-0.0007741530134746161955292726	(12,11)
-0.00090944311093170356805441093	(12,12)
-0.00105014124043881265820807779	(12,13)
-0.00119466698295474884570913912	(12,14)
-0.00134139966526300798730757757	(12,15)
-0.00148869895702054185203783438	(12,16)
-0.00163492565242346013856293197	(12,17)
-0.00177846214119557697805143155	(12,18)
-0.00191773209101178232833817857	(12,19)
-0.00205121891304874823428501628	(12,20)
-0.00217748265911158896734696413	(12,21)
-0.00229517509488982446970007842	(12,22)
-0.00240305279981164751677148786	(12,23)
-0.00249998824971876755006015353	(12,24)
-0.0025849789349732870824078589	(12,25)
-0.00265715464615568793814378893	(12,26)
-0.00271578311705263743558081887	(12,27)
-0.00276027424750729189338170933	(12,28)
-0.0027901831366270201300155661	(12,29)
-0.00280521214153226544002047362	(12,30)
-1.43048048651123822423747e-6	(13,1)
-0.00001285080460275264545746665	(13,2)
-0.00003556622910509680175658214	(13,3)
-0.00006932734706121627527490598	(13,4)
-0.00011376268550217587348317851	(13,5)
-0.0001683819660202471819948537	(13,6)
-0.00023258059586613444668313274	(13,7)
-0.00030564548236712001700032704	(13,8)
-0.00038676225194271759164808025	(13,9)
-0.00047502392510074104918402685	(13,10)
-0.00056944105154311620709878051	(13,11)
-0.00066895324805113367824986654	(13,12)
-0.00077244201134228314645480475	(13,13)
-0.0008787446053825646548486921	(13,14)
-0.00098666875535347317489270336	(13,15)
-0.00109500782617939816667138408	(13,16)
-0.00120255612866469164925682156	(13,17)
-0.00130812398525556945028929943	(13,18)
-0.00141055220189315498808509564	(13,19)
-0.00150872563104832804312953699	(13,20)
-0.00160158556975079246386093181	(13,21)
-0.00168814080903570155154557441	(13,22)
-0.00176747723031319624914971357	(13,23)
-0.00183876592212301976984940983	(13,24)
-0.00190126986074458182451322201	(13,25)
-0.0019543492548596417174273026	(13,26)
-0.00199746569446626675433870342	(13,27)
-0.0020301852660340357865270823	(13,28)
-0.0020521807997452498776788603	(13,29)
-0.00206323340224559852901746299	(13,30)
-8.5782183670509954044545e-7	(14,1)
-7.70629248271517032461119e-6	(14,2)
-0.00002132814310674290593681338	(14,3)
-0.00004157382537595971864206517	(14,4)
-0.00006822061958539076770595584	(14,5)
-0.00010097461176249675698433125	(14,6)
-0.00013947341045807749502669749	(14,7)
-0.00018328965518391662251726015	(14,8)
-0.00023193536160279884835661267	(14,9)
-0.00028486713107297646412965292	(14,10)
-0.00034149222447486188308103124	(14,11)
-0.00040117546418612576356036125	(14,12)
-0.0004632468866698042925171291	(14,13)
-0.00052701002546544455969515599	(14,14)
-0.00059175066506255875750165198	(14,15)
-0.00065674587478690650812099701	(14,16)
-0.00072127311233056286533933608	(14,17)
-0.00078461918147125756388960235	(14,18)
-0.00084608883867367372090570812	(14,19)
-0.00090501286757496534076996568	(14,20)
-0.00096075547604404371469383012	(14,21)
-0.00101272091352759925310021286	(14,22)
-0.00106035925210078053512207073	(14,23)
-0.00110317131845648919828346583	(14,24)
-0.00114071280212197401450473011	(14,25)
-0.00117259759473475417202345461	(14,26)
-0.00119850043479444838989480064	(14,27)
-0.00121815894172900783743462659	(14,28)
-0.0012313751231691254341918521	(14,29)
-0.00123801643146538839851765295	(14,30)
-2.2633169687757087318596e-7	(15,1)
-2.03326456513094337597995e-6	(15,2)
-5.62732854887654722435579e-6	(15,3)
-0.00001096912183578816967952476	(15,4)
-0.00001800004597203933817927831	(15,5)
-0.00002664291092995234779488813	(15,6)
-0.00003680274132400658706051095	(15,7)
-0.00004836778229039903799404958	(15,8)
-0.00006121070173206932865721215	(15,9)
-0.00007518998275030874511007002	(15,10)
-0.00009015149602681671473814249	(15,11)
-0.00010593023679853882155675575	(15,12)
-0.00012235220527038625630336239	(15,13)
-0.00013923640349208797567484037	(15,14)
-0.00015639691671480672954828751	(15,15)
-0.00017364504388784829427748261	(15,16)
-0.00019079144092618455382369645	(15,17)
-0.00020764824198886087689227806	(15,18)
-0.00022403112809748925233965641	(15,19)
-0.00023976131834963713505078678	(15,20)
-0.00025466746572161217772024222	(15,21)
-0.00026858744581114128786735828	(15,22)
-0.00028137003172637016327284709	(15,23)
-0.00029287645089686002640596054	(15,24)
-0.00030298181958709721115011022	(15,25)
-0.00031157644863023362680003874	(15,26)
-0.00031856701017651187579972398	(15,27)
-0.0003238775512058353874389751	(15,28)
-0.00032745033640564815147392697	(15,29)
-0.00032924650179422778706723264	(15,30)
4.6360544985276270448581e-7	(16,1)
4.16482505383714742756397e-6	(16,2)
0.0000115266536188467777324017	(16,3)
0.00002246811874594272160065834	(16,4)
0.00003686840935899538356034389	(16,5)
0.00005456772021204777824984774	(16,6)
0.00007536848058705619721254767	(16,7)
0.0000990370366778743172790002	(16,8)
0.00012530585362170932670063211	(16,9)
0.0001538762889421201296691229	(16,10)
0.00018442196507620361247813439	(16,11)
0.0002165927365674212652722164	(16,12)
0.00025001921027946756616431255	(16,13)
0.0002843177381912026282766162	(16,14)
0.00031909576587120471910935697	(16,15)
0.00035395738942442963844160181	(16,16)
0.00038850895286599091746363687	(16,17)
0.00042236450893505559921764099	(16,18)
0.00045515097057787469648497429	(16,19)
0.00048651279766077030543489693	(16,20)
0.00051611609258625413117911174	(16,21)
0.00054365201690536981801236875	(16,22)
0.00056883948540514595729364797	(16,23)
0.00059142714063301215726994722	(16,24)
0.00061119465537568171773459811	(16,25)
0.00062795344942167494492205226	(16,26)
0.00064154693672364564347281642	(16,27)
0.00065185043736771223084327465	(16,28)
0.0006587708940951432408547487	(16,29)
0.00066224652518897203290936665	(16,30)
1.21080908978979312525191e-6	(17,1)
0.00001087737109012575796371193	(17,2)
0.0000301044506112233303381483	(17,3)
0.00005868067228074546844542101	(17,4)
0.00009629081337102554439769397	(17,5)
0.00014251816247302442205781039	(17,6)
0.00019684789290423459995127074	(17,7)
0.00025867160490289293126937555	(17,8)
0.00032729318152986374185876259	(17,9)
0.00040193606925698471064055059	(17,10)
0.00048175203695713599351638004	(17,11)
0.00056583139069564780673660958	(17,12)
0.00065321453314765184714063126	(17,13)
0.00074290466434591521898583716	(17,14)
0.00083388133450951662640151443	(17,15)
0.00092511448947066131517755589	(17,16)
0.00101557860288405757088706089	(17,17)
0.00110426647268187819051390217	(17,18)
0.00119020227459943751419992737	(17,19)
0.00127245351196230029675734486	(17,20)
0.00135014157385772799420032278	(17,21)
0.00142245070616959529492255715	(17,22)
0.00148863530285760830253852503	(17,23)
0.00154802552879849491017531863	(17,24)
0.001600031381392615373460874	(17,25)
0.00164414537817859718648957594	(17,26)
0.00167994411598642235915262735	(17,27)
0.00170708898000339207953213616	(17,28)
0.00172532628712475693780403225	(17,29)
0.00173448712788992410318788322	(17,30)
2.01332314761537345931858e-6	(18,1)
0.00001808680095809075219736267	(18,2)
0.0000500574267785110459714726	(18,3)
0.00009757372778069706652250415	(18,4)
0.00016011155541028992440352017	(18,5)
0.00023697800831044191583775191	(18,6)
0.0003273170435030252813909968	(18,7)
0.00043011703290175086444563632	(18,8)
0.00054422050732691698757454801	(18,9)
0.00066833627364011536084200956	(18,10)
0.00080105399467904840607000176	(18,11)
0.00094086119338707927864566341	(18,12)
0.00108616249337564220135953077	(18,13)
0.00123530075305272552909843725	(18,14)
0.00138657960615092354426272113	(18,15)
0.00153828680450738594532365771	(18,16)
0.00168871768333415463886335871	(18,17)
0.00183619804456286542388781013	(18,18)
0.00197910578390535906036523016	(18,19)
0.00211589066945358583450444097	(18,20)
0.00224509180548948026451470914	(18,21)
0.0023653524716817050533202253	(18,22)
0.00247543219934524088801021259	(18,23)
0.00257421611668075782996066298	(18,24)
0.00266072174895170882301988319	(18,25)
0.00273410358520820693325366077	(18,26)
0.0027936558118526705346041336	(18,27)
0.00283881366039626043089550437	(18,28)
0.00286915382125736961430530394	(18,29)
0.00288439433977176534854553771	(18,30)
2.868459996536810188438e-6	(19,1)
0.00002576897014063714007670796	(19,2)
0.00007131875788834291630788145	(19,3)
0.00013901702066616108631456406	(19,4)
0.00022811684892205159382088672	(19,5)
0.00033763074776516180923785754	(19,6)
0.0004663385605776156633931023	(19,7)
0.0006127981749611700342053917	(19,8)
0.00077535937061014284959742252	(19,9)
0.00095218108650466906420113758	(19,10)
0.0011412522442471477188691541	(19,11)
0.00134041607564939203566930018	(19,12)
0.00154739768281668809614646701	(19,13)
0.00175983433029571125523137291	(19,14)
0.00197530775655946830379299195	(19,15)
0.00219137762106045350483487758	(19,16)
0.00240561509434165177560214889	(19,17)
0.00261563556636851543948425435	(19,18)
0.00281912949738470127261659034	(19,19)
0.0030138905614884052311958748	(19,20)
0.00319784042216623693534397949	(19,21)
0.00336904971092228969914623969	(19,22)
0.00352575503101388493878740449	(19,23)
0.00366637205395534342533583946	(19,24)
0.0037895049952748608541594759	(19,25)
0.00389395293108714434788910508	(19,26)
0.00397871353722880204490999764	(19,27)
0.0040429848927753446576035883	(19,28)
0.00408616598987546567308253958	(19,29)
0.0041078565365758129492371697	(19,30)
3.77286314673176139223817e-6	(20,1)
0.00003389372535691752381949987	(20,2)
0.00009380498980862328951128438	(20,3)
0.00018284787130526101452359291	(20,4)
0.00030003971860554267202380267	(20,5)
0.00044408115301620115860656478	(20,6)
0.00061336635958979022397770215	(20,7)
0.00080599705646834343341236321	(20,8)
0.00101980064127959107789961917	(20,9)
0.00125235290246597848371876843	(20,10)
0.00150100549184137587941685206	(20,11)
0.00176291809638288802439634432	(20,12)
0.00203509494571611780507018938	(20,13)
0.00231442497801740836236758356	(20,14)
0.00259772469638046893066056157	(20,15)
0.00288178251487309291998727274	(20,16)
0.00316340324785087166427408601	(20,17)
0.00343945135691455311638072949	(20,18)
0.00370689164348658584692646083	(20,19)
0.0039628262537095481858807519	(20,20)
0.00420452712610748059000115275	(20,21)
0.00442946333197451578228384114	(20,22)
0.00463532310002785424829396329	(20,23)
0.00482003064703993459919534663	(20,24)
0.00498175822589951458889490425	(20,25)
0.00511893402998037119492869186	(20,26)
0.00523024674439212621503460877	(20,27)
0.00531464760551750664551531834	(20,28)
0.0053713508222301504728246979	(20,29)
0.0053998331328798052005080911	(20,30)
4.7225836878777722307132e-6	(21,1)
0.00004242559129048824174529965	(21,2)
0.00011741793915663037619462934	(21,3)
0.00022887489011090073802530505	(21,4)
0.00037556608128509977081801485	(21,5)
0.00055586428156265152326181466	(21,6)
0.00076775808551465050211888177	(21,7)
0.00100886923782807091918010041	(21,8)
0.00127647524984364431818346763	(21,9)
0.00156753782666848787953506952	(21,10)
0.00187873737396656638507458494	(21,11)
0.00220651351588876901456677245	(21,12)
0.00254711116056913037998245735	(21,13)
0.0028966312385029544662447354	(21,14)
0.00325108485900965093408117974	(21,15)
0.00360644932736213976048983778	(21,16)
0.00395872427899622608902778086	(21,17)
0.00430398614271702426820739699	(21,18)
0.00463843924936282255258221697	(21,19)
0.00495846214440840512438879366	(21,20)
0.00526064801419519533105346943	(21,21)
0.00554183855576232892584201922	(21,22)
0.00579915106420957453702246788	(21,23)
0.00602999893507794386804231254	(21,24)
0.00623210614516304633443984119	(21,25)
0.00640351655663332149479017272	(21,26)
0.00654259907113943757463971929	(21,27)
0.00664804973862799866023279149	(21,28)
0.00671889190472677508093839594	(21,29)
0.0067544753722746335047508128	(21,30)
5.71316589880810063576596e-6	(22,1)
0.00005132453967055700537761503	(22,2)
0.00014204682186474836094681255	(22,3)
0.00027688212686593849887281641	(22,4)
0.00045434155559579813212782104	(22,5)
0.00067245555773860257224621195	(22,6)
0.00092878904363650507161876456	(22,7)
0.00122046213271395073496552139	(22,8)
0.0015441773873941024375324202	(22,9)
0.00189625420281689531038013353	(22,10)
0.00227267070843336303325367806	(22,11)
0.00266911311018558689767992329	(22,12)
0.003081031900899752728922861	(22,13)
0.00350370384493771355425626405	(22,14)
0.00393229816196987804876828311	(22,15)
0.00436194495411492310291564246	(22,16)
0.00478780369077790958980865046	(22,17)
0.00520512951814407517717589967	(22,18)
0.00560933530359768870228741152	(22,19)
0.00599604764257281849706522012	(22,20)
0.00636115550807457085892527292	(22,21)
0.00670085075811973239551553294	(22,22)
0.00701166027451523412264515077	(22,23)
0.00729047003158187298161488708	(22,24)
0.00753454183960803729384431073	(22,25)
0.00774152384334086555420996725	(22,26)
0.0079094560646145575113221627	(22,27)
0.00803677235833419574227827134	(22,28)
0.0081223001115619005366190293	(22,29)
0.0081652588727797497271744868	(22,30)
6.73973802476915843642798e-6	(23,1)
0.00006054680477621571843622983	(23,2)
0.00016757051021902403381884424	(23,3)
0.000326633470419167016258608	(23,4)
0.00053597868230985920369834699	(23,5)
0.0007932814614486867043905799	(23,6)
0.00109566696775050045491829927	(23,7)
0.00143973442412425809969906573	(23,8)
0.00182158908990093017465059407	(23,9)
0.00223688283337018340485928228	(23,10)
0.00268086376125618942378330217	(23,11)
0.00314843483496995805718416796	(23,12)
0.00363422078308337976007204288	(23,13)
0.00413264197361751371827739192	(23,14)
0.00463799331537232049347321771	(23,15)
0.00514452579067336759066004768	(23,16)
0.0056465279455481300841313657	(23,17)
0.00613840461662784218812514716	(23,18)
0.00661475036545844640236276673	(23,19)
0.00707041549686216898056322396	(23,20)
0.00750056310761903801927429253	(23,21)
0.00790071627614030571177228314	(23,22)
0.00826679518791505455000049864	(23,23)
0.0085951446256465972837752983	(23,24)
0.00888255278183230212648096134	(23,25)
0.00912626273911387369264492587	(23,26)
0.00932397819425355882969712518	(23,27)
0.00947386507690478627383144271	(23,28)
0.00957455064926763327837679015	(23,29)
0.0096251214898666298151809296	(23,30)
7.79710491793073230987429e-6	(24,1)
0.00007004571567873552326551162	(24,2)
0.00019385983621165338055673869	(24,3)
0.00037787713859091025468846766	(24,4)
0.00062006429243739638378602322	(24,5)
0.00091773043491114272250994438	(24,6)
0.00126754708783815613811525454	(24,7)
0.00166557587066714084552569198	(24,8)
0.00210730531027928711234378673	(24,9)
0.00258769778877059235571581599	(24,10)
0.00310124720397471392232464546	(24,11)
0.00364204727749142519991730096	(24,12)
0.00420386969137502621721032141	(24,13)
0.00478025045008377951508918333	(24,14)
0.0053645821442528243667398475	(24,15)
0.00595020923163358876280569854	(24,16)
0.00653052312574702753582172584	(24,17)
0.00709905384158149132058407958	(24,18)
0.0076495551981203487058050201	(24,19)
0.00817608108737687410355425109	(24,20)
0.00867305102283212948930979964	(24,21)
0.00913530398921889255500515092	(24,22)
0.0095581404370068133396597028	(24,23)
0.00993735301402159125677229877	(24,24)
0.01026924723846873633937693662	(24,25)
0.0105506537527661098237515352	(24,26)
0.01077893404215219781743220964	(24,27)
0.01095198156360943918870665411	(24,28)
0.01106822013168123394802710455	(24,29)
0.0111266011785622859657057062	(24,30)
8.8798399250388837516321e-6	(25,1)
0.00007977252171987799358824155	(25,2)
0.00022077987616122303383194553	(25,3)
0.00043035013148913152426748435	(25,4)
0.00070616681500007145102088126	(25,5)
0.00104516369930852271217196331	(25,6)
0.00144354707145006933722013455	(25,7)
0.00189682694315401768646843628	(25,8)
0.0023998587689780634985042658	(25,9)
0.00294689693337427888186553473	(25,10)
0.00353166071374371258349780649	(25,11)
0.00414741266271352466348534243	(25,12)
0.00478704845154315914126605144	(25,13)
0.00544319627832109196138029487	(25,14)
0.00610832308613642330331368825	(25,15)
0.00677484417294207496568654325	(25,16)
0.00743523240052716960261779751	(25,17)
0.00808212318066520258394035451	(25,18)
0.00870841173889837404286133701	(25,19)
0.00930733978729463707018930639	(25,20)
0.00987256959235131742446734428	(25,21)
0.0103982443936148881458379299	(25,22)
0.01087903509802923662265241353	(25,23)
0.01131017404334767531472532623	(25,24)
0.01168747731662439181388826701	(25,25)
0.01200735758911073459106029981	(25,26)
0.01226682967696767664136906483	(25,27)
0.01246351107382861146581458238	(25,28)
0.01259561955873612050701563457	(25,29)
0.0126619697009536927607137329	(25,30)
9.98237401113103783380628e-6	(26,1)
0.00008967719315954865721435894	(26,2)
0.00024819216659861264211952647	(26,3)
0.00048378255076784654584961693	(26,4)
0.00079384336453042017464342291	(26,5)
0.00117492574458624959810358813	(26,6)
0.00162276151172170367255894437	(26,7)
0.00213229786158352233072946992	(26,8)
0.0026977440388982779723362876	(26,9)
0.00331263149939582833894835016	(26,10)
0.00396988841408309261119750613	(26,11)
0.00466192847067466567183191473	(26,12)
0.00538075286290034970775550924	(26,13)
0.00611806325098324360823846626	(26,14)
0.00686538246672297567716990887	(26,15)
0.00761417896342155037242209463	(26,16)
0.00835599058712140454154829525	(26,17)
0.00908254323624360818241596195	(26,18)
0.00978586038599652654731204797	(26,19)
0.010458360224792667443556488	(26,20)
0.01109293817573611114721848663	(26,21)
0.01168303372200743786451369748	(26,22)
0.01222268158227136774277076061	(26,23)
0.01270654827204474288779389422	(26,24)
0.01312995585541795201868400921	(26,25)
0.01348889519633525225126415272	(26,26)
0.01378003125660103786069293149	(26,27)
0.01400070298575105554723348975	(26,28)
0.01414892015072183709861116424	(26,29)
0.0142233591116670496267546452	(26,30)
0.00001109908059287563017924957	(27,1)
0.00009970918327999379923448051	(27,2)
0.00027595681346743645037077224	(27,3)
0.00053790171085668141516171705	(27,4)
0.00088264648693244802197315779	(27,5)
0.00130635431281743638459747887	(27,6)
0.00180427571409063564000211925	(27,7)
0.00237078670693248206354705624	(27,8)
0.00299944045306810801804235823	(27,9)
0.00368303420404949561906635819	(27,10)
0.00441369255215545535369264067	(27,11)
0.00518296695678287908024502486	(27,12)
0.00598195027280571116765721648	(27,13)
0.00680140371483331132524460559	(27,14)
0.00763189251702566742519018335	(27,15)
0.0084639256582504225869702892	(27,16)
0.00928809455045413768018654349	(27,17)
0.01009520560875567535468090441	(27,18)
0.01087640213515054340028022337	(27,19)
0.01162327187965158647183008401	(27,20)
0.01232793786021091479871166967	(27,21)
0.01298313136110663264776188761	(27,22)
0.01358224732330137687754160448	(27,23)
0.01411938345142942673971215071	(27,24)
0.01458936519795027903873141371	(27,25)
0.01498775930500520404160263034	(27,26)
0.01531087879527706815285693054	(27,27)
0.01555578224608880448351777745	(27,28)
0.0157202699163755282593627514	(27,29)
0.0158028788880663537546962847	(27,30)
0.00001222435491494380810706825	(28,1)
0.00010981814146648611996517292	(28,2)
0.00030393446563595920771667936	(28,3)
0.00059243598563882778286677731	(28,4)
0.00097213047099535694856019701	(28,5)
0.00143878973803508188685269199	(28,6)
0.00198717859262080391228364622	(28,7)
0.00261109635980683146352468724	(28,8)
0.00330343352231263172378989867	(28,9)
0.00405624552738018993122026701	(28,10)
0.00486084495653589063501587541	(28,11)
0.00570791204292552136527768315	(28,12)
0.00658762208414606047710867933	(28,13)
0.00748978680449097415712417631	(28,14)
0.00840400536878813896816523229	(28,15)
0.00931981973717464393133855003	(28,16)
0.01022686853287542498925416959	(28,17)
0.0111150336578824912214126023	(28,18)
0.01197457452854409831030472393	(28,19)
0.01279624591932095663616243312	(28,20)
0.01357139683421776803608450587	(28,21)
0.01429204937257684642077204631	(28,22)
0.01495095802355820405886235032	(28,23)
0.01554165105327808208391027179	(28,24)
0.01605845653994116573613060864	(28,25)
0.01649651612923607218776718304	(28,26)
0.01685178974509462608862211196	(28,27)
0.01712105435958672818695041139	(28,28)
0.01730189957941129624045785361	(28,29)
0.0173927223247003777944750777	(28,30)
0.00001335268705627100751014927	(29,1)
0.00011995456906137683674440595	(29,2)
0.00033198813001998299066892954	(29,3)
0.00064711834634531536208483763	(29,4)
0.00106185715304107620128008402	(29,5)
0.00157158353537188857168310202	(29,6)
0.0021705745283256929422423758	(29,7)
0.00285205007279086817310481869	(29,8)
0.00360823461996375709350545492	(29,9)
0.00443043785481917280121416462	(29,10)
0.0053091559244361151624139265	(29,11)
0.00623419317247064192535352158	(29,12)
0.00719480273346568973033323393	(29,13)
0.00817984262849771272812545645	(29,14)
0.00917794246145847732438244805	(29,15)
0.01017767467394971175559403361	(29,16)
0.01116772375850312489615053767	(29,17)
0.01213704694932191142049603012	(29,18)
0.0130750206927674249172204703	(29,19)
0.01397156852584323074117813352	(29,20)
0.01481726765925325524474854351	(29,21)
0.01560343333383941232447249872	(29,22)
0.01632218166637714858789426842	(29,23)
0.01696647304309944962014805062	(29,24)
0.01753013905039634718164217759	(29,25)
0.0180078964236148370374092535	(29,26)
0.01839535158522095774865268834	(29,27)
0.01868899911581541596873227701	(29,28)
0.01888621705749184149203813979	(29,29)
0.0189852613863538877819946858	(29,30)
0.00001447872783068412594135118	(30,1)
0.00013007041138406474885140233	(30,2)
0.00035998481003302962178317138	(30,3)
0.00070168955504678284736929427	(30,4)
0.00115140115633443589342421042	(30,5)
0.00170410615332884750987982194	(30,6)
0.00235359407095507126398356728	(30,7)
0.00309250552172539153447954616	(30,8)
0.00391239873957556485313864907	(30,9)
0.00480383724915032082269101796	(30,10)
0.00575650026094149981149213405	(30,11)
0.00675931581001766796976557873	(30,12)
0.00780061478065238695164779708	(30,13)
0.0088683020117114897262984761	(30,14)
0.00995003893209266246323248586	(30,15)
0.01103343090102797470228046937	(30,16)
0.01210621183488796374736120633	(30,17)
0.01315641889511246565603412956	(30,18)
0.01417255096564642580261980814	(30,19)
0.01514370621178546403926839483	(30,20)
0.01605969594233246302998660107	(30,21)
0.01691113401029449539025470389	(30,22)
0.01768950281807126185552561474	(30,23)
0.018387198439409913442196387	(30,24)
0.01899755832146713075438451236	(30,25)
0.0195148754697035848849739987	(30,26)
0.01993440300771441583628093905	(30,27)
0.02025235265470586929078651536	(30,28)
0.0204658901039639226617676795	(30,29)
0.0205731296346239854726296196	(30,30)
0.00001559734698155329398732772	(31,1)
0.00014011958052387414230208456	(31,2)
0.00038779695244153408790703428	(31,3)
0.0007559009846778065167277312	(31,4)
0.00124035451764582594949673102	(31,5)
0.0018357538189393483214261178	(31,6)
0.00253540338777710596346870581	(31,7)
0.0033313672102302788715659679	(31,8)
0.00421454016857144921487906599	(31,9)
0.00517474266223636412087642576	(31,10)
0.00620084024798807014907596949	(31,11)
0.0072808883322177299278863458	(31,12)
0.00840229982763067826188684115	(31,13)
0.00955203148645980876350315892	(31,14)
0.01071678266065655038923121391	(31,15)
0.0118831988280968123755087836	(31,16)
0.01303807160361128061913706764	(31,17)
0.01416852723942716010900402583	(31,18)
0.01526219677153575972691923841	(31,19)
0.01630736279945165530065626992	(31,20)
0.01729308010427330284399296292	(31,21)
0.01820926958017183490292974889	(31,22)
0.01904678697092440245019378385	(31,23)
0.01979746944144005393915022207	(31,24)
0.0204541639615932853984300451	(31,25)
0.02101074183610859201759462618	(31,26)
0.02146210357031951196456969398	(31,27)
0.02180417776243951829636761358	(31,28)
0.02203391701889110561990605878	(31,29)
0.022149293142242428111712426	(31,30)
0.00001670368319221104917893706	(32,1)
0.00015005840460957565696098013	(32,2)
0.00041530369073805001015168271	(32,3)
0.0008095170424448190000445338	(32,4)
0.00132833066306195445347623505	(32,5)
0.00196595441995561474137354703	(32,6)
0.00271521238271017650569248454	(32,7)
0.00356759712781285490557115955	(32,8)
0.00451334595364260541214612833	(32,9)
0.00554154243719594791756913986	(32,10)
0.00664024536909224907102540734	(32,11)
0.00779664511262907013245071301	(32,12)
0.00899724504886285103231575433	(32,13)
0.01022806329922543768832709791	(32,14)
0.01147484772679434741749509743	(32,15)
0.01272329566616950807666841054	(32,16)
0.01395926919426379018994154168	(32,17)
0.01516899715458943311815041938	(32,18)
0.01633925652774112307320776708	(32,19)
0.01745752787117821110785963637	(32,20)
0.01851212208312973087753352692	(32,21)
0.01949227828798632016851468513	(32,22)
0.02038823484319576906972117473	(32,23)
0.0211912770830372470266011021	(32,24)
0.02189376633078851021325950569	(32,25)
0.02248915494934279339480907964	(32,26)
0.02297199188704348193603822214	(32,27)
0.02333792249546307778133744701	(32,28)
0.0235836855460049908462928533	(32,29)
0.0237071095214611272782305196	(32,30)
0.00001779318556399191560460934	(33,1)
0.00015984600042811381645102793	(33,2)
0.00044239187637992373631078024	(33,3)
0.00086231717977071537000181088	(33,4)
0.00141496770547158349700932524	(33,5)
0.00209417238344751550577842591	(33,6)
0.00289228143017670351929719662	(33,7)
0.00380022358939587491432810636	(33,8)
0.00480758706827827488296225227	(33,9)
0.00590272799380004984703961325	(33,10)
0.00707290866573028609717754236	(33,11)
0.00830446566139095763628554305	(33,12)
0.00958300518218349248976764948	(33,13)
0.01089362027311208253219423357	(33,14)
0.01222112211509263242708687603	(33,15)
0.01355027589705957627682508915	(33,16)
0.01486603113121113967573055157	(33,17)
0.01615373681352739430379517088	(33,18)
0.01739933347242638649836781522	(33,19)
0.01858951661220321097733990193	(33,20)
0.01971186893160152513265962488	(33,21)
0.02075496152771441643730765457	(33,22)
0.02170842668282653508335948708	(33,23)
0.02256300650631843450260711429	(33,24)
0.0233105825575621892173942936	(33,25)
0.02394419165770403999183021685	(33,26)
0.02445803257604629533562661493	(33,27)
0.02484746738207137114146945012	(33,28)
0.0251090202259161002026431866	(33,29)
0.0252403753475860873999073722	(33,30)
0.00001886164636319766570856533	(34,1)
0.00016944456760767996078078189	(34,2)
0.00046895689295592825449102773	(34,3)
0.00091409747916629645247121499	(34,4)
0.00149993104801194650822688422	(34,5)
0.00221991252770921705297961772	(34,6)
0.00306592669212296359188418721	(34,7)
0.00402834821551732177316204112	(34,8)
0.00509612723217958092191300319	(34,9)
0.0062569046375808701418076858	(34,10)
0.00749715965751168792807846226	(34,11)
0.00880238974519702566106510766	(34,12)
0.01015731990133052555263805438	(34,13)
0.01154613544678914057704316506	(34,14)
0.01295272959323610417934345631	(34,15)
0.01436095532153305737029498177	(34,16)
0.01575487044123739293223357413	(34,17)
0.01711896540792141969296622865	(34,18)
0.0184383654109486077396877868	(34,19)
0.01969900107703521387527740707	(34,20)
0.02088774537895791208605249924	(34,21)
0.02199251747034975048012858928	(34,22)
0.02300235673658983949508115701	(34,23)
0.02390747206495326885815030537	(34,24)
0.02469927209439873021411982602	(34,25)
0.02537038208877323056660498304	(34,26)
0.0259146523035638648529090919	(34,27)
0.02632716157082870028252939149	(34,28)
0.0266042185962000192055919224	(34,29)
0.026743362379249924592941371	(34,30)
0.00001990522500902532350553267	(35,1)
0.00017881960411399963228171649	(35,2)
0.00049490325258723434836792372	(35,3)
0.00096467181668539107899593494	(35,4)
0.00158291529130535023944884965	(35,5)
0.00234272288435557413688260894	(35,6)
0.00323552401411755233865519152	(35,7)
0.00425115104827662044652027675	(35,8)
0.00537792937714388883161733145	(35,9)
0.00660279948739900586717603608	(35,10)
0.00791147382207870329157342759	(35,11)
0.00928862848618241495281709288	(35,12)
0.01071812657351842790173697311	(35,13)
0.01218326650066443629473943472	(35,14)
0.01366704578454392146342380584	(35,15)
0.01515242872236582164773413196	(35,16)
0.01662260581762471098832260011	(35,17)
0.01806123369197722753195666322	(35,18)
0.0194526464901867779887866538	(35,19)
0.02078203302368170120622588706	(35,20)
0.02203557754130622152693540847	(35,21)
0.02320056546291193935553914654	(35,22)
0.02426545815745101639056448961	(35,23)
0.02521994257629964940928698123	(35,24)
0.02605496217627700937498879721	(35,25)
0.02676273520698669592015150967	(35,26)
0.027336765366925428068126107	(35,27)
0.02777184839823179795153726893	(35,28)
0.0280640767312664208692801918	(35,29)
0.0282108430788750014599753428	(35,30)
0.00002092046346088727288157294	(36,1)
0.00018794004448311623888259679	(36,2)
0.00052014497850225060845912358	(36,3)
0.00101387260764541379025768226	(36,4)
0.00166364545710136835316119177	(36,5)
0.00246219650930912885581171286	(36,6)
0.00340051142642734611571321031	(36,7)
0.00446789383720476386352207654	(36,8)
0.00565205980294166767917485815	(36,9)
0.00693926657541607131688771434	(36,10)
0.0083144787002451269706223397	(36,11)
0.00976157151806784330606127132	(36,12)
0.01126356849469144143146944141	(36,13)
0.01280290507897050814509398001	(36,14)
0.01436170856174445179888361469	(36,15)
0.01592208128989217387166286626	(36,16)
0.0174663740119868400182116784	(36,17)
0.01897743725026995880828414807	(36,18)
0.02043884123009084425496387657	(36,19)
0.02183505857942710161754028958	(36,20)
0.02315160808176255907177164196	(36,21)
0.02437516154109381569110731606	(36,22)
0.02549361873468886254406678069	(36,23)
0.02649615714966975992512612109	(36,24)
0.02737326365094467620755441742	(36,25)
0.02811675457833006325680299131	(36,26)
0.02871978935710785467204066752	(36,27)
0.02917688094281558046602617102	(36,28)
0.0294839047079109961021391349	(36,29)
0.0296381060288437690756021999	(36,30)
0.00002190429335499408934187981	(37,1)
0.00019677832393372421603389276	(37,2)
0.00054460578248357408051286127	(37,3)
0.00106155115256489523442530943	(37,4)
0.00174187755612822078337371879	(37,5)
0.00257797232379427653700036597	(37,6)
0.00356039030678306091927756775	(37,7)
0.00467792156943089693805699912	(37,8)
0.00591769011703333245072702944	(37,9)
0.00726528923434054455111965383	(37,10)
0.00870495676354254207516420515	(37,11)
0.01021979036007733491732414866	(37,12)
0.01179199878720556880673668768	(37,13)
0.01340318121756143074337595897	(37,14)
0.01503462299769947222655960794	(37,15)
0.0166675940727027686665771328	(37,16)
0.01828363574475324961897289598	(37,17)
0.01986482281038484485833651492	(37,18)
0.02139399116485605646044797951	(37,19)
0.02285492512422955954313597741	(37,20)
0.0242325032421611231710604265	(37,21)
0.02551280551428760260288783397	(37,22)
0.02668318794346884412999865872	(37,23)
0.02773233212520631378506436081	(37,24)
0.02865027775177928288635573549	(37,25)
0.02942844494645106158035199076	(37,26)
0.03005965153419923418862966644	(37,27)
0.0305381282223368150941441825	(37,28)
0.0308595326694302655549743919	(37,29)
0.0310209619246084948396911348	(37,30)
0.00002285403542369298310822923	(38,1)
0.00020531037315164029153075928	(38,2)
0.0005682190504497338547917444	(38,3)
0.00110757760916136009151927033	(38,4)
0.00181739854252770353629797799	(38,5)
0.00268973504796472157598743844	(38,6)
0.00371472529112582683891849247	(38,7)
0.00488066235712638381118031061	(38,8)
0.00617409710035335333081742819	(38,9)
0.00757997994544559643895112324	(38,10)
0.00908184525040167345711974259	(38,11)
0.01066203824847913632859601918	(38,12)
0.01230198023379011916642261496	(38,13)
0.01398246318523761396036967867	(38,14)
0.01568396121455321066702900411	(38,15)
0.01738694382820366197054123463	(38,16)
0.01907217554187436685296592451	(38,17)
0.02072098804057062381932344179	(38,18)
0.0223155145665943781438788141	(38,19)
0.02383888089747126139616919477	(38,20)
0.02527535228519102394748112742	(38,21)
0.02661044019521414070995940791	(38,22)
0.02783097591925191389985540046	(38,23)
0.02892515976111519419753771561	(38,24)
0.02988259448168621894540596037	(38,25)
0.03069431031664819465742943827	(38,26)
0.03135278663641920324656832783	(38,27)
0.03185197277396926116304389214	(38,28)
0.032187308241673427798628224	(38,29)
0.032355740905017901902026914	(38,30)
0.00002376739189420084198692498	(39,1)
0.0002135155500045982740359784	(39,2)
0.00059092765348996912610335681	(39,3)
0.00115184062415403408807370551	(39,4)
0.00189002571019759753823221878	(39,5)
0.00279721430891300724660274606	(39,6)
0.00386314304493763937312091108	(39,7)
0.00507562582957926607597200456	(39,8)
0.00642066068451105191455755975	(39,9)
0.00788257787319989944387602921	(39,10)
0.00944423323897345717504371851	(39,11)
0.0110872467367411593645798118	(39,12)
0.01279228140177261714235596011	(39,13)
0.014539353134856335438290635	(39,14)
0.01630815756854413560311078748	(39,15)
0.01807839774957401369570461025	(39,16)
0.01983009601172029747463115123	(39,17)
0.02154387538195014581117500562	(39,18)
0.0232011998348980611883984719	(39,19)
0.0247845679437974322560916862	(39,20)
0.02627765999372255745349031827	(39,21)
0.02766544345073430558028174799	(39,22)
0.02893424506217062012651478769	(39,23)
0.03007179940142386338632923824	(39,24)
0.03106728336527822151699308619	(39,25)
0.03191134432748208600972969465	(39,26)
0.03259612692166095805677386424	(39,27)
0.0331153004316840663918234247	(39,28)
0.0334640861257559839697378284	(39,29)
0.033639282049991441449177755	(39,30)
0.00002464243269550215180508726	(40,1)
0.00022137651563253896560872343	(40,2)
0.00061268360495498965688276773	(40,3)
0.00119424666501587559603989933	(40,4)
0.0019596055968574398249580145	(40,5)
0.00290018302031170679611845419	(40,6)
0.00400533002910329359744472833	(40,7)
0.00526240020516886495150762498	(40,8)
0.00665686026084029588381470122	(40,9)
0.00817244435503222140201460422	(40,10)
0.00979135627511152146325134284	(40,11)
0.01149451943367036156302927729	(40,12)
0.01326186947757570649744026968	(40,13)
0.0150726790336907151303324046	(40,14)
0.0169058996873788405954403403	(40,15)
0.0187405036308054903187385204	(40,16)
0.02055580716557825722303309768	(40,17)
0.02233176055717433016211882126	(40,18)
0.02404919322944321198687446852	(40,19)
0.02569000910740538263263271213	(40,20)
0.02723733296610078513805832545	(40,21)
0.02867561383949573716361599393	(40,22)
0.02999069506155188208832026798	(40,23)
0.03116986193669951491470094645	(40,24)
0.03220187740169028377021068461	(40,25)
0.03307701375974833837498487799	(40,26)
0.03378708530583813441487399302	(40,27)
0.0343254831764432513982020978	(40,28)
0.0346872107508596162980771877	(40,29)
0.034868915932939580894600482	(40,30)
0.00002547757639608822111977454	(41,1)
0.00022887906320216871290762663	(41,2)
0.00063344758654126558418289092	(41,3)
0.00123471909636902916695782073	(41,4)
0.00202601246911501883273688086	(41,5)
0.00299845514196788316673923899	(41,6)
0.00414102940946192142773924429	(41,7)
0.00544064823844248484297371261	(41,8)
0.00688226956684695374676558289	(41,9)
0.00844905664541659496940866631	(41,10)
0.01012258891050091563504853936	(41,11)
0.0118831232912757443775883947	(41,12)
0.01370990027972258830640225368	(41,13)
0.01558148339635557587207987068	(41,14)
0.01747611593612341979143714144	(41,15)
0.01937207609512755640499445562	(41,16)
0.02124801145249929319435588975	(41,17)
0.02308323646744752788005858678	(41,18)
0.02485798169434423388598301639	(41,19)
0.0265535898559665786115002671	(41,20)
0.02815266051699366505255634387	(41,21)
0.02963915067067790225753489918	(41,22)
0.03099844219616667227634414958	(41,23)
0.03221738843160688026975223302	(41,24)
0.0332843511074590804584294238	(41,25)
0.03418923608520851727813248097	(41,26)
0.0349235325108878011582192811	(41,27)
0.0354803559799874775186072941	(41,28)
0.0358544929132457692283785094	(41,29)
0.036042441156752375319025159	(41,30)
0.00002627156684751908981223302	(42,1)
0.00023601190808444805346295859	(42,2)
0.00065318836760693045697568438	(42,3)
0.00127319704825325609578323955	(42,4)
0.0020891464659729678792946299	(42,5)
0.0030918829337366544611651287	(42,6)
0.00427003726772942914525572196	(42,7)
0.00561010224871303623046295033	(42,8)
0.00709655040982223138312177375	(42,9)
0.00871200023096297252737779319	(42,10)
0.01043743552692922442181946723	(42,11)
0.01225247787879652934352887253	(42,12)
0.01413570594708017347064973463	(42,13)
0.01606500937589986620439646262	(42,14)
0.01801795992350543460964047956	(42,15)
0.01997217955142912420382574246	(42,16)
0.02190568522145782481673025344	(42,17)
0.02379719323433183203927660408	(42,18)
0.0256263715689131765486243944	(42,19)
0.0273740357618442880805073486	(42,20)
0.02902229103940733257464615226	(42,21)
0.0305546293626941234163951736	(42,22)
0.03195599380807992607361961338	(42,23)
0.03321282383249139992907990391	(42,24)
0.03431309357478926383769926138	(42,25)
0.03524635198983829381867505274	(42,26)
0.0360037691643183941976346922	(42,27)
0.0365781885892266469792233549	(42,28)
0.0369641813518043210587926368	(42,29)
0.037158095825305968957444163	(42,30)
0.00002702344651984860191052816	(43,1)
0.00024276644831303623786587947	(43,2)
0.00067188214223265059854000574	(43,3)
0.00130963412403513112953813423	(43,4)
0.00214893147910430778258908119	(43,5)
0.00318035381957367164017222459	(43,6)
0.00439219827335547339338507712	(43,7)
0.00577055843914843421033183306	(43,8)
0.00729944549075701660286176725	(43,9)
0.00896096003755348666862143401	(43,10)
0.01073551982823984369169969201	(43,11)
0.01260214308628788065066275684	(43,12)
0.01453878080764673217729383686	(43,13)
0.01652268477906320944882539919	(43,14)
0.01853079267287059664990307631	(43,15)
0.02054010855762567405453865655	(43,16)
0.02252805734001527725277825602	(43,17)
0.02447279516059913728794473534	(43,18)
0.0263534639985537546097340454	(43,19)
0.02815038648799336329874602643	(43,20)
0.02984520470318048282046362109	(43,21)
0.03142097299966580214173691986	(43,22)
0.03286221886549998808512199301	(43,23)
0.03415498668369026380222228189	(43,24)
0.03528687748363830830357307263	(43,25)
0.0362470938168882447882661412	(43,26)
0.0370264938002488673193714691	(43,27)
0.0376176532041697615596731165	(43,28)
0.0380149302148288489889345526	(43,29)
0.038214524905984567545660573	(43,30)
0.00002773252748829827270390282	(44,1)
0.00024913650394228449356943941	(44,2)
0.00068951180787857245879113176	(44,3)
0.00134399699443755337729260957	(44,4)
0.00220531284612174792396111557	(44,5)
0.00326378697441972203247915801	(44,6)
0.00450740097167849288189115696	(44,7)
0.00592187070992963447644280003	(44,8)
0.00749077058508987132927188797	(44,9)
0.00919571084281713383203783147	(44,10)
0.0110165733727637739867201951	(44,11)
0.01293180569164832903594559005	(44,12)
0.01491876592321772753820384362	(44,13)
0.01695410456159808412275000291	(44,14)
0.01901416307216542423753821939	(44,15)
0.02107536626057666830908839451	(44,16)
0.02311458569008203879488249546	(44,17)
0.02510945537664277277241689904	(44,18)
0.02703862785254528344643706012	(44,19)
0.02888196711952477921039693479	(44,20)
0.03062068335909002716983988443	(44,21)
0.03223742097708972957163905866	(44,22)
0.03371631552294631217168953911	(44,23)
0.0350430357730699973207900273	(44,24)
0.0362048249963879003750587317	(44,25)
0.0371905508637462945684117137	(44,26)
0.0379907676989392804328936015	(44,27)
0.0385977889879414861079624401	(44,28)
0.0390057633572485575283085747	(44,29)
0.03921074442268274403382722	(44,30)
0.000028398360972078650632524	(45,1)
0.00025511804339797788139654859	(45,2)
0.00070606620803488511651611574	(45,3)
0.00137626392133898864547610572	(45,4)
0.00225825492843366395730446267	(45,5)
0.00334212973978906480047202847	(45,6)
0.00461557283439815699776595687	(45,7)
0.00606394415693040930568144748	(45,8)
0.00767040632175799306557171926	(45,9)
0.00941610718918886857264504452	(45,10)
0.01128042349808077247704701388	(45,11)
0.01324126520134537622932333855	(45,12)
0.01527543277929199144614333115	(45,13)
0.01735901233167967937833310254	(45,14)
0.01946778718802570334246402929	(45,15)
0.02157764155196313900734349939	(45,16)
0.02366493223074266287054428726	(45,17)
0.02570680890827804187861515179	(45,18)
0.0276814709249914762187513153	(45,19)
0.02956835765174840483553083577	(45,20)
0.03134827848780547047864947461	(45,21)
0.03300349559833899377211738303	(45,22)
0.0345177765571455165667414504	(45,23)
0.0358764345969800659389520312	(45,24)
0.037066371432913846697113458	(45,25)
0.0380761324348176598168642428	(45,26)
0.0388959774691640840864523531	(45,27)
0.0395179643139765730797902226	(45,28)
0.0399360363734727185565731225	(45,29)
0.040146103384344133241634973	(45,30)
0.00002902070624324265515746041	(46,1)
0.00026070890416829253612645839	(46,2)
0.0007215393592001843136687005	(46,3)
0.00140642325097339361745671327	(46,4)
0.00230773863869879352895314505	(46,5)
0.00341535396422962784938248657	(46,6)
0.00471667520506644642514129875	(46,7)
0.0061967284300393053533764833	(46,8)
0.00783828978039072250238561398	(46,9)
0.00962207306672984250969446555	(46,10)
0.01152698095946658603222986673	(46,11)
0.01353041934035565560371154956	(46,12)
0.01560866655093170779724525132	(46,13)
0.01773728134734382873325888632	(46,14)
0.019891526984115444457755572	(46,15)
0.02204678553238406998576328524	(46,16)
0.02417893726938473348973645453	(46,17)
0.02626468485205905140318372113	(46,18)
0.02828181014503250929057030336	(46,19)
0.03020936139523340193324302631	(46,20)
0.03202777798279353271782530437	(46,21)
0.033718967433738283914070546	(46,22)
0.0352663535073844668366728685	(46,23)
0.0366549144852504273169171514	(46,24)
0.0378712275742889369922487767	(46,25)
0.0389035295029140943964564319	(46,26)
0.0397417962278188107703094519	(46,27)
0.0403778376052586829392821748	(46,28)
0.0408053972205547339896917611	(46,29)
0.041020244303515900562600292	(46,30)
0.00002959949962375399204225088	(47,1)
0.0002659085142867916290808338	(47,2)
0.00073592968004357171672872675	(47,3)
0.00143447191133452260971971112	(47,4)
0.00235375897498350674859584546	(47,5)
0.00348345235315478527198055371	(47,6)
0.00481069825626556115765771449	(47,7)
0.00632021110434247696344218132	(47,8)
0.00799440610033727796787811405	(47,9)
0.0098135916032653244880612741	(47,10)
0.01175622756623476739749358436	(47,11)
0.01379924952428466611905082266	(47,12)
0.0159184493276388695715718081	(47,13)
0.01808889544161021167898159735	(47,14)
0.020285368927546612071223128	(47,15)
0.02248278781627917873022074223	(47,16)
0.02465659352012349793255604122	(47,17)
0.02678307828012608820302790113	(47,18)
0.02883964145711779810142820542	(47,19)
0.03080497299251776146927436591	(47,20)
0.0326591724902166589973145199	(47,21)
0.0343838201880668199651432803	(47,22)
0.0359620202835188600052416175	(47,23)
0.0373784371617596762336027566	(47,24)
0.0386193413786650537247697557	(47,25)
0.039672675767299304260961867	(47,26)
0.0405281441670570643769576101	(47,27)
0.0411773175565382584002504433	(47,28)
0.0416137462225412668278367184	(47,29)
0.041833063095595348081380377	(47,30)
0.00003013482418018975071529687	(48,1)
0.000270717620082222997988334	(48,2)
0.0007492392379027940830560949	(48,3)
0.00146041394332147407101160181	(48,4)
0.00239632261009492014340216435	(48,5)
0.00354643489980585132396058011	(48,6)
0.00489765605762017983268552559	(48,7)
0.00643441119451613191670892829	(48,8)
0.00813878026655866888280601824	(48,9)
0.00999069496465185862333943711	(48,10)
0.01196820405923255526819021414	(48,11)
0.01404780659953987087785066338	(48,12)
0.01620484362732348490158676985	(48,13)
0.01841393025048432682435886617	(48,14)
0.02064940290384110880736623744	(48,15)
0.0228857531427009122735723599	(48,16)
0.02509802045747894208755730517	(48,17)
0.02726212242290689986890559433	(48,18)
0.02935510995656836672995791814	(48,19)
0.0313553466643690451691059353	(48,20)
0.0332426219515981548958384144	(48,21)
0.0349982157450262027992046701	(48,22)
0.0366049369278355257200536663	(48,23)
0.0380471574396415718796291108	(48,24)
0.0393108598170670835547804028	(48,25)
0.0403837088213724656832636162	(48,26)
0.0412551492246686049056092657	(48,27)
0.041916523456339120605388754	(48,28)
0.0423611961730637201554785441	(48,29)
0.042584669075797313203839674	(48,30)
0.00003062688061451715656334682	(49,1)
0.0002751380246729173467971555	(49,2)
0.00076147302501194018116255296	(49,3)
0.00148425908978752303680835889	(49,4)
0.00243544557575366771193754527	(49,5)
0.0036043254560943558029748722	(49,6)
0.00497758183588781035679892349	(49,7)
0.00653937291938228316146843611	(49,8)
0.00827146920804908409289900792	(49,9)
0.01015345463231426272586697179	(49,10)
0.01216299843059681308907698829	(49,11)
0.01427619708879171022950379495	(49,12)
0.01646797647448782806734044927	(49,13)
0.01871253505811486992369585101	(49,14)
0.02098380179451602542415822239	(49,15)
0.02325587868574841123422439391	(49,16)
0.02550343939795542060702108471	(49,17)
0.02770206159938572922985112897	(49,18)
0.02982848078455709164239875636	(49,19)
0.0318607652206938239440298397	(49,20)
0.0337784229112398534843899118	(49,21)
0.0355624599730627963413923183	(49,22)
0.037195414132953401855014267	(49,23)
0.0386613866666739025389578226	(49,24)
0.0399460914540100510680836916	(49,25)
0.0410369320609352503653108789	(49,26)
0.0419231084921272777368282247	(49,27)
0.0425957462449180917360379082	(49,28)
0.0430480331730405257914700978	(49,29)
0.043275345690919685427730633	(49,30)
0.00003107595974190257375160931	(50,1)
0.00027917234071803495442726206	(50,2)
0.00077263827418027825456649236	(50,3)
0.00150602146144821885948475136	(50,4)
0.00247115107273551189580321525	(50,5)
0.00365715848946406069636604088	(50,6)
0.00505052349100769565622450661	(50,7)
0.00663515980087019147546582817	(50,8)
0.00839255431590509391200835964	(50,9)
0.01030197219044866272236697037	(50,10)
0.0123407348457150111275906613	(50,11)
0.01448457013131519458470213888	(50,12)
0.01670802426372499715140583691	(50,13)
0.01898491551322971289016550571	(50,14)
0.02128880200550066297285549679	(50,15)
0.02359343238742875994571984177	(50,16)
0.02587314966660874938894748587	(50,17)
0.02810322528531192620758378771	(50,18)
0.0302601112043060361403280193	(50,19)
0.0323216102866764871502695425	(50,20)
0.0342669770644409266341614929	(50,21)
0.0360769697902713483011400911	(50,22)
0.037733879031146788486482454	(50,23)
0.039221557449907150493939974	(50,24)
0.0405254703119847269864990557	(50,25)
0.0416327778788988632651948308	(50,26)
0.0425324509104459804899357613	(50,27)
0.0432154108607520552534590053	(50,28)
0.043674678757285998145002785	(50,29)
0.043905512540185019625772263	(50,30)
0.00003148241684693381130781528	(51,1)
0.00028282376004336637970902573	(51,2)
0.0007827438211683129934488979	(51,3)
0.00152571829378096495077125721	(51,4)
0.00250346743020147203419000761	(51,5)
0.0037049760602226298082221764	(51,6)
0.00511653941588067053066797342	(51,7)
0.0067218491605356545754383628	(51,8)
0.0085021344616143870193499876	(51,9)
0.01043637072291647087774200067	(51,10)
0.01250156328889215437468878856	(51,11)
0.01467310526317110038128605278	(51,12)
0.01692519857882868541951683546	(51,13)
0.01923131741416778255195800681	(51,14)
0.02156468517208571052632265031	(51,15)
0.02389873256793457725120377253	(51,16)
0.02620750613319403623245637987	(51,17)
0.02846600363316492336069903492	(51,18)
0.0306504242004062475827667793	(51,19)
0.0327383341122590562632587912	(51,20)
0.0347087614382853988995644746	(51,21)
0.0365422419007338388444979482	(51,22)
0.0382208426846465619835997403	(51,23)
0.0397281901028251055421592358	(51,24)
0.0410495214735294744009849647	(51,25)
0.0421717726076203017267603003	(51,26)
0.0430837017200423225603247609	(51,27)
0.0437760403448686307038193567	(51,28)
0.0442416537810745217497897251	(51,29)
0.044475689156963430162017439	(51,30)
0.00003184664812105259189631987	(52,1)
0.00028609584196360018891409662	(52,2)
0.00079179951880484859410173466	(52,3)
0.00154336880475651600922774429	(52,4)
0.00253242623039743096719334354	(52,5)
0.00374782504338562025028719119	(52,6)
0.00517569465330225194711490929	(52,7)
0.0067995270579824279439002653	(52,8)
0.0086003195724272651088098048	(52,9)
0.01055678689088648531526546363	(52,10)
0.01264565001973452865314965739	(52,11)
0.01484200114201563482563364756	(52,12)
0.01711973309191594509471726273	(52,13)
0.01945201170827772184819877277	(52,14)
0.02181176120910251561764152125	(52,15)
0.02417212900618529673800972924	(52,16)
0.02650689833564050749936353816	(52,17)
0.0287908246866808730656159602	(52,18)
0.0309998838686191830437721582	(52,19)
0.0331114332556845829271802564	(52,20)
0.0351043005172527560593389408	(52,21)
0.0369588235337144629413811913	(52,22)
0.0386568696247683581023512335	(52,23)
0.0401818611763979413463225162	(52,24)
0.0415188287928695131700188275	(52,25)
0.04265450358878906814706432	(52,26)
0.0435774490501435870684674131	(52,27)
0.0442782220922414917170913319	(52,28)
0.04474954445806738781909028	(52,29)
0.04498646094378798754915277	(52,30)
0.00003216906930826979801410217	(53,1)
0.00028899232144270188109334835	(53,2)
0.00079981570600619460078563639	(53,3)
0.00155899315957358365933909375	(53,4)
0.00255806060888503623561447281	(53,5)
0.00378575461017176891920499675	(53,6)
0.00522805741118518939045839436	(53,7)
0.00686828369940920089717268107	(53,8)
0.00868722480032001595158151006	(53,9)
0.01066336373735907836174172933	(53,10)
0.01277316889750380971798353235	(53,11)
0.01499146528654980912102112018	(53,12)
0.01729187162706716374576042173	(53,13)
0.01964728080643115134333916219	(53,14)
0.02203035282497738415610507432	(53,15)
0.02441398562859909618718606665	(53,16)
0.02677173134920428742021066047	(53,17)
0.0290781334692561826268005556	(53,18)
0.0313089727964519384485556151	(53,19)
0.0334414243617786523923995606	(53,20)
0.035454140553521093121642005	(53,21)
0.0373272854430642612704221546	(53,22)
0.0390425497125890831162156472	(53,23)
0.0405831743597487038274291509	(53,24)
0.0419340050133929921881747059	(53,25)
0.0430815886753094773095278198	(53,26)
0.0440143129581869739946577729	(53,27)
0.0447225765648367208916044831	(53,28)
0.0451989708667350038394766408	(53,29)
0.04543844757900038788406539	(53,30)
0.00003245009662418814025050535	(54,1)
0.00029151693767663707420045386	(54,2)
0.00080680273331595348999201507	(54,3)
0.00157261154556069439595545078	(54,4)
0.00258040373553149436060863474	(54,5)
0.00381881397698589085118415038	(54,6)
0.00527369594712211804567124245	(54,7)
0.00692820933125446005258307401	(54,8)
0.00876296530429709987870003393	(54,9)
0.01075624424412973258825009714	(54,10)
0.01288429360604807247950779509	(54,11)
0.01512170487170052570845749459	(54,12)
0.01744185743965524875227910309	(54,13)
0.01981740627558223823037576627	(54,14)
0.02222078157601473881138211417	(54,15)
0.02462466489739517929817833636	(54,16)
0.0270024085088040262073116888	(54,17)
0.0293283730708183615118898913	(54,18)
0.0315781715765945014394728661	(54,19)
0.0337288221944468126322109233	(54,20)
0.0357588262381924428971791985	(54,21)
0.037648197358685865530343995	(54,22)
0.0393784725270976434132327313	(54,23)
0.0409327339685876542207357912	(54,24)
0.0422956645193318190734072007	(54,25)
0.0434536484017121335708979902	(54,26)
0.0443949171619503694885677557	(54,27)
0.0451097287134461723907559438	(54,28)
0.0455905581752016235257775848	(54,29)
0.045832274146301726396809226	(54,30)
0.00003269012996495538313392544	(55,1)
0.00029367328324785151428666746	(55,2)
0.00081277054538035722252282816	(55,3)
0.00158424335806326132763647407	(55,4)
0.00259948747763468885005630626	(55,5)
0.00384705042402218373252128884	(55,6)
0.00531267582545321784837958975	(55,7)
0.00697939062353343557235125263	(55,8)
0.0088276516526200459232616297	(55,9)
0.01083556565054463445714638173	(55,10)
0.01297919079242849407987772524	(55,11)
0.0152329185976482067056713739	(55,12)
0.01756992373590128134199634105	(55,13)
0.01996265794189222723959248068	(55,14)
0.02238335550300982414815812179	(55,15)
0.02480451395164312186130379115	(55,16)
0.0271993160502260587552522291	(55,17)
0.0295419678123891072152691859	(55,18)
0.0318079405466781480274551577	(55,19)
0.0339741200313456444718886991	(55,20)
0.0360188798557031686614770475	(55,21)
0.0379221060259844895652359551	(55,22)
0.0396652044293635192951681121	(55,23)
0.041231121181202034833743099	(55,24)
0.0426043988910763402573389389	(55,25)
0.0437712810004425211990118557	(55,26)
0.0447198636479390990096805057	(55,27)
0.0454402822963283497189497947	(55,28)
0.0459249107754449522070334754	(55,29)
0.046168545179566958922772522	(55,30)
0.00003288953838735008025457579	(56,1)
0.00029546467368270702241760609	(56,2)
0.00081772831989332725188147206	(56,3)
0.00159390649641634242957781245	(56,4)
0.00261534124373945726187928032	(56,5)
0.00387050758143954882136591476	(56,6)
0.00534505754421383364243427986	(56,7)
0.00702190753982345267769887564	(56,8)
0.00888138584183444287481766897	(56,9)
0.01090145453138341339235456741	(56,10)
0.01305801411782854366723459666	(56,11)
0.01532528963356838833879027993	(56,12)
0.01767628543704823998431072194	(56,13)
0.02008328441373823070997136228	(56,14)
0.02251835836592299134953517624	(56,15)
0.02495385252467678192961274575	(56,16)
0.0273628097030637085394807663	(56,17)
0.0297193085316082997595631544	(56,18)
0.0319987038098997019215592035	(56,19)
0.0341777724870743625915205156	(56,20)
0.0362347829997112098435542119	(56,21)
0.0381495159232899533181927744	(56,22)
0.039903268403771196359656505	(56,23)
0.0414788731331492142114575926	(56,24)
0.0428607553841429753661060356	(56,25)
0.0440350403915056957966125162	(56,26)
0.0449897102894590816890576955	(56,27)
0.0457147972325058481443728794	(56,28)
0.0462025894676090597929992979	(56,29)
0.046447821765121884265210387	(56,30)
0.00003304864781765266220808231	(57,1)
0.00029689403703151073047112809	(57,2)
0.00082168416195977823173728641	(57,3)
0.00160161676796115641609306721	(57,4)
0.00262799100482316383655027278	(57,5)
0.0038892239782727334095106327	(57,6)
0.00537089452546659697421681471	(57,7)
0.00705583068572851681796725948	(57,8)
0.00892425792291081039599965661	(57,9)
0.01095402262303870470132613451	(57,10)
0.01312089920937218335839463266	(57,11)
0.01539897962501098907292843023	(57,12)
0.0177611321784302381376323079	(57,13)
0.02017950501746450478034234444	(57,14)
0.02262604047338608621982870049	(57,15)
0.02507296263991266613620377605	(57,16)
0.027493203243999339892072389	(57,17)
0.029860740005557801648817433	(57,18)
0.0321508355615334919010207453	(57,19)
0.034340180799276768712747848	(57,20)
0.0364069608945920143186041734	(57,21)
0.0383308727111611923766096692	(57,22)
0.0400931267397083750188708693	(57,23)
0.0416764649428926557276226364	(57,24)
0.0430652184119809114666228315	(57,25)
0.0442454172324751654654603421	(57,26)
0.0452049515669310151683035277	(57,27)
0.0459337700864601901071601677	(57,28)
0.0464240917939635487877206443	(57,29)
0.046670601802409469486993098	(57,30)
0.00003316773093389309560171779	(58,1)
0.00029796382297342687097681305	(58,2)
0.00082464485250075667199814402	(58,3)
0.00160738739742909906023167147	(58,4)
0.00263745848848418434260959926	(58,5)
0.00390323184768697629638829372	(58,6)
0.00539023146034996826415368886	(58,7)
0.0070812191247526679034674139	(58,8)
0.00895634322106159614969328079	(58,9)
0.01099336338241790088389091965	(58,10)
0.01316795949558713558262182541	(58,11)
0.01545412374663293483727002998	(58,12)
0.01782462252500612994097173891	(58,13)
0.02025150312833899111354330903	(58,14)
0.02270661109155153916581701862	(58,15)
0.02516208007283377545931377841	(58,16)
0.0275907590026239452575129698	(58,17)
0.0299665505086116548146413585	(58,18)
0.032264648725541485884485904	(58,19)
0.0344616805891005680352198181	(58,20)
0.0365357693417351471707474562	(58,21)
0.0384665494407409159191417845	(58,22)
0.0402351665887856378399911434	(58,23)
0.0418242947110067085374562501	(58,24)
0.0432181940821557922451566589	(58,25)
0.0444028230844455119658022189	(58,26)
0.0453660024510163924537001554	(58,27)
0.0460976177486130573381294926	(58,28)
0.0465898355894711018909470905	(58,29)
0.046837303491300617161494321	(58,30)
0.00003324699916196240270417073	(59,1)
0.00029867593091168350725645144	(59,2)
0.00082661564922177647649452778	(59,3)
0.00161122863881667964224289391	(59,4)
0.00264376054143423659290242281	(59,5)
0.00391255618168035503103412339	(59,6)
0.00540310299945427725916770208	(59,7)
0.00709811864951383842303140184	(59,8)
0.008977700134443908183114359	(59,9)
0.01101954926118426327274867899	(59,10)
0.01319928290585918860981551369	(59,11)
0.01549082677887600712627724977	(59,12)
0.01786687938089519272245259028	(59,13)
0.02029942087405174026255216492	(59,14)
0.02276023241038290385985878983	(59,15)
0.02522138755902229107926984757	(59,16)
0.0276556803024904100931941422	(59,17)
0.0300369634918029701834055233	(59,18)
0.0323403858924510025738942827	(59,19)
0.0345425320926047892623080746	(59,20)
0.036621484293210804513532382	(59,21)
0.0385568355300438458465069019	(59,22)
0.0403296884128730903015552942	(59,23)
0.0419226715144661760988575085	(59,24)
0.0433199978132323123162180443	(59,25)
0.044507577726404773284369857	(59,26)
0.0454731854853467262393278259	(59,27)
0.046206664351722962687256038	(59,28)
0.0467001457913604229462670395	(59,29)
0.046948252089591928787784234	(59,30)
0.00003328659672934949422235128	(60,1)
0.00029903165655389078248655782	(60,2)
0.00082760013874691696921326447	(60,3)
0.00161314748703197835671283447	(60,4)
0.00264690865584925880101529894	(60,5)
0.00391721402870202592842181281	(60,6)
0.00540953277961247898711037572	(60,7)
0.00710656049680272460527912246	(60,8)
0.00898836849758805914498610644	(60,9)
0.0110326296785751033003493037	(60,10)
0.01321492941473446185632166126	(60,11)
0.01550916018745104355861717484	(60,12)
0.01788798657031885472921048861	(60,13)
0.02032335518737150290491649143	(60,14)
0.02278701504398297207544070086	(60,15)
0.02525100972564403108251917774	(60,16)
0.0276881058164561138604634016	(60,17)
0.0300721313652408743768601738	(60,18)
0.0323782125432764068970602216	(60,19)
0.0345829128518025796964344624	(60,20)
0.0366642940459376342813699498	(60,21)
0.0386019285061181934121174838	(60,22)
0.0403768973258684038404832048	(60,23)
0.0419718064038612488047410122	(60,24)
0.043370845044856315490567848	(60,25)
0.0445598996347178765644128667	(60,26)
0.0455267210890944793763294973	(60,27)
0.046261131446203675485054889	(60,28)
0.0467552445326039406651602669	(60,29)
0.04700366996654986513394602	(60,30)